Indentation

 + Advanced

+ Advanced
   Acquisition rate :	10.0 [Hz]
   Linear loading
   Max load :	1000.00 	µN
   Loading rate :	500.00 	µN/min
   Unloading rate :	500.00 	µN/min
   Pause :	30.0 s

+ TTX - UNHT Bio S/N: 1000136751 settings
   Fn contact : 25 µN
   Approach distance : 20 µm
   Approach speed : 100 µm/min
   Retract speed : 200 µm/min
   Retract time : 5 sec
   Dz sensor in large range
   Load in fine range
   FnRef in fine range
   FnRef contactload :500.000 µN
   Stiffness threshold : 1 µN/µm

   X Position :10423.04 µm
   Y Position :37957.90 µm
   Z Position :8363.11 µm

Date :6/9/2026
Time :9:58:09 AM

Analysis n # 1

   Method :	Hertz

 + Parameters

  Load Fit [10%,98%]

 + Main results

   EHz=	674.92 	kPa

 + Hypothesis


 + Additional results

   ErHz=	741.67 kPa
   h offset=	17.20 µm
   R2=	1.00

Analysis n # 2

   Method :	Oliver & Pharr

 + Parameters

  Unload Fit [40%,98%]

 + Main results

   HIT=	12.114 	kPa
   EIT=	576.52 	kPa
   E*=	633.54 	kPa

 + Hypothesis

   !!! Indenter not calibrated !!!
   m out of O&P hypothesis
   Poisson's ratio(nu)=	0.30 

 + Additional results

   HVIT=	0.0012349 	 Vickers
   CIT 0.001/120/30=	1.88 	%
   nIT=	65.56 %
   Fmax=	997.66 	µN
   hmax=	30.48 	µm
   S=	205.1519 	µN/µm
   F/S²=	0.0237 	µm²/µN
   hc=	26.94 	µm
   hr=	25.61 	µm
   hp=	-135.12 	µm
   m=	34.0529 
   Epsilon=	0.73 
   R2=	1.001
   Ap=	82355.36 	µm²
   Welast=	3666.10 pJ
   Wplast=	1926.23 pJ
   Wtotal=	5592.33 pJ
   Er=	633.54 	kPa

Measured values
Time (s)	Pd (µm)	Fn (µN)	FnRef (µN)	SegmentID

0	0	0	5.1053	0
0.1	0.1944	0.1716	5.101	0
0.2	0.547	0.1748	5.0979	0
0.3	0.9993	0.1515	5.0975	0
0.4	1.4547	0.2151	5.1036	0
0.5	1.8992	0.3195	5.0962	0
0.6	2.3304	0.4518	5.0894	0
0.7	2.748	0.4052	5.0949	0
0.8	3.1529	0.5637	5.0929	0
0.9	3.5444	0.8222	5.0972	0
1	3.9233	0.7733	5.0909	0
1.1	4.2902	0.8292	5.0743	0
1.2	4.6458	0.9318	5.0745	0
1.3	4.9903	0.8977	5.0925	0
1.4	5.3245	1.0301	5.0987	0
1.5	5.6495	1.1555	5.0967	0
1.6	5.9649	1.1861	5.0958	0
1.7	6.2715	1.1825	5.1044	0
1.8	6.5696	1.3623	5.1049	0
1.9	6.8598	1.3945	5.1053	0
2	7.1422	1.5107	5.1061	0
2.1	7.4174	1.6253	5.1106	0
2.2	7.6858	1.5382	5.1036	0
2.3	7.9475	1.6349	5.1126	0
2.4	8.2032	1.766	5.1152	0
2.5	8.4535	1.7643	5.1186	0
2.6	8.698	1.7923	5.1284	0
2.7	8.9369	1.941	5.1164	0
2.8	9.172	2.0156	5.112	0
2.9	9.4027	2.0224	5.1136	0
3	9.6287	2.0621	5.0969	0
3.1	9.8509	2.0523	5.0924	0
3.2	10.0698	2.1916	5.1156	0
3.3	10.2855	2.3015	5.1378	0
3.4	10.4979	2.2328	5.1381	0
3.5	10.7073	2.3848	5.1414	0
3.6	10.9138	2.4492	5.1391	0
3.7	11.1177	2.4909	5.1423	0
3.8	11.3193	2.6083	5.1429	0
3.9	11.5184	2.7171	5.1414	0
4	11.7153	2.793	5.1363	0
4.1	11.9105	2.8943	5.1267	0
4.2	12.1039	3.0299	5.1219	0
4.3	12.2958	3.1908	5.1187	0
4.4	12.4856	3.4541	5.1302	0
4.5	12.6738	3.6122	5.1248	0
4.6	12.8606	3.8741	5.1091	1
4.7	13.0465	4.2357	5.1186	1
4.8	13.2314	4.6585	5.122	1
4.9	13.4154	5.1263	5.116	1
5	13.583	5.3285	5.1065	1
5.1	13.6808	5.4793	5.1026	1
5.2	13.7239	5.3776	5.114	1
5.3	13.7588	5.4093	5.1124	1
5.4	13.7932	5.4579	5.1098	1
5.5	13.8282	5.5606	5.1036	1
5.6	13.8642	5.7329	5.1029	1
5.7	13.9024	5.699	5.1014	1
5.8	13.9427	5.8603	5.1072	1
5.9	13.9853	5.9992	5.1081	1
6	14.0309	6.1585	5.1069	1
6.1	14.079	6.4101	5.1112	1
6.2	14.1301	6.4014	5.1109	1
6.3	14.1842	6.6729	5.1126	1
6.4	14.2411	6.8651	5.1188	1
6.5	14.3012	7.0836	5.1159	1
6.6	14.3646	7.2995	5.1088	1
6.7	14.4305	7.5213	5.106	1
6.8	14.4998	7.7409	5.1008	1
6.9	14.5732	8.0116	5.1048	1
7	14.6494	8.3171	5.121	1
7.1	14.728	8.6554	5.1267	1
7.2	14.8096	8.9665	5.124	1
7.3	14.8938	9.4104	5.1182	1
7.4	14.9809	9.6468	5.1182	1
7.5	15.0708	10.204	5.1151	1
7.6	15.1629	10.5908	5.1	1
7.7	15.2572	11.1084	5.0923	1
7.8	15.3541	11.5473	5.1015	1
7.9	15.4527	12.1833	5.1017	1
8	15.5529	12.7463	5.0926	1
8.1	15.6546	13.4352	5.0959	1
8.2	15.7577	14.1431	5.0991	1
8.3	15.8621	14.8856	5.0924	1
8.4	15.9671	15.6401	5.0973	1
8.5	16.0729	16.4584	5.1159	1
8.6	16.1789	17.3615	5.1113	1
8.7	16.2848	18.2554	5.1036	1
8.8	16.3903	19.2914	5.1082	1
8.9	16.495	20.2383	5.1115	1
9	16.5992	21.2763	5.1128	1
9.1	16.7025	22.38	5.1069	1
9.2	16.805	23.4921	5.1047	1
9.3	16.9056	24.6865	5.1039	1
9.4	17.0043	25.9604	5.0998	1
9.5	17.1009	27.1025	5.1103	1
9.6	17.196	28.2823	5.1081	1
9.7	17.2893	29.5259	5.1135	1
9.8	17.3801	30.8695	5.1182	1
9.9	17.4678	32.2549	5.1202	1
10	17.5529	33.5943	5.1361	1
10.1	17.6356	34.9036	5.1438	1
10.2	17.7154	36.2475	5.13	1
10.3	17.7921	37.6798	5.1185	1
10.4	17.8657	39.1328	5.126	1
10.5	17.9361	40.5001	5.1287	1
10.6	18.0036	41.8986	5.1291	1
10.7	18.0677	43.3433	5.1413	1
10.8	18.1286	44.5993	5.1429	1
10.9	18.1871	45.902	5.138	1
11	18.243	47.1777	5.1415	1
11.1	18.2965	48.4356	5.1393	1
11.2	18.3474	49.6642	5.1363	1
11.3	18.3956	50.9548	5.1391	1
11.4	18.4416	52.1843	5.1409	1
11.5	18.4856	53.2548	5.1434	1
11.6	18.5278	54.4616	5.1429	1
11.7	18.5681	55.5324	5.1462	1
11.8	18.6064	56.664	5.1512	1
11.9	18.6435	57.7196	5.1388	1
12	18.679	58.7463	5.1279	1
12.1	18.7136	59.7286	5.1353	1
12.2	18.7472	60.6885	5.1325	1
12.3	18.7797	61.6754	5.1246	1
12.4	18.811	62.6686	5.1269	1
12.5	18.8414	63.6461	5.1232	1
12.6	18.8712	64.5224	5.1096	1
12.7	18.9003	65.4792	5.1018	1
12.8	18.9284	66.4363	5.1023	1
12.9	18.9559	67.3685	5.0961	1
13	18.9829	68.3075	5.0969	1
13.1	19.0089	69.1239	5.0962	1
13.2	19.0348	70.0549	5.0986	1
13.3	19.0601	70.9047	5.1078	1
13.4	19.0852	71.8945	5.1051	1
13.5	19.1095	72.7666	5.1051	1
13.6	19.1333	73.6119	5.105	1
13.7	19.157	74.5201	5.1234	1
13.8	19.1803	75.3919	5.137	1
13.9	19.2032	76.25	5.1224	1
14	19.2263	77.0841	5.1101	1
14.1	19.2491	77.9377	5.1092	1
14.2	19.2714	78.7969	5.1322	1
14.3	19.2933	79.7127	5.1382	1
14.4	19.315	80.5881	5.1373	1
14.5	19.3365	81.4574	5.1417	1
14.6	19.3578	82.3	5.1571	1
14.7	19.3789	83.105	5.1564	1
14.8	19.4001	83.8558	5.1558	1
14.9	19.4211	84.8219	5.1521	1
15	19.4421	85.6009	5.1415	1
15.1	19.4627	86.4759	5.1395	1
15.2	19.4832	87.347	5.1524	1
15.3	19.5034	88.225	5.1555	1
15.4	19.5235	89.1103	5.1515	1
15.5	19.5435	89.9128	5.1569	1
15.6	19.5633	90.7824	5.1464	1
15.7	19.5827	91.6892	5.1256	1
15.8	19.6017	92.5408	5.1158	1
15.9	19.6211	93.3097	5.1332	1
16	19.6405	94.1319	5.1404	1
16.1	19.6597	94.9586	5.1303	1
16.2	19.6792	95.8318	5.1305	1
16.3	19.6986	96.6227	5.127	1
16.4	19.7178	97.4682	5.1369	1
16.5	19.7369	98.3639	5.1461	1
16.6	19.7557	99.2415	5.1275	1
16.7	19.7744	100.0829	5.1077	1
16.8	19.7931	100.907	5.1125	1
16.9	19.8117	101.7085	5.1202	1
17	19.8304	102.5498	5.1191	1
17.1	19.8493	103.3612	5.1328	1
17.2	19.8681	104.1557	5.1373	1
17.3	19.8868	105.0083	5.1204	1
17.4	19.9055	105.8575	5.1137	1
17.5	19.924	106.7264	5.1252	1
17.6	19.9424	107.5938	5.1435	1
17.7	19.9606	108.484	5.1382	1
17.8	19.9786	109.3252	5.1071	1
17.9	19.9967	110.133	5.117	1
18	20.0146	111.0272	5.1384	1
18.1	20.0325	111.8035	5.1557	1
18.2	20.0505	112.6758	5.152	1
18.3	20.0681	113.537	5.126	1
18.4	20.0856	114.3249	5.1277	1
18.5	20.1032	115.2261	5.1412	1
18.6	20.1207	115.9999	5.1372	1
18.7	20.1378	116.9154	5.1221	1
18.8	20.155	117.6896	5.113	1
18.9	20.1728	118.4966	5.1124	1
19	20.1902	119.3626	5.1091	1
19.1	20.2077	120.191	5.0988	1
19.2	20.2252	121.052	5.1002	1
19.3	20.2428	121.9204	5.1096	1
19.4	20.2599	122.7568	5.1235	1
19.5	20.2768	123.6601	5.1246	1
19.6	20.2937	124.4473	5.1235	1
19.7	20.3105	125.2803	5.1064	1
19.8	20.3277	126.0428	5.0963	1
19.9	20.3451	126.8382	5.099	1
20	20.3623	127.7267	5.1192	1
20.1	20.3794	128.5708	5.1364	1
20.2	20.3963	129.4725	5.1167	1
20.3	20.4131	130.3166	5.1091	1
20.4	20.4295	131.2023	5.1241	1
20.5	20.4456	132.1036	5.1211	1
20.6	20.4611	132.963	5.1185	1
20.7	20.4765	133.8061	5.1194	1
20.8	20.4922	134.6675	5.1055	1
20.9	20.5077	135.5263	5.0991	1
21	20.5232	136.4203	5.0989	1
21.1	20.5385	137.2491	5.0938	1
21.2	20.5534	138.0956	5.097	1
21.3	20.5684	139.0302	5.0911	1
21.4	20.583	139.904	5.0988	1
21.5	20.5976	140.746	5.1055	1
21.6	20.6122	141.4749	5.1114	1
21.7	20.6282	141.9158	5.1135	1
21.8	20.6448	142.7868	5.1094	1
21.9	20.6607	143.7866	5.1126	1
22	20.6759	144.7687	5.1089	1
22.1	20.6908	145.6217	5.095	1
22.2	20.7058	146.496	5.0989	1
22.3	20.7207	147.2508	5.1092	1
22.4	20.7357	148.1082	5.1139	1
22.5	20.7504	148.9815	5.1119	1
22.6	20.7651	149.8535	5.1071	1
22.7	20.7798	150.6576	5.1031	1
22.8	20.7946	151.3808	5.1052	1
22.9	20.8095	152.2354	5.1089	1
23	20.8244	153.0735	5.1121	1
23.1	20.8392	153.9489	5.1102	1
23.2	20.8541	154.7262	5.1199	1
23.3	20.8687	155.554	5.1147	1
23.4	20.8835	156.4421	5.1138	1
23.5	20.8985	157.3049	5.1255	1
23.6	20.913	158.148	5.1231	1
23.7	20.9272	159.0807	5.1235	1
23.8	20.9414	159.8964	5.1316	1
23.9	20.9555	160.7533	5.1301	1
24	20.9698	161.5628	5.1369	1
24.1	20.9836	162.4559	5.1502	1
24.2	20.9973	163.3718	5.1446	1
24.3	21.0107	164.2169	5.1305	1
24.4	21.0241	165.0359	5.121	1
24.5	21.0376	165.8406	5.1172	1
24.6	21.0511	166.7048	5.1134	1
24.7	21.0645	167.4838	5.1093	1
24.8	21.078	168.3814	5.1073	1
24.9	21.0913	169.1873	5.1033	1
25	21.1047	170.0287	5.1069	1
25.1	21.1179	170.8858	5.1099	1
25.2	21.1312	171.6804	5.1206	1
25.3	21.1446	172.4386	5.1248	1
25.4	21.1582	173.2999	5.1189	1
25.5	21.1717	174.1395	5.1136	1
25.6	21.185	174.9885	5.1088	1
25.7	21.1986	175.8489	5.1089	1
25.8	21.2121	176.6407	5.1137	1
25.9	21.2256	177.5062	5.1147	1
26	21.2389	178.384	5.12	1
26.1	21.2522	179.1913	5.1132	1
26.2	21.2655	179.9767	5.097	1
26.3	21.2785	180.9161	5.0983	1
26.4	21.2914	181.7438	5.1118	1
26.5	21.3042	182.6197	5.1246	1
26.6	21.3168	183.4284	5.1123	1
26.7	21.3294	184.2832	5.129	1
26.8	21.342	185.1165	5.1255	1
26.9	21.3547	185.9243	5.1217	1
27	21.3673	186.7616	5.1264	1
27.1	21.3799	187.6872	5.123	1
27.2	21.3923	188.5938	5.1242	1
27.3	21.4046	189.3502	5.1383	1
27.4	21.417	190.1984	5.1361	1
27.5	21.4292	190.9783	5.1269	1
27.6	21.4415	191.8745	5.1373	1
27.7	21.4538	192.7007	5.1474	1
27.8	21.466	193.4801	5.1476	1
27.9	21.4785	194.3189	5.1425	1
28	21.4907	195.1179	5.1272	1
28.1	21.5028	196.0528	5.1175	1
28.2	21.5149	196.9464	5.1149	1
28.3	21.5269	197.8098	5.1248	1
28.4	21.5386	198.6785	5.1468	1
28.5	21.5501	199.4629	5.1545	1
28.6	21.5614	200.334	5.1389	1
28.7	21.5729	201.1102	5.1241	1
28.8	21.5844	202.0191	5.1267	1
28.9	21.5959	202.8436	5.1403	1
29	21.6072	203.6516	5.1499	1
29.1	21.6186	204.4727	5.141	1
29.2	21.6303	205.2512	5.127	1
29.3	21.6419	206.0803	5.1202	1
29.4	21.6535	207.0044	5.1176	1
29.5	21.665	207.7573	5.1133	1
29.6	21.6768	208.5259	5.1143	1
29.7	21.6885	209.4428	5.1154	1
29.8	21.7001	210.315	5.1145	1
29.9	21.7116	211.1248	5.1272	1
30	21.7233	211.9439	5.1407	1
30.1	21.7344	212.8526	5.1281	1
30.2	21.7455	213.7722	5.1252	1
30.3	21.7565	214.6205	5.121	1
30.4	21.7672	215.404	5.1105	1
30.5	21.778	216.234	5.1088	1
30.6	21.7891	217.0084	5.1213	1
30.7	21.8003	217.863	5.1248	1
30.8	21.8111	218.7386	5.1239	1
30.9	21.822	219.5834	5.1313	1
31	21.8328	220.4503	5.1312	1
31.1	21.8435	221.2737	5.1411	1
31.2	21.8543	222.1005	5.1443	1
31.3	21.8652	222.9565	5.1431	1
31.4	21.8756	223.7401	5.1307	1
31.5	21.8862	224.5259	5.1279	1
31.6	21.897	225.4789	5.1259	1
31.7	21.9077	226.1983	5.127	1
31.8	21.9186	227.0723	5.1272	1
31.9	21.9293	227.8047	5.1117	1
32	21.9403	228.746	5.1082	1
32.1	21.9513	229.499	5.1022	1
32.2	21.9626	230.2369	5.1067	1
32.3	21.9743	231.0152	5.1155	1
32.4	21.9861	231.8055	5.0996	1
32.5	21.9981	232.6576	5.102	1
32.6	22.0101	233.4433	5.0998	1
32.7	22.022	234.2854	5.0882	1
32.8	22.0342	235.1669	5.0975	1
32.9	22.0462	236.0128	5.1095	1
33	22.0581	236.85	5.1135	1
33.1	22.0697	237.7451	5.1179	1
33.2	22.081	238.5804	5.1098	1
33.3	22.0925	239.4364	5.111	1
33.4	22.1038	240.2487	5.1151	1
33.5	22.1149	241.1739	5.1086	1
33.6	22.1262	242.018	5.1062	1
33.7	22.1375	242.7815	5.1105	1
33.8	22.1486	243.6495	5.1229	1
33.9	22.1598	244.4967	5.1344	1
34	22.171	245.3093	5.1326	1
34.1	22.1823	246.1941	5.1374	1
34.2	22.1934	247.0009	5.1415	1
34.3	22.2046	247.722	5.1353	1
34.4	22.2161	248.6032	5.1153	1
34.5	22.2274	249.488	5.1131	1
34.6	22.2387	250.3548	5.1298	1
34.7	22.2499	251.1966	5.1375	1
34.8	22.261	251.9976	5.1404	1
34.9	22.2721	252.7946	5.1405	1
35	22.2831	253.6795	5.1414	1
35.1	22.2939	254.5895	5.1491	1
35.2	22.3045	255.3586	5.1446	1
35.3	22.3152	256.2623	5.1328	1
35.4	22.3258	257.1445	5.1294	1
35.5	22.3361	257.9671	5.1173	1
35.6	22.3463	258.8347	5.1093	1
35.7	22.3566	259.6804	5.108	1
35.8	22.3667	260.4919	5.126	1
35.9	22.377	261.3266	5.1224	1
36	22.3874	262.1427	5.1172	1
36.1	22.3977	262.873	5.1111	1
36.2	22.4084	263.6731	5.1176	1
36.3	22.4192	264.5011	5.1266	1
36.4	22.4301	265.3215	5.1185	1
36.5	22.4412	266.1126	5.1087	1
36.6	22.4526	266.9132	5.1096	1
36.7	22.464	267.7669	5.1254	1
36.8	22.4755	268.6327	5.1366	1
36.9	22.4866	269.5496	5.1334	1
37	22.4977	270.3356	5.1376	1
37.1	22.5089	271.0681	5.134	1
37.2	22.5202	271.9212	5.1215	1
37.3	22.5314	272.7452	5.1119	1
37.4	22.5425	273.6863	5.1187	1
37.5	22.5536	274.4387	5.1225	1
37.6	22.5647	275.2562	5.1189	1
37.7	22.576	276.1275	5.1254	1
37.8	22.587	277.0168	5.1267	1
37.9	22.598	277.7979	5.1225	1
38	22.6091	278.5651	5.124	1
38.1	22.6205	279.3962	5.1259	1
38.2	22.6318	280.241	5.1195	1
38.3	22.6434	281.0998	5.1169	1
38.4	22.6549	281.8964	5.1113	1
38.5	22.6664	282.7484	5.1064	1
38.6	22.6776	283.6004	5.113	1
38.7	22.6889	284.4531	5.1174	1
38.8	22.6999	285.2603	5.1156	1
38.9	22.7107	286.1125	5.1131	1
39	22.7221	287.0026	5.0986	1
39.1	22.7333	287.7894	5.0951	1
39.2	22.7445	288.588	5.1058	1
39.3	22.7563	289.3302	5.1161	1
39.4	22.7681	290.133	5.1068	1
39.5	22.7799	290.9756	5.0956	1
39.6	22.7918	291.8129	5.095	1
39.7	22.8036	292.6774	5.1073	1
39.8	22.8153	293.6058	5.1252	1
39.9	22.8268	294.422	5.1283	1
40	22.8382	295.2585	5.1221	1
40.1	22.8496	296.0176	5.1263	1
40.2	22.8612	296.8492	5.1224	1
40.3	22.8728	297.7191	5.1141	1
40.4	22.8842	298.6125	5.1158	1
40.5	22.8958	299.3996	5.1251	1
40.6	22.9073	300.3003	5.1281	1
40.7	22.9184	301.193	5.1119	1
40.8	22.9291	302.0649	5.0977	1
40.9	22.9397	302.9085	5.1069	1
41	22.9505	303.7775	5.1087	1
41.1	22.9611	304.6665	5.1093	1
41.2	22.9715	305.4383	5.1101	1
41.3	22.9818	306.3127	5.1053	1
41.4	22.992	307.185	5.1071	1
41.5	23.002	308.0409	5.1061	1
41.6	23.0122	308.8283	5.1143	1
41.7	23.0223	309.6659	5.1245	1
41.8	23.0322	310.5776	5.1201	1
41.9	23.0421	311.4165	5.1179	1
42	23.0523	312.1513	5.1125	1
42.1	23.0625	312.971	5.1115	1
42.2	23.0727	313.8461	5.1216	1
42.3	23.0827	314.7199	5.1267	1
42.4	23.0928	315.438	5.122	1
42.5	23.1032	316.3168	5.1284	1
42.6	23.1132	317.1939	5.1228	1
42.7	23.1231	318.0063	5.1149	1
42.8	23.133	318.8568	5.1242	1
42.9	23.143	319.6924	5.1244	1
43	23.1528	320.5561	5.1369	1
43.1	23.1627	321.3635	5.146	1
43.2	23.1727	322.1013	5.1362	1
43.3	23.1829	323.0464	5.1266	1
43.4	23.1929	323.8552	5.1358	1
43.5	23.2028	324.6528	5.149	1
43.6	23.2129	325.497	5.1579	1
43.7	23.2229	326.3622	5.1469	1
43.8	23.2324	327.2664	5.1255	1
43.9	23.2417	328.0882	5.1232	1
44	23.2513	328.8825	5.1247	1
44.1	23.2612	329.7692	5.1157	1
44.2	23.2706	330.6112	5.1194	1
44.3	23.2803	331.4432	5.1331	1
44.4	23.2899	332.2115	5.132	1
44.5	23.2994	333.1192	5.1385	1
44.6	23.3087	333.9689	5.1466	1
44.7	23.318	334.7184	5.1412	1
44.8	23.328	335.5038	5.1478	1
44.9	23.3379	336.3151	5.1467	1
45	23.3478	337.2374	5.1341	1
45.1	23.3581	337.9051	5.1353	1
45.2	23.3689	338.4717	5.1481	1
45.3	23.3807	339.3131	5.1437	1
45.4	23.3925	340.0373	5.1368	1
45.5	23.4044	340.9208	5.1339	1
45.6	23.4163	341.7712	5.13	1
45.7	23.4277	342.6549	5.1356	1
45.8	23.4391	343.6416	5.1338	1
45.9	23.4504	344.4128	5.1301	1
46	23.4615	345.2745	5.1379	1
46.1	23.4725	346.1583	5.1439	1
46.2	23.4832	347.0595	5.1537	1
46.3	23.4937	347.8228	5.1492	1
46.4	23.5046	348.5594	5.1403	1
46.5	23.5158	349.4484	5.1432	1
46.6	23.5269	350.201	5.1487	1
46.7	23.5383	351.0625	5.149	1
46.8	23.5497	351.8528	5.1564	1
46.9	23.5613	352.5945	5.1531	1
47	23.5729	353.5787	5.1381	1
47.1	23.5843	354.4615	5.1286	1
47.2	23.5951	355.3591	5.1387	1
47.3	23.6063	356.0286	5.1448	1
47.4	23.6179	356.8264	5.1566	1
47.5	23.6294	357.7198	5.1573	1
47.6	23.6409	358.5847	5.1539	1
47.7	23.6526	359.3579	5.1509	1
47.8	23.6645	360.1034	5.1415	1
47.9	23.6765	360.9037	5.1439	1
48	23.6887	361.7721	5.1562	1
48.1	23.7007	362.5771	5.1637	1
48.2	23.713	363.4089	5.1585	1
48.3	23.7251	364.2761	5.1436	1
48.4	23.737	365.2792	5.1525	1
48.5	23.7483	366.1002	5.1622	1
48.6	23.7593	367.0251	5.1647	1
48.7	23.77	367.9124	5.15	1
48.8	23.7804	368.8219	5.1483	1
48.9	23.7908	369.6941	5.1544	1
49	23.8011	370.47	5.1564	1
49.1	23.8117	371.3469	5.147	1
49.2	23.8219	372.1584	5.1412	1
49.3	23.8318	373.0525	5.1535	1
49.4	23.8414	373.8232	5.1578	1
49.5	23.8515	374.6453	5.1624	1
49.6	23.8619	375.4355	5.18	1
49.7	23.8716	376.4647	5.1684	1
49.8	23.8814	377.1584	5.1555	1
49.9	23.8916	378.0177	5.1514	1
50	23.902	378.8151	5.1416	1
50.1	23.912	379.7524	5.1383	1
50.2	23.9219	380.4933	5.1478	1
50.3	23.9321	381.2837	5.1594	1
50.4	23.9427	382.0917	5.1673	1
50.5	23.9531	382.9118	5.1722	1
50.6	23.9635	383.732	5.1753	1
50.7	23.9739	384.6714	5.172	1
50.8	23.9844	385.3865	5.1767	1
50.9	23.9944	386.4195	5.175	1
51	24.0044	387.1509	5.1678	1
51.1	24.0144	387.9095	5.1635	1
51.2	24.0248	388.7569	5.1688	1
51.3	24.0352	389.5136	5.1613	1
51.4	24.0457	390.4854	5.1594	1
51.5	24.0563	391.2157	5.1634	1
51.6	24.0667	392.0966	5.1543	1
51.7	24.0769	393.0418	5.1618	1
51.8	24.0865	393.9334	5.1614	1
51.9	24.0959	394.8124	5.1547	1
52	24.1053	395.6501	5.17	1
52.1	24.1144	396.5384	5.1834	1
52.2	24.1237	397.2809	5.1823	1
52.3	24.1332	398.0852	5.1775	1
52.4	24.1428	398.9106	5.1689	1
52.5	24.1524	399.7781	5.1679	1
52.6	24.1617	400.6827	5.1624	1
52.7	24.1708	401.4107	5.1511	1
52.8	24.1802	402.3139	5.1529	1
52.9	24.1898	403.06	5.1647	1
53	24.1993	403.9488	5.1803	1
53.1	24.2089	404.7402	5.1724	1
53.2	24.2185	405.5005	5.1513	1
53.3	24.228	406.435	5.149	1
53.4	24.2372	407.3449	5.1621	1
53.5	24.2459	408.2956	5.1627	1
53.6	24.2545	409.1383	5.1741	1
53.7	24.263	409.9352	5.1838	1
53.8	24.2718	410.7355	5.1687	1
53.9	24.2804	411.6702	5.1482	1
54	24.2889	412.412	5.1462	1
54.1	24.2974	413.2239	5.1437	1
54.2	24.3062	414.1127	5.1454	1
54.3	24.3149	414.9119	5.1624	1
54.4	24.3236	415.742	5.1734	1
54.5	24.3322	416.6147	5.172	1
54.6	24.3407	417.418	5.1682	1
54.7	24.3491	418.2247	5.1718	1
54.8	24.358	419.0227	5.1765	1
54.9	24.3666	419.8873	5.155	1
55	24.3753	420.7845	5.149	1
55.1	24.3836	421.5749	5.1524	1
55.2	24.392	422.4923	5.143	1
55.3	24.4006	423.1904	5.1322	1
55.4	24.409	424.0862	5.1388	1
55.5	24.4175	425.0185	5.1452	1
55.6	24.4256	425.7676	5.1408	1
55.7	24.4337	426.6668	5.1411	1
55.8	24.4418	427.4985	5.1381	1
55.9	24.45	428.3172	5.1299	1
56	24.4584	429.0318	5.1403	1
56.1	24.4672	429.8702	5.1475	1
56.2	24.4757	430.7757	5.1484	1
56.3	24.4838	431.5709	5.1501	1
56.4	24.4918	432.4867	5.1414	1
56.5	24.5	433.2713	5.1257	1
56.6	24.5081	434.1588	5.1309	1
56.7	24.5163	434.9963	5.1357	1
56.8	24.5243	435.8639	5.1279	1
56.9	24.5321	436.6976	5.1332	1
57	24.54	437.4997	5.1368	1
57.1	24.5482	438.2493	5.1348	1
57.2	24.5568	439.0122	5.1352	1
57.3	24.5653	439.8818	5.1379	1
57.4	24.5735	440.7461	5.136	1
57.5	24.5817	441.659	5.1387	1
57.6	24.59	442.4515	5.1445	1
57.7	24.5982	443.3101	5.1482	1
57.8	24.6062	444.1572	5.1587	1
57.9	24.6142	444.9992	5.1395	1
58	24.6224	445.8184	5.1281	1
58.1	24.6304	446.6369	5.1375	1
58.2	24.6384	447.506	5.1435	1
58.3	24.6464	448.2869	5.1263	1
58.4	24.6547	449.0927	5.1199	1
58.5	24.663	449.9397	5.1298	1
58.6	24.6712	450.8641	5.1326	1
58.7	24.6792	451.6717	5.1316	1
58.8	24.6871	452.4885	5.1327	1
58.9	24.695	453.3127	5.1304	1
59	24.7032	454.107	5.1364	1
59.1	24.7115	454.8793	5.1406	1
59.2	24.7197	455.7991	5.133	1
59.3	24.7281	456.5433	5.1353	1
59.4	24.7366	457.4373	5.1431	1
59.5	24.7451	458.1539	5.1482	1
59.6	24.7535	459.0627	5.142	1
59.7	24.7618	459.9243	5.1511	1
59.8	24.7701	460.7094	5.1484	1
59.9	24.7784	461.6556	5.1447	1
60	24.7868	462.3567	5.1457	1
60.1	24.7953	463.2573	5.1454	1
60.2	24.8037	464.0379	5.1428	1
60.3	24.8123	464.7826	5.1415	1
60.4	24.821	465.6659	5.1383	1
60.5	24.8296	466.5524	5.1441	1
60.6	24.838	467.35	5.1428	1
60.7	24.8466	468.1637	5.1378	1
60.8	24.8551	469.0484	5.1449	1
60.9	24.8635	469.9184	5.1354	1
61	24.8719	470.6613	5.1271	1
61.1	24.8805	471.5224	5.1358	1
61.2	24.8892	472.3928	5.1478	1
61.3	24.8976	473.2383	5.1451	1
61.4	24.9059	474.0486	5.1408	1
61.5	24.9142	474.9186	5.1405	1
61.6	24.9226	475.8308	5.1336	1
61.7	24.9307	476.591	5.1358	1
61.8	24.939	477.3507	5.139	1
61.9	24.9474	478.1341	5.1329	1
62	24.956	479.0396	5.1384	1
62.1	24.9644	479.9168	5.1508	1
62.2	24.9732	480.6194	5.1493	1
62.3	24.9819	481.4822	5.1334	1
62.4	24.9907	482.3892	5.1399	1
62.5	24.9993	483.2387	5.1571	1
62.6	25.0077	484.0507	5.1432	1
62.7	25.0163	484.876	5.1269	1
62.8	25.0246	485.7505	5.1439	1
62.9	25.0331	486.5444	5.145	1
63	25.0416	487.3977	5.1325	1
63.1	25.05	488.238	5.1237	1
63.2	25.0583	489.0499	5.1251	1
63.3	25.0665	489.8129	5.1216	1
63.4	25.0749	490.7446	5.1289	1
63.5	25.0834	491.6674	5.139	1
63.6	25.0916	492.4113	5.1399	1
63.7	25.0998	493.2698	5.132	1
63.8	25.108	494.0077	5.1308	1
63.9	25.1169	494.7604	5.1282	1
64	25.1264	495.5041	5.1161	1
64.1	25.1358	496.3577	5.1143	1
64.2	25.145	497.2184	5.1107	1
64.3	25.1542	498.0187	5.1061	1
64.4	25.1637	498.8365	5.1053	1
64.5	25.173	499.6954	5.1088	1
64.6	25.1823	500.6272	5.1157	1
64.7	25.1913	501.4814	5.1241	1
64.8	25.2001	502.2999	5.12	1
64.9	25.2091	503.1695	5.1203	1
65	25.2177	503.966	5.1244	1
65.1	25.2264	504.8177	5.1256	1
65.2	25.2353	505.674	5.1207	1
65.3	25.2444	506.4218	5.1224	1
65.4	25.2533	507.3068	5.1399	1
65.5	25.2621	508.2163	5.1384	1
65.6	25.271	508.9661	5.1284	1
65.7	25.2798	509.7879	5.1203	1
65.8	25.2889	510.5675	5.1254	1
65.9	25.2981	511.3997	5.1281	1
66	25.3073	512.276	5.1164	1
66.1	25.3163	513.1564	5.1221	1
66.2	25.3251	513.9929	5.1124	1
66.3	25.3344	514.6221	5.1132	1
66.4	25.3443	515.3577	5.1189	1
66.5	25.3543	516.2475	5.1208	1
66.6	25.3641	517.049	5.1106	1
66.7	25.3742	517.9578	5.1204	1
66.8	25.384	518.7704	5.1314	1
66.9	25.3936	519.6189	5.1425	1
67	25.4034	520.4972	5.1302	1
67.1	25.4131	521.2981	5.1207	1
67.2	25.4227	522.215	5.1224	1
67.3	25.4319	523.1182	5.1169	1
67.4	25.4408	523.9967	5.1221	1
67.5	25.4495	524.8578	5.1214	1
67.6	25.4582	525.7452	5.1169	1
67.7	25.4667	526.5694	5.1149	1
67.8	25.4752	527.4302	5.1148	1
67.9	25.4838	528.194	5.1239	1
68	25.4928	528.9548	5.1226	1
68.1	25.502	529.6979	5.1302	1
68.2	25.5112	530.6239	5.1346	1
68.3	25.5201	531.4465	5.1323	1
68.4	25.5291	532.3266	5.1228	1
68.5	25.5382	533.1042	5.1158	1
68.6	25.547	533.9377	5.1218	1
68.7	25.5558	534.8891	5.1293	1
68.8	25.5643	535.7692	5.1359	1
68.9	25.5729	536.5909	5.1445	1
69	25.5812	537.4112	5.1419	1
69.1	25.5893	538.3553	5.1495	1
69.2	25.5974	539.1126	5.1359	1
69.3	25.6057	539.9179	5.125	1
69.4	25.6139	540.841	5.1268	1
69.5	25.6219	541.6593	5.1322	1
69.6	25.6303	542.4151	5.1344	1
69.7	25.6392	543.1388	5.1225	1
69.8	25.6479	544.0422	5.1162	1
69.9	25.6565	544.9356	5.1216	1
70	25.6648	545.6671	5.129	1
70.1	25.6737	546.3657	5.1198	1
70.2	25.6829	547.1719	5.1169	1
70.3	25.6921	548.1138	5.1159	1
70.4	25.7013	548.9209	5.1212	1
70.5	25.7106	549.7189	5.1254	1
70.6	25.72	550.5701	5.1282	1
70.7	25.7291	551.3644	5.1349	1
70.8	25.7383	552.2495	5.1296	1
70.9	25.7474	553.1717	5.1254	1
71	25.7564	554.0144	5.1261	1
71.1	25.7648	554.9386	5.112	1
71.2	25.7729	555.7679	5.114	1
71.3	25.7811	556.6622	5.1242	1
71.4	25.7893	557.4563	5.1268	1
71.5	25.7975	558.2705	5.1193	1
71.6	25.8054	559.1848	5.1148	1
71.7	25.8132	560.1159	5.1394	1
71.8	25.8211	560.9019	5.1437	1
71.9	25.8291	561.5529	5.1383	1
72	25.8375	562.3786	5.1386	1
72.1	25.8463	563.2646	5.1233	1
72.2	25.8549	564.0573	5.1191	1
72.3	25.8634	564.7877	5.1223	1
72.4	25.872	565.6501	5.1094	1
72.5	25.8805	566.5859	5.1052	1
72.6	25.8885	567.5099	5.1253	1
72.7	25.8965	568.3136	5.1231	1
72.8	25.9046	569.0403	5.1208	1
72.9	25.913	569.9592	5.1234	1
73	25.9215	570.7628	5.1235	1
73.1	25.9299	571.5382	5.1267	1
73.2	25.9385	572.3917	5.1351	1
73.3	25.9467	573.2518	5.1485	1
73.4	25.9547	574.1196	5.1545	1
73.5	25.9628	574.8869	5.1401	1
73.6	25.9712	575.7328	5.1401	1
73.7	25.9797	576.5745	5.1521	1
73.8	25.9878	577.3886	5.1573	1
73.9	25.9964	578.2552	5.1538	1
74	26.005	579.061	5.1473	1
74.1	26.0136	579.8304	5.1446	1
74.2	26.0222	580.641	5.1556	1
74.3	26.0309	581.5232	5.1477	1
74.4	26.0395	582.3084	5.1302	1
74.5	26.0482	583.1905	5.1367	1
74.6	26.057	583.9547	5.1282	1
74.7	26.0658	584.7317	5.1246	1
74.8	26.0745	585.7542	5.1452	1
74.9	26.0831	586.5216	5.155	1
75	26.0916	587.3821	5.1459	1
75.1	26.1001	588.182	5.1356	1
75.2	26.1086	589.0752	5.1379	1
75.3	26.1169	589.9628	5.1276	1
75.4	26.1252	590.7559	5.13	1
75.5	26.1337	591.5122	5.1388	1
75.6	26.1419	592.4834	5.1261	1
75.7	26.1501	593.2846	5.1144	1
75.8	26.1583	594.0732	5.1167	1
75.9	26.1666	594.8517	5.1052	1
76	26.1752	595.6659	5.111	1
76.1	26.1836	596.4704	5.1095	1
76.2	26.1924	597.2271	5.1024	1
76.3	26.2016	598.0334	5.1026	1
76.4	26.2109	598.8665	5.107	1
76.5	26.2204	599.664	5.13	1
76.6	26.2299	600.483	5.122	1
76.7	26.2394	601.258	5.1045	1
76.8	26.2493	602.068	5.1079	1
76.9	26.2594	602.9276	5.1135	1
77	26.2691	603.8286	5.1142	1
77.1	26.2787	604.7109	5.1242	1
77.2	26.288	605.49	5.1268	1
77.3	26.2971	606.4984	5.1246	1
77.4	26.306	607.3657	5.1315	1
77.5	26.3145	608.2052	5.1437	1
77.6	26.3234	609.0235	5.1585	1
77.7	26.3319	609.8503	5.1613	1
77.8	26.3405	610.7303	5.1472	1
77.9	26.3494	611.4274	5.1243	1
78	26.3582	612.3643	5.1232	1
78.1	26.3669	613.2387	5.1309	1
78.2	26.3752	614.1097	5.1283	1
78.3	26.3836	614.9986	5.1225	1
78.4	26.3917	615.6639	5.1264	1
78.5	26.4	616.6261	5.1116	1
78.6	26.4083	617.4136	5.0953	1
78.7	26.4168	618.1467	5.1156	1
78.8	26.4256	618.9751	5.1263	1
78.9	26.4346	619.7621	5.1151	1
79	26.4436	620.6649	5.1242	1
79.1	26.4523	621.5161	5.1282	1
79.2	26.4609	622.3769	5.125	1
79.3	26.4694	623.1792	5.1151	1
79.4	26.4777	624.1087	5.1208	1
79.5	26.4859	625.0064	5.1132	1
79.6	26.4935	625.7987	5.1128	1
79.7	26.5015	626.5647	5.1362	1
79.8	26.5102	627.3997	5.1331	1
79.9	26.5185	628.4632	5.1264	1
80	26.5261	629.2699	5.1232	1
80.1	26.5337	630.0078	5.1377	1
80.2	26.5421	630.7002	5.1481	1
80.3	26.5507	631.4782	5.1456	1
80.4	26.5595	632.2982	5.1409	1
80.5	26.5686	633.0402	5.1349	1
80.6	26.5782	633.7056	5.1359	1
80.7	26.5876	634.8321	5.1412	1
80.8	26.5965	635.6541	5.1513	1
80.9	26.6052	636.4153	5.1362	1
81	26.6144	637.1696	5.1227	1
81.1	26.6233	638.2177	5.1372	1
81.2	26.6316	639.0922	5.1333	1
81.3	26.64	639.8741	5.1438	1
81.4	26.6488	640.6714	5.1555	1
81.5	26.6575	641.545	5.1571	1
81.6	26.6659	642.4508	5.1494	1
81.7	26.6742	643.1607	5.1486	1
81.8	26.6828	644.0046	5.1493	1
81.9	26.6913	644.9511	5.1573	1
82	26.6993	645.8273	5.1515	1
82.1	26.7071	646.6642	5.1362	1
82.2	26.715	647.4927	5.1402	1
82.3	26.7229	648.4187	5.1585	1
82.4	26.7304	649.245	5.1494	1
82.5	26.7379	650.0669	5.1409	1
82.6	26.7455	650.8768	5.1581	1
82.7	26.7533	651.7061	5.1505	1
82.8	26.761	652.5336	5.1242	1
82.9	26.7686	653.4559	5.117	1
83	26.7761	654.2137	5.1163	1
83.1	26.7835	655.0307	5.1269	1
83.2	26.791	655.9007	5.1359	1
83.3	26.7987	656.7445	5.1406	1
83.4	26.8062	657.4751	5.132	1
83.5	26.8139	658.3243	5.1248	1
83.6	26.8219	659.1559	5.1215	1
83.7	26.8298	659.9868	5.1227	1
83.8	26.8378	660.8072	5.1212	1
83.9	26.8459	661.5769	5.1196	1
84	26.8539	662.4698	5.1079	1
84.1	26.8617	663.2671	5.1102	1
84.2	26.8695	664.1658	5.1149	1
84.3	26.8774	665.0147	5.1164	1
84.4	26.885	665.8583	5.1119	1
84.5	26.8926	666.6902	5.1129	1
84.6	26.9002	667.5978	5.1086	1
84.7	26.9074	668.4596	5.1206	1
84.8	26.9144	669.2864	5.128	1
84.9	26.9215	670.0758	5.1157	1
85	26.9289	670.9404	5.114	1
85.1	26.9366	671.6771	5.1328	1
85.2	26.9446	672.44	5.1283	1
85.3	26.953	673.1256	5.1235	1
85.4	26.9614	673.9427	5.1227	1
85.5	26.9701	674.7954	5.1242	1
85.6	26.9786	675.7283	5.1327	1
85.7	26.9869	676.5456	5.1325	1
85.8	26.995	677.3596	5.1253	1
85.9	27.0033	678.2568	5.1235	1
86	27.0116	678.9836	5.1271	1
86.1	27.0201	679.8725	5.1268	1
86.2	27.0282	680.8665	5.1348	1
86.3	27.0359	681.6483	5.135	1
86.4	27.0436	682.4631	5.1294	1
86.5	27.0514	683.3425	5.1299	1
86.6	27.0589	684.2734	5.1192	1
86.7	27.0664	684.9678	5.1191	1
86.8	27.0746	685.6531	5.1366	1
86.9	27.0832	686.4592	5.1469	1
87	27.0922	687.2283	5.1381	1
87.1	27.1011	688.1179	5.1417	1
87.2	27.1098	689.0261	5.1627	1
87.3	27.118	689.8798	5.1697	1
87.4	27.1259	690.8041	5.1566	1
87.5	27.1341	691.5969	5.1474	1
87.6	27.1424	692.3354	5.1502	1
87.7	27.1506	693.2418	5.1565	1
87.8	27.1586	694.1314	5.1573	1
87.9	27.1667	694.8898	5.1534	1
88	27.175	695.7552	5.1614	1
88.1	27.1831	696.6351	5.1645	1
88.2	27.191	697.4696	5.1509	1
88.3	27.1988	698.3041	5.1458	1
88.4	27.2067	699.1311	5.1384	1
88.5	27.2147	699.9602	5.1413	1
88.6	27.2224	700.8593	5.1397	1
88.7	27.2298	701.7452	5.132	1
88.8	27.2373	702.5738	5.1391	1
88.9	27.2448	703.3833	5.161	1
89	27.2523	704.2793	5.1662	1
89.1	27.2597	705.0815	5.1504	1
89.2	27.267	705.8817	5.1471	1
89.3	27.2742	706.7992	5.1611	1
89.4	27.2814	707.6542	5.1643	1
89.5	27.2887	708.481	5.156	1
89.6	27.2956	709.3514	5.1458	1
89.7	27.3025	710.2035	5.1394	1
89.8	27.3092	710.9897	5.1357	1
89.9	27.3159	711.859	5.1463	1
90	27.3226	712.6303	5.1535	1
90.1	27.3294	713.4429	5.1547	1
90.2	27.3365	714.3069	5.1491	1
90.3	27.3437	715.1652	5.1532	1
90.4	27.3507	715.9144	5.1551	1
90.5	27.3578	716.8057	5.1465	1
90.6	27.3648	717.5816	5.1333	1
90.7	27.3719	718.4663	5.1285	1
90.8	27.3788	719.3369	5.1328	1
90.9	27.3856	720.0597	5.1496	1
91	27.3935	720.7828	5.1535	1
91.1	27.4021	721.3561	5.1426	1
91.2	27.411	722.2174	5.1554	1
91.3	27.4198	723.073	5.1613	1
91.4	27.4285	723.8617	5.1618	1
91.5	27.4375	724.7471	5.1683	1
91.6	27.4463	725.5582	5.1548	1
91.7	27.4552	726.4282	5.1513	1
91.8	27.4643	727.186	5.1573	1
91.9	27.4733	728.0528	5.1445	1
92	27.4822	728.8709	5.1253	1
92.1	27.4909	729.8203	5.1283	1
92.2	27.4994	730.6965	5.1363	1
92.3	27.5077	731.5271	5.1423	1
92.4	27.5161	732.3783	5.1419	1
92.5	27.5245	733.1304	5.1442	1
92.6	27.5328	734.0547	5.1457	1
92.7	27.541	734.9611	5.1368	1
92.8	27.5489	735.7316	5.1285	1
92.9	27.5572	736.5721	5.1371	1
93	27.5653	737.4571	5.1537	1
93.1	27.573	738.3755	5.1597	1
93.2	27.5808	739.093	5.1627	1
93.3	27.5888	740.0192	5.1588	1
93.4	27.5967	740.8677	5.1675	1
93.5	27.6043	741.6243	5.1516	1
93.6	27.6121	742.4273	5.1331	1
93.7	27.62	743.2411	5.1332	1
93.8	27.6277	744.1982	5.137	1
93.9	27.6352	745.0342	5.1524	1
94	27.6428	745.8708	5.1567	1
94.1	27.6507	746.6015	5.1496	1
94.2	27.6588	747.479	5.1409	1
94.3	27.6669	748.258	5.1448	1
94.4	27.6749	749.0492	5.1308	1
94.5	27.6828	749.9348	5.1382	1
94.6	27.6908	750.8188	5.1519	1
94.7	27.6985	751.6445	5.1379	1
94.8	27.7062	752.5185	5.1484	1
94.9	27.7136	753.4599	5.1641	1
95	27.7208	754.2896	5.1532	1
95.1	27.7281	755.092	5.1371	1
95.2	27.7353	755.8519	5.1287	1
95.3	27.7426	756.6717	5.1265	1
95.4	27.75	757.5942	5.1291	1
95.5	27.7574	758.4083	5.1432	1
95.6	27.7647	759.2621	5.1453	1
95.7	27.7718	760.1551	5.1504	1
95.8	27.779	760.9341	5.1613	1
95.9	27.7861	761.8202	5.1612	1
96	27.7929	762.78	5.1565	1
96.1	27.7996	763.5448	5.1599	1
96.2	27.8062	764.3449	5.1715	1
96.3	27.813	765.1672	5.1704	1
96.4	27.8199	765.972	5.1582	1
96.5	27.8267	766.8244	5.1455	1
96.6	27.8336	767.68	5.1377	1
96.7	27.8405	768.4255	5.1455	1
96.8	27.8473	769.3731	5.1506	1
96.9	27.8541	770.1924	5.1538	1
97	27.8608	770.9585	5.1463	1
97.1	27.8676	771.7854	5.1394	1
97.2	27.8744	772.6885	5.1409	1
97.3	27.8812	773.4846	5.1463	1
97.4	27.8881	774.3318	5.1384	1
97.5	27.895	775.1117	5.1372	1
97.6	27.9018	776.0098	5.1339	1
97.7	27.9086	776.8617	5.1456	1
97.8	27.9153	777.7009	5.1475	1
97.9	27.9217	778.4868	5.1488	1
98	27.9283	779.3041	5.1427	1
98.1	27.9351	780.1897	5.1359	1
98.2	27.9419	780.9838	5.1396	1
98.3	27.9485	781.76	5.1407	1
98.4	27.9551	782.6649	5.1391	1
98.5	27.962	783.4762	5.1432	1
98.6	27.9689	784.2623	5.137	1
98.7	27.9759	785.1868	5.1372	1
98.8	27.9826	785.9263	5.1431	1
98.9	27.9891	786.8499	5.1433	1
99	27.9958	787.7297	5.1372	1
99.1	28.0023	788.5091	5.1416	1
99.2	28.0087	789.4444	5.1374	1
99.3	28.015	790.2526	5.1275	1
99.4	28.0215	791.0202	5.1283	1
99.5	28.0283	791.7351	5.1366	1
99.6	28.0356	792.4714	5.1344	1
99.7	28.0434	793.2316	5.1247	1
99.8	28.051	794.1512	5.1272	1
99.9	28.0586	794.9871	5.1209	1
100	28.0661	795.7897	5.121	1
100.1	28.0737	796.6881	5.1203	1
100.2	28.0812	797.5167	5.1311	1
100.3	28.0884	798.3978	5.1409	1
100.4	28.0954	799.2405	5.1397	1
100.5	28.1023	800.1269	5.1374	1
100.6	28.109	801.0419	5.1432	1
100.7	28.1155	801.7864	5.143	1
100.8	28.1223	802.5657	5.1359	1
100.9	28.1296	803.3421	5.1369	1
101	28.137	804.1369	5.1414	1
101.1	28.1448	804.8865	5.1483	1
101.2	28.153	805.6418	5.1418	1
101.3	28.1613	806.4472	5.1441	1
101.4	28.1699	807.285	5.1502	1
101.5	28.1783	808.1102	5.1392	1
101.6	28.1867	808.9629	5.1407	1
101.7	28.1955	809.6967	5.1336	1
101.8	28.2046	810.4544	5.135	1
101.9	28.2136	811.3799	5.1372	1
102	28.2229	812.0933	5.1363	1
102.1	28.2325	812.934	5.137	1
102.2	28.242	813.7726	5.1407	1
102.3	28.2513	814.5847	5.1441	1
102.4	28.2608	815.3954	5.1378	1
102.5	28.2706	816.1794	5.1349	1
102.6	28.2804	817.1711	5.1324	1
102.7	28.2894	818.0616	5.1404	1
102.8	28.2983	818.9222	5.1285	1
102.9	28.3073	819.7256	5.1164	1
103	28.3159	820.6432	5.1016	1
103.1	28.3241	821.6454	5.097	1
103.2	28.3321	822.441	5.1274	1
103.3	28.3401	823.2899	5.1356	1
103.4	28.3479	824.1009	5.1169	1
103.5	28.3557	824.9892	5.1042	1
103.6	28.3632	825.8747	5.1042	1
103.7	28.3707	826.72	5.1204	1
103.8	28.3781	827.605	5.1156	1
103.9	28.3856	828.3981	5.1144	1
104	28.393	829.2197	5.1113	1
104.1	28.4005	830.0863	5.1095	1
104.2	28.4079	830.8298	5.1184	1
104.3	28.4152	831.728	5.1114	1
104.4	28.4224	832.5964	5.1066	1
104.5	28.4296	833.4609	5.1115	1
104.6	28.4368	834.1944	5.1152	1
104.7	28.4442	835.0301	5.1053	1
104.8	28.4518	835.8334	5.1144	1
104.9	28.4595	836.7087	5.1346	1
105	28.467	837.4671	5.1443	1
105.1	28.4745	838.2655	5.122	1
105.2	28.4821	839.2038	5.1094	1
105.3	28.4895	840.0459	5.0998	1
105.4	28.4969	840.9208	5.1145	1
105.5	28.5047	841.6377	5.119	1
105.6	28.5125	842.3879	5.1222	1
105.7	28.5205	843.2579	5.1253	1
105.8	28.5286	844.0599	5.1199	1
105.9	28.5369	844.8382	5.1105	1
106	28.5446	845.6514	5.1092	1
106.1	28.552	846.5726	5.1162	1
106.2	28.5598	847.3836	5.1162	1
106.3	28.5675	848.2022	5.1231	1
106.4	28.5757	849.1354	5.1301	1
106.5	28.5836	849.9697	5.1272	1
106.6	28.5913	850.8702	5.127	1
106.7	28.5989	851.6972	5.1251	1
106.8	28.6065	852.4529	5.1191	1
106.9	28.6143	853.319	5.1147	1
107	28.6219	854.1677	5.1181	1
107.1	28.6296	854.9666	5.1164	1
107.2	28.6372	855.8367	5.1059	1
107.3	28.6448	856.687	5.1142	1
107.4	28.6523	857.5412	5.1211	1
107.5	28.6597	858.3794	5.1264	1
107.6	28.6673	859.113	5.1351	1
107.7	28.6747	859.9972	5.135	1
107.8	28.682	860.8965	5.1301	1
107.9	28.6891	861.8594	5.1258	1
108	28.696	862.676	5.1177	1
108.1	28.7025	863.6093	5.1167	1
108.2	28.7089	864.416	5.1131	1
108.3	28.7152	865.3043	5.1032	1
108.4	28.7222	865.7899	5.112	1
108.5	28.7301	866.5076	5.1163	1
108.6	28.7388	867.277	5.1038	1
108.7	28.7473	868.0908	5.0968	1
108.8	28.7555	869.1069	5.1012	1
108.9	28.7637	869.8667	5.1131	1
109	28.7714	870.7465	5.1234	1
109.1	28.7793	871.5967	5.1132	1
109.2	28.787	872.45	5.1022	1
109.3	28.795	873.3169	5.1038	1
109.4	28.8032	873.9894	5.1064	1
109.5	28.8114	874.9153	5.1071	1
109.6	28.8191	875.8541	5.1237	1
109.7	28.8267	876.6111	5.126	1
109.8	28.8347	877.4272	5.1202	1
109.9	28.8425	878.3131	5.1044	1
110	28.8502	879.1647	5.0949	1
110.1	28.8575	880.0596	5.1025	1
110.2	28.865	880.9034	5.1152	1
110.3	28.8724	881.7196	5.1095	1
110.4	28.8791	882.7395	5.1165	1
110.5	28.8856	883.5252	5.1279	1
110.6	28.8924	884.2965	5.1155	1
110.7	28.8997	885.0992	5.1184	1
110.8	28.9069	885.8623	5.117	1
110.9	28.914	886.6842	5.1141	1
111	28.9215	887.4483	5.1069	1
111.1	28.9292	888.2687	5.1052	1
111.2	28.937	889.1419	5.1111	1
111.3	28.9449	889.9928	5.1087	1
111.4	28.9525	890.7628	5.105	1
111.5	28.9602	891.562	5.0993	1
111.6	28.968	892.4642	5.102	1
111.7	28.9758	893.2658	5.1039	1
111.8	28.9835	894.0768	5.1041	1
111.9	28.9915	894.9077	5.1056	1
112	28.9997	895.6954	5.1111	1
112.1	29.0077	896.5181	5.1074	1
112.2	29.016	897.344	5.104	1
112.3	29.0244	898.1792	5.1058	1
112.4	29.0326	899.0634	5.1046	1
112.5	29.0407	899.9218	5.1104	1
112.6	29.0486	900.867	5.1087	1
112.7	29.0563	901.6325	5.1014	1
112.8	29.0643	902.3378	5.1034	1
112.9	29.0724	903.2639	5.1057	1
113	29.0802	904.1606	5.1022	1
113.1	29.0877	905.0072	5.0956	1
113.2	29.0954	905.8077	5.0974	1
113.3	29.1033	906.6544	5.1203	1
113.4	29.1111	907.4571	5.1332	1
113.5	29.1192	908.1899	5.1268	1
113.6	29.1274	909.0761	5.1131	1
113.7	29.1352	909.9885	5.1235	1
113.8	29.1426	910.8232	5.1219	1
113.9	29.1499	911.747	5.1196	1
114	29.1573	912.5029	5.1224	1
114.1	29.1647	913.427	5.1172	1
114.2	29.172	914.2678	5.1088	1
114.3	29.1792	915.0715	5.0982	1
114.4	29.1862	915.9746	5.0903	1
114.5	29.1929	916.8204	5.092	1
114.6	29.1997	917.751	5.1056	1
114.7	29.2063	918.5161	5.1102	1
114.8	29.2132	919.2852	5.094	1
114.9	29.22	920.1883	5.0974	1
115	29.2269	920.9397	5.1048	1
115.1	29.2338	921.8404	5.1214	1
115.2	29.2407	922.6472	5.1304	1
115.3	29.2472	923.5556	5.1228	1
115.4	29.2536	924.4543	5.1098	1
115.5	29.2595	925.3201	5.0854	1
115.6	29.2654	926.2888	5.0793	1
115.7	29.2711	927.0098	5.099	1
115.8	29.2769	927.8783	5.116	1
115.9	29.283	928.5982	5.107	1
116	29.2888	929.5802	5.1048	1
116.1	29.2943	930.4167	5.1137	1
116.2	29.2996	931.2093	5.1137	1
116.3	29.3053	931.9767	5.1234	1
116.4	29.3112	932.8136	5.1135	1
116.5	29.3174	933.6476	5.0925	1
116.6	29.3232	934.5457	5.0798	1
116.7	29.3288	935.3391	5.0781	1
116.8	29.3347	936.0533	5.0931	1
116.9	29.3408	936.9411	5.0896	1
117	29.3468	937.8304	5.0864	1
117.1	29.3526	938.6892	5.1009	1
117.2	29.3583	939.4072	5.1095	1
117.3	29.3643	940.3578	5.1104	1
117.4	29.3698	941.2779	5.1076	1
117.5	29.3751	942.1131	5.1106	1
117.6	29.3806	942.8071	5.1206	1
117.7	29.3861	943.6509	5.1133	1
117.8	29.3914	944.6009	5.1151	1
117.9	29.3968	945.398	5.1266	1
118	29.4023	946.1904	5.1218	1
118.1	29.408	947.0035	5.1206	1
118.2	29.4136	947.7656	5.1136	1
118.3	29.4191	948.7646	5.1101	1
118.4	29.4245	949.5875	5.1044	1
118.5	29.43	950.3473	5.1001	1
118.6	29.4356	951.2018	5.1002	1
118.7	29.4405	952.0566	5.1078	1
118.8	29.4459	952.9217	5.1197	1
118.9	29.4513	953.7542	5.1134	1
119	29.4568	954.5595	5.1113	1
119.1	29.462	955.3405	5.1127	1
119.2	29.4674	956.188	5.1076	1
119.3	29.4731	956.959	5.1084	1
119.4	29.4787	957.8069	5.1191	1
119.5	29.4844	958.7273	5.1275	1
119.6	29.49	959.4824	5.1257	1
119.7	29.4956	960.3236	5.1205	1
119.8	29.5014	961.1404	5.1178	1
119.9	29.5069	962.0423	5.1062	1
120	29.5124	962.7686	5.1057	1
120.1	29.5182	963.5461	5.1104	1
120.2	29.524	964.4356	5.0987	1
120.3	29.5298	965.3009	5.1045	1
120.4	29.5356	966.1421	5.1042	1
120.5	29.5417	966.877	5.1222	1
120.6	29.5477	967.7691	5.1431	1
120.7	29.5534	968.6572	5.1487	1
120.8	29.5589	969.4754	5.1364	1
120.9	29.5645	970.2875	5.1455	1
121	29.5702	971.0813	5.1454	1
121.1	29.5759	971.9355	5.1574	1
121.2	29.5818	972.7814	5.1496	1
121.3	29.5876	973.5578	5.1436	1
121.4	29.5936	974.4526	5.1457	1
121.5	29.5995	975.234	5.1417	1
121.6	29.6056	976.0311	5.1456	1
121.7	29.6116	976.8571	5.1341	1
121.8	29.6175	977.6724	5.1329	1
121.9	29.6235	978.5373	5.1361	1
122	29.6296	979.3389	5.1283	1
122.1	29.6359	980.1751	5.122	1
122.2	29.6422	981.062	5.1288	1
122.3	29.6482	981.927	5.1263	1
122.4	29.6542	982.6572	5.1234	1
122.5	29.6604	983.611	5.1189	1
122.6	29.6666	984.3248	5.1165	1
122.7	29.6726	985.196	5.1187	1
122.8	29.6787	986.0288	5.1141	1
122.9	29.685	986.8774	5.0969	1
123	29.6911	987.7185	5.1125	1
123.1	29.6973	988.5593	5.1256	1
123.2	29.7036	989.3621	5.1429	1
123.3	29.7099	990.1763	5.1385	1
123.4	29.7159	991.0767	5.1297	1
123.5	29.7219	991.8489	5.1186	1
123.6	29.7279	992.595	5.1208	1
123.7	29.7342	993.5143	5.1257	2
123.8	29.7405	994.3952	5.1176	2
123.9	29.7466	995.2546	5.1199	2
124	29.7528	996.0821	5.1477	2
124.1	29.7586	996.581	5.1489	2
124.2	29.7639	996.9197	5.1325	2
124.3	29.769	996.8507	5.1193	2
124.4	29.7738	996.879	5.1228	2
124.5	29.7786	996.8712	5.1261	2
124.6	29.783	996.8716	5.113	2
124.7	29.7879	996.8983	5.1064	2
124.8	29.793	996.8223	5.1076	2
124.9	29.7979	996.8809	5.1173	2
125	29.8024	996.9801	5.1257	2
125.1	29.8068	996.9276	5.1242	2
125.2	29.8117	996.9054	5.1205	2
125.3	29.8162	997.022	5.1189	2
125.4	29.8203	996.9005	5.1123	2
125.5	29.8247	997.017	5.1158	2
125.6	29.8292	996.9079	5.112	2
125.7	29.8334	997.0362	5.1101	2
125.8	29.8377	996.9478	5.1181	2
125.9	29.8421	996.8824	5.1075	2
126	29.8468	996.904	5.1169	2
126.1	29.8514	996.8947	5.1285	2
126.2	29.8557	996.8471	5.1184	2
126.3	29.8605	996.9153	5.1099	2
126.4	29.8653	996.7446	5.109	2
126.5	29.8701	996.871	5.1171	2
126.6	29.8751	996.841	5.1222	2
126.7	29.8798	996.8358	5.1277	2
126.8	29.8844	996.9678	5.1291	2
126.9	29.8889	996.9027	5.122	2
127	29.8931	996.9432	5.128	2
127.1	29.8974	996.9971	5.1389	2
127.2	29.9014	997.0163	5.132	2
127.3	29.905	997.0829	5.1229	2
127.4	29.9087	997.0614	5.1235	2
127.5	29.9125	997.0095	5.1189	2
127.6	29.9162	997.154	5.1183	2
127.7	29.9196	997.1377	5.1302	2
127.8	29.9227	997.1707	5.131	2
127.9	29.9256	997.2513	5.1232	2
128	29.9285	997.139	5.1184	2
128.1	29.9317	997.1528	5.1202	2
128.2	29.9346	997.2806	5.1347	2
128.3	29.937	997.3116	5.1327	2
128.4	29.9393	997.2726	5.1219	2
128.5	29.9418	997.3688	5.1368	2
128.6	29.9439	997.3926	5.1472	2
128.7	29.9456	997.504	5.1343	2
128.8	29.9475	997.426	5.1302	2
128.9	29.9505	997.0227	5.1362	2
129	29.9551	996.8521	5.1418	2
129.1	29.96	996.7685	5.1346	2
129.2	29.9645	996.811	5.131	2
129.3	29.9693	996.7169	5.1327	2
129.4	29.9742	996.7764	5.1258	2
129.5	29.9786	996.8672	5.1221	2
129.6	29.9832	996.8175	5.1158	2
129.7	29.9877	996.8171	5.1148	2
129.8	29.9919	996.915	5.1118	2
129.9	29.996	996.9531	5.1157	2
130	29.9999	996.8978	5.1252	2
130.1	30.0039	996.9282	5.1325	2
130.2	30.008	996.9716	5.1387	2
130.3	30.0115	997.1164	5.1317	2
130.4	30.0152	997.0064	5.138	2
130.5	30.019	996.9495	5.1455	2
130.6	30.0229	997.0063	5.1301	2
130.7	30.0267	996.9164	5.1379	2
130.8	30.0308	996.8998	5.1551	2
130.9	30.0353	996.8545	5.1517	2
131	30.0395	996.954	5.1609	2
131.1	30.0433	997.0542	5.1604	2
131.2	30.0465	997.0382	5.1433	2
131.3	30.0495	997.3031	5.1407	2
131.4	30.0524	997.1019	5.1537	2
131.5	30.0558	997.0792	5.1548	2
131.6	30.059	997.0663	5.1428	2
131.7	30.0621	997.1587	5.1405	2
131.8	30.0654	997.1022	5.1418	2
131.9	30.0686	997.0209	5.1341	2
132	30.0718	997.1905	5.1266	2
132.1	30.0746	997.1912	5.1236	2
132.2	30.0772	997.1914	5.1192	2
132.3	30.0804	997.1426	5.1217	2
132.4	30.0836	997.1281	5.1316	2
132.5	30.0866	997.1572	5.1404	2
132.6	30.0895	997.1428	5.1307	2
132.7	30.0924	997.1483	5.1223	2
132.8	30.0957	997.0802	5.127	2
132.9	30.0988	997.1424	5.1287	2
133	30.1015	997.2302	5.1191	2
133.1	30.1043	997.183	5.1336	2
133.2	30.1074	997.0785	5.1364	2
133.3	30.1105	997.1475	5.1278	2
133.4	30.1131	997.2304	5.1312	2
133.5	30.1154	997.2706	5.1385	2
133.6	30.1179	997.2435	5.1363	2
133.7	30.1205	997.2065	5.1321	2
133.8	30.1228	997.2358	5.1313	2
133.9	30.1249	997.311	5.1362	2
134	30.127	997.207	5.1439	2
134.1	30.1293	997.276	5.1583	2
134.2	30.1314	997.3479	5.1656	2
134.3	30.1332	997.3476	5.16	2
134.4	30.135	997.3234	5.1601	2
134.5	30.1372	997.2635	5.164	2
134.6	30.1393	997.3318	5.153	2
134.7	30.1411	997.4047	5.1424	2
134.8	30.1427	997.3823	5.1534	2
134.9	30.1444	997.3404	5.1603	2
135	30.1461	997.3504	5.1633	2
135.1	30.1476	997.4659	5.1506	2
135.2	30.1487	997.4589	5.1445	2
135.3	30.15	997.4336	5.1423	2
135.4	30.1515	997.4389	5.1326	2
135.5	30.1526	997.5943	5.1373	2
135.6	30.1533	997.554	5.1516	2
135.7	30.1544	997.4764	5.1487	2
135.8	30.1557	997.4929	5.1481	2
135.9	30.1568	997.5571	5.1486	2
136	30.1576	997.4864	5.1546	2
136.1	30.1585	997.5149	5.1629	2
136.2	30.1592	997.5322	5.1532	2
136.3	30.1598	997.5589	5.1409	2
136.4	30.1605	997.5728	5.1321	2
136.5	30.1613	997.5577	5.1354	2
136.6	30.1622	997.5194	5.1439	2
136.7	30.1628	997.5801	5.147	2
136.8	30.1635	997.5522	5.14	2
136.9	30.1643	997.4804	5.1422	2
137	30.1656	997.432	5.1471	2
137.1	30.1666	997.4724	5.1516	2
137.2	30.1675	997.5346	5.1519	2
137.3	30.1686	997.4128	5.1456	2
137.4	30.1698	997.4262	5.155	2
137.5	30.171	997.4395	5.1524	2
137.6	30.1721	997.4524	5.1374	2
137.7	30.1732	997.4426	5.1264	2
137.8	30.1745	997.3965	5.1179	2
137.9	30.1759	997.3936	5.1202	2
138	30.1773	997.4185	5.1273	2
138.1	30.1784	997.4022	5.1298	2
138.2	30.1797	997.3941	5.126	2
138.3	30.1813	997.3497	5.1362	2
138.4	30.183	997.304	5.1519	2
138.5	30.1845	997.3865	5.1534	2
138.6	30.186	997.321	5.1452	2
138.7	30.1876	997.2857	5.1329	2
138.8	30.1893	997.3543	5.1391	2
138.9	30.1908	997.3272	5.1444	2
139	30.1923	997.3553	5.1397	2
139.1	30.1937	997.3939	5.1353	2
139.2	30.195	997.3693	5.1368	2
139.3	30.1964	997.3628	5.129	2
139.4	30.198	997.3286	5.1333	2
139.5	30.1996	997.3379	5.1513	2
139.6	30.2012	997.2982	5.1466	2
139.7	30.2029	997.3402	5.1503	2
139.8	30.2047	997.2791	5.1731	2
139.9	30.2064	997.3191	5.1661	2
140	30.2076	997.3421	5.1491	2
140.1	30.2089	997.4071	5.1432	2
140.2	30.2105	997.3183	5.1414	2
140.3	30.2119	997.3972	5.1341	2
140.4	30.2129	997.4239	5.1319	2
140.5	30.2139	997.3574	5.1392	2
140.6	30.2156	997.4203	5.1413	2
140.7	30.2172	997.4322	5.1454	2
140.8	30.2184	997.3639	5.1605	2
140.9	30.2196	997.3372	5.1626	2
141	30.2209	997.4028	5.157	2
141.1	30.2223	997.4097	5.1548	2
141.2	30.2234	997.4082	5.1285	2
141.3	30.2242	997.4607	5.1151	2
141.4	30.225	997.5268	5.115	2
141.5	30.2257	997.502	5.1274	2
141.6	30.2265	997.4948	5.1393	2
141.7	30.2271	997.5586	5.1386	2
141.8	30.2275	997.6026	5.1455	2
141.9	30.2275	997.6015	5.1403	2
142	30.2276	997.695	5.138	2
142.1	30.2274	997.7192	5.1501	2
142.2	30.2273	997.6153	5.1487	2
142.3	30.2273	997.6039	5.1226	2
142.4	30.2275	997.5835	5.1243	2
142.5	30.2278	997.5799	5.1304	2
142.6	30.2281	997.6375	5.1232	2
142.7	30.2284	997.5542	5.1233	2
142.8	30.2289	997.5233	5.1418	2
142.9	30.2294	997.5166	5.1392	2
143	30.2299	997.5729	5.136	2
143.1	30.2303	997.5228	5.138	2
143.2	30.2306	997.6171	5.1337	2
143.3	30.231	997.5918	5.1343	2
143.4	30.2312	997.5201	5.1405	2
143.5	30.2318	997.514	5.1395	2
143.6	30.2325	997.4316	5.1359	2
143.7	30.2335	997.4812	5.135	2
143.8	30.2345	997.3969	5.1416	2
143.9	30.2352	997.4389	5.139	2
144	30.2361	997.3763	5.1359	2
144.1	30.2375	997.3432	5.1343	2
144.2	30.2391	997.2649	5.1304	2
144.3	30.2409	997.173	5.1236	2
144.4	30.2429	997.1958	5.1229	2
144.5	30.2453	997.2828	5.1319	2
144.6	30.2472	997.1841	5.1395	2
144.7	30.2488	997.2694	5.1348	2
144.8	30.2504	997.2487	5.1153	2
144.9	30.252	997.2436	5.109	2
145	30.2535	997.3102	5.1057	2
145.1	30.255	997.3036	5.1125	2
145.2	30.2567	997.1958	5.1149	2
145.3	30.2585	997.2214	5.1156	2
145.4	30.2603	997.2809	5.1169	2
145.5	30.2617	997.2985	5.1174	2
145.6	30.2632	997.322	5.1023	2
145.7	30.2648	997.2899	5.096	2
145.8	30.2662	997.3729	5.1044	2
145.9	30.2672	997.4336	5.109	2
146	30.2678	997.4489	5.1139	2
146.1	30.2684	997.541	5.1122	2
146.2	30.269	997.5897	5.1075	2
146.3	30.2694	997.5614	5.1092	2
146.4	30.2696	997.6882	5.1109	2
146.5	30.2695	997.6244	5.1174	2
146.6	30.2693	997.651	5.1147	2
146.7	30.2693	997.6261	5.1058	2
146.8	30.269	997.6185	5.1118	2
146.9	30.2688	997.6747	5.1134	2
147	30.2687	997.6084	5.1102	2
147.1	30.2686	997.6291	5.1171	2
147.2	30.2685	997.6869	5.113	2
147.3	30.2681	997.6774	5.1042	2
147.4	30.2679	997.6205	5.1069	2
147.5	30.2676	997.6722	5.108	2
147.6	30.2673	997.6295	5.0962	2
147.7	30.2671	997.6266	5.1026	2
147.8	30.2671	997.6449	5.1131	2
147.9	30.2671	997.5715	5.1213	2
148	30.2672	997.5288	5.1082	2
148.1	30.2676	997.4301	5.0934	2
148.2	30.2684	997.4868	5.0949	2
148.3	30.2692	997.4698	5.1052	2
148.4	30.2695	997.4795	5.0924	2
148.5	30.2701	997.4818	5.091	2
148.6	30.2708	997.3625	5.0968	2
148.7	30.2719	997.3773	5.0967	2
148.8	30.2728	997.3989	5.0952	2
148.9	30.2736	997.4155	5.0829	2
149	30.2745	997.449	5.1024	2
149.1	30.2753	997.4851	5.112	2
149.2	30.2761	997.4238	5.1121	2
149.3	30.2769	997.422	5.1022	2
149.4	30.2773	997.4275	5.0892	2
149.5	30.2777	997.5074	5.0845	2
149.6	30.2781	997.5849	5.0786	2
149.7	30.2785	997.5117	5.0757	2
149.8	30.2791	997.4353	5.0896	2
149.9	30.2796	997.5019	5.0854	2
150	30.2801	997.5323	5.0782	2
150.1	30.2806	997.4883	5.0823	2
150.2	30.281	997.5643	5.0822	2
150.3	30.2811	997.5551	5.0868	2
150.4	30.281	997.5462	5.1139	2
150.5	30.281	997.5744	5.1155	2
150.6	30.2814	997.6071	5.1117	2
150.7	30.2816	997.5688	5.1166	2
150.8	30.2819	997.5239	5.1185	2
150.9	30.2821	997.5371	5.1065	2
151	30.2824	997.5547	5.1065	2
151.1	30.2826	997.4549	5.1096	2
151.2	30.2832	997.3878	5.1064	2
151.3	30.2844	997.2273	5.1149	2
151.4	30.2858	997.3566	5.1213	2
151.5	30.287	997.3575	5.1141	2
151.6	30.2878	997.4312	5.1296	2
151.7	30.2887	997.3483	5.1333	2
151.8	30.2897	997.3866	5.12	2
151.9	30.2906	997.4696	5.1027	2
152	30.2914	997.3442	5.0971	2
152.1	30.2925	997.3282	5.1008	2
152.2	30.2938	997.3126	5.1013	2
152.3	30.2952	997.2976	5.1144	2
152.4	30.2965	997.227	5.1287	2
152.5	30.2977	997.3993	5.1181	2
152.6	30.2984	997.4242	5.1066	2
152.7	30.2991	997.4607	5.0927	2
152.8	30.2996	997.493	5.0946	2
152.9	30.3002	997.4602	5.0964	2
153	30.3007	997.4828	5.0893	2
153.1	30.301	997.5388	5.0904	2
153.2	30.3013	997.5936	5.0907	2
153.3	30.3012	997.626	5.0873	2
153.4	30.3009	997.6442	5.0824	2
153.5	30.3005	997.6208	5.0828	2
153.6	30.3004	997.6656	5.0961	2
153.7	30.3003	997.6135	5.0904	3
153.8	30.3002	997.6567	5.0766	3
153.9	30.2996	997.691	5.0911	3
154	30.2988	997.7414	5.1045	3
154.1	30.298	997.4685	5.1013	3
154.2	30.2969	996.8031	5.1042	3
154.3	30.2957	996.0105	5.1039	3
154.4	30.2943	995.2134	5.0997	3
154.5	30.293	994.2857	5.1127	3
154.6	30.2919	993.4355	5.1215	3
154.7	30.2907	992.6478	5.1184	3
154.8	30.2895	991.859	5.1134	3
154.9	30.2886	990.8563	5.1127	3
155	30.2882	989.9145	5.1209	3
155.1	30.2882	988.9639	5.1258	3
155.2	30.2882	988.1574	5.1033	3
155.3	30.2884	987.3237	5.0907	3
155.4	30.2884	986.4431	5.0981	3
155.5	30.2887	985.7108	5.1029	3
155.6	30.2887	984.8352	5.0986	3
155.7	30.2887	983.974	5.1127	3
155.8	30.289	983.1485	5.1061	3
155.9	30.2885	982.5496	5.0954	3
156	30.2877	981.7079	5.0873	3
156.1	30.2869	980.8177	5.0967	3
156.2	30.2866	979.9477	5.1175	3
156.3	30.2861	979.1389	5.122	3
156.4	30.2856	978.3286	5.1143	3
156.5	30.2852	977.3866	5.1248	3
156.6	30.2849	976.6321	5.1263	3
156.7	30.2843	975.8458	5.1222	3
156.8	30.2833	975.0783	5.1158	3
156.9	30.2824	974.2029	5.1189	3
157	30.2814	973.3843	5.1203	3
157.1	30.2802	972.5661	5.1248	3
157.2	30.2791	971.8149	5.1227	3
157.3	30.2778	970.9719	5.1238	3
157.4	30.2767	970.2169	5.127	3
157.5	30.2749	969.405	5.1132	3
157.6	30.2731	968.5237	5.1121	3
157.7	30.2714	967.7014	5.1168	3
157.8	30.2696	966.9827	5.1199	3
157.9	30.2673	966.1823	5.1277	3
158	30.265	965.3625	5.1297	3
158.1	30.2625	964.6034	5.1324	3
158.2	30.26	963.7682	5.1315	3
158.3	30.2571	962.9451	5.1186	3
158.4	30.2543	962.1099	5.1103	3
158.5	30.2515	961.2622	5.1134	3
158.6	30.2487	960.4481	5.1117	3
158.7	30.2457	959.6585	5.1115	3
158.8	30.2429	958.8516	5.1122	3
158.9	30.2399	957.9893	5.115	3
159	30.2368	957.2306	5.1129	3
159.1	30.2333	956.3806	5.115	3
159.2	30.2296	955.643	5.1243	3
159.3	30.2261	954.7875	5.1363	3
159.4	30.2226	953.9667	5.146	3
159.5	30.2188	953.1706	5.1501	3
159.6	30.2148	952.3493	5.15	3
159.7	30.211	951.4343	5.1398	3
159.8	30.2072	950.6288	5.1326	3
159.9	30.2036	949.8219	5.1435	3
160	30.2	948.9321	5.1504	3
160.1	30.1966	948.0905	5.1621	3
160.2	30.1933	947.2305	5.1735	3
160.3	30.19	946.3295	5.1643	3
160.4	30.1869	945.4504	5.1518	3
160.5	30.1841	944.5858	5.1432	3
160.6	30.1812	943.808	5.1472	3
160.7	30.1781	943.0051	5.1494	3
160.8	30.1751	942.076	5.1405	3
160.9	30.1727	941.2288	5.1442	3
161	30.1701	940.3657	5.1514	3
161.1	30.1676	939.5115	5.1486	3
161.2	30.1652	938.6624	5.1429	3
161.3	30.1626	937.8959	5.1376	3
161.4	30.1597	937.1928	5.1309	3
161.5	30.1563	936.3843	5.1289	3
161.6	30.1528	935.5561	5.1239	3
161.7	30.1494	934.7305	5.1238	3
161.8	30.146	933.8367	5.1272	3
161.9	30.1423	933.2363	5.1196	3
162	30.1383	932.3767	5.1107	3
162.1	30.1344	931.4231	5.1185	3
162.2	30.1307	930.719	5.1286	3
162.3	30.1268	929.8092	5.127	3
162.4	30.123	929.0613	5.124	3
162.5	30.1196	927.966	5.1205	3
162.6	30.1164	927.1319	5.1188	3
162.7	30.1133	926.3692	5.1196	3
162.8	30.11	925.5074	5.111	3
162.9	30.1066	924.759	5.1177	3
163	30.1033	923.8765	5.1228	3
163.1	30.0997	923.1115	5.13	3
163.2	30.096	922.3635	5.1388	3
163.3	30.0921	921.3979	5.1449	3
163.4	30.0884	920.6238	5.14	3
163.5	30.0847	919.748	5.1343	3
163.6	30.0809	918.919	5.1275	3
163.7	30.0772	918.1796	5.1295	3
163.8	30.0733	917.2727	5.1352	3
163.9	30.0692	916.543	5.1361	3
164	30.0653	915.6344	5.1315	3
164.1	30.0616	914.7379	5.1278	3
164.2	30.0579	913.9508	5.1271	3
164.3	30.0541	913.1712	5.1238	3
164.4	30.05	912.3658	5.1129	3
164.5	30.0458	911.5722	5.109	3
164.6	30.0415	910.7252	5.1203	3
164.7	30.0372	909.9268	5.1299	3
164.8	30.0327	909.0879	5.1309	3
164.9	30.0283	908.316	5.1355	3
165	30.0238	907.5052	5.1497	3
165.1	30.0191	906.6478	5.1489	3
165.2	30.0145	905.715	5.1517	3
165.3	30.0102	904.9422	5.1418	3
165.4	30.0059	904.1352	5.1402	3
165.5	30.0014	903.3012	5.1496	3
165.6	29.9969	902.265	5.1397	3
165.7	29.9929	901.4804	5.1326	3
165.8	29.9891	900.74	5.1329	3
165.9	29.9848	899.8653	5.1307	3
166	29.9807	898.9559	5.1239	3
166.1	29.9768	898.1284	5.1296	3
166.2	29.9728	897.3225	5.1239	3
166.3	29.969	896.4715	5.1238	3
166.4	29.9653	895.5825	5.1416	3
166.5	29.9618	894.7498	5.1552	3
166.6	29.9581	893.9551	5.1478	3
166.7	29.9543	893.0889	5.1391	3
166.8	29.9509	892.0889	5.1353	3
166.9	29.9478	891.2897	5.1334	3
167	29.9449	890.5229	5.1298	3
167.1	29.9415	889.6944	5.1237	3
167.2	29.9377	888.9537	5.1187	3
167.3	29.9341	888.1203	5.1274	3
167.4	29.9304	887.3027	5.1258	3
167.5	29.9262	886.5476	5.1184	3
167.6	29.9221	885.6964	5.1286	3
167.7	29.918	884.9232	5.128	3
167.8	29.9138	884.0318	5.1263	3
167.9	29.9096	883.1009	5.1146	3
168	29.9052	882.4238	5.1166	3
168.1	29.9009	881.579	5.1177	3
168.2	29.8967	880.6704	5.1243	3
168.3	29.8926	879.9051	5.1365	3
168.4	29.8881	879.1975	5.1311	3
168.5	29.8835	878.3563	5.1176	3
168.6	29.879	877.4296	5.1154	3
168.7	29.8745	876.5404	5.1206	3
168.8	29.8704	875.6184	5.1289	3
168.9	29.8669	874.7145	5.1269	3
169	29.8637	873.8444	5.1297	3
169.1	29.8603	873.0094	5.1297	3
169.2	29.8568	872.1768	5.1281	3
169.3	29.8536	871.2901	5.1425	3
169.4	29.8509	870.4154	5.1409	3
169.5	29.8483	869.511	5.1334	3
169.6	29.8453	868.7177	5.1304	3
169.7	29.8421	868.0244	5.1349	3
169.8	29.8385	867.3049	5.1432	3
169.9	29.8348	866.4063	5.1389	3
170	29.831	865.5665	5.1393	3
170.1	29.8274	864.6988	5.141	3
170.2	29.8241	863.8546	5.1488	3
170.3	29.8208	862.9543	5.1396	3
170.4	29.8174	862.2103	5.1275	3
170.5	29.8139	861.459	5.1329	3
170.6	29.8102	860.6275	5.1488	3
170.7	29.8063	859.7949	5.1397	3
170.8	29.8022	859.0607	5.1392	3
170.9	29.7977	858.2411	5.1409	3
171	29.7933	857.3571	5.138	3
171.1	29.7889	856.6289	5.1208	3
171.2	29.7844	855.753	5.1305	3
171.3	29.78	854.9109	5.1543	3
171.4	29.7757	854.0752	5.1428	3
171.5	29.7711	853.2755	5.129	3
171.6	29.7665	852.4088	5.1402	3
171.7	29.7619	851.6221	5.1476	3
171.8	29.7572	850.85	5.1339	3
171.9	29.7524	850.0063	5.144	3
172	29.7474	849.1769	5.1657	3
172.1	29.7427	848.3091	5.1584	3
172.2	29.7381	847.4325	5.1416	3
172.3	29.7335	846.6696	5.1326	3
172.4	29.729	845.8045	5.1279	3
172.5	29.7244	844.8431	5.1293	3
172.6	29.7202	844.0596	5.1283	3
172.7	29.7156	843.3098	5.1159	3
172.8	29.7109	842.5548	5.113	3
172.9	29.7059	841.6027	5.1208	3
173	29.7011	840.83	5.1216	3
173.1	29.6964	839.9305	5.1025	3
173.2	29.6918	839.1579	5.1066	3
173.3	29.6868	838.3969	5.1052	3
173.4	29.6816	837.5825	5.0949	3
173.5	29.6762	836.8747	5.0927	3
173.6	29.6708	835.9498	5.0969	3
173.7	29.6654	835.1017	5.1165	3
173.8	29.6599	834.4025	5.1254	3
173.9	29.654	833.5616	5.1246	3
174	29.6482	832.701	5.1166	3
174.1	29.6425	831.7929	5.1225	3
174.2	29.6366	831.1239	5.1283	3
174.3	29.6306	830.2409	5.1216	3
174.4	29.6245	829.419	5.1313	3
174.5	29.6189	828.5001	5.1285	3
174.6	29.6133	827.6623	5.1155	3
174.7	29.6077	826.9002	5.11	3
174.8	29.6018	826.0812	5.1073	3
174.9	29.5959	825.2573	5.115	3
175	29.5898	824.4328	5.11	3
175.1	29.5836	823.6216	5.0999	3
175.2	29.5774	822.7578	5.0976	3
175.3	29.5713	821.9671	5.1145	3
175.4	29.5653	821.0291	5.135	3
175.5	29.5593	820.2061	5.1313	3
175.6	29.5531	819.5162	5.1366	3
175.7	29.5468	818.7018	5.1309	3
175.8	29.5407	817.7499	5.1244	3
175.9	29.5347	816.8744	5.1254	3
176	29.5285	816.1551	5.1143	3
176.1	29.5222	815.3563	5.112	3
176.2	29.516	814.422	5.118	3
176.3	29.5101	813.5252	5.1308	3
176.4	29.5042	812.7045	5.1325	3
176.5	29.4984	811.8203	5.1309	3
176.6	29.4927	810.9967	5.1425	3
176.7	29.487	810.1591	5.1454	3
176.8	29.481	809.3835	5.1392	3
176.9	29.4754	808.5984	5.1396	3
177	29.4698	807.5433	5.1363	3
177.1	29.4644	806.8098	5.1288	3
177.2	29.4588	806.0499	5.1225	3
177.3	29.4529	805.0979	5.1172	3
177.4	29.4474	804.2863	5.1207	3
177.5	29.4423	803.4	5.1292	3
177.6	29.4367	802.6859	5.1424	3
177.7	29.4312	801.7771	5.1442	3
177.8	29.4257	800.9133	5.1373	3
177.9	29.4206	800.0214	5.1268	3
178	29.4152	799.1815	5.1341	3
178.1	29.4099	798.4577	5.1241	3
178.2	29.4045	797.7078	5.116	3
178.3	29.399	796.806	5.1168	3
178.4	29.3934	796.0129	5.1153	3
178.5	29.3877	795.219	5.1275	3
178.6	29.382	794.364	5.1348	3
178.7	29.3764	793.4266	5.1221	3
178.8	29.3714	792.417	5.1179	3
178.9	29.3673	791.4864	5.1242	3
179	29.3633	790.6503	5.1169	3
179.1	29.3592	789.8659	5.1101	3
179.2	29.3547	789.084	5.1342	3
179.3	29.3499	788.241	5.1434	3
179.4	29.3448	787.579	5.1273	3
179.5	29.3394	786.8122	5.1287	3
179.6	29.3342	785.93	5.1435	3
179.7	29.329	785.1251	5.1302	3
179.8	29.3236	784.2873	5.1207	3
179.9	29.3179	783.5079	5.1379	3
180	29.3119	782.7181	5.131	3
180.1	29.3059	781.813	5.1215	3
180.2	29.3	781.1417	5.1211	3
180.3	29.2938	780.3298	5.1366	3
180.4	29.2874	779.4574	5.1475	3
180.5	29.2812	778.558	5.15	3
180.6	29.2751	777.746	5.149	3
180.7	29.2689	776.9827	5.1329	3
180.8	29.2631	776.0875	5.1305	3
180.9	29.2575	775.0127	5.1226	3
181	29.2523	774.3028	5.1204	3
181.1	29.2469	773.4497	5.1252	3
181.2	29.2413	772.5991	5.1302	3
181.3	29.2361	771.7129	5.1368	3
181.4	29.2307	770.9224	5.1226	3
181.5	29.2254	770.0651	5.12	3
181.6	29.2204	769.1295	5.1253	3
181.7	29.2158	768.2925	5.1256	3
181.8	29.2115	767.3409	5.1155	3
181.9	29.2071	766.4549	5.1161	3
182	29.203	765.6193	5.1067	3
182.1	29.1989	764.8654	5.0956	3
182.2	29.1948	764.0563	5.0981	3
182.3	29.1904	763.1339	5.0898	3
182.4	29.1861	762.4076	5.1021	3
182.5	29.182	761.5408	5.1196	3
182.6	29.1775	760.7173	5.1239	3
182.7	29.173	759.8833	5.1234	3
182.8	29.1685	759.1129	5.1108	3
182.9	29.1637	758.4244	5.1048	3
183	29.1587	757.4814	5.0956	3
183.1	29.1537	756.6535	5.1006	3
183.2	29.1489	755.7628	5.124	3
183.3	29.1442	754.8393	5.11	3
183.4	29.1396	754.1638	5.106	3
183.5	29.1347	753.2999	5.1119	3
183.6	29.1299	752.5053	5.1093	3
183.7	29.1253	751.656	5.1241	3
183.8	29.1203	750.8049	5.136	3
183.9	29.1153	750.0952	5.142	3
184	29.1101	749.2587	5.1488	3
184.1	29.105	748.3025	5.1438	3
184.2	29.1	747.5369	5.1258	3
184.3	29.0948	746.7516	5.1316	3
184.4	29.0895	745.966	5.1407	3
184.5	29.084	745.0776	5.1347	3
184.6	29.0785	744.28	5.1165	3
184.7	29.0727	743.5392	5.1157	3
184.8	29.0671	742.5961	5.1299	3
184.9	29.0616	741.7537	5.1275	3
185	29.056	741.0367	5.1163	3
185.1	29.0505	740.1897	5.1156	3
185.2	29.0446	739.38	5.1215	3
185.3	29.0389	738.5248	5.126	3
185.4	29.0329	737.6646	5.1386	3
185.5	29.0269	736.943	5.1382	3
185.6	29.0208	736.0555	5.1438	3
185.7	29.0146	735.2264	5.139	3
185.8	29.0088	734.4363	5.1338	3
185.9	29.0027	733.5484	5.1264	3
186	28.9965	732.7565	5.1182	3
186.1	28.9905	731.7998	5.1175	3
186.2	28.985	730.9871	5.1072	3
186.3	28.9796	730.1103	5.1083	3
186.4	28.9739	729.3107	5.1275	3
186.5	28.9681	728.5287	5.1356	3
186.6	28.9626	727.5854	5.1391	3
186.7	28.9577	726.6083	5.1346	3
186.8	28.9529	725.8637	5.1391	3
186.9	28.9477	725.1194	5.1356	3
187	28.9427	724.2037	5.1362	3
187.1	28.938	723.1988	5.1436	3
187.2	28.9334	722.3855	5.1452	3
187.3	28.9285	721.6543	5.1472	3
187.4	28.9235	720.8239	5.1545	3
187.5	28.9187	719.9759	5.1456	3
187.6	28.9138	719.2255	5.136	3
187.7	28.9084	718.4552	5.1397	3
187.8	28.9033	717.5807	5.1376	3
187.9	28.8984	716.6864	5.1323	3
188	28.8933	715.7812	5.1258	3
188.1	28.8882	715.0116	5.1172	3
188.2	28.8833	714.1457	5.1189	3
188.3	28.8786	713.2468	5.1199	3
188.4	28.8739	712.4775	5.1281	3
188.5	28.8689	711.6841	5.1326	3
188.6	28.8639	710.8988	5.134	3
188.7	28.8589	709.9891	5.1239	3
188.8	28.854	709.1127	5.1272	3
188.9	28.849	708.374	5.135	3
189	28.8437	707.651	5.1243	3
189.1	28.8382	706.8054	5.1201	3
189.2	28.8327	705.9375	5.1213	3
189.3	28.8272	705.1168	5.1215	3
189.4	28.8217	704.2785	5.1198	3
189.5	28.8162	703.476	5.1127	3
189.6	28.8106	702.7113	5.109	3
189.7	28.8045	701.8846	5.1322	3
189.8	28.7982	701.05	5.1394	3
189.9	28.7921	700.2312	5.1357	3
190	28.7861	699.4293	5.1348	3
190.1	28.78	698.5991	5.13	3
190.2	28.7737	697.8328	5.1419	3
190.3	28.7674	696.999	5.129	3
190.4	28.7609	696.1877	5.1136	3
190.5	28.7544	695.3494	5.1228	3
190.6	28.7477	694.5381	5.1328	3
190.7	28.7407	693.8	5.1288	3
190.8	28.7338	692.922	5.1304	3
190.9	28.7267	692.0481	5.1351	3
191	28.7197	691.2561	5.1355	3
191.1	28.7127	690.4017	5.1458	3
191.2	28.7059	689.5453	5.1449	3
191.3	28.6992	688.8058	5.1319	3
191.4	28.6922	687.9556	5.1368	3
191.5	28.685	687.1301	5.1362	3
191.6	28.6781	686.2662	5.1316	3
191.7	28.6715	685.3438	5.1337	3
191.8	28.6651	684.4797	5.1364	3
191.9	28.6588	683.5744	5.1369	3
192	28.6528	682.6993	5.1322	3
192.1	28.6466	681.8617	5.1292	3
192.2	28.6405	681.1259	5.1386	3
192.3	28.6342	680.2182	5.1331	3
192.4	28.6283	679.3329	5.1186	3
192.5	28.6227	678.4548	5.1098	3
192.6	28.6169	677.6564	5.118	3
192.7	28.6111	676.8371	5.1192	3
192.8	28.6053	675.9905	5.1321	3
192.9	28.5999	675.1164	5.1295	3
193	28.5941	674.3228	5.1246	3
193.1	28.5886	673.458	5.1289	3
193.2	28.5829	672.6336	5.1332	3
193.3	28.5773	671.8577	5.1433	3
193.4	28.5713	671.0037	5.1479	3
193.5	28.565	670.275	5.1382	3
193.6	28.559	669.3715	5.1225	3
193.7	28.5532	668.5718	5.1011	3
193.8	28.5475	667.7851	5.1053	3
193.9	28.5421	666.888	5.1115	3
194	28.5362	666.0418	5.1115	3
194.1	28.5304	665.1849	5.123	3
194.2	28.5244	664.3758	5.1364	3
194.3	28.5182	663.6083	5.1316	3
194.4	28.5121	662.695	5.1365	3
194.5	28.5062	661.8377	5.1331	3
194.6	28.5005	661.0414	5.134	3
194.7	28.4945	660.2156	5.1355	3
194.8	28.4887	659.3901	5.1372	3
194.9	28.4827	658.5979	5.1281	3
195	28.4762	657.8597	5.1212	3
195.1	28.4695	657.0361	5.1218	3
195.2	28.4627	656.2331	5.1284	3
195.3	28.456	655.3277	5.1276	3
195.4	28.4494	654.5675	5.1215	3
195.5	28.4427	653.7567	5.113	3
195.6	28.4356	652.9678	5.1042	3
195.7	28.4283	652.1821	5.1053	3
195.8	28.421	651.2802	5.1168	3
195.9	28.4137	650.5136	5.1158	3
196	28.4064	649.7408	5.1132	3
196.1	28.3988	648.8866	5.1142	3
196.2	28.3911	648.059	5.1046	3
196.3	28.3836	647.1942	5.0857	3
196.4	28.3762	646.3492	5.0979	3
196.5	28.3687	645.5226	5.1195	3
196.6	28.3612	644.696	5.1137	3
196.7	28.3537	643.8727	5.0968	3
196.8	28.3461	643.0461	5.0998	3
196.9	28.3384	642.3016	5.1117	3
197	28.3307	641.4288	5.1225	3
197.1	28.3231	640.5253	5.1283	3
197.2	28.3157	639.6819	5.1423	3
197.3	28.3081	638.9262	5.1521	3
197.4	28.3005	638.0676	5.145	3
197.5	28.2928	637.1869	5.1501	3
197.6	28.2849	636.3464	5.1572	3
197.7	28.2771	635.5474	5.155	3
197.8	28.2695	634.682	5.1539	3
197.9	28.2622	633.8539	5.1453	3
198	28.2548	633.0666	5.1549	3
198.1	28.2469	632.2588	5.1468	3
198.2	28.239	631.435	5.1441	3
198.3	28.2314	630.5871	5.152	3
198.4	28.2237	629.7709	5.1579	3
198.5	28.2156	629.0665	5.1642	3
198.6	28.2072	628.197	5.1654	3
198.7	28.1988	627.2949	5.1553	3
198.8	28.1909	626.4675	5.1466	3
198.9	28.1829	625.688	5.1314	3
199	28.1746	624.8656	5.1334	3
199.1	28.1662	623.9669	5.1446	3
199.2	28.1584	623.0528	5.153	3
199.3	28.1507	622.3153	5.1587	3
199.4	28.1427	621.5351	5.146	3
199.5	28.1344	620.5646	5.1489	3
199.6	28.1268	619.6861	5.1631	3
199.7	28.1192	618.9442	5.1629	3
199.8	28.1119	618.0181	5.1624	3
199.9	28.1047	617.0732	5.1508	3
200	28.0982	616.0646	5.1438	3
200.1	28.0919	615.1965	5.1346	3
200.2	28.0859	614.3379	5.1369	3
200.3	28.0798	613.5117	5.1459	3
200.4	28.074	612.6529	5.134	3
200.5	28.0682	611.82	5.1194	3
200.6	28.0622	611.0408	5.1318	3
200.7	28.0561	610.2095	5.1348	3
200.8	28.0502	609.2362	5.1418	3
200.9	28.0449	608.4489	5.1587	3
201	28.0395	607.6015	5.1593	3
201.1	28.0335	606.8353	5.147	3
201.2	28.0276	606.0035	5.1517	3
201.3	28.0215	605.2405	5.142	3
201.4	28.0153	604.4628	5.1397	3
201.5	28.009	603.5098	5.1386	3
201.6	28.0026	602.8013	5.1284	3
201.7	27.9962	601.9617	5.1335	3
201.8	27.9898	601.1376	5.1419	3
201.9	27.9834	600.2134	5.1329	3
202	27.9771	599.3908	5.1319	3
202.1	27.9707	598.6627	5.1258	3
202.2	27.9643	597.7947	5.1293	3
202.3	27.9577	597.0848	5.1467	3
202.4	27.9509	596.3482	5.1455	3
202.5	27.9438	595.4665	5.1379	3
202.6	27.9369	594.4687	5.1388	3
202.7	27.9301	593.6447	5.1307	3
202.8	27.9236	592.8438	5.1413	3
202.9	27.9172	591.9402	5.145	3
203	27.911	591.0424	5.1462	3
203.1	27.9052	590.0993	5.1453	3
203.2	27.8994	589.2934	5.1377	3
203.3	27.8935	588.5803	5.141	3
203.4	27.8877	587.6824	5.1522	3
203.5	27.8821	586.7929	5.1511	3
203.6	27.8765	585.9583	5.1539	3
203.7	27.871	585.0956	5.1555	3
203.8	27.8653	584.2765	5.1476	3
203.9	27.8593	583.5635	5.1439	3
204	27.8528	582.9451	5.1394	3
204.1	27.8459	581.9986	5.1435	3
204.2	27.8391	581.1424	5.1396	3
204.3	27.8331	580.1881	5.1419	3
204.4	27.8272	579.2941	5.1377	3
204.5	27.8215	578.4578	5.1437	3
204.6	27.8157	577.6683	5.1481	3
204.7	27.8096	576.9366	5.1359	3
204.8	27.8034	576.1258	5.136	3
204.9	27.7969	575.3204	5.1271	3
205	27.7903	574.5378	5.128	3
205.1	27.7833	573.7577	5.1429	3
205.2	27.7761	572.9484	5.1378	3
205.3	27.7689	572.1096	5.1427	3
205.4	27.762	571.2353	5.1501	3
205.5	27.755	570.3811	5.1525	3
205.6	27.748	569.6238	5.1417	3
205.7	27.7409	568.8169	5.1322	3
205.8	27.7338	567.9802	5.1293	3
205.9	27.7269	567.0742	5.1307	3
206	27.7194	566.3208	5.1394	3
206.1	27.7122	565.4349	5.1476	3
206.2	27.705	564.5945	5.1641	3
206.3	27.6981	563.78	5.1593	3
206.4	27.6911	562.9138	5.1696	3
206.5	27.684	562.0532	5.1685	3
206.6	27.677	561.1658	5.1517	3
206.7	27.6702	560.3698	5.1464	3
206.8	27.6636	559.5218	5.1562	3
206.9	27.6571	558.6506	5.1589	3
207	27.6508	557.7531	5.1541	3
207.1	27.6443	557.0137	5.1469	3
207.2	27.6376	556.1424	5.1517	3
207.3	27.6311	555.3373	5.1608	3
207.4	27.6247	554.5291	5.1596	3
207.5	27.618	553.6199	5.1664	3
207.6	27.6111	552.9033	5.1749	3
207.7	27.6043	552.0514	5.1665	3
207.8	27.5972	551.227	5.1562	3
207.9	27.5903	550.4832	5.1596	3
208	27.5833	549.5788	5.1591	3
208.1	27.5763	548.7118	5.1613	3
208.2	27.5696	547.8581	5.1668	3
208.3	27.5628	546.9848	5.1674	3
208.4	27.5559	546.2291	5.1629	3
208.5	27.5492	545.3514	5.1709	3
208.6	27.5423	544.5698	5.1669	3
208.7	27.535	543.8755	5.1642	3
208.8	27.5273	543.0462	5.1806	3
208.9	27.5196	542.3269	5.1846	3
209	27.5121	541.4304	5.1801	3
209.1	27.5046	540.4585	5.1742	3
209.2	27.4974	539.6145	5.1756	3
209.3	27.4902	538.8018	5.1851	3
209.4	27.4827	537.9953	5.1794	3
209.5	27.4753	537.1555	5.179	3
209.6	27.4676	536.4103	5.168	3
209.7	27.4598	535.5998	5.1706	3
209.8	27.4519	534.7175	5.1847	3
209.9	27.444	533.952	5.1799	3
210	27.4359	533.1904	5.183	3
210.1	27.4277	532.3356	5.1789	3
210.2	27.4194	531.4965	5.1816	3
210.3	27.4109	530.7385	5.1783	3
210.4	27.4024	529.958	5.1746	3
210.5	27.3939	529.0366	5.1809	3
210.6	27.3852	528.1912	5.1849	3
210.7	27.3767	527.3984	5.1772	3
210.8	27.368	526.6323	5.1901	3
210.9	27.3595	525.7849	5.2044	3
211	27.3509	524.8908	5.1886	3
211.1	27.3422	524.0468	5.179	3
211.2	27.3338	523.1919	5.1818	3
211.3	27.3254	522.3925	5.1836	3
211.4	27.317	521.5547	5.1791	3
211.5	27.3085	520.7417	5.1671	3
211.6	27.3001	519.8369	5.1777	3
211.7	27.2919	519.0081	5.192	3
211.8	27.2838	518.0781	5.1832	3
211.9	27.2757	517.2485	5.1787	3
212	27.268	516.2653	5.1724	3
212.1	27.2607	515.3742	5.1775	3
212.2	27.2534	514.5972	5.1725	3
212.3	27.2461	513.7785	5.1706	3
212.4	27.2387	512.9286	5.1751	3
212.5	27.2314	512.1515	5.192	3
212.6	27.2239	511.323	5.1973	3
212.7	27.2165	510.4785	5.1815	3
212.8	27.2092	509.6005	5.1673	3
212.9	27.2021	508.7222	5.1729	3
213	27.195	507.9272	5.1756	3
213.1	27.188	507.0305	5.1748	3
213.2	27.1808	506.2566	5.1814	3
213.3	27.1735	505.5142	5.1704	3
213.4	27.1659	504.7616	5.1583	3
213.5	27.1581	503.941	5.1591	3
213.6	27.1502	503.0439	5.1774	3
213.7	27.1422	502.2411	5.1716	3
213.8	27.1344	501.4543	5.1599	3
213.9	27.1268	500.5516	5.1545	3
214	27.1191	499.6937	5.1609	3
214.1	27.1114	498.783	5.1813	3
214.2	27.1042	497.9037	5.1946	3
214.3	27.0971	497.0887	5.1879	3
214.4	27.09	496.3104	5.19	3
214.5	27.0826	495.5187	5.1874	3
214.6	27.0751	494.7124	5.1791	3
214.7	27.0675	493.855	5.1905	3
214.8	27.0595	493.1264	5.1903	3
214.9	27.0518	492.1626	5.1797	3
215	27.0448	491.0934	5.1675	3
215.1	27.0383	490.3087	5.1724	3
215.2	27.0317	489.4577	5.1649	3
215.3	27.0248	488.6964	5.1547	3
215.4	27.0182	487.8011	5.1656	3
215.5	27.0114	486.958	5.1723	3
215.6	27.0048	486.2078	5.1698	3
215.7	26.9982	485.307	5.1614	3
215.8	26.9917	484.4192	5.165	3
215.9	26.9854	483.5176	5.1739	3
216	26.9793	482.6974	5.1723	3
216.1	26.973	481.9774	5.1641	3
216.2	26.9665	481.1361	5.1682	3
216.3	26.9599	480.299	5.1622	3
216.4	26.9532	479.53	5.1637	3
216.5	26.9464	478.6754	5.17	3
216.6	26.9396	477.8583	5.157	3
216.7	26.9329	477.0162	5.1518	3
216.8	26.9259	476.2186	5.1523	3
216.9	26.9188	475.4075	5.1492	3
217	26.9116	474.5965	5.1505	3
217.1	26.9044	473.785	5.1475	3
217.2	26.8971	473.03	5.1462	3
217.3	26.8896	472.1938	5.1523	3
217.4	26.8822	471.286	5.1493	3
217.5	26.8751	470.4152	5.1598	3
217.6	26.8679	469.6634	5.1545	3
217.7	26.8605	468.8517	5.1458	3
217.8	26.8528	467.9577	5.16	3
217.9	26.8456	467.1103	5.1536	3
218	26.8383	466.3355	5.1434	3
218.1	26.8305	465.5263	5.1479	3
218.2	26.8227	464.7933	5.1575	3
218.3	26.8149	463.936	5.1779	3
218.4	26.8069	463.1179	5.1719	3
218.5	26.799	462.2558	5.1735	3
218.6	26.7914	461.2854	5.1879	3
218.7	26.7842	460.4504	5.1751	3
218.8	26.7769	459.6149	5.1583	3
218.9	26.7694	458.8137	5.1462	3
219	26.7618	458.0272	5.1515	3
219.1	26.7542	457.1514	5.1688	3
219.2	26.7468	456.4288	5.1608	3
219.3	26.7394	455.5151	5.1616	3
219.4	26.7317	454.6908	5.1672	3
219.5	26.7238	453.8745	5.162	3
219.6	26.716	453.0747	5.1697	3
219.7	26.7081	452.2797	5.1722	3
219.8	26.7001	451.3896	5.1838	3
219.9	26.6922	450.6122	5.1877	3
220	26.6841	449.7518	5.1878	3
220.1	26.6763	448.9646	5.192	3
220.2	26.6686	448.0362	5.1869	3
220.3	26.6607	447.2178	5.1801	3
220.4	26.6529	446.4048	5.1815	3
220.5	26.6451	445.5541	5.1842	3
220.6	26.6373	444.68	5.1819	3
220.7	26.6299	443.7904	5.1719	3
220.8	26.6224	443.0098	5.166	3
220.9	26.615	442.1516	5.1703	3
221	26.6076	441.3115	5.1653	3
221.1	26.6	440.5594	5.1659	3
221.2	26.5922	439.7636	5.1889	3
221.3	26.5841	438.9847	5.1968	3
221.4	26.576	438.0726	5.1919	3
221.5	26.5678	437.2553	5.1876	3
221.6	26.5599	436.4514	5.1801	3
221.7	26.5517	435.6703	5.1714	3
221.8	26.5433	434.8553	5.1559	3
221.9	26.535	434.0111	5.1531	3
222	26.5264	433.3089	5.1637	3
222.1	26.5177	432.4986	5.1623	3
222.2	26.5085	431.6081	5.1356	3
222.3	26.4992	430.8133	5.145	3
222.4	26.4903	429.9563	5.1636	3
222.5	26.4814	429.1523	5.1656	3
222.6	26.4723	428.3694	5.1591	3
222.7	26.4628	427.5995	5.1474	3
222.8	26.4532	426.7531	5.1491	3
222.9	26.4436	425.9213	5.1666	3
223	26.4341	425.101	5.1759	3
223.1	26.4245	424.2664	5.1608	3
223.2	26.4149	423.4721	5.1539	3
223.3	26.4053	422.6074	5.163	3
223.4	26.3956	421.7367	5.1718	3
223.5	26.386	420.923	5.1591	3
223.6	26.3764	420.1006	5.1627	3
223.7	26.3667	419.2706	5.1631	3
223.8	26.3572	418.479	5.158	3
223.9	26.3475	417.6703	5.1595	3
224	26.3376	416.7861	5.1508	3
224.1	26.3279	415.9099	5.1599	3
224.2	26.3183	415.0567	5.1625	3
224.3	26.3089	414.1806	5.1612	3
224.4	26.2996	413.369	5.1655	3
224.5	26.2905	412.4607	5.1529	3
224.6	26.2816	411.5934	5.1496	3
224.7	26.2729	410.6906	5.1519	3
224.8	26.2642	409.8497	5.1515	3
224.9	26.2555	409.0795	5.1521	3
225	26.2469	408.1805	5.1594	3
225.1	26.2385	407.3308	5.1605	3
225.2	26.2301	406.4375	5.1553	3
225.3	26.2219	405.5783	5.1551	3
225.4	26.214	404.7275	5.1652	3
225.5	26.2064	403.7995	5.1539	3
225.6	26.199	402.9211	5.1439	3
225.7	26.1918	402.0414	5.1509	3
225.8	26.1846	401.261	5.1563	3
225.9	26.1772	400.4158	5.1652	3
226	26.1698	399.6436	5.1695	3
226.1	26.1622	398.8656	5.1635	3
226.2	26.1545	398.0818	5.1583	3
226.3	26.1464	397.3454	5.1759	3
226.4	26.138	396.5228	5.1739	3
226.5	26.1292	395.7808	5.1706	3
226.6	26.1205	394.954	5.1603	3
226.7	26.1116	394.1291	5.1469	3
226.8	26.1028	393.2171	5.1326	3
226.9	26.0947	392.1155	5.1404	3
227	26.0876	391.2363	5.1585	3
227.1	26.0804	390.4464	5.164	3
227.2	26.0729	389.7241	5.1534	3
227.3	26.065	388.9322	5.1609	3
227.4	26.0568	388.1222	5.1599	3
227.5	26.0484	387.357	5.1555	3
227.6	26.04	386.5176	5.1623	3
227.7	26.0316	385.6864	5.1615	3
227.8	26.0231	384.9057	5.1664	3
227.9	26.0142	384.1731	5.1642	3
228	26.0047	383.3278	5.1461	3
228.1	25.9952	382.4944	5.1334	3
228.2	25.986	381.6641	5.1327	3
228.3	25.9769	380.8145	5.1414	3
228.4	25.9676	380.0809	5.1478	3
228.5	25.9583	379.207	5.1569	3
228.6	25.949	378.3451	5.1624	3
228.7	25.9395	377.5836	5.176	3
228.8	25.9298	376.7546	5.1616	3
228.9	25.9203	375.8964	5.1454	3
229	25.9108	375.0689	5.1516	3
229.1	25.901	374.3727	5.1602	3
229.2	25.8909	373.5703	5.1634	3
229.3	25.8806	372.6268	5.1473	3
229.4	25.8707	371.7724	5.136	3
229.5	25.8607	371.0001	5.131	3
229.6	25.851	370.1281	5.1328	3
229.7	25.8413	369.2985	5.1416	3
229.8	25.8314	368.5438	5.1464	3
229.9	25.821	367.7998	5.1379	3
230	25.8104	366.9039	5.1491	3
230.1	25.8005	365.9041	5.1486	3
230.2	25.7911	365.0168	5.1281	3
230.3	25.7818	364.1311	5.1233	3
230.4	25.7729	363.1357	5.1233	3
230.5	25.7645	362.2417	5.1287	3
230.6	25.7567	361.3902	5.1285	3
230.7	25.7486	360.5282	5.1346	3
230.8	25.7406	359.701	5.1444	3
230.9	25.7328	358.794	5.1353	3
231	25.7251	358.0254	5.1286	3
231.1	25.7171	357.2975	5.1294	3
231.2	25.7087	356.4658	5.137	3
231.3	25.7005	355.6765	5.1367	3
231.4	25.6917	354.9541	5.1331	3
231.5	25.6822	354.2326	5.1339	3
231.6	25.6727	353.3983	5.1384	3
231.7	25.6633	352.534	5.133	3
231.8	25.654	351.6868	5.1306	3
231.9	25.6449	350.7998	5.1317	3
232	25.6358	349.9823	5.1205	3
232.1	25.627	349.075	5.1229	3
232.2	25.6182	348.2504	5.1166	3
232.3	25.6092	347.4715	5.1193	3
232.4	25.6	346.6556	5.1278	3
232.5	25.5908	345.74	5.1145	3
232.6	25.582	344.9363	5.1102	3
232.7	25.5732	344.1741	5.1277	3
232.8	25.5641	343.2505	5.1414	3
232.9	25.5553	342.3796	5.1281	3
233	25.5461	341.6349	5.1248	3
233.1	25.5367	340.9102	5.1267	3
233.2	25.5273	339.9668	5.1185	3
233.3	25.5181	339.1874	5.1162	3
233.4	25.5087	338.3867	5.1115	3
233.5	25.4991	337.5529	5.1075	3
233.6	25.4898	336.6795	5.0935	3
233.7	25.4806	335.7212	5.0918	3
233.8	25.4715	335.0162	5.1027	3
233.9	25.4624	334.1544	5.1006	3
234	25.4532	333.3288	5.1034	3
234.1	25.444	332.5021	5.1043	3
234.2	25.4347	331.6387	5.1061	3
234.3	25.4255	330.8249	5.0921	3
234.4	25.4163	330.0312	5.0894	3
234.5	25.407	329.191	5.1034	3
234.6	25.3977	328.3405	5.104	3
234.7	25.3884	327.508	5.1044	3
234.8	25.3789	326.7194	5.1146	3
234.9	25.3693	325.9074	5.1154	3
235	25.3594	325.0926	5.1199	3
235.1	25.3502	324.2054	5.1313	3
235.2	25.341	323.3089	5.1331	3
235.3	25.3318	322.5227	5.1314	3
235.4	25.3225	321.6297	5.1183	3
235.5	25.3132	320.802	5.1228	3
235.6	25.304	319.9807	5.139	3
235.7	25.2946	319.231	5.1495	3
235.8	25.2852	318.2747	5.1462	3
235.9	25.2764	317.3971	5.1405	3
236	25.2677	316.5451	5.1277	3
236.1	25.2588	315.8817	5.132	3
236.2	25.2488	315.2183	5.1453	3
236.3	25.2379	314.4422	5.1453	3
236.4	25.2269	313.715	5.1488	3
236.5	25.2161	312.8304	5.1536	3
236.6	25.2053	311.9314	5.1483	3
236.7	25.195	311.0106	5.1639	3
236.8	25.1852	310.1302	5.1602	3
236.9	25.1752	309.3432	5.1514	3
237	25.1652	308.4855	5.1581	3
237.1	25.1551	307.598	5.1603	3
237.2	25.1452	306.8382	5.1635	3
237.3	25.135	305.9892	5.1512	3
237.4	25.1246	305.2063	5.1436	3
237.5	25.1145	304.3319	5.1617	3
237.6	25.1043	303.4835	5.1568	3
237.7	25.0941	302.7463	5.1536	3
237.8	25.0839	301.8589	5.1607	3
237.9	25.0738	301.0046	5.1587	3
238	25.0636	300.1378	5.1488	3
238.1	25.0534	299.369	5.1397	3
238.2	25.0432	298.4992	5.1481	3
238.3	25.0333	297.6442	5.151	3
238.4	25.0232	296.8546	5.148	3
238.5	25.0129	296.0418	5.1473	3
238.6	25.0026	295.1806	5.1456	3
238.7	24.9924	294.3357	5.1608	3
238.8	24.9819	293.5299	5.1655	3
238.9	24.9718	292.6609	5.1567	3
239	24.9616	291.8232	5.1621	3
239.1	24.9514	291.0097	5.1666	3
239.2	24.9409	290.2124	5.1638	3
239.3	24.9306	289.4066	5.1624	3
239.4	24.9204	288.529	5.1588	3
239.5	24.9101	287.6651	5.1634	3
239.6	24.8999	286.9183	5.1656	3
239.7	24.8893	286.0742	5.1569	3
239.8	24.8789	285.2406	5.1573	3
239.9	24.8684	284.3472	5.1603	3
240	24.8579	283.5537	5.1655	3
240.1	24.8473	282.8345	5.1715	3
240.2	24.8365	281.9725	5.1567	3
240.3	24.8254	281.136	5.1431	3
240.4	24.8145	280.3683	5.1622	3
240.5	24.8037	279.5523	5.1649	3
240.6	24.7924	278.7364	5.1521	3
240.7	24.7812	277.9008	5.1462	3
240.8	24.77	276.9737	5.1548	3
240.9	24.7592	276.0818	5.1587	3
241	24.7488	275.2702	5.1622	3
241.1	24.7383	274.3554	5.1693	3
241.2	24.7277	273.5089	5.1769	3
241.3	24.7177	272.5774	5.1747	3
241.4	24.7077	271.776	5.1745	3
241.5	24.6979	270.9675	5.1675	3
241.6	24.6879	270.1796	5.1768	3
241.7	24.6778	269.2616	5.1858	3
241.8	24.6682	268.3791	5.1728	3
241.9	24.6589	267.4181	5.1675	3
242	24.6499	266.6182	5.1677	3
242.1	24.6408	265.7147	5.1574	3
242.2	24.6317	264.8456	5.1459	3
242.3	24.6223	264.2371	5.1419	3
242.4	24.6123	263.5443	5.1335	3
242.5	24.6019	262.6708	5.1372	3
242.6	24.5924	261.5637	5.1482	3
242.7	24.5841	260.4748	5.1453	3
242.8	24.5764	259.6834	5.1396	3
242.9	24.5685	258.9151	5.1409	3
243	24.5599	258.1619	5.1338	3
243.1	24.5508	257.4712	5.1545	3
243.2	24.5414	256.726	5.1613	3
243.3	24.5319	255.8139	5.1522	3
243.4	24.5229	254.9304	5.1636	3
243.5	24.5141	254.025	5.1676	3
243.6	24.505	253.3105	5.1557	3
243.7	24.4959	252.4518	5.1585	3
243.8	24.4868	251.6191	5.1659	3
243.9	24.478	250.7906	5.1562	3
244	24.469	249.9302	5.1535	3
244.1	24.4603	248.9641	5.1419	3
244.2	24.452	248.1608	5.1425	3
244.3	24.4433	247.4113	5.1429	3
244.4	24.4345	246.5661	5.1602	3
244.5	24.4256	245.733	5.1611	3
244.6	24.4163	244.9813	5.1553	3
244.7	24.4064	244.284	5.1504	3
244.8	24.3967	243.4281	5.1508	3
244.9	24.3871	242.4376	5.1452	3
245	24.378	241.7323	5.1484	3
245.1	24.3687	240.8695	5.1572	3
245.2	24.359	240.0685	5.1661	3
245.3	24.3493	239.1816	5.1659	3
245.4	24.3397	238.4448	5.1495	3
245.5	24.3299	237.6173	5.1438	3
245.6	24.3199	236.8344	5.144	3
245.7	24.3099	236.0145	5.1413	3
245.8	24.2999	235.1806	5.1469	3
245.9	24.2897	234.3305	5.1502	3
246	24.2796	233.4721	5.1446	3
246.1	24.2698	232.5846	5.1314	3
246.2	24.2601	231.6578	5.1323	3
246.3	24.2503	230.936	5.1286	3
246.4	24.2402	230.2007	5.1131	3
246.5	24.2299	229.3181	5.1077	3
246.6	24.2197	228.4167	5.1324	3
246.7	24.2099	227.6693	5.1326	3
246.8	24.1998	226.8862	5.1326	3
246.9	24.1893	226.0833	5.1384	3
247	24.1788	225.2135	5.1288	3
247.1	24.1683	224.4411	5.1247	3
247.2	24.1577	223.6747	5.1285	3
247.3	24.1467	222.7574	5.13	3
247.4	24.1357	222.0138	5.1262	3
247.5	24.1249	221.1909	5.1249	3
247.6	24.1138	220.3448	5.1297	3
247.7	24.1027	219.5503	5.14	3
247.8	24.0917	218.6351	5.1423	3
247.9	24.0808	217.9194	5.145	3
248	24.0696	217.0498	5.1328	3
248.1	24.0581	216.1816	5.1218	3
248.2	24.0468	215.4131	5.1272	3
248.3	24.0356	214.6119	5.1441	3
248.4	24.0242	213.8324	5.1459	3
248.5	24.0124	212.9862	5.1509	3
248.6	24.0008	212.1075	5.1446	3
248.7	23.9894	211.222	5.1346	3
248.8	23.9776	210.4597	5.1207	3
248.9	23.9657	209.6805	5.104	3
249	23.9539	208.8071	5.1085	3
249.1	23.9424	207.8717	5.1079	3
249.2	23.9309	207.0832	5.1071	3
249.3	23.9194	206.2544	5.113	3
249.4	23.9078	205.4397	5.1228	3
249.5	23.8962	204.6223	5.1152	3
249.6	23.8846	203.8147	5.1133	3
249.7	23.8727	203.0439	5.1128	3
249.8	23.8608	202.1766	5.1088	3
249.9	23.8489	201.2982	5.109	3
250	23.8372	200.4422	5.1066	3
250.1	23.8256	199.6183	5.1105	3
250.2	23.8139	198.7157	5.1161	3
250.3	23.8024	197.9229	5.1134	3
250.4	23.7909	197.0827	5.1217	3
250.5	23.7795	196.2247	5.126	3
250.6	23.7681	195.4169	5.1295	3
250.7	23.7566	194.6065	5.1345	3
250.8	23.7448	193.7311	5.1382	3
250.9	23.7331	192.9244	5.1403	3
251	23.7216	192.0137	5.1432	3
251.1	23.71	191.3108	5.1342	3
251.2	23.6985	190.3109	5.1123	3
251.3	23.6869	189.6006	5.1144	3
251.4	23.6754	188.7458	5.1128	3
251.5	23.6637	187.986	5.1086	3
251.6	23.6522	187.1096	5.1013	3
251.7	23.6408	186.2298	5.0947	3
251.8	23.6295	185.3708	5.1004	3
251.9	23.618	184.5671	5.1002	3
252	23.6065	183.7413	5.0886	3
252.1	23.595	182.899	5.088	3
252.2	23.5836	182.0676	5.0868	3
252.3	23.5719	181.2749	5.108	3
252.4	23.5603	180.3954	5.1092	3
252.5	23.5487	179.6235	5.1113	3
252.6	23.5368	178.8471	5.1193	3
252.7	23.5251	177.9588	5.1209	3
252.8	23.5134	177.126	5.125	3
252.9	23.5016	176.2882	5.1162	3
253	23.4898	175.5651	5.1125	3
253.1	23.4778	174.6398	5.1113	3
253.2	23.4661	173.8582	5.1098	3
253.3	23.4543	172.9127	5.1072	3
253.4	23.4422	172.1836	5.1113	3
253.5	23.4301	171.4152	5.1141	3
253.6	23.4178	170.5203	5.113	3
253.7	23.4058	169.7596	5.1269	3
253.8	23.3934	168.8827	5.1297	3
253.9	23.3811	168.0458	5.1336	3
254	23.369	167.1936	5.1362	3
254.1	23.3569	166.4044	5.1204	3
254.2	23.3444	165.6149	5.1033	3
254.3	23.3319	164.7757	5.0975	3
254.4	23.3194	163.9	5.0919	3
254.5	23.307	163.0651	5.0963	3
254.6	23.2948	162.2329	5.1067	3
254.7	23.2824	161.4014	5.1168	3
254.8	23.2699	160.5986	5.1136	3
254.9	23.2573	159.7368	5.104	3
255	23.2449	158.9526	5.105	3
255.1	23.2325	158.0898	5.1063	3
255.2	23.2199	157.2316	5.1054	3
255.3	23.2075	156.4436	5.0988	3
255.4	23.1951	155.5649	5.1069	3
255.5	23.1828	154.6798	5.1077	3
255.6	23.1706	153.8901	5.0994	3
255.7	23.1583	153.0083	5.0944	3
255.8	23.146	152.2325	5.0733	3
255.9	23.1339	151.3492	5.0706	3
256	23.1218	150.484	5.0723	3
256.1	23.1097	149.6784	5.0731	3
256.2	23.0975	148.8493	5.0755	3
256.3	23.0851	148.0688	5.0878	3
256.4	23.0728	147.2178	5.0976	3
256.5	23.0606	146.3805	5.1025	3
256.6	23.0483	145.6168	5.1095	3
256.7	23.0359	144.7089	5.1029	3
256.8	23.0235	143.9265	5.0859	3
256.9	23.0112	143.078	5.0842	3
257	22.9984	142.2973	5.0838	3
257.1	22.986	141.351	5.0886	3
257.2	22.9737	140.6221	5.1079	3
257.3	22.9612	139.6967	5.1013	3
257.4	22.9488	138.8499	5.0864	3
257.5	22.9363	138.0826	5.0873	3
257.6	22.924	137.1761	5.0934	3
257.7	22.9118	136.3743	5.0864	3
257.8	22.8992	135.5603	5.0822	3
257.9	22.8868	134.7574	5.0781	3
258	22.8745	133.8872	5.0843	3
258.1	22.8621	133.1181	5.0793	3
258.2	22.8496	132.2417	5.0763	3
258.3	22.8372	131.3935	5.0782	3
258.4	22.8248	130.5295	5.0643	3
258.5	22.8125	129.7582	5.0762	3
258.6	22.8	128.9071	5.091	3
258.7	22.7874	128.1224	5.093	3
258.8	22.7746	127.2875	5.0955	3
258.9	22.7619	126.5054	5.0929	3
259	22.7493	125.5876	5.0978	3
259.1	22.7367	124.7763	5.0964	3
259.2	22.7239	123.9273	5.0894	3
259.3	22.7112	123.0892	5.0975	3
259.4	22.6989	122.2451	5.0964	3
259.5	22.6862	121.4284	5.1033	3
259.6	22.6737	120.5902	5.1076	3
259.7	22.6614	119.6623	5.0975	3
259.8	22.6493	118.8189	5.1055	3
259.9	22.6373	118.0201	5.1076	3
260	22.6249	117.2381	5.1101	3
260.1	22.6126	116.3558	5.1139	3
260.2	22.6003	115.4873	5.1112	3
260.3	22.5884	114.6759	5.0954	3
260.4	22.5763	113.7542	5.0923	3
260.5	22.5644	112.8679	5.0841	3
260.6	22.5529	112.0751	5.0741	3
260.7	22.5414	111.2118	5.0896	3
260.8	22.5298	110.4544	5.1026	3
260.9	22.5178	109.6768	5.1101	3
261	22.5056	108.8031	5.1129	3
261.1	22.4935	107.9634	5.1079	3
261.2	22.4815	107.1862	5.1136	3
261.3	22.469	106.4739	5.1148	3
261.4	22.4564	105.5663	5.1097	3
261.5	22.4443	104.6526	5.1034	3
261.6	22.4319	103.9432	5.0917	3
261.7	22.4191	103.1887	5.0944	3
261.8	22.4063	102.2983	5.0982	3
261.9	22.3934	101.5106	5.0843	3
262	22.3806	100.6797	5.0752	3
262.1	22.3682	99.7119	5.0735	3
262.2	22.3556	98.9068	5.0701	3
262.3	22.3433	98.0928	5.0666	3
262.4	22.3305	97.2985	5.0733	3
262.5	22.3177	96.5331	5.0785	3
262.6	22.3047	95.6451	5.0712	3
262.7	22.2919	94.8191	5.0609	3
262.8	22.2788	94.045	5.0714	3
262.9	22.2652	93.3156	5.0837	3
263	22.2518	92.3971	5.0882	3
263.1	22.2389	91.3503	5.0838	3
263.2	22.2266	90.4427	5.0821	3
263.3	22.2144	89.789	5.0913	3
263.4	22.2016	89.0363	5.0912	3
263.5	22.1886	88.1086	5.091	3
263.6	22.1758	87.305	5.0894	3
263.7	22.1631	86.4736	5.0782	3
263.8	22.1503	85.6524	5.0841	3
263.9	22.1373	84.8856	5.1009	3
264	22.1247	83.9152	5.1003	3
264.1	22.112	83.1199	5.0999	3
264.2	22.0993	82.2935	5.1059	3
264.3	22.0862	81.5319	5.099	3
264.4	22.0732	80.6968	5.096	3
264.5	22.0603	79.7757	5.1004	3
264.6	22.0472	79.1335	5.1154	3
264.7	22.0338	78.2304	5.1126	3
264.8	22.0204	77.4593	5.1062	3
264.9	22.0067	76.6703	5.0976	3
265	21.9928	75.8829	5.0929	3
265.1	21.9787	75.151	5.0963	3
265.2	21.9645	74.152	5.1014	3
265.3	21.9505	73.3822	5.1032	3
265.4	21.9364	72.6188	5.1091	3
265.5	21.922	71.7508	5.1024	3
265.6	21.9084	70.7656	5.0926	3
265.7	21.895	69.8632	5.1075	3
265.8	21.8813	69.307	5.106	3
265.9	21.8668	68.4562	5.1062	3
266	21.8521	67.6512	5.117	3
266.1	21.8376	66.7946	5.1042	3
266.2	21.8231	65.9239	5.1031	3
266.3	21.809	65.1341	5.1079	3
266.4	21.7947	64.2583	5.1217	3
266.5	21.7803	63.4926	5.1202	3
266.6	21.7658	62.6441	5.105	3
266.7	21.7509	61.8595	5.0985	3
266.8	21.7358	61.0887	5.1021	3
266.9	21.7203	60.3148	5.0977	3
267	21.7046	59.613	5.1041	3
267.1	21.6888	58.7191	5.1115	3
267.2	21.6732	57.8675	5.1169	3
267.3	21.6577	57.0157	5.1091	3
267.4	21.6422	56.1989	5.1136	3
267.5	21.6267	55.3335	5.12	3
267.6	21.6111	54.5459	5.1039	3
267.7	21.5952	53.7877	5.0969	3
267.8	21.5788	52.9758	5.1146	3
267.9	21.5627	52.0707	5.1272	3
268	21.5469	51.2474	5.1245	3
268.1	21.5309	50.4353	5.1175	3
268.2	21.515	49.6339	5.1129	3
268.3	21.4992	48.7671	5.1157	3
268.4	21.4832	47.84	5.1227	3
268.5	21.4675	47.0072	5.1293	3
268.6	21.452	46.2095	5.1298	3
268.7	21.436	45.393	5.1265	3
268.8	21.4199	44.6145	5.1272	3
268.9	21.4036	43.8529	5.1231	3
269	21.3868	43.099	5.1114	3
269.1	21.3698	42.276	5.103	3
269.2	21.353	41.3867	5.1121	3
269.3	21.3363	40.5433	5.112	3
269.4	21.3196	39.7744	5.1162	3
269.5	21.3027	38.8519	5.1327	3
269.6	21.2861	38.0853	5.131	3
269.7	21.2694	37.204	5.1235	3
269.8	21.2528	36.3189	5.1191	3
269.9	21.2362	35.5158	5.1077	3
270	21.2192	34.7224	5.1077	3
270.1	21.2021	33.9437	5.1185	3
270.2	21.1851	33.1193	5.1252	3
270.3	21.168	32.304	5.1148	3
270.4	21.1507	31.5172	5.1007	3
270.5	21.133	30.7903	5.105	3
270.6	21.1151	29.9499	5.1097	3
270.7	21.0973	29.1174	5.1094	3
270.8	21.0793	28.3654	5.1031	3
270.9	21.0607	27.5998	5.1101	3
271	21.042	26.7378	5.1231	3
271.1	21.0234	25.9367	5.1233	3
271.2	21.0045	25.136	5.1193	3
271.3	20.9855	24.3991	5.1296	3
271.4	20.966	23.5422	5.1331	3
271.5	20.9465	22.7926	5.1397	3
271.6	20.927	21.9045	5.1182	3
271.7	20.9073	21.0718	5.1068	3
271.8	20.8876	20.2595	5.1089	3
271.9	20.8677	19.4748	5.1001	3
272	20.8478	18.7329	5.0886	3
272.1	20.8278	17.9105	5.0829	3
272.2	20.8075	17.063	5.0676	3
272.3	20.787	16.2633	5.0682	3
272.4	20.7665	15.4612	5.0817	3
272.5	20.7461	14.533	5.0912	3
272.6	20.7259	13.6831	5.1091	3
272.7	20.7056	12.8222	5.1093	3
272.8	20.6857	11.9216	5.1108	3
272.9	20.6661	11.0393	5.1182	3
273	20.6465	10.2041	5.1074	3
273.1	20.6269	9.3877	5.1014	3
273.2	20.6071	8.6892	5.119	3
273.3	20.5866	7.9148	5.1113	3
273.4	20.566	7.1013	5.1041	3
273.5	20.5451	6.3483	5.091	3
273.6	20.5237	5.6402	5.0759	3
273.7	20.5018	4.9228	5.0792	4
273.8	20.4802	4.0913	5.0857	4
273.9	20.459	3.453	5.0863	4
274	20.4368	2.2768	5.0869	4
274.1	20.3609	-29.3319	5.0972	4
274.2	20.111	-113.4097	5.1204	4
274.3	19.7161	-168.9619	5.1191	4
274.4	19.2488	-160.8268	5.1292	4
274.5	18.7449	-120.8454	5.1271	4
274.6	18.2397	-90.9323	5.1276	4
274.7	17.7396	-75.6739	5.1354	4
274.8	17.2392	-65.3065	5.1378	4
274.9	16.7364	-55.9019	5.1284	4
275	16.232	-47.3604	5.1261	4
275.1	15.7276	-41.6984	5.1273	4
275.2	15.2221	-37.3944	5.1281	4
275.3	14.7153	-33.2806	5.1274	4
275.4	14.2069	-29.0928	5.1204	4
275.5	13.6977	-25.3227	5.1196	4
275.6	13.1884	-22.9525	5.124	4
275.7	12.6789	-21.403	5.1241	4
275.8	12.1683	-19.3423	5.1071	4
275.9	11.6565	-17.5635	5.0995	4
276	11.1443	-16.4127	5.1195	4
276.1	10.6313	-15.7111	5.1278	4
276.2	10.1181	-15.44	5.1071	4
276.3	9.6043	-15.119	5.104	4
276.4	9.0905	-14.7987	5.11	4
276.5	8.5767	-14.5245	5.1171	4
276.6	8.0616	-13.8682	5.1248	4
276.7	7.5464	-13.3757	5.1368	4
276.8	7.0306	-12.662	5.1289	4
276.9	6.5145	-11.3784	5.1247	4
277	5.9987	-10.2983	5.1304	4
277.1	5.4828	-8.9814	5.1328	4
277.2	4.9675	-8.0162	5.1417	4
277.3	4.4517	-7.2248	5.1452	4
277.4	3.9481	-6.6491	5.1472	4
277.5	3.559	-6.1917	5.1336	4
277.6	3.3254	-5.818	5.1328	4
277.7	3.1411	-5.689	5.1306	4
277.8	2.9665	-5.5954	5.1357	4
277.9	2.7973	-5.514	5.1353	4
278	2.631	-5.494	5.128	4
278.1	2.4671	-5.5507	5.1237	4
278.2	2.3047	-5.4866	5.1327	4
278.3	2.1433	-5.4406	5.1439	4
278.4	1.9824	-5.393	5.1508	4
278.5	1.8221	-5.3746	5.1521	4
278.6	1.6623	-5.4266	5.148	4
278.7	1.5028	-5.4231	5.1428	4
