Indentation

 + Advanced

+ Advanced
   Acquisition rate :	10.0 [Hz]
   Linear loading
   Max load :	1000.00 	µN
   Loading rate :	500.00 	µN/min
   Unloading rate :	500.00 	µN/min
   Pause :	30.0 s

+ TTX - UNHT Bio S/N: 1000136751 settings
   Fn contact : 25 µN
   Approach distance : 20 µm
   Approach speed : 100 µm/min
   Retract speed : 200 µm/min
   Retract time : 5 sec
   Dz sensor in large range
   Load in fine range
   FnRef in fine range
   FnRef contactload :500.000 µN
   Stiffness threshold : 1 µN/µm

   X Position :8779.40 µm
   Y Position :36704.57 µm
   Z Position :7457.37 µm

Date :6/9/2026
Time :11:55:30 AM

Analysis n # 1

   Method :	Hertz

 + Parameters

  Load Fit [10%,98%]

 + Main results

   EHz=	801.53 	kPa

 + Hypothesis


 + Additional results

   ErHz=	880.80 kPa
   h offset=	4.96 µm
   R2=	1.00

Analysis n # 2

   Method :	Oliver & Pharr

 + Parameters

  Unload Fit [40%,98%]

 + Main results

   HIT=	23.927 	kPa
   EIT=	824.9 	kPa
   E*=	906.48 	kPa

 + Hypothesis

   !!! Indenter not calibrated !!!
   m out of O&P hypothesis
   Poisson's ratio(nu)=	0.30 

 + Additional results

   HVIT=	0.002439 	 Vickers
   CIT 0.001/120/30=	3.22 	%
   nIT=	62.99 %
   Fmax=	1002.89 	µN
   hmax=	17.01 	µm
   S=	209.4122 	µN/µm
   F/S²=	0.0229 	µm²/µN
   hc=	13.53 	µm
   hr=	12.22 	µm
   hp=	-3.50 	µm
   m=	4.2827 
   Epsilon=	0.73 
   R2=	0.998
   Ap=	41915.59 	µm²
   Welast=	3234.54 pJ
   Wplast=	1900.86 pJ
   Wtotal=	5135.41 pJ
   Er=	906.48 	kPa

Measured values
Time (s)	Pd (µm)	Fn (µN)	FnRef (µN)	SegmentID

0	0	0	5.1041	0
0.1	0.1836	0.1062	5.1035	0
0.2	0.3661	0.1386	5.1035	0
0.3	0.5482	0.2479	5.0882	0
0.4	0.729	0.5571	5.086	0
0.5	0.909	0.6973	5.0909	0
0.6	1.088	0.8354	5.094	0
0.7	1.2666	1.1742	5.1096	0
0.8	1.4446	1.4848	5.1038	1
0.9	1.6219	1.9422	5.1112	1
1	1.799	2.3432	5.1179	1
1.1	1.9706	2.7775	5.1221	1
1.2	2.0989	3.1779	5.1204	1
1.3	2.17	3.2974	5.1124	1
1.4	2.2249	3.4528	5.1065	1
1.5	2.2785	3.6546	5.1004	1
1.6	2.3327	3.721	5.1079	1
1.7	2.3876	4.0096	5.1158	1
1.8	2.4444	4.1082	5.1162	1
1.9	2.5033	4.3838	5.1258	1
2	2.5638	4.713	5.1191	1
2.1	2.6262	5.0721	5.1153	1
2.2	2.6907	5.4188	5.1088	1
2.3	2.7573	5.7704	5.1109	1
2.4	2.8255	6.3214	5.1093	1
2.5	2.8953	6.7432	5.0928	1
2.6	2.9675	7.2083	5.0936	1
2.7	3.041	7.833	5.1178	1
2.8	3.1158	8.3508	5.1144	1
2.9	3.1919	8.9764	5.1094	1
3	3.2694	9.6116	5.1065	1
3.1	3.3477	10.3076	5.1124	1
3.2	3.4272	11.0025	5.1092	1
3.3	3.5077	11.754	5.1193	1
3.4	3.5883	12.58	5.1283	1
3.5	3.6691	13.5083	5.1153	1
3.6	3.7499	14.3346	5.1185	1
3.7	3.8304	15.2996	5.1136	1
3.8	3.9103	16.2546	5.1205	1
3.9	3.9902	17.2212	5.1242	1
4	4.0691	18.2722	5.1145	1
4.1	4.147	19.1932	5.1113	1
4.2	4.2238	20.351	5.103	1
4.3	4.2988	21.5774	5.0964	1
4.4	4.3729	22.5837	5.1033	1
4.5	4.4461	23.6559	5.102	1
4.6	4.5174	24.8439	5.0942	1
4.7	4.5873	26.0164	5.1057	1
4.8	4.6552	27.195	5.1181	1
4.9	4.7212	28.3299	5.123	1
5	4.7857	29.4061	5.126	1
5.1	4.8487	30.5882	5.1302	1
5.2	4.9097	31.8192	5.1355	1
5.3	4.9689	32.9628	5.124	1
5.4	5.0262	34.09	5.1149	1
5.5	5.0817	35.2644	5.1192	1
5.6	5.1354	36.4173	5.12	1
5.7	5.1875	37.5062	5.1251	1
5.8	5.238	38.6615	5.1305	1
5.9	5.2866	39.7858	5.1295	1
6	5.3338	40.8065	5.1342	1
6.1	5.3799	41.8264	5.1421	1
6.2	5.4247	42.8769	5.1245	1
6.3	5.4681	43.9949	5.1244	1
6.4	5.5102	44.9653	5.1321	1
6.5	5.551	45.9839	5.1244	1
6.6	5.5907	46.9442	5.1152	1
6.7	5.6295	47.9912	5.1102	1
6.8	5.6675	48.9318	5.1075	1
6.9	5.7046	49.9049	5.1087	1
7	5.7408	50.8551	5.102	1
7.1	5.7764	51.7537	5.1028	1
7.2	5.8113	52.7566	5.1171	1
7.3	5.8455	53.6543	5.1196	1
7.4	5.8789	54.5968	5.1204	1
7.5	5.9119	55.4449	5.1238	1
7.6	5.9449	56.3857	5.1211	1
7.7	5.9769	57.2985	5.1335	1
7.8	6.0083	58.2827	5.127	1
7.9	6.039	59.1016	5.113	1
8	6.0695	59.9381	5.1046	1
8.1	6.0998	60.9167	5.1041	1
8.2	6.1293	61.8414	5.1149	1
8.3	6.1582	62.7424	5.1335	1
8.4	6.1867	63.6268	5.1636	1
8.5	6.2148	64.5284	5.1573	1
8.6	6.2425	65.5382	5.1388	1
8.7	6.2696	66.3482	5.1305	1
8.8	6.2965	67.208	5.1329	1
8.9	6.323	68.1039	5.1383	1
9	6.3491	69.0563	5.1317	1
9.1	6.3743	70.0233	5.1178	1
9.2	6.3994	70.7708	5.134	1
9.3	6.4246	71.6232	5.129	1
9.4	6.4497	72.5479	5.1145	1
9.5	6.4745	73.3609	5.1223	1
9.6	6.4991	74.2509	5.1136	1
9.7	6.5232	75.0939	5.1025	1
9.8	6.5471	76.1316	5.1196	1
9.9	6.5702	76.9823	5.1269	1
10	6.5928	77.8973	5.1035	1
10.1	6.6155	78.6175	5.091	1
10.2	6.6382	79.4567	5.0895	1
10.3	6.6608	80.3127	5.0958	1
10.4	6.6837	81.1449	5.0997	1
10.5	6.7065	81.9536	5.088	1
10.6	6.7285	82.976	5.0912	1
10.7	6.7506	83.6955	5.1015	1
10.8	6.7725	84.6048	5.1049	1
10.9	6.7942	85.3938	5.098	1
11	6.8158	86.343	5.1017	1
11.1	6.8371	87.1435	5.1109	1
11.2	6.8582	88.0368	5.1134	1
11.3	6.8791	88.9353	5.1089	1
11.4	6.9	89.7179	5.1024	1
11.5	6.9207	90.646	5.0984	1
11.6	6.9413	91.5633	5.104	1
11.7	6.9616	92.2679	5.0975	1
11.8	6.9819	93.2418	5.0976	1
11.9	7.0012	94.1499	5.1053	1
12	7.0207	94.9734	5.1074	1
12.1	7.0401	95.8448	5.1091	1
12.2	7.0594	96.6088	5.0994	1
12.3	7.0786	97.4933	5.0891	1
12.4	7.0978	98.3764	5.1022	1
12.5	7.1167	99.2476	5.0983	1
12.6	7.1353	100.096	5.0914	1
12.7	7.1535	100.9457	5.0966	1
12.8	7.1714	101.7716	5.0971	1
12.9	7.1889	102.6652	5.0945	1
13	7.2069	103.4859	5.096	1
13.1	7.2251	104.3723	5.1048	1
13.2	7.2431	105.2067	5.1065	1
13.3	7.261	106.0201	5.1126	1
13.4	7.2788	106.8957	5.1075	1
13.5	7.2966	107.7034	5.1029	1
13.6	7.3142	108.5756	5.1066	1
13.7	7.3318	109.4135	5.1224	1
13.8	7.3494	110.2234	5.1117	1
13.9	7.3672	110.9698	5.1042	1
14	7.3853	111.8013	5.1077	1
14.1	7.4032	112.6741	5.1157	1
14.2	7.4212	113.4817	5.1205	1
14.3	7.4389	114.3045	5.1113	1
14.4	7.4563	115.1798	5.1022	1
14.5	7.4738	115.9935	5.0938	1
14.6	7.4917	116.8237	5.1143	1
14.7	7.5094	117.7017	5.1237	1
14.8	7.5268	118.6087	5.1223	1
14.9	7.5439	119.5165	5.1176	1
15	7.5608	120.2553	5.1233	1
15.1	7.5781	120.9931	5.1389	1
15.2	7.5956	121.8628	5.1362	1
15.3	7.6128	122.7192	5.1233	1
15.4	7.6301	123.6107	5.1232	1
15.5	7.6472	124.4283	5.1201	1
15.6	7.6639	125.3617	5.1068	1
15.7	7.6808	126.1248	5.1089	1
15.8	7.6975	126.9864	5.1133	1
15.9	7.7142	127.856	5.1119	1
16	7.7307	128.7561	5.1135	1
16.1	7.7471	129.5447	5.1041	1
16.2	7.7632	130.4729	5.0991	1
16.3	7.779	131.3027	5.0892	1
16.4	7.7948	132.085	5.0914	1
16.5	7.811	132.9759	5.1101	1
16.6	7.8268	133.8057	5.1217	1
16.7	7.8422	134.8207	5.1204	1
16.8	7.8571	135.7884	5.1178	1
16.9	7.871	136.7346	5.1158	1
17	7.885	137.468	5.1017	1
17.1	7.8996	138.1145	5.1003	1
17.2	7.9142	139.0258	5.1082	1
17.3	7.9292	139.814	5.1157	1
17.4	7.944	140.6812	5.1214	1
17.5	7.9586	141.5263	5.1146	1
17.6	7.973	142.3637	5.111	1
17.7	7.9874	143.2828	5.1109	1
17.8	8.0015	144.1116	5.1026	1
17.9	8.0155	144.9495	5.1082	1
18	8.0295	145.8417	5.1204	1
18.1	8.0431	146.671	5.1217	1
18.2	8.0565	147.5214	5.1138	1
18.3	8.0702	148.3705	5.1236	1
18.4	8.0838	149.1545	5.13	1
18.5	8.0975	150.0143	5.1166	1
18.6	8.1112	150.8573	5.116	1
18.7	8.1247	151.6199	5.1351	1
18.8	8.1385	152.4857	5.1327	1
18.9	8.1521	153.3353	5.1344	1
19	8.1655	154.1696	5.1323	1
19.1	8.1789	155.0196	5.1222	1
19.2	8.1927	155.8315	5.1254	1
19.3	8.2062	156.6881	5.1276	1
19.4	8.2192	157.55	5.1174	1
19.5	8.2324	158.335	5.1079	1
19.6	8.2457	159.2809	5.1096	1
19.7	8.259	160.0412	5.1254	1
19.8	8.2721	160.9756	5.1406	1
19.9	8.285	161.7683	5.1331	1
20	8.2979	162.6377	5.1336	1
20.1	8.3107	163.4196	5.1344	1
20.2	8.3234	164.2865	5.1384	1
20.3	8.336	165.1194	5.1421	1
20.4	8.3486	166.024	5.1197	1
20.5	8.3616	166.7934	5.1157	1
20.6	8.3741	167.5598	5.12	1
20.7	8.3869	168.4603	5.1334	1
20.8	8.4	169.1813	5.1274	1
20.9	8.4132	170.0169	5.1287	1
21	8.4269	170.7473	5.1344	1
21.1	8.4403	171.5976	5.1327	1
21.2	8.4539	172.3625	5.1274	1
21.3	8.4681	173.1762	5.1292	1
21.4	8.4822	174.0213	5.1363	1
21.5	8.496	174.8987	5.1348	1
21.6	8.5099	175.7053	5.139	1
21.7	8.5239	176.4647	5.1221	1
21.8	8.5379	177.358	5.098	1
21.9	8.5512	178.3239	5.0978	1
22	8.5643	179.2462	5.1011	1
22.1	8.5777	179.9713	5.1001	1
22.2	8.5911	180.8261	5.1126	1
22.3	8.6042	181.777	5.1185	1
22.4	8.6171	182.5833	5.118	1
22.5	8.6297	183.4081	5.12	1
22.6	8.6425	184.2234	5.1134	1
22.7	8.6554	185.1245	5.112	1
22.8	8.6682	185.9173	5.1049	1
22.9	8.6812	186.8128	5.1036	1
23	8.6936	187.6626	5.117	1
23.1	8.7059	188.5355	5.1269	1
23.2	8.7185	189.2625	5.1194	1
23.3	8.7312	190.1277	5.1274	1
23.4	8.7438	190.9763	5.1293	1
23.5	8.7558	191.9149	5.1251	1
23.6	8.768	192.6741	5.1313	1
23.7	8.7803	193.4887	5.1293	1
23.8	8.7923	194.4199	5.133	1
23.9	8.8043	195.2254	5.132	1
24	8.8163	196.1004	5.119	1
24.1	8.8283	196.8922	5.1189	1
24.2	8.8403	197.7458	5.1233	1
24.3	8.8521	198.5272	5.1306	1
24.4	8.8642	199.3618	5.1285	1
24.5	8.8764	200.2789	5.1135	1
24.6	8.888	201.1611	5.1093	1
24.7	8.8999	201.8991	5.1127	1
24.8	8.9119	202.6877	5.1039	1
24.9	8.9241	203.5435	5.1067	1
25	8.936	204.3557	5.1077	1
25.1	8.9475	205.3702	5.0849	1
25.2	8.9588	206.1447	5.0915	1
25.3	8.9704	206.9927	5.1125	1
25.4	8.9819	207.8708	5.1141	1
25.5	8.9934	208.6151	5.1082	1
25.6	9.005	209.4448	5.1116	1
25.7	9.0163	210.3326	5.1173	1
25.8	9.0278	211.1407	5.1196	1
25.9	9.0393	211.9834	5.1125	1
26	9.0506	212.8399	5.1136	1
26.1	9.0615	213.8002	5.1111	1
26.2	9.072	214.6847	5.1195	1
26.3	9.0827	215.4664	5.1334	1
26.4	9.0936	216.2054	5.1323	1
26.5	9.1046	217.0523	5.1257	1
26.6	9.1159	217.813	5.1195	1
26.7	9.127	218.6247	5.1226	1
26.8	9.1379	219.5971	5.116	1
26.9	9.1486	220.4334	5.1145	1
27	9.1592	221.2514	5.1127	1
27.1	9.1705	222.0632	5.1173	1
27.2	9.1818	222.9026	5.1194	1
27.3	9.1926	223.7071	5.0965	1
27.4	9.2034	224.5503	5.0999	1
27.5	9.2146	225.3339	5.1102	1
27.6	9.226	226.1722	5.1035	1
27.7	9.2369	227.0284	5.0953	1
27.8	9.2479	227.7914	5.109	1
27.9	9.2592	228.605	5.1208	1
28	9.2706	229.4464	5.1159	1
28.1	9.2819	230.3063	5.103	1
28.2	9.2935	231.0189	5.1036	1
28.3	9.3054	231.8195	5.1119	1
28.4	9.3173	232.6727	5.1238	1
28.5	9.3291	233.6042	5.1262	1
28.6	9.3403	234.4958	5.1171	1
28.7	9.3514	235.2883	5.1147	1
28.8	9.3626	236.1391	5.1172	1
28.9	9.3736	237.0795	5.1075	1
29	9.3846	237.8892	5.1011	1
29.1	9.3953	238.7253	5.1072	1
29.2	9.406	239.5516	5.1127	1
29.3	9.417	240.3598	5.1107	1
29.4	9.428	241.2457	5.1085	1
29.5	9.4388	242.0687	5.1207	1
29.6	9.4492	242.9564	5.1262	1
29.7	9.4596	243.798	5.1197	1
29.8	9.47	244.631	5.1161	1
29.9	9.4803	245.5085	5.1308	1
30	9.4903	246.4755	5.1303	1
30.1	9.5001	247.306	5.1304	1
30.2	9.5099	248.0386	5.1321	1
30.3	9.5199	248.8813	5.131	1
30.4	9.5298	249.7962	5.1349	1
30.5	9.5394	250.5439	5.1373	1
30.6	9.5496	251.3154	5.1314	1
30.7	9.5599	252.149	5.1286	1
30.8	9.5699	253.053	5.1386	1
30.9	9.5798	253.8861	5.147	1
31	9.5897	254.705	5.1542	1
31.1	9.6001	255.4222	5.1426	1
31.2	9.6102	256.3814	5.1506	1
31.3	9.6203	257.1684	5.1555	1
31.4	9.6303	258.0018	5.1312	1
31.5	9.6404	258.7786	5.1069	1
31.6	9.6507	259.6165	5.1113	1
31.7	9.6608	260.6095	5.1293	1
31.8	9.6707	261.2697	5.1408	1
31.9	9.6809	262.2023	5.1361	1
32	9.691	263.0513	5.1252	1
32.1	9.7009	263.8443	5.1262	1
32.2	9.7109	264.6681	5.1318	1
32.3	9.7209	265.5733	5.1272	1
32.4	9.7308	266.4515	5.1334	1
32.5	9.7404	267.2132	5.1462	1
32.6	9.7501	268.0358	5.1457	1
32.7	9.7601	268.8651	5.1383	1
32.8	9.77	269.5511	5.1468	1
32.9	9.7801	270.6332	5.1456	1
33	9.79	271.3661	5.1337	1
33.1	9.7997	272.2048	5.1285	1
33.2	9.8095	273.1048	5.1313	1
33.3	9.8191	273.7919	5.127	1
33.4	9.8288	274.8545	5.1389	1
33.5	9.8384	275.5626	5.1498	1
33.6	9.8478	276.4834	5.1544	1
33.7	9.8573	277.2324	5.152	1
33.8	9.8667	278.0508	5.1424	1
33.9	9.8765	278.9524	5.1352	1
34	9.8862	279.6628	5.1431	1
34.1	9.8957	280.6114	5.146	1
34.2	9.905	281.4314	5.1354	1
34.3	9.9141	282.334	5.1309	1
34.4	9.9238	283.1225	5.1369	1
34.5	9.9333	283.9624	5.1416	1
34.6	9.9423	284.8673	5.1387	1
34.7	9.9512	285.7067	5.1356	1
34.8	9.9604	286.5621	5.1319	1
34.9	9.9694	287.3241	5.135	1
35	9.9785	288.1189	5.1344	1
35.1	9.9878	289.0063	5.1276	1
35.2	9.997	289.7841	5.1303	1
35.3	10.0062	290.6587	5.1258	1
35.4	10.0157	291.4077	5.1202	1
35.5	10.0248	292.3072	5.1217	1
35.6	10.034	293.1358	5.1187	1
35.7	10.0433	293.8515	5.1223	1
35.8	10.0531	294.6915	5.1294	1
35.9	10.0631	295.4786	5.1333	1
36	10.0731	296.249	5.1386	1
36.1	10.0835	296.989	5.1444	1
36.2	10.0943	297.7962	5.1595	1
36.3	10.1052	298.5509	5.1603	1
36.4	10.1163	299.436	5.1515	1
36.5	10.1273	300.3032	5.1604	1
36.6	10.138	301.1668	5.1675	1
36.7	10.1487	302.0836	5.1671	1
36.8	10.1591	302.8202	5.178	1
36.9	10.1698	303.6927	5.1896	1
37	10.1801	304.492	5.1809	1
37.1	10.1906	305.3707	5.1544	1
37.2	10.201	306.231	5.1477	1
37.3	10.2118	307.0176	5.1422	1
37.4	10.2225	307.8688	5.1245	1
37.5	10.2328	308.7526	5.1296	1
37.6	10.2431	309.6344	5.1448	1
37.7	10.2533	310.4709	5.138	1
37.8	10.2634	311.3074	5.1426	1
37.9	10.2732	312.1505	5.1516	1
38	10.2831	313.0887	5.137	1
38.1	10.293	313.8316	5.1275	1
38.2	10.303	314.6887	5.1441	1
38.3	10.3128	315.571	5.1435	1
38.4	10.3224	316.3645	5.1373	1
38.5	10.3321	317.2306	5.1383	1
38.6	10.3416	318.1422	5.1354	1
38.7	10.3511	318.8917	5.1264	1
38.8	10.3606	319.8025	5.1309	1
38.9	10.3703	320.5781	5.1435	1
39	10.3799	321.4215	5.1396	1
39.1	10.3894	322.2295	5.1376	1
39.2	10.3988	323.1594	5.1438	1
39.3	10.4078	324.072	5.141	1
39.4	10.4165	324.9547	5.135	1
39.5	10.4254	325.7932	5.136	1
39.6	10.4346	326.4497	5.1398	1
39.7	10.4436	327.3229	5.1456	1
39.8	10.4528	328.2355	5.1573	1
39.9	10.4616	329.0571	5.1571	1
40	10.4705	329.9512	5.1374	1
40.1	10.4792	330.673	5.1201	1
40.2	10.4877	331.61	5.1204	1
40.3	10.4961	332.4432	5.1268	1
40.4	10.5044	333.2846	5.1343	1
40.5	10.5129	334.1498	5.145	1
40.6	10.5212	334.9514	5.1389	1
40.7	10.5295	335.8421	5.1358	1
40.8	10.5376	336.6864	5.1377	1
40.9	10.5458	337.4585	5.1294	1
41	10.5538	338.3203	5.1174	1
41.1	10.5622	339.2301	5.1072	1
41.2	10.5707	339.8883	5.104	1
41.3	10.5789	340.7993	5.1183	1
41.4	10.5871	341.6026	5.1265	1
41.5	10.5951	342.4183	5.116	1
41.6	10.6037	343.2708	5.1139	1
41.7	10.6122	344.1184	5.1211	1
41.8	10.6204	345.0128	5.1166	1
41.9	10.6283	345.8376	5.1047	1
42	10.6365	346.6469	5.1044	1
42.1	10.6446	347.5217	5.1061	1
42.2	10.6524	348.4174	5.1145	1
42.3	10.66	349.2275	5.1374	1
42.4	10.6679	350.0426	5.1299	1
42.5	10.6758	350.9466	5.1138	1
42.6	10.6838	351.7836	5.1158	1
42.7	10.6914	352.6105	5.1245	1
42.8	10.6991	353.3255	5.1306	1
42.9	10.7068	354.1893	5.1314	1
43	10.7145	355.1242	5.1283	1
43.1	10.7219	355.9156	5.1376	1
43.2	10.7294	356.7266	5.1382	1
43.3	10.7372	357.6115	5.1373	1
43.4	10.7446	358.383	5.14	1
43.5	10.7522	359.2887	5.1258	1
43.6	10.7598	360.0817	5.1188	1
43.7	10.767	361.041	5.1331	1
43.8	10.7741	361.8805	5.1488	1
43.9	10.781	362.6869	5.1504	1
44	10.7881	363.5106	5.1479	1
44.1	10.7951	364.3597	5.1418	1
44.2	10.802	365.2615	5.1353	1
44.3	10.8086	365.9798	5.1329	1
44.4	10.8157	366.8108	5.1356	1
44.5	10.8226	367.7793	5.1352	1
44.6	10.8292	368.6174	5.1336	1
44.7	10.8362	369.3712	5.1166	1
44.8	10.843	370.2168	5.1102	1
44.9	10.8499	371.0493	5.1253	1
45	10.857	371.7602	5.1321	1
45.1	10.8642	372.5885	5.1348	1
45.2	10.8717	373.3681	5.1267	1
45.3	10.8794	374.1614	5.1159	1
45.4	10.8872	375.0017	5.1338	1
45.5	10.895	375.8364	5.1483	1
45.6	10.9029	376.641	5.1483	1
45.7	10.9106	377.5349	5.149	1
45.8	10.9181	378.3561	5.1381	1
45.9	10.9257	379.1851	5.1189	1
46	10.9333	380.1025	5.1135	1
46.1	10.9408	380.9232	5.1203	1
46.2	10.948	381.8003	5.127	1
46.3	10.9553	382.6151	5.1288	1
46.4	10.9626	383.3579	5.1319	1
46.5	10.97	384.3127	5.1364	1
46.6	10.9771	385.1482	5.1225	1
46.7	10.9842	385.9788	5.1342	1
46.8	10.9916	386.7512	5.1374	1
46.9	10.9988	387.6075	5.134	1
47	11.0058	388.5356	5.1393	1
47.1	11.0126	389.306	5.1366	1
47.2	11.0194	390.1834	5.137	1
47.3	11.0262	391.0555	5.1298	1
47.4	11.0325	391.9219	5.116	1
47.5	11.0392	392.7345	5.1	1
47.6	11.0462	393.4207	5.1136	1
47.7	11.0531	394.3483	5.1285	1
47.8	11.0602	395.147	5.1228	1
47.9	11.0673	395.9046	5.1354	1
48	11.0744	396.7874	5.1333	1
48.1	11.0818	397.572	5.1247	1
48.2	11.0892	398.3243	5.1337	1
48.3	11.0968	399.2312	5.1321	1
48.4	11.1044	400.0205	5.1223	1
48.5	11.1117	400.8451	5.1172	1
48.6	11.1192	401.7057	5.1083	1
48.7	11.1268	402.4438	5.0919	1
48.8	11.1346	403.31	5.0928	1
48.9	11.1424	404.115	5.0904	1
49	11.15	405.0812	5.0887	1
49.1	11.1576	405.8908	5.093	1
49.2	11.1652	406.6066	5.0946	1
49.3	11.173	407.4847	5.0895	1
49.4	11.1803	408.3947	5.1057	1
49.5	11.1874	409.2377	5.1132	1
49.6	11.1949	409.9828	5.1079	1
49.7	11.2025	410.8562	5.1117	1
49.8	11.2102	411.6629	5.1116	1
49.9	11.2178	412.4555	5.1169	1
50	11.2256	413.3301	5.1154	1
50.1	11.2333	414.0835	5.0948	1
50.2	11.2412	414.9573	5.0987	1
50.3	11.2491	415.8014	5.1051	1
50.4	11.257	416.5928	5.1026	1
50.5	11.2652	417.3702	5.0996	1
50.6	11.2733	418.2064	5.1043	1
50.7	11.2814	419.1299	5.1074	1
50.8	11.2892	419.949	5.1019	1
50.9	11.2969	420.8492	5.1045	1
51	11.3048	421.5821	5.1016	1
51.1	11.313	422.341	5.1034	1
51.2	11.3215	423.1526	5.1122	1
51.3	11.3303	423.9467	5.1197	1
51.4	11.3392	424.7412	5.1133	1
51.5	11.348	425.6344	5.1081	1
51.6	11.3568	426.3636	5.1189	1
51.7	11.3658	427.1693	5.112	1
51.8	11.375	428.0897	5.1071	1
51.9	11.3837	428.988	5.115	1
52	11.3918	430.0095	5.1145	1
52.1	11.3998	430.7998	5.1262	1
52.2	11.4078	431.6101	5.1363	1
52.3	11.4161	432.3266	5.1346	1
52.4	11.4244	433.1992	5.1211	1
52.5	11.4333	434.0595	5.1186	1
52.6	11.4421	434.7274	5.1247	1
52.7	11.4511	435.5826	5.1139	1
52.8	11.4598	436.4775	5.1089	1
52.9	11.4681	437.4421	5.1148	1
53	11.4765	438.2447	5.1083	1
53.1	11.4848	439.0297	5.1055	1
53.2	11.4931	440.0346	5.1032	1
53.3	11.5014	440.6758	5.1135	1
53.4	11.5093	441.6115	5.1226	1
53.5	11.5177	442.3753	5.1218	1
53.6	11.5257	443.1933	5.1173	1
53.7	11.5339	444.2192	5.1075	1
53.8	11.5419	444.9071	5.1268	1
53.9	11.5496	445.7796	5.1411	1
54	11.5578	446.6011	5.1264	1
54.1	11.5661	447.3626	5.1154	1
54.2	11.5743	448.3408	5.1247	1
54.3	11.5824	449.0536	5.1333	1
54.4	11.5905	449.8823	5.1435	1
54.5	11.599	450.7065	5.1427	1
54.6	11.607	451.6163	5.133	1
54.7	11.615	452.5183	5.1296	1
54.8	11.6233	453.218	5.1304	1
54.9	11.6314	454.1164	5.1199	1
55	11.6396	454.9225	5.1067	1
55.1	11.6479	455.6134	5.1031	1
55.2	11.6567	456.5052	5.1103	1
55.3	11.6656	457.2393	5.1159	1
55.4	11.6743	458.1151	5.1203	1
55.5	11.6832	458.9873	5.1274	1
55.6	11.6921	459.8369	5.1225	1
55.7	11.7008	460.7014	5.1109	1
55.8	11.7096	461.4645	5.1232	1
55.9	11.7181	462.3061	5.1402	1
56	11.7267	463.1844	5.1509	1
56.1	11.7349	464.1148	5.1449	1
56.2	11.7427	464.9594	5.1358	1
56.3	11.751	465.7574	5.1299	1
56.4	11.7593	466.5459	5.1331	1
56.5	11.7677	467.4348	5.1299	1
56.6	11.7759	468.2856	5.1255	1
56.7	11.7836	469.2172	5.1293	1
56.8	11.7912	470.1294	5.1304	1
56.9	11.7988	470.7608	5.124	1
57	11.8063	471.7807	5.1274	1
57.1	11.8138	472.5701	5.1263	1
57.2	11.8211	473.4455	5.1146	1
57.3	11.8289	474.101	5.1243	1
57.4	11.8372	474.8878	5.1361	1
57.5	11.8455	475.788	5.1394	1
57.6	11.8535	476.6473	5.1381	1
57.7	11.8615	477.4697	5.1319	1
57.8	11.8693	478.2446	5.1384	1
57.9	11.8773	479.1796	5.1428	1
58	11.8852	479.9947	5.1388	1
58.1	11.8926	480.862	5.1467	1
58.2	11.9007	481.7509	5.1417	1
58.3	11.908	482.5043	5.1438	1
58.4	11.9154	483.4995	5.1412	1
58.5	11.9227	484.2107	5.1429	1
58.6	11.93	485.1511	5.1385	1
58.7	11.9374	485.9288	5.1259	1
58.8	11.9444	486.886	5.1161	1
58.9	11.9511	487.6795	5.1062	1
59	11.9579	488.5524	5.1211	1
59.1	11.9644	489.3996	5.1365	1
59.2	11.9711	490.2401	5.1375	1
59.3	11.9776	491.0597	5.1336	1
59.4	11.9843	491.9228	5.1232	1
59.5	11.991	492.6528	5.1207	1
59.6	11.998	493.5725	5.124	1
59.7	12.0049	494.3257	5.1273	1
59.8	12.0116	495.1415	5.1223	1
59.9	12.0188	495.9573	5.1132	1
60	12.0259	496.7277	5.1226	1
60.1	12.0331	497.6946	5.1301	1
60.2	12.0402	498.3671	5.1184	1
60.3	12.0472	499.233	5.1117	1
60.4	12.0546	500.0119	5.1051	1
60.5	12.0621	500.9111	5.1035	1
60.6	12.0698	501.6145	5.0873	1
60.7	12.0778	502.3961	5.0895	1
60.8	12.0852	503.3712	5.1059	1
60.9	12.0925	504.2141	5.0948	1
61	12.1001	504.991	5.0799	1
61.1	12.1076	505.7543	5.0877	1
61.2	12.1152	506.6966	5.1008	1
61.3	12.1226	507.5289	5.1016	1
61.4	12.13	508.4577	5.1102	1
61.5	12.1375	509.1748	5.1199	1
61.6	12.1447	510.0374	5.118	1
61.7	12.1521	510.8815	5.1165	1
61.8	12.1596	511.684	5.1054	1
61.9	12.1671	512.4525	5.1127	1
62	12.1748	513.3115	5.1265	1
62.1	12.1825	514.1523	5.1216	1
62.2	12.1903	514.9828	5.1243	1
62.3	12.1979	515.8052	5.1314	1
62.4	12.2055	516.6697	5.1236	1
62.5	12.213	517.5438	5.0996	1
62.6	12.2205	518.3266	5.0927	1
62.7	12.2279	519.209	5.0854	1
62.8	12.2354	520.0008	5.0781	1
62.9	12.2428	520.8501	5.0902	1
63	12.2504	521.6225	5.0981	1
63.1	12.2583	522.4317	5.0989	1
63.2	12.2663	523.2999	5.0924	1
63.3	12.2743	524.1451	5.0931	1
63.4	12.282	524.9456	5.1025	1
63.5	12.2899	525.885	5.1121	1
63.6	12.2975	526.6185	5.1115	1
63.7	12.3055	527.3869	5.1017	1
63.8	12.3138	528.1531	5.1064	1
63.9	12.3221	529.0221	5.1116	1
64	12.3303	529.8983	5.1142	1
64.1	12.3387	530.6277	5.1205	1
64.2	12.3473	531.4867	5.1293	1
64.3	12.3562	532.2113	5.1344	1
64.4	12.365	532.9863	5.1203	1
64.5	12.3739	533.9393	5.1015	1
64.6	12.3823	534.8767	5.1051	1
64.7	12.3906	535.7233	5.1148	1
64.8	12.399	536.4805	5.1177	1
64.9	12.4074	537.3856	5.1139	1
65	12.4158	538.1548	5.1113	1
65.1	12.4239	539.1032	5.1108	1
65.2	12.4323	539.8384	5.1061	1
65.3	12.4406	540.72	5.0969	1
65.4	12.4486	541.7042	5.0987	1
65.5	12.4566	542.4751	5.1124	1
65.6	12.4646	543.2901	5.1172	1
65.7	12.472	544.236	5.1113	1
65.8	12.4792	545.1616	5.1108	1
65.9	12.4864	545.9674	5.1263	1
66	12.4934	546.884	5.1176	1
66.1	12.5005	547.7029	5.1213	1
66.2	12.5072	548.5536	5.1239	1
66.3	12.514	549.3649	5.1246	1
66.4	12.5208	550.1682	5.1357	1
66.5	12.5273	551.0811	5.1408	1
66.6	12.5339	551.9249	5.142	1
66.7	12.5401	552.728	5.1519	1
66.8	12.5468	553.5813	5.157	1
66.9	12.5535	554.4408	5.146	1
67	12.5598	555.2553	5.1375	1
67.1	12.5661	556.1456	5.1358	1
67.2	12.5725	556.8381	5.1298	1
67.3	12.5794	557.6492	5.1408	1
67.4	12.5861	558.4717	5.1426	1
67.5	12.5928	559.3662	5.1396	1
67.6	12.5998	560.1473	5.1446	1
67.7	12.607	560.8753	5.1386	1
67.8	12.6142	561.6933	5.1387	1
67.9	12.6213	562.6065	5.1399	1
68	12.6286	563.3093	5.1324	1
68.1	12.6359	564.1981	5.1337	1
68.2	12.6433	565.0433	5.1281	1
68.3	12.6506	565.8797	5.1242	1
68.4	12.6582	566.6426	5.1334	1
68.5	12.6661	567.3599	5.1395	1
68.6	12.6743	568.1991	5.1374	1
68.7	12.6826	568.9751	5.1428	1
68.8	12.6911	569.7593	5.1571	1
68.9	12.7	570.6493	5.1566	1
69	12.7089	571.3752	5.1563	1
69.1	12.7181	572.076	5.1502	1
69.2	12.728	572.8623	5.1469	1
69.3	12.7373	573.7491	5.1506	1
69.4	12.7465	574.6912	5.1521	1
69.5	12.7557	575.4819	5.1482	1
69.6	12.765	576.2882	5.1504	1
69.7	12.774	577.2874	5.14	1
69.8	12.7829	578.1372	5.1242	1
69.9	12.7915	578.9408	5.1318	1
70	12.8003	579.8923	5.1438	1
70.1	12.8084	580.6372	5.1405	1
70.2	12.8164	581.6886	5.1401	1
70.3	12.8244	582.3085	5.1248	1
70.4	12.8327	583.3002	5.1171	1
70.5	12.8408	584.1005	5.1207	1
70.6	12.8491	584.8652	5.1251	1
70.7	12.8575	585.7229	5.1371	1
70.8	12.8657	586.5131	5.14	1
70.9	12.8736	587.4793	5.1309	1
71	12.8814	588.2683	5.1299	1
71.1	12.8898	589.0168	5.1443	1
71.2	12.8984	589.7886	5.1471	1
71.3	12.907	590.7382	5.1392	1
71.4	12.9152	591.4925	5.1354	1
71.5	12.9235	592.3539	5.1434	1
71.6	12.932	593.1971	5.1357	1
71.7	12.9403	594.056	5.1326	1
71.8	12.9487	594.8825	5.1273	1
71.9	12.9572	595.6238	5.1314	1
72	12.9658	596.6135	5.1333	1
72.1	12.9743	597.2589	5.126	1
72.2	12.9826	598.1775	5.1296	1
72.3	12.9911	599.1039	5.1333	1
72.4	12.9995	599.8851	5.1281	1
72.5	13.0078	600.7878	5.1216	1
72.6	13.0161	601.4846	5.1196	1
72.7	13.0241	602.3817	5.1238	1
72.8	13.0323	603.1985	5.123	1
72.9	13.0405	604.0609	5.1215	1
73	13.0487	605.036	5.1305	1
73.1	13.0566	605.8449	5.1378	1
73.2	13.0642	606.7142	5.1389	1
73.3	13.0721	607.5624	5.1398	1
73.4	13.0797	608.2683	5.1377	1
73.5	13.0873	609.1748	5.1419	1
73.6	13.095	610.0175	5.1403	1
73.7	13.1028	610.927	5.1332	1
73.8	13.1103	611.6451	5.1262	1
73.9	13.1176	612.5933	5.127	1
74	13.125	613.4406	5.1282	1
74.1	13.1322	614.1897	5.1327	1
74.2	13.1397	615.1036	5.1359	1
74.3	13.1471	616.0056	5.1364	1
74.4	13.154	616.7904	5.1206	1
74.5	13.1611	617.7404	5.111	1
74.6	13.1678	618.4886	5.1229	1
74.7	13.1745	619.2492	5.1345	1
74.8	13.1817	620.2048	5.1401	1
74.9	13.1879	621.1139	5.1474	1
75	13.194	621.8975	5.1497	1
75.1	13.201	622.6226	5.1446	1
75.2	13.2085	623.4516	5.1567	1
75.3	13.2158	624.2514	5.1486	1
75.4	13.2232	625.0152	5.139	1
75.5	13.2306	625.8416	5.1389	1
75.6	13.2382	626.6417	5.1339	1
75.7	13.2461	627.4061	5.134	1
75.8	13.2541	628.2259	5.1293	1
75.9	13.2622	629.1872	5.1275	1
76	13.2701	629.8838	5.119	1
76.1	13.2779	630.736	5.1213	1
76.2	13.286	631.6323	5.1284	1
76.3	13.294	632.3732	5.1113	1
76.4	13.3019	633.3428	5.113	1
76.5	13.3097	634.064	5.1153	1
76.6	13.3176	634.9407	5.1096	1
76.7	13.3258	635.6936	5.1148	1
76.8	13.3343	636.4236	5.1169	1
76.9	13.3427	637.4189	5.109	1
77	13.3506	638.2862	5.1192	1
77.1	13.3584	639.1204	5.1236	1
77.2	13.3664	639.9836	5.1328	1
77.3	13.3739	640.8931	5.1295	1
77.4	13.3812	641.7229	5.1209	1
77.5	13.3889	642.4995	5.128	1
77.6	13.3968	643.2541	5.1331	1
77.7	13.4045	644.2709	5.1462	1
77.8	13.412	644.9551	5.1462	1
77.9	13.4199	645.7171	5.1412	1
78	13.4278	646.5694	5.1347	1
78.1	13.4359	647.4354	5.1196	1
78.2	13.4435	648.2903	5.1321	1
78.3	13.4511	649.166	5.1274	1
78.4	13.4589	649.9736	5.1178	1
78.5	13.4669	650.852	5.1233	1
78.6	13.4745	651.6881	5.1203	1
78.7	13.482	652.6047	5.1231	1
78.8	13.4894	653.4193	5.1324	1
78.9	13.4967	654.129	5.1421	1
79	13.5043	655.0733	5.1305	1
79.1	13.5115	655.9393	5.1196	1
79.2	13.5187	656.7776	5.1224	1
79.3	13.526	657.5001	5.123	1
79.4	13.5335	658.2723	5.1218	1
79.5	13.5411	659.2148	5.1351	1
79.6	13.5485	660.0403	5.134	1
79.7	13.556	660.8396	5.1148	1
79.8	13.5637	661.6682	5.1138	1
79.9	13.5713	662.447	5.1253	1
80	13.5788	663.3826	5.125	1
80.1	13.5858	664.3016	5.1306	1
80.2	13.5929	665.1054	5.1341	1
80.3	13.6003	665.8512	5.1259	1
80.4	13.6078	666.6841	5.1187	1
80.5	13.6153	667.4824	5.1248	1
80.6	13.6228	668.2875	5.1331	1
80.7	13.6308	669.1358	5.1355	1
80.8	13.6389	669.8717	5.1268	1
80.9	13.6464	670.9226	5.125	1
81	13.6536	671.7133	5.1254	1
81.1	13.6608	672.5515	5.1176	1
81.2	13.6683	673.4401	5.0979	1
81.3	13.6754	674.2732	5.1018	1
81.4	13.6824	675.142	5.1179	1
81.5	13.6896	675.9051	5.1238	1
81.6	13.6965	676.805	5.1276	1
81.7	13.7036	677.6266	5.1388	1
81.8	13.7106	678.5102	5.1487	1
81.9	13.7175	679.3193	5.1556	1
82	13.7246	680.0376	5.1474	1
82.1	13.7317	680.9655	5.1432	1
82.2	13.7387	681.7327	5.1275	1
82.3	13.7456	682.6427	5.1199	1
82.4	13.7525	683.3867	5.1251	1
82.5	13.7591	684.3949	5.1215	1
82.6	13.7657	685.2617	5.1186	1
82.7	13.772	686.0371	5.1225	1
82.8	13.7787	686.8439	5.1157	1
82.9	13.7856	687.5766	5.1255	1
83	13.7928	688.3324	5.1292	1
83.1	13.8001	689.208	5.1094	1
83.2	13.8073	690.0915	5.1033	1
83.3	13.8144	690.9582	5.1133	1
83.4	13.8213	691.8392	5.1205	1
83.5	13.8281	692.6399	5.1231	1
83.6	13.8347	693.4778	5.1356	1
83.7	13.8416	694.2442	5.1266	1
83.8	13.8485	695.0988	5.1377	1
83.9	13.8552	695.9575	5.1387	1
84	13.8622	696.709	5.1338	1
84.1	13.8694	697.6016	5.1308	1
84.2	13.8763	698.4963	5.1266	1
84.3	13.883	699.3348	5.132	1
84.4	13.8897	700.1449	5.1358	1
84.5	13.8966	700.9907	5.1412	1
84.6	13.9034	701.7193	5.1572	1
84.7	13.91	702.7028	5.1532	1
84.8	13.9167	703.4438	5.1391	1
84.9	13.9233	704.3398	5.1405	1
85	13.9303	705.1998	5.1366	1
85.1	13.9365	705.9936	5.1265	1
85.2	13.9431	706.8908	5.1236	1
85.3	13.9498	707.6031	5.109	1
85.4	13.9559	708.5492	5.0999	1
85.5	13.9627	709.349	5.1063	1
85.6	13.9695	710.1553	5.1014	1
85.7	13.9763	710.9761	5.1052	1
85.8	13.9831	711.7876	5.1141	1
85.9	13.9897	712.6154	5.1249	1
86	13.9963	713.5601	5.1186	1
86.1	14.003	714.3473	5.1073	1
86.2	14.0097	715.158	5.1139	1
86.3	14.0163	716.0153	5.1261	1
86.4	14.0227	716.8888	5.1351	1
86.5	14.0291	717.6248	5.1275	1
86.6	14.036	718.4043	5.1183	1
86.7	14.0424	719.3584	5.1143	1
86.8	14.0486	720.3428	5.1116	1
86.9	14.0547	721.0685	5.1095	1
87	14.0609	721.9191	5.1173	1
87.1	14.067	722.7333	5.1299	1
87.2	14.0728	723.6647	5.114	1
87.3	14.0787	724.4415	5.1141	1
87.4	14.0849	725.2423	5.1173	1
87.5	14.0914	726.0369	5.11	1
87.6	14.0976	726.9251	5.1233	1
87.7	14.1037	727.7806	5.1228	1
87.8	14.1099	728.5483	5.1182	1
87.9	14.1165	729.3532	5.1242	1
88	14.1226	730.2015	5.1162	1
88.1	14.129	731.1095	5.1202	1
88.2	14.1348	731.9938	5.1229	1
88.3	14.1409	732.8442	5.1294	1
88.4	14.1464	733.5594	5.1372	1
88.5	14.1523	734.5899	5.1448	1
88.6	14.1582	735.1972	5.1424	1
88.7	14.164	736.1842	5.1317	1
88.8	14.17	736.8409	5.1187	1
88.9	14.176	737.6757	5.1154	1
89	14.1826	738.6086	5.1217	1
89.1	14.1892	739.2243	5.1221	1
89.2	14.1965	739.9614	5.1137	1
89.3	14.2045	740.7166	5.1235	1
89.4	14.2127	741.4322	5.1192	1
89.5	14.2211	742.1554	5.1184	1
89.6	14.2298	742.9199	5.1172	1
89.7	14.2391	743.8194	5.1108	1
89.8	14.2479	744.6552	5.1079	1
89.9	14.2561	745.7336	5.1073	1
90	14.2638	746.6082	5.1147	1
90.1	14.2713	747.4312	5.1284	1
90.2	14.2791	748.2906	5.1255	1
90.3	14.2866	749.1031	5.1127	1
90.4	14.2944	749.9374	5.102	1
90.5	14.3022	750.6823	5.1066	1
90.6	14.3098	751.6918	5.1191	1
90.7	14.3171	752.5025	5.1152	1
90.8	14.3245	753.3712	5.1258	1
90.9	14.3322	754.0518	5.1154	1
91	14.3398	755.031	5.1	1
91.1	14.3468	755.9601	5.1023	1
91.2	14.3531	756.9751	5.1052	1
91.3	14.3584	758.1117	5.1159	1
91.4	14.3625	759.0929	5.1222	1
91.5	14.3671	759.5843	5.109	1
91.6	14.374	759.8232	5.1096	1
91.7	14.3829	760.3158	5.1106	1
91.8	14.3932	761.0114	5.0936	1
91.9	14.4031	762.0559	5.0803	1
92	14.412	763.168	5.0798	1
92.1	14.4192	764.3746	5.0799	1
92.2	14.425	765.4948	5.0812	1
92.3	14.4301	766.3233	5.0839	1
92.4	14.4355	767.1072	5.0853	1
92.5	14.4414	767.7291	5.0961	1
92.6	14.4471	768.7022	5.0977	1
92.7	14.4533	769.4665	5.0867	1
92.8	14.459	770.2624	5.0815	1
92.9	14.4653	771.0792	5.0839	1
93	14.4714	771.9582	5.1109	1
93.1	14.4772	772.8604	5.1154	1
93.2	14.4833	773.596	5.1127	1
93.3	14.4895	774.4744	5.1041	1
93.4	14.4958	775.211	5.0827	1
93.5	14.5022	775.986	5.088	1
93.6	14.509	776.7602	5.092	1
93.7	14.5156	777.5575	5.1041	1
93.8	14.5223	778.53	5.1041	1
93.9	14.5293	779.1587	5.1051	1
94	14.5363	780.0452	5.1022	1
94.1	14.5438	780.7811	5.0992	1
94.2	14.551	781.7615	5.1185	1
94.3	14.5581	782.6235	5.1244	1
94.4	14.5649	783.374	5.1076	1
94.5	14.5717	784.2758	5.1088	1
94.6	14.5786	784.9525	5.1269	1
94.7	14.5861	785.8191	5.1288	1
94.8	14.5936	786.5371	5.1222	1
94.9	14.6004	787.759	5.1254	1
95	14.6069	788.445	5.1232	1
95.1	14.6137	789.205	5.1324	1
95.2	14.6212	790.0847	5.1479	1
95.3	14.6282	790.8886	5.124	1
95.4	14.6353	791.752	5.1075	1
95.5	14.6425	792.5394	5.1229	1
95.6	14.6496	793.3748	5.1345	1
95.7	14.6566	794.175	5.1354	1
95.8	14.6638	795.0215	5.1419	1
95.9	14.6707	795.8805	5.1425	1
96	14.6776	796.746	5.1238	1
96.1	14.6846	797.5198	5.1179	1
96.2	14.6917	798.4746	5.1142	1
96.3	14.6988	799.2109	5.1224	1
96.4	14.7056	800.0253	5.118	1
96.5	14.7128	800.9199	5.1147	1
96.6	14.7199	801.696	5.1262	1
96.7	14.7275	802.4712	5.1189	1
96.8	14.7349	803.3704	5.1185	1
96.9	14.7419	804.3075	5.1122	1
97	14.7488	805.0379	5.1056	1
97.1	14.7559	805.8876	5.1002	1
97.2	14.7634	806.6193	5.0967	1
97.3	14.7706	807.5133	5.099	1
97.4	14.7777	808.3929	5.0959	1
97.5	14.7846	809.2333	5.1043	1
97.6	14.7916	810.0738	5.1127	1
97.7	14.7983	810.9956	5.1046	1
97.8	14.8047	811.9548	5.1246	1
97.9	14.8106	812.937	5.1289	1
98	14.8153	814.063	5.1119	1
98.1	14.8193	814.7807	5.1067	1
98.2	14.8254	815.0283	5.1113	1
98.3	14.8332	815.6099	5.1146	1
98.4	14.841	816.5938	5.116	1
98.5	14.8489	817.3598	5.1325	1
98.6	14.8567	818.2023	5.134	1
98.7	14.8639	819.1657	5.1252	1
98.8	14.8717	819.8101	5.1159	1
98.9	14.8797	820.5816	5.1141	1
99	14.8882	821.5105	5.1085	1
99.1	14.8964	822.2619	5.1023	1
99.2	14.9049	823.2011	5.1072	1
99.3	14.9119	824.7055	5.1084	1
99.4	14.9134	826.8104	5.1095	1
99.5	14.9136	826.829	5.1227	1
99.6	14.9218	825.4359	5.1139	1
99.7	14.9376	825.3565	5.121	1
99.8	14.9522	827.3087	5.1249	1
99.9	14.9612	829.3154	5.1175	1
100	14.9669	830.3781	5.1238	1
100.1	14.9727	831.2118	5.1289	1
100.2	14.9784	832.0414	5.1226	1
100.3	14.9841	832.8755	5.1221	1
100.4	14.9904	833.5913	5.1186	1
100.5	14.9967	834.4179	5.1058	1
100.6	15.0023	835.449	5.1092	1
100.7	15.0071	836.5274	5.1155	1
100.8	15.0114	837.2936	5.1104	1
100.9	15.016	838.0464	5.1041	1
101	15.0212	838.7605	5.1117	1
101.1	15.0264	839.6069	5.1246	1
101.2	15.0318	840.3836	5.1421	1
101.3	15.037	841.314	5.1374	1
101.4	15.0423	842.0147	5.1373	1
101.5	15.0485	842.643	5.1447	1
101.6	15.0552	843.5151	5.1492	1
101.7	15.0614	844.3326	5.1497	1
101.8	15.0676	845.1848	5.1356	1
101.9	15.0738	846.0748	5.1144	1
102	15.08	846.858	5.1032	1
102.1	15.0859	847.7708	5.1078	1
102.2	15.0918	848.5487	5.1255	1
102.3	15.0982	849.3491	5.1343	1
102.4	15.1047	850.1529	5.1333	1
102.5	15.1111	851.0329	5.1484	1
102.6	15.1176	851.8242	5.1487	1
102.7	15.1239	852.6552	5.1211	1
102.8	15.1302	853.5159	5.1118	1
102.9	15.1366	854.3427	5.1113	1
103	15.1428	855.2109	5.0942	1
103.1	15.1491	856.0035	5.095	1
103.2	15.1556	856.8123	5.1025	1
103.3	15.162	857.6289	5.1188	1
103.4	15.1687	858.4532	5.1229	1
103.5	15.1756	859.1571	5.1203	1
103.6	15.1824	860.0426	5.1198	1
103.7	15.1896	860.8021	5.1273	1
103.8	15.197	861.5598	5.1412	1
103.9	15.204	862.728	5.1439	1
104	15.2096	863.8374	5.1537	1
104.1	15.2135	865.0903	5.1395	1
104.2	15.2156	866.2047	5.1388	1
104.3	15.2189	866.3253	5.1516	1
104.4	15.2247	866.8495	5.1606	1
104.5	15.2318	867.3543	5.1533	1
104.6	15.2387	868.364	5.1423	1
104.7	15.2454	869.0299	5.1191	1
104.8	15.2519	870.035	5.1242	1
104.9	15.2594	870.837	5.1274	1
105	15.2666	871.5724	5.1355	1
105.1	15.2741	872.5048	5.142	1
105.2	15.2811	873.368	5.1377	1
105.3	15.2876	874.2427	5.126	1
105.4	15.2943	875.0528	5.1295	1
105.5	15.3011	875.8601	5.1466	1
105.6	15.3084	876.701	5.1485	1
105.7	15.3159	877.3814	5.1477	1
105.8	15.3238	878.2263	5.1376	1
105.9	15.3316	879.0782	5.1392	1
106	15.3392	879.9154	5.1562	1
106.1	15.3469	880.7475	5.1599	1
106.2	15.3545	881.5675	5.1664	1
106.3	15.3621	882.4807	5.1708	1
106.4	15.3698	883.2257	5.1571	1
106.5	15.3776	883.9605	5.1453	1
106.6	15.3856	884.8447	5.1422	1
106.7	15.3935	885.6872	5.152	1
106.8	15.4011	886.6492	5.1609	1
106.9	15.4085	887.4658	5.1532	1
107	15.4163	888.2001	5.1507	1
107.1	15.424	889.1115	5.1454	1
107.2	15.4315	889.9578	5.1383	1
107.3	15.4391	890.8238	5.1368	1
107.4	15.4468	891.5623	5.1499	1
107.5	15.4547	892.3365	5.1516	1
107.6	15.4617	893.4252	5.1413	1
107.7	15.4691	894.1563	5.1329	1
107.8	15.4764	894.9711	5.1257	1
107.9	15.4837	895.8032	5.1243	1
108	15.491	896.8375	5.1287	1
108.1	15.4979	897.6085	5.1291	1
108.2	15.5046	898.5513	5.1189	1
108.3	15.5112	899.2746	5.1086	1
108.4	15.5176	900.1957	5.113	1
108.5	15.5241	901.0694	5.1178	1
108.6	15.5307	901.7232	5.1262	1
108.7	15.5376	902.663	5.1229	1
108.8	15.5445	903.4032	5.1189	1
108.9	15.5515	904.2061	5.1209	1
109	15.5581	905.1978	5.1163	1
109.1	15.5648	905.949	5.1226	1
109.2	15.5714	906.7672	5.1343	1
109.3	15.5784	907.635	5.1362	1
109.4	15.5849	908.431	5.1328	1
109.5	15.5916	909.3223	5.1405	1
109.6	15.5984	910.0589	5.1452	1
109.7	15.6053	910.9481	5.1458	1
109.8	15.6119	911.8302	5.1267	1
109.9	15.6184	912.6544	5.1183	1
110	15.6248	913.5286	5.1292	1
110.1	15.631	914.3985	5.1491	1
110.2	15.6374	915.1602	5.1546	1
110.3	15.6438	915.9701	5.1458	1
110.4	15.6504	916.8202	5.1564	1
110.5	15.6568	917.7122	5.1559	1
110.6	15.6629	918.7108	5.1574	1
110.7	15.6688	919.4056	5.147	1
110.8	15.675	920.1691	5.1323	1
110.9	15.6812	921.0474	5.1331	1
111	15.6871	921.9285	5.1465	1
111.1	15.6928	922.8113	5.1379	1
111.2	15.6986	923.602	5.1366	1
111.3	15.7049	924.3967	5.1477	1
111.4	15.7111	925.2505	5.1479	1
111.5	15.7172	926.1009	5.1388	1
111.6	15.7234	926.8365	5.1455	1
111.7	15.7299	927.5983	5.1502	1
111.8	15.7366	928.4801	5.1487	1
111.9	15.7432	929.3406	5.1455	1
112	15.7496	930.0952	5.1446	1
112.1	15.7562	930.9778	5.1404	1
112.2	15.7627	931.8528	5.1369	1
112.3	15.7692	932.6718	5.1389	1
112.4	15.7757	933.4788	5.1383	1
112.5	15.7821	934.2629	5.1395	1
112.6	15.7887	935.1668	5.1247	1
112.7	15.7954	936.005	5.1319	1
112.8	15.8018	936.7074	5.1468	1
112.9	15.8085	937.6273	5.1547	1
113	15.815	938.4985	5.1416	1
113.1	15.821	939.4657	5.1362	1
113.2	15.8272	940.1708	5.1328	1
113.3	15.8337	941.0543	5.1389	1
113.4	15.8398	941.8673	5.1434	1
113.5	15.8458	942.7329	5.1428	1
113.6	15.8519	943.5932	5.1382	1
113.7	15.8579	944.3942	5.1403	1
113.8	15.8639	945.2514	5.1498	1
113.9	15.8702	946.0195	5.1452	1
114	15.8762	946.9606	5.139	1
114.1	15.882	947.7189	5.1402	1
114.2	15.8878	948.5962	5.15	1
114.3	15.894	949.3541	5.1475	1
114.4	15.9004	950.1347	5.1458	1
114.5	15.9067	951.0639	5.1459	1
114.6	15.9126	951.938	5.1522	1
114.7	15.9182	952.8357	5.1572	1
114.8	15.924	953.6235	5.1597	1
114.9	15.9298	954.4103	5.1601	1
115	15.936	955.1358	5.153	1
115.1	15.9425	955.9513	5.1495	1
115.2	15.9491	956.7502	5.145	1
115.3	15.9557	957.6845	5.1512	1
115.4	15.9624	958.4101	5.156	1
115.5	15.969	959.2226	5.1515	1
115.6	15.9756	960.1627	5.1476	1
115.7	15.9818	961.0356	5.1368	1
115.8	15.9877	961.9248	5.1399	1
115.9	15.9936	962.6964	5.1563	1
116	15.9999	963.5145	5.1638	1
116.1	16.0066	964.3734	5.1635	1
116.2	16.013	965.1048	5.1617	1
116.3	16.0194	965.9992	5.1591	1
116.4	16.0259	966.7003	5.1556	1
116.5	16.0324	967.6036	5.1462	1
116.6	16.0391	968.4155	5.1343	1
116.7	16.0454	969.3774	5.1394	1
116.8	16.0516	970.2476	5.1499	1
116.9	16.0576	971.0532	5.1493	1
117	16.0635	971.9625	5.1502	1
117.1	16.0692	972.7535	5.1538	1
117.2	16.0749	973.551	5.1537	1
117.3	16.0809	974.4249	5.1542	1
117.4	16.0864	975.3131	5.1491	1
117.5	16.0919	976.2318	5.1551	1
117.6	16.0973	976.9774	5.1412	1
117.7	16.1026	977.8944	5.1369	1
117.8	16.1077	978.7851	5.1463	1
117.9	16.1126	979.5318	5.154	1
118	16.1179	980.3039	5.1453	1
118.1	16.1234	981.1239	5.1392	1
118.2	16.1288	982.1157	5.1413	1
118.3	16.1342	982.8248	5.1395	1
118.4	16.1396	983.67	5.1462	1
118.5	16.1452	984.3941	5.1478	1
118.6	16.151	985.2999	5.1459	1
118.7	16.1568	986.08	5.1517	1
118.8	16.1626	986.8585	5.1331	1
118.9	16.1687	987.7236	5.1338	1
119	16.1746	988.5677	5.1326	1
119.1	16.1805	989.3857	5.144	1
119.2	16.1867	990.1382	5.1655	1
119.3	16.1929	991.0045	5.1725	1
119.4	16.1992	991.8619	5.1657	1
119.5	16.2054	992.6213	5.1679	1
119.6	16.2118	993.4277	5.1758	1
119.7	16.2182	994.2557	5.167	1
119.8	16.2247	995.0954	5.1415	1
119.9	16.2312	995.9224	5.1219	1
120	16.2376	996.7657	5.1215	1
120.1	16.2441	997.5698	5.1286	1
120.2	16.2508	998.4607	5.1583	2
120.3	16.2572	999.3061	5.169	2
120.4	16.2636	1000.1308	5.1579	2
120.5	16.27	1000.8918	5.1523	2
120.6	16.2765	1001.6923	5.1538	2
120.7	16.2829	1002.0142	5.1476	2
120.8	16.2892	1002.0753	5.151	2
120.9	16.2952	1002.1558	5.1644	2
121	16.301	1002.0983	5.1707	2
121.1	16.3067	1002.136	5.1664	2
121.2	16.3125	1002.144	5.1646	2
121.3	16.3181	1002.0714	5.1486	2
121.4	16.324	1002.1235	5.1412	2
121.5	16.3295	1002.0535	5.135	2
121.6	16.3352	1002.1383	5.1346	2
121.7	16.3409	1002.0938	5.1427	2
121.8	16.3465	1002.2159	5.1418	2
121.9	16.3519	1002.2646	5.1429	2
122	16.357	1002.2135	5.1344	2
122.1	16.362	1002.2643	5.1322	2
122.2	16.3671	1002.2391	5.1339	2
122.3	16.3723	1002.2313	5.139	2
122.4	16.3775	1002.2938	5.1408	2
122.5	16.3824	1002.2442	5.1385	2
122.6	16.3873	1002.3121	5.1343	2
122.7	16.3921	1002.3166	5.148	2
122.8	16.3964	1002.4175	5.1604	2
122.9	16.4007	1002.4356	5.1535	2
123	16.4047	1002.4196	5.1487	2
123.1	16.409	1002.4656	5.1452	2
123.2	16.413	1002.4242	5.137	2
123.3	16.4167	1002.4934	5.1397	2
123.4	16.4205	1002.5299	5.1543	2
123.5	16.4241	1002.5732	5.1636	2
123.6	16.4275	1002.6165	5.1539	2
123.7	16.4304	1002.6909	5.1489	2
123.8	16.433	1002.7878	5.151	2
123.9	16.4357	1002.723	5.1497	2
124	16.4383	1002.7023	5.1413	2
124.1	16.4411	1002.661	5.1327	2
124.2	16.4437	1002.719	5.1329	2
124.3	16.4464	1002.7175	5.1373	2
124.4	16.4491	1002.6292	5.1366	2
124.5	16.4519	1002.6983	5.1441	2
124.6	16.4544	1002.732	5.1441	2
124.7	16.4569	1002.7499	5.1382	2
124.8	16.4593	1002.7634	5.1462	2
124.9	16.4619	1002.6592	5.1537	2
125	16.4644	1002.689	5.1419	2
125.1	16.4669	1002.7532	5.1417	2
125.2	16.469	1002.7072	5.1443	2
125.3	16.4714	1002.7994	5.1372	2
125.4	16.4738	1002.7299	5.129	2
125.5	16.4758	1002.7835	5.1223	2
125.6	16.4783	1002.6883	5.1236	2
125.7	16.4804	1002.7991	5.1321	2
125.8	16.4827	1002.7309	5.1363	2
125.9	16.4845	1002.8058	5.1355	2
126	16.4867	1002.7806	5.1271	2
126.1	16.4887	1002.7401	5.1288	2
126.2	16.491	1002.7603	5.1364	2
126.3	16.493	1002.6115	5.1403	2
126.4	16.4951	1002.8643	5.144	2
126.5	16.4972	1002.675	5.1418	2
126.6	16.4995	1002.781	5.1467	2
126.7	16.5019	1002.7573	5.1516	2
126.8	16.5037	1002.7046	5.1393	2
126.9	16.5059	1002.8622	5.1373	2
127	16.508	1002.6934	5.143	2
127.1	16.5099	1002.8363	5.1403	2
127.2	16.5119	1002.8352	5.1432	2
127.3	16.5135	1002.7713	5.1561	2
127.4	16.5152	1002.9115	5.154	2
127.5	16.5167	1002.7819	5.1431	2
127.6	16.5181	1002.9239	5.1399	2
127.7	16.5198	1002.8182	5.1577	2
127.8	16.5212	1002.8539	5.1605	2
127.9	16.5227	1002.9245	5.1402	2
128	16.5243	1002.8067	5.1366	2
128.1	16.5257	1002.8743	5.1312	2
128.2	16.5271	1002.8933	5.1354	2
128.3	16.5284	1002.8388	5.1354	2
128.4	16.5297	1002.8752	5.1363	2
128.5	16.531	1002.8952	5.1396	2
128.6	16.532	1002.905	5.151	2
128.7	16.5332	1002.9466	5.1499	2
128.8	16.5343	1002.8625	5.1479	2
128.9	16.5354	1002.9535	5.1453	2
129	16.5367	1002.8296	5.1297	2
129.1	16.5381	1002.8259	5.1322	2
129.2	16.5398	1002.8606	5.1299	2
129.3	16.5412	1002.8172	5.1307	2
129.4	16.5424	1002.962	5.1389	2
129.5	16.5436	1002.8527	5.1423	2
129.6	16.5447	1002.8827	5.1447	2
129.7	16.5459	1002.8987	5.1498	2
129.8	16.547	1002.8514	5.1346	2
129.9	16.5481	1002.9118	5.1331	2
130	16.5494	1002.8549	5.1424	2
130.1	16.5508	1002.8617	5.1424	2
130.2	16.552	1002.8862	5.1416	2
130.3	16.5533	1002.7969	5.1349	2
130.4	16.5547	1002.8326	5.147	2
130.5	16.5562	1002.8133	5.1629	2
130.6	16.5576	1002.7828	5.1589	2
130.7	16.5592	1002.7515	5.1501	2
130.8	16.5608	1002.7703	5.1433	2
130.9	16.5624	1002.7572	5.1327	2
131	16.5641	1002.8081	5.1409	2
131.1	16.5658	1002.7586	5.1516	2
131.2	16.5673	1002.7685	5.1475	2
131.3	16.5688	1002.8308	5.1301	2
131.4	16.5703	1002.822	5.1236	2
131.5	16.5714	1002.8855	5.1279	2
131.6	16.5727	1002.7782	5.1369	2
131.7	16.574	1002.8048	5.1325	2
131.8	16.5755	1002.8211	5.1382	2
131.9	16.5771	1002.7804	5.1518	2
132	16.5783	1002.8349	5.1514	2
132.1	16.5796	1002.7974	5.1552	2
132.2	16.581	1002.7497	5.1491	2
132.3	16.5826	1002.8422	5.1396	2
132.4	16.5845	1002.6793	5.1402	2
132.5	16.5864	1002.6325	5.1435	2
132.6	16.5883	1002.6317	5.1408	2
132.7	16.5904	1002.6629	5.1384	2
132.8	16.5922	1002.6817	5.1345	2
132.9	16.5941	1002.7619	5.1314	2
133	16.5958	1002.7667	5.1363	2
133.1	16.5974	1002.788	5.1336	2
133.2	16.5992	1002.7029	5.1425	2
133.3	16.6006	1002.8272	5.1393	2
133.4	16.6019	1002.8866	5.1465	2
133.5	16.603	1002.8007	5.1449	2
133.6	16.6042	1002.8684	5.1428	2
133.7	16.6058	1002.7668	5.1285	2
133.8	16.6073	1002.7346	5.1359	2
133.9	16.609	1002.7116	5.1338	2
134	16.6108	1002.658	5.13	2
134.1	16.6127	1002.7195	5.1391	2
134.2	16.6149	1002.5833	5.1525	2
134.3	16.617	1002.5797	5.1678	2
134.4	16.6192	1002.625	5.1678	2
134.5	16.6213	1002.6253	5.1517	2
134.6	16.6233	1002.6364	5.1373	2
134.7	16.6252	1002.63	5.1204	2
134.8	16.6273	1002.6454	5.1141	2
134.9	16.6292	1002.6578	5.1268	2
135	16.6309	1002.7272	5.1292	2
135.1	16.6325	1002.7032	5.1291	2
135.2	16.6343	1002.7835	5.1427	2
135.3	16.6359	1002.7905	5.1456	2
135.4	16.6373	1002.7797	5.1523	2
135.5	16.6387	1002.819	5.1537	2
135.6	16.6401	1002.8658	5.1528	2
135.7	16.6412	1002.8092	5.149	2
135.8	16.6424	1002.8286	5.1374	2
135.9	16.6438	1002.7637	5.1331	2
136	16.6451	1002.8128	5.1353	2
136.1	16.6462	1002.8482	5.1469	2
136.2	16.6473	1002.8945	5.1494	2
136.3	16.6482	1002.8704	5.1378	2
136.4	16.6488	1002.9814	5.1272	2
136.5	16.649	1002.9852	5.1348	2
136.6	16.6495	1002.9631	5.1408	2
136.7	16.6502	1002.9395	5.1479	2
136.8	16.6508	1002.9774	5.1446	2
136.9	16.6514	1002.9662	5.1325	2
137	16.6519	1002.9608	5.1368	2
137.1	16.6524	1002.9287	5.1467	2
137.2	16.6531	1002.9172	5.1538	2
137.3	16.6541	1002.8215	5.1567	2
137.4	16.6551	1002.8767	5.1475	2
137.5	16.6561	1002.8735	5.1508	2
137.6	16.6571	1002.7918	5.1577	2
137.7	16.6583	1002.8133	5.1442	2
137.8	16.6596	1002.7697	5.1475	2
137.9	16.6608	1002.7783	5.1532	2
138	16.6623	1002.7456	5.1394	2
138.1	16.6636	1002.7444	5.1493	2
138.2	16.6649	1002.8525	5.1494	2
138.3	16.6662	1002.6951	5.1358	2
138.4	16.6676	1002.7132	5.1352	2
138.5	16.669	1002.7803	5.1328	2
138.6	16.6705	1002.7989	5.1299	2
138.7	16.6717	1002.8261	5.1297	2
138.8	16.6729	1002.805	5.1273	2
138.9	16.6743	1002.7454	5.1313	2
139	16.6761	1002.6882	5.1294	2
139.1	16.6778	1002.6273	5.1273	2
139.2	16.6796	1002.6564	5.128	2
139.3	16.6813	1002.6111	5.1319	2
139.4	16.6833	1002.6173	5.1249	2
139.5	16.6855	1002.5833	5.1243	2
139.6	16.6877	1002.6201	5.1232	2
139.7	16.6897	1002.6316	5.1223	2
139.8	16.6915	1002.6563	5.1429	2
139.9	16.6934	1002.7119	5.156	2
140	16.6948	1002.7087	5.1575	2
140.1	16.6962	1002.7114	5.1539	2
140.2	16.698	1002.6952	5.1401	2
140.3	16.6997	1002.7032	5.1352	2
140.4	16.7012	1002.7904	5.1229	2
140.5	16.7024	1002.8477	5.1264	2
140.6	16.7037	1002.767	5.1411	2
140.7	16.705	1002.76	5.1342	2
140.8	16.7065	1002.7373	5.1303	2
140.9	16.7077	1002.7966	5.1387	2
141	16.709	1002.7662	5.1418	2
141.1	16.7106	1002.705	5.1526	2
141.2	16.7121	1002.7288	5.1535	2
141.3	16.7137	1002.7387	5.1444	2
141.4	16.7152	1002.7392	5.1395	2
141.5	16.7168	1002.6816	5.139	2
141.6	16.7181	1002.6799	5.1353	2
141.7	16.7194	1002.8066	5.1387	2
141.8	16.7207	1002.7873	5.1425	2
141.9	16.722	1002.7768	5.1373	2
142	16.7235	1002.7539	5.1269	2
142.1	16.7249	1002.7653	5.1364	2
142.2	16.7261	1002.7553	5.1401	2
142.3	16.7271	1002.7837	5.1455	2
142.4	16.7282	1002.822	5.1465	2
142.5	16.7293	1002.8065	5.1439	2
142.6	16.7304	1002.8137	5.1459	2
142.7	16.7314	1002.8544	5.16	2
142.8	16.7323	1002.853	5.1509	2
142.9	16.7333	1002.8729	5.1313	2
143	16.7343	1002.8386	5.1237	2
143.1	16.7353	1002.8229	5.1296	2
143.2	16.7364	1002.7702	5.1324	2
143.3	16.7375	1002.8833	5.1212	2
143.4	16.7386	1002.7678	5.1312	2
143.5	16.7398	1002.7615	5.1298	2
143.6	16.7412	1002.7497	5.1114	2
143.7	16.7424	1002.8245	5.0886	2
143.8	16.7434	1002.8919	5.0916	2
143.9	16.7443	1002.8287	5.1104	2
144	16.7453	1002.8157	5.111	2
144.1	16.7463	1002.8213	5.0943	2
144.2	16.7471	1002.8207	5.1029	2
144.3	16.7481	1002.8943	5.1239	2
144.4	16.7491	1002.7955	5.1202	2
144.5	16.7501	1002.8477	5.1074	2
144.6	16.7511	1002.9023	5.1188	2
144.7	16.7519	1002.8845	5.117	2
144.8	16.7525	1002.8741	5.1118	2
144.9	16.7531	1002.9622	5.1153	2
145	16.7537	1002.8726	5.1138	2
145.1	16.7544	1002.879	5.1199	2
145.2	16.7551	1002.9101	5.1161	2
145.3	16.7559	1002.8816	5.1148	2
145.4	16.7565	1002.932	5.1291	2
145.5	16.7569	1002.8889	5.1302	2
145.6	16.7575	1002.9342	5.1246	2
145.7	16.758	1002.9776	5.117	2
145.8	16.7582	1003.028	5.1148	2
145.9	16.7582	1002.9261	5.1109	2
146	16.7584	1003.005	5.109	2
146.1	16.7586	1003.0494	5.1184	2
146.2	16.7588	1003.0112	5.1409	2
146.3	16.7589	1002.9633	5.1491	2
146.4	16.7591	1002.9796	5.1441	2
146.5	16.7595	1002.9126	5.135	2
146.6	16.7597	1003.0385	5.117	2
146.7	16.7596	1003.0419	5.0943	2
146.8	16.7595	1003.0157	5.1037	2
146.9	16.7598	1002.9767	5.1259	2
147	16.76	1002.9953	5.1354	2
147.1	16.7602	1002.997	5.1278	2
147.2	16.7604	1003.0196	5.111	2
147.3	16.7604	1003.0102	5.1145	2
147.4	16.7602	1003.0189	5.1235	2
147.5	16.7602	1003.027	5.1245	2
147.6	16.7603	1003.0163	5.1223	2
147.7	16.7607	1002.9844	5.1275	2
147.8	16.7609	1002.9784	5.1314	2
147.9	16.7611	1003.0028	5.1381	2
148	16.7612	1002.9794	5.1348	2
148.1	16.7616	1002.964	5.135	2
148.2	16.762	1002.9423	5.1478	2
148.3	16.7622	1002.9638	5.1365	2
148.4	16.7622	1002.9989	5.1204	2
148.5	16.7623	1003.0548	5.1124	2
148.6	16.7624	1003.003	5.0989	2
148.7	16.7625	1002.9068	5.1016	2
148.8	16.7631	1002.8133	5.104	2
148.9	16.7643	1002.7825	5.1064	2
149	16.7654	1002.7165	5.0969	2
149.1	16.7666	1002.6989	5.1029	2
149.2	16.7681	1002.6826	5.1156	2
149.3	16.7699	1002.7246	5.1245	2
149.4	16.7715	1002.6811	5.1206	2
149.5	16.7729	1002.726	5.1202	2
149.6	16.7743	1002.7319	5.1264	2
149.7	16.7757	1002.7236	5.1211	2
149.8	16.7771	1002.7104	5.1191	2
149.9	16.7783	1002.8329	5.1313	2
150	16.7792	1002.8109	5.1346	2
150.1	16.7801	1002.8292	5.1319	2
150.2	16.7807	1002.841	5.1268	3
150.3	16.7812	1002.8948	5.1215	3
150.4	16.7819	1002.9052	5.1241	3
150.5	16.7825	1002.91	5.1357	3
150.6	16.7829	1002.879	5.1441	3
150.7	16.783	1002.3637	5.1456	3
150.8	16.7831	1001.5267	5.1408	3
150.9	16.783	1000.812	5.1313	3
151	16.7828	999.9787	5.1443	3
151.1	16.7826	999.0869	5.1556	3
151.2	16.7825	998.2183	5.1638	3
151.3	16.7821	997.4283	5.1597	3
151.4	16.7815	996.7822	5.1416	3
151.5	16.7808	995.8526	5.1382	3
151.6	16.78	995.0743	5.1445	3
151.7	16.7793	994.2354	5.153	3
151.8	16.7785	993.4657	5.147	3
151.9	16.7776	992.6675	5.1477	3
152	16.7764	991.8424	5.1453	3
152.1	16.7753	990.9632	5.1412	3
152.2	16.774	990.1722	5.1275	3
152.3	16.7727	989.3655	5.1236	3
152.4	16.771	988.6329	5.121	3
152.5	16.7694	987.7889	5.1307	3
152.6	16.7678	986.8906	5.1305	3
152.7	16.7665	985.9758	5.1314	3
152.8	16.765	985.1841	5.1478	3
152.9	16.7636	984.3347	5.1424	3
153	16.7622	983.5078	5.1311	3
153.1	16.7609	982.7424	5.1207	3
153.2	16.7594	981.8792	5.1147	3
153.3	16.7577	981.1157	5.1193	3
153.4	16.756	980.1971	5.1346	3
153.5	16.7548	979.3381	5.1434	3
153.6	16.7536	978.4738	5.139	3
153.7	16.7522	977.7036	5.1403	3
153.8	16.7508	976.8469	5.1496	3
153.9	16.7495	975.9921	5.1503	3
154	16.7482	975.2255	5.1616	3
154.1	16.7466	974.4142	5.1825	3
154.2	16.7448	973.569	5.1634	3
154.3	16.7434	972.6839	5.1547	3
154.4	16.7424	971.582	5.1643	3
154.5	16.7421	970.7555	5.1626	3
154.6	16.7422	969.8643	5.1711	3
154.7	16.7423	968.9629	5.1762	3
154.8	16.7422	968.2655	5.1779	3
154.9	16.742	967.5048	5.1769	3
155	16.7416	966.6844	5.1753	3
155.1	16.7412	965.8163	5.1698	3
155.2	16.7407	964.9936	5.1551	3
155.3	16.7399	964.1855	5.1445	3
155.4	16.7394	963.3146	5.148	3
155.5	16.7388	962.4923	5.1588	3
155.6	16.7386	961.6063	5.159	3
155.7	16.7382	960.8355	5.1498	3
155.8	16.7377	960.0115	5.151	3
155.9	16.737	959.1686	5.1597	3
156	16.7367	958.2525	5.168	3
156.1	16.7363	957.4282	5.175	3
156.2	16.7361	956.6241	5.1744	3
156.3	16.7353	955.941	5.172	3
156.4	16.7341	955.2182	5.1703	3
156.5	16.7327	954.3471	5.1642	3
156.6	16.7312	953.5239	5.1641	3
156.7	16.7294	952.7983	5.1635	3
156.8	16.7272	951.9363	5.1643	3
156.9	16.7252	951.1157	5.1618	3
157	16.723	950.3756	5.1743	3
157.1	16.7207	949.6218	5.1835	3
157.2	16.7183	948.7315	5.1842	3
157.3	16.7157	947.8804	5.1748	3
157.4	16.7135	947.0741	5.157	3
157.5	16.7109	946.2988	5.1569	3
157.6	16.708	945.5377	5.1614	3
157.7	16.7051	944.6106	5.1496	3
157.8	16.7023	943.7921	5.1431	3
157.9	16.6996	943.0035	5.1519	3
158	16.6966	942.1843	5.1576	3
158.1	16.6937	941.3443	5.1722	3
158.2	16.6906	940.5499	5.1715	3
158.3	16.6873	939.7544	5.1452	3
158.4	16.684	938.8906	5.1478	3
158.5	16.681	938.0116	5.156	3
158.6	16.678	937.2267	5.157	3
158.7	16.6749	936.4084	5.1576	3
158.8	16.6717	935.5458	5.1558	3
158.9	16.6685	934.6621	5.1611	3
159	16.6654	933.8746	5.165	3
159.1	16.6621	933.1263	5.15	3
159.2	16.6589	932.3007	5.1619	3
159.3	16.6556	931.4498	5.1545	3
159.4	16.6521	930.5713	5.1359	3
159.5	16.6485	929.8002	5.1503	3
159.6	16.6448	929.005	5.1587	3
159.7	16.6413	928.0439	5.1665	3
159.8	16.6381	927.1932	5.1794	3
159.9	16.6348	926.4811	5.1758	3
160	16.6316	925.5961	5.1655	3
160.1	16.6284	924.7638	5.154	3
160.2	16.6253	923.9368	5.1582	3
160.3	16.6221	923.0312	5.1608	3
160.4	16.6191	922.1607	5.1571	3
160.5	16.6162	921.3763	5.1608	3
160.6	16.6128	920.6029	5.1613	3
160.7	16.6094	919.7517	5.1738	3
160.8	16.606	918.8688	5.1812	3
160.9	16.6025	918.2108	5.1749	3
161	16.5987	917.3148	5.175	3
161.1	16.595	916.4526	5.1769	3
161.2	16.5915	915.5922	5.1632	3
161.3	16.5882	914.6516	5.1572	3
161.4	16.585	913.9295	5.1635	3
161.5	16.5816	912.9912	5.1616	3
161.6	16.5782	912.2213	5.158	3
161.7	16.575	911.4545	5.1565	3
161.8	16.5715	910.6927	5.1522	3
161.9	16.5679	909.7775	5.1567	3
162	16.5644	908.9432	5.1541	3
162.1	16.5608	908.195	5.1517	3
162.2	16.5569	907.3566	5.1564	3
162.3	16.5531	906.4956	5.156	3
162.4	16.5496	905.6013	5.1638	3
162.5	16.5462	904.7035	5.1713	3
162.6	16.5429	903.8489	5.1673	3
162.7	16.5395	903.0332	5.1617	3
162.8	16.5362	902.2893	5.1418	3
162.9	16.5328	901.4425	5.1496	3
163	16.5291	900.6214	5.161	3
163.1	16.5255	899.8013	5.1613	3
163.2	16.5215	898.9843	5.1613	3
163.3	16.5176	898.1605	5.1536	3
163.4	16.5137	897.2936	5.152	3
163.5	16.51	896.522	5.1592	3
163.6	16.5065	895.6316	5.1419	3
163.7	16.5031	894.7062	5.1326	3
163.8	16.4999	893.8383	5.1407	3
163.9	16.4968	893.0322	5.1475	3
164	16.4937	892.2063	5.1417	3
164.1	16.4907	891.3294	5.1407	3
164.2	16.4877	890.4734	5.1505	3
164.3	16.4845	889.6276	5.1408	3
164.4	16.4814	888.8672	5.1408	3
164.5	16.4779	888.0778	5.1342	3
164.6	16.4747	887.2001	5.122	3
164.7	16.4715	886.3399	5.1217	3
164.8	16.4682	885.6098	5.1178	3
164.9	16.4646	884.8082	5.1169	3
165	16.4609	883.9384	5.1252	3
165.1	16.4573	883.0921	5.1269	3
165.2	16.4535	882.3401	5.134	3
165.3	16.4496	881.5653	5.1553	3
165.4	16.4458	880.6282	5.1551	3
165.5	16.4423	879.7758	5.153	3
165.6	16.4387	878.9867	5.1536	3
165.7	16.4348	878.1997	5.1462	3
165.8	16.4308	877.4233	5.1441	3
165.9	16.4267	876.5773	5.1445	3
166	16.4225	875.7613	5.1468	3
166.1	16.4181	874.944	5.1474	3
166.2	16.4139	874.0131	5.1562	3
166.3	16.4099	873.1869	5.1674	3
166.4	16.4058	872.4193	5.1572	3
166.5	16.4016	871.5943	5.1562	3
166.6	16.3973	870.7637	5.1621	3
166.7	16.3933	869.9053	5.1585	3
166.8	16.3889	869.0975	5.1612	3
166.9	16.3847	868.2453	5.1595	3
167	16.3805	867.4555	5.1631	3
167.1	16.3761	866.6178	5.164	3
167.2	16.3715	865.7633	5.1598	3
167.3	16.367	864.9865	5.1498	3
167.4	16.3627	864.1674	5.1414	3
167.5	16.3583	863.3503	5.146	3
167.6	16.3537	862.4757	5.1605	3
167.7	16.3493	861.6564	5.1695	3
167.8	16.3447	860.7938	5.1594	3
167.9	16.3399	860.0332	5.149	3
168	16.3347	859.3166	5.1357	3
168.1	16.3295	858.4969	5.1351	3
168.2	16.3242	857.582	5.1373	3
168.3	16.3189	856.7908	5.1336	3
168.4	16.3136	856.1059	5.1385	3
168.5	16.3082	855.2236	5.1358	3
168.6	16.303	854.283	5.1253	3
168.7	16.2981	853.4252	5.1393	3
168.8	16.2931	852.5677	5.1409	3
168.9	16.288	851.7481	5.1318	3
169	16.2829	850.9208	5.1345	3
169.1	16.2778	850.1135	5.1379	3
169.2	16.2729	849.2524	5.1286	3
169.3	16.268	848.3532	5.1165	3
169.4	16.2634	847.4835	5.1293	3
169.5	16.2589	846.6787	5.1407	3
169.6	16.2543	845.8545	5.1531	3
169.7	16.2494	845.001	5.1501	3
169.8	16.2448	844.1884	5.145	3
169.9	16.2404	843.3376	5.1393	3
170	16.2358	842.4934	5.1299	3
170.1	16.2311	841.737	5.1267	3
170.2	16.2262	840.8445	5.1243	3
170.3	16.2212	839.9612	5.1253	3
170.4	16.2163	839.2327	5.1176	3
170.5	16.2114	838.4074	5.1217	3
170.6	16.2066	837.5602	5.1159	3
170.7	16.2018	836.7167	5.1195	3
170.8	16.1969	835.8215	5.1259	3
170.9	16.192	835.0959	5.1303	3
171	16.1869	834.2623	5.1302	3
171.1	16.1818	833.4793	5.1282	3
171.2	16.1767	832.6247	5.1262	3
171.3	16.1713	831.8088	5.1121	3
171.4	16.1658	831.0557	5.1155	3
171.5	16.1604	830.1369	5.1229	3
171.6	16.1552	829.3167	5.1077	3
171.7	16.1499	828.4737	5.1026	3
171.8	16.1443	827.7024	5.1143	3
171.9	16.1387	826.8892	5.1074	3
172	16.1332	825.9663	5.0935	3
172.1	16.1275	825.2707	5.1028	3
172.2	16.1217	824.4058	5.116	3
172.3	16.116	823.5525	5.1276	3
172.4	16.1106	822.6867	5.1392	3
172.5	16.1054	821.839	5.1311	3
172.6	16.1	820.955	5.128	3
172.7	16.0947	820.1273	5.1313	3
172.8	16.0895	819.3032	5.1288	3
172.9	16.0841	818.4799	5.1146	3
173	16.0786	817.7034	5.1211	3
173.1	16.0732	816.8035	5.1347	3
173.2	16.0677	815.9872	5.1304	3
173.3	16.0623	815.1971	5.1292	3
173.4	16.0568	814.3543	5.1304	3
173.5	16.0511	813.4817	5.1308	3
173.6	16.0455	812.6869	5.1389	3
173.7	16.0398	811.9133	5.1459	3
173.8	16.0341	811.1207	5.1484	3
173.9	16.0284	810.2608	5.1406	3
174	16.0228	809.3524	5.1226	3
174.1	16.017	808.4835	5.122	3
174.2	16.0114	807.7501	5.1273	3
174.3	16.0058	806.8038	5.1201	3
174.4	16.0004	805.9315	5.1164	3
174.5	15.9952	805.1318	5.1234	3
174.6	15.9901	804.3357	5.1225	3
174.7	15.985	803.4466	5.1257	3
174.8	15.9798	802.5727	5.1187	3
174.9	15.9743	801.796	5.1139	3
175	15.9689	801.0278	5.1228	3
175.1	15.9633	800.241	5.1238	3
175.2	15.958	799.3574	5.131	3
175.3	15.9526	798.4092	5.1301	3
175.4	15.9472	797.6993	5.1295	3
175.5	15.9417	796.8497	5.129	3
175.6	15.9361	795.9502	5.1307	3
175.7	15.9308	795.1738	5.1406	3
175.8	15.9253	794.3489	5.1407	3
175.9	15.9197	793.512	5.1244	3
176	15.9141	792.6408	5.1243	3
176.1	15.9087	791.7573	5.1315	3
176.2	15.9034	790.9541	5.1277	3
176.3	15.8981	790.1756	5.1265	3
176.4	15.8929	789.3367	5.1198	3
176.5	15.8875	788.482	5.1255	3
176.6	15.8821	787.6648	5.1475	3
176.7	15.8769	786.7406	5.1519	3
176.8	15.8718	785.9085	5.1394	3
176.9	15.8669	785.0587	5.1401	3
177	15.8618	784.2151	5.1372	3
177.1	15.8568	783.3769	5.1265	3
177.2	15.8519	782.4777	5.1222	3
177.3	15.8471	781.6835	5.1154	3
177.4	15.8426	780.7741	5.1174	3
177.5	15.8383	779.9161	5.1345	3
177.6	15.8339	779.1156	5.1522	3
177.7	15.8292	778.3254	5.1567	3
177.8	15.8245	777.4343	5.148	3
177.9	15.8205	776.5011	5.1467	3
178	15.8167	775.6379	5.1456	3
178.1	15.8128	774.8562	5.1473	3
178.2	15.8088	774.0434	5.1527	3
178.3	15.8045	773.1742	5.1606	3
178.4	15.8006	772.3721	5.1595	3
178.5	15.7964	771.5354	5.1424	3
178.6	15.7919	770.7604	5.1379	3
178.7	15.7876	769.8763	5.1361	3
178.8	15.7835	768.9708	5.1344	3
178.9	15.7793	768.2293	5.1436	3
179	15.7752	767.3701	5.1477	3
179.1	15.771	766.5644	5.1437	3
179.2	15.7667	765.7372	5.142	3
179.3	15.7624	764.9458	5.1535	3
179.4	15.7579	764.1566	5.1624	3
179.5	15.7533	763.3109	5.1655	3
179.6	15.7484	762.4953	5.1623	3
179.7	15.7439	761.6777	5.1534	3
179.8	15.7395	760.7401	5.147	3
179.9	15.7352	759.9246	5.1587	3
180	15.7306	759.1359	5.1611	3
180.1	15.726	758.2936	5.153	3
180.2	15.7213	757.5091	5.1591	3
180.3	15.7166	756.7034	5.1543	3
180.4	15.7117	755.8414	5.1399	3
180.5	15.7072	754.9162	5.1278	3
180.6	15.7029	754.1387	5.1273	3
180.7	15.6984	753.2777	5.1312	3
180.8	15.694	752.4397	5.1334	3
180.9	15.6898	751.5642	5.1309	3
181	15.6855	750.8057	5.1299	3
181.1	15.6811	749.954	5.1421	3
181.2	15.6766	749.1045	5.1411	3
181.3	15.6724	748.2214	5.1423	3
181.4	15.6682	747.3554	5.1454	3
181.5	15.6634	746.5932	5.1296	3
181.6	15.6587	745.8799	5.1317	3
181.7	15.6539	744.9776	5.1404	3
181.8	15.6492	744.2295	5.1305	3
181.9	15.6443	743.3493	5.1309	3
182	15.6394	742.5506	5.1217	3
182.1	15.6345	741.6903	5.1274	3
182.2	15.6296	740.8664	5.1302	3
182.3	15.6249	740.0869	5.1265	3
182.4	15.6202	739.1876	5.138	3
182.5	15.6153	738.3818	5.1594	3
182.6	15.6103	737.5662	5.1644	3
182.7	15.6055	736.6589	5.1653	3
182.8	15.6008	735.8108	5.1566	3
182.9	15.5962	734.9922	5.1502	3
183	15.5917	734.1281	5.1682	3
183.1	15.5872	733.3041	5.1776	3
183.2	15.5825	732.5479	5.1638	3
183.3	15.5777	731.6812	5.1533	3
183.4	15.5727	730.8581	5.1538	3
183.5	15.5675	730.0992	5.1591	3
183.6	15.5622	729.2668	5.1461	3
183.7	15.5567	728.5513	5.1489	3
183.8	15.5512	727.7606	5.1667	3
183.9	15.5455	726.7885	5.1577	3
184	15.5402	726.0392	5.1447	3
184.1	15.5348	725.1872	5.1432	3
184.2	15.5291	724.3709	5.1452	3
184.3	15.5233	723.5468	5.1353	3
184.4	15.5173	722.7359	5.1217	3
184.5	15.5116	721.9099	5.1247	3
184.6	15.5059	721.0596	5.1411	3
184.7	15.5001	720.255	5.1438	3
184.8	15.4939	719.3525	5.1388	3
184.9	15.4879	718.5883	5.1266	3
185	15.4822	717.8508	5.1322	3
185.1	15.4763	716.9065	5.1406	3
185.2	15.4705	716.0356	5.148	3
185.3	15.4647	715.2196	5.1586	3
185.4	15.459	714.372	5.154	3
185.5	15.4532	713.5822	5.1608	3
185.6	15.4472	712.739	5.1631	3
185.7	15.4415	711.93	5.1476	3
185.8	15.4357	711.0871	5.1389	3
185.9	15.4298	710.2097	5.1354	3
186	15.424	709.3896	5.1313	3
186.1	15.4181	708.5392	5.144	3
186.2	15.4124	707.7274	5.1574	3
186.3	15.4067	706.8838	5.148	3
186.4	15.4012	706.0132	5.1391	3
186.5	15.3956	705.1366	5.1571	3
186.6	15.3899	704.3924	5.151	3
186.7	15.3841	703.5611	5.1516	3
186.8	15.3783	702.6978	5.156	3
186.9	15.3725	701.8988	5.1551	3
187	15.3667	701.0736	5.1566	3
187.1	15.3608	700.2731	5.1508	3
187.2	15.3547	699.3993	5.1462	3
187.3	15.3486	698.5582	5.1349	3
187.4	15.3427	697.8316	5.1396	3
187.5	15.3368	696.9965	5.1422	3
187.6	15.3306	696.2033	5.1476	3
187.7	15.3243	695.3509	5.1495	3
187.8	15.318	694.4572	5.1338	3
187.9	15.3118	693.5651	5.1409	3
188	15.3057	692.7961	5.1606	3
188.1	15.2998	691.8663	5.1581	3
188.2	15.2941	691.0605	5.1505	3
188.3	15.2884	690.2025	5.1629	3
188.4	15.2825	689.4194	5.1621	3
188.5	15.2757	688.93	5.1501	3
188.6	15.2668	688.663	5.1466	3
188.7	15.2553	688.3374	5.1493	3
188.8	15.2453	686.4027	5.1559	3
188.9	15.2428	683.75	5.1562	3
189	15.2451	682.5595	5.1513	3
189.1	15.2444	683.0061	5.1519	3
189.2	15.2395	682.8567	5.1515	3
189.3	15.2332	682.1429	5.1325	3
189.4	15.2258	681.4351	5.1201	3
189.5	15.2188	680.4757	5.1303	3
189.6	15.2121	679.4619	5.1461	3
189.7	15.2064	678.5407	5.1392	3
189.8	15.2007	677.6548	5.128	3
189.9	15.195	676.857	5.1366	3
190	15.1895	676.0521	5.1441	3
190.1	15.1836	675.3192	5.1482	3
190.2	15.1771	674.6178	5.1555	3
190.3	15.1702	673.7614	5.1476	3
190.4	15.1636	672.8699	5.1329	3
190.5	15.1575	671.9727	5.1376	3
190.6	15.1515	670.9959	5.141	3
190.7	15.1461	670.1605	5.142	3
190.8	15.1407	669.284	5.1453	3
190.9	15.1354	668.3677	5.1474	3
191	15.1307	667.3482	5.158	3
191.1	15.1268	666.4036	5.1606	3
191.2	15.1242	665.2857	5.1448	3
191.3	15.1209	664.952	5.1389	3
191.4	15.1118	666.1591	5.1434	3
191.5	15.0962	665.4638	5.1486	3
191.6	15.0848	663.7439	5.1464	3
191.7	15.0766	661.8565	5.1453	3
191.8	15.0716	661.0231	5.1461	3
191.9	15.0661	659.9094	5.1534	3
192	15.0615	659.2899	5.1403	3
192.1	15.0559	658.3739	5.1269	3
192.2	15.0505	657.7699	5.1178	3
192.3	15.0445	656.8341	5.1126	3
192.4	15.0387	656.1182	5.1337	3
192.5	15.0328	655.1881	5.1422	3
192.6	15.0272	654.3632	5.1575	3
192.7	15.0216	653.441	5.1501	3
192.8	15.0159	652.7206	5.1304	3
192.9	15.01	651.8332	5.1328	3
193	15.0041	651.0697	5.1406	3
193.1	14.9985	650.1616	5.1441	3
193.2	14.9929	649.3065	5.1357	3
193.3	14.9873	648.4909	5.1349	3
193.4	14.9812	647.7816	5.1437	3
193.5	14.9752	646.9475	5.1359	3
193.6	14.9693	646.1022	5.1457	3
193.7	14.9634	645.2178	5.1482	3
193.8	14.9575	644.4219	5.1406	3
193.9	14.9518	643.4546	5.1368	3
194	14.9464	642.5606	5.1358	3
194.1	14.9413	641.8072	5.1316	3
194.2	14.9359	640.9453	5.1363	3
194.3	14.9305	640.1187	5.1425	3
194.4	14.925	639.3057	5.1517	3
194.5	14.9195	638.5024	5.1455	3
194.6	14.9134	637.7867	5.1334	3
194.7	14.9072	636.9824	5.1393	3
194.8	14.9012	636.0813	5.1442	3
194.9	14.8952	635.2922	5.1387	3
195	14.8892	634.4465	5.127	3
195.1	14.8831	633.5704	5.1308	3
195.2	14.877	632.7658	5.136	3
195.3	14.871	631.942	5.1201	3
195.4	14.8649	631.0725	5.1125	3
195.5	14.8591	630.2155	5.1272	3
195.6	14.8534	629.3588	5.1278	3
195.7	14.8479	628.5086	5.1172	3
195.8	14.8423	627.6502	5.1298	3
195.9	14.8367	626.8821	5.1436	3
196	14.8314	625.9378	5.1341	3
196.1	14.8262	625.0385	5.136	3
196.2	14.8212	624.2166	5.143	3
196.3	14.8165	623.2665	5.1438	3
196.4	14.8118	622.4964	5.1372	3
196.5	14.8069	621.7393	5.1378	3
196.6	14.8015	620.9908	5.1438	3
196.7	14.7959	620.1926	5.1425	3
196.8	14.7903	619.3846	5.1436	3
196.9	14.7845	618.5423	5.152	3
197	14.7784	617.7621	5.1482	3
197.1	14.7722	616.9127	5.1363	3
197.2	14.7661	616.1734	5.1288	3
197.3	14.7597	615.4142	5.1108	3
197.4	14.7533	614.5897	5.0993	3
197.5	14.7469	613.6699	5.0991	3
197.6	14.7403	612.8226	5.1013	3
197.7	14.7335	612.1098	5.1116	3
197.8	14.7264	611.3011	5.1274	3
197.9	14.7197	610.4361	5.136	3
198	14.7133	609.3924	5.13	3
198.1	14.7078	608.4408	5.1247	3
198.2	14.7026	607.5249	5.1305	3
198.3	14.6976	606.6753	5.1276	3
198.4	14.6925	605.8821	5.1387	3
198.5	14.6876	605.1019	5.1249	3
198.6	14.6824	604.2357	5.1245	3
198.7	14.6771	603.4558	5.1274	3
198.8	14.6713	602.8181	5.1307	3
198.9	14.6644	602.2191	5.1267	3
199	14.6568	601.4573	5.126	3
199.1	14.6498	600.3692	5.1364	3
199.2	14.6445	599.1842	5.1383	3
199.3	14.6402	598.1797	5.1347	3
199.4	14.636	597.3421	5.1346	3
199.5	14.6315	596.522	5.1412	3
199.6	14.6267	595.879	5.1406	3
199.7	14.6215	595.1105	5.1356	3
199.8	14.6161	594.2956	5.1366	3
199.9	14.6107	593.49	5.1414	3
200	14.605	592.7521	5.1377	3
200.1	14.5991	591.937	5.1302	3
200.2	14.5929	591.1959	5.1314	3
200.3	14.587	590.2211	5.1362	3
200.4	14.5811	589.4665	5.1295	3
200.5	14.5751	588.5986	5.1102	3
200.6	14.5691	587.6961	5.106	3
200.7	14.5631	586.9317	5.1238	3
200.8	14.5568	586.0966	5.1261	3
200.9	14.5506	585.2939	5.1381	3
201	14.5444	584.4836	5.1567	3
201.1	14.5386	583.6019	5.1525	3
201.2	14.533	582.6702	5.1464	3
201.3	14.5275	581.8128	5.1526	3
201.4	14.5218	581.0165	5.1594	3
201.5	14.516	580.275	5.1646	3
201.6	14.51	579.5145	5.1591	3
201.7	14.5037	578.5958	5.16	3
201.8	14.4974	577.758	5.1592	3
201.9	14.4915	576.9432	5.1611	3
202	14.4854	576.0617	5.1655	3
202.1	14.4792	575.2016	5.1602	3
202.2	14.473	574.4123	5.1512	3
202.3	14.4669	573.6677	5.1479	3
202.4	14.4608	572.8492	5.1486	3
202.5	14.4546	572.0129	5.1516	3
202.6	14.4482	571.1581	5.1468	3
202.7	14.4419	570.2917	5.1351	3
202.8	14.4357	569.4702	5.1259	3
202.9	14.4296	568.5887	5.1373	3
203	14.4236	567.7749	5.1535	3
203.1	14.4172	567.034	5.1538	3
203.2	14.4104	566.3099	5.1505	3
203.3	14.4036	565.3315	5.1604	3
203.4	14.3973	564.4213	5.1484	3
203.5	14.3914	563.504	5.1274	3
203.6	14.386	562.6507	5.1368	3
203.7	14.3808	561.7443	5.1364	3
203.8	14.3757	560.9718	5.1454	3
203.9	14.3707	559.9763	5.1527	3
204	14.3656	559.1415	5.154	3
204.1	14.3607	558.3953	5.1557	3
204.2	14.3556	557.5827	5.1585	3
204.3	14.3504	556.764	5.1611	3
204.4	14.345	555.9672	5.1622	3
204.5	14.3392	555.1996	5.1514	3
204.6	14.3331	554.4358	5.1368	3
204.7	14.327	553.6071	5.1385	3
204.8	14.3212	552.7342	5.1551	3
204.9	14.3157	551.7886	5.1598	3
205	14.3102	550.983	5.157	3
205.1	14.3051	550.0563	5.1497	3
205.2	14.3003	549.1926	5.1517	3
205.3	14.295	548.4765	5.1352	3
205.4	14.2895	547.6941	5.1215	3
205.5	14.2838	546.8908	5.1155	3
205.6	14.2784	545.9304	5.123	3
205.7	14.2728	545.1132	5.1401	3
205.8	14.2672	544.3859	5.1456	3
205.9	14.2614	543.4807	5.1484	3
206	14.2556	542.6614	5.1468	3
206.1	14.2501	541.8237	5.1269	3
206.2	14.2444	541.1145	5.1279	3
206.3	14.2382	540.507	5.1426	3
206.4	14.2309	539.7432	5.1383	3
206.5	14.2237	538.747	5.147	3
206.6	14.2173	537.745	5.1535	3
206.7	14.2115	536.9032	5.1454	3
206.8	14.206	535.9362	5.143	3
206.9	14.2005	535.149	5.1468	3
207	14.1948	534.3551	5.1607	3
207.1	14.1888	533.5662	5.1646	3
207.2	14.1829	532.7226	5.1581	3
207.3	14.1771	531.9077	5.1541	3
207.4	14.1711	531.1463	5.1607	3
207.5	14.165	530.3337	5.1575	3
207.6	14.1588	529.408	5.1558	3
207.7	14.1528	528.6046	5.1595	3
207.8	14.1464	527.8963	5.1688	3
207.9	14.1396	527.1657	5.1846	3
208	14.1326	526.2559	5.185	3
208.1	14.1256	525.4488	5.1755	3
208.2	14.1186	524.6444	5.173	3
208.3	14.1118	523.7644	5.1665	3
208.4	14.1051	522.9103	5.1607	3
208.5	14.0984	522.1081	5.1687	3
208.6	14.0917	521.248	5.1689	3
208.7	14.0849	520.4258	5.1541	3
208.8	14.0781	519.5933	5.1616	3
208.9	14.0714	518.689	5.1756	3
209	14.0648	517.8506	5.1603	3
209.1	14.0581	517.035	5.1396	3
209.2	14.0515	516.2407	5.1296	3
209.3	14.0446	515.397	5.1456	3
209.4	14.0378	514.6196	5.1508	3
209.5	14.0309	513.8209	5.1522	3
209.6	14.0238	512.9603	5.1511	3
209.7	14.0169	512.1417	5.1476	3
209.8	14.0101	511.3314	5.1502	3
209.9	14.0028	510.4881	5.1628	3
210	13.9957	509.6522	5.162	3
210.1	13.9885	508.8251	5.1642	3
210.2	13.9811	508.0683	5.1673	3
210.3	13.9735	507.1882	5.154	3
210.4	13.9661	506.3241	5.1441	3
210.5	13.9588	505.5328	5.1487	3
210.6	13.9514	504.7973	5.149	3
210.7	13.944	503.8849	5.1513	3
210.8	13.9366	502.9541	5.1397	3
210.9	13.9295	502.1497	5.1323	3
211	13.9223	501.319	5.1409	3
211.1	13.9152	500.4827	5.1535	3
211.2	13.9085	499.5319	5.1721	3
211.3	13.9015	498.8021	5.1699	3
211.4	13.8943	498.0437	5.1735	3
211.5	13.8869	497.1758	5.1724	3
211.6	13.8796	496.3671	5.1681	3
211.7	13.8723	495.5691	5.1573	3
211.8	13.8646	494.8206	5.1485	3
211.9	13.8567	493.9689	5.1539	3
212	13.8492	492.9962	5.1412	3
212.1	13.842	492.1936	5.134	3
212.2	13.8347	491.3281	5.1342	3
212.3	13.8273	490.5144	5.1424	3
212.4	13.8199	489.682	5.1428	3
212.5	13.8124	488.9116	5.1221	3
212.6	13.8048	488.1119	5.1115	3
212.7	13.7972	487.2304	5.1125	3
212.8	13.79	486.2743	5.1314	3
212.9	13.783	485.5039	5.1453	3
213	13.776	484.6016	5.1461	3
213.1	13.7689	483.7651	5.1432	3
213.2	13.7619	482.9024	5.1481	3
213.3	13.755	482.0882	5.1513	3
213.4	13.7481	481.2571	5.1358	3
213.5	13.7412	480.4353	5.1444	3
213.6	13.7342	479.5962	5.1437	3
213.7	13.7269	478.8183	5.1487	3
213.8	13.7197	478.0042	5.1575	3
213.9	13.7126	477.1487	5.1507	3
214	13.7053	476.3201	5.1505	3
214.1	13.6983	475.4663	5.163	3
214.2	13.6915	474.5187	5.1689	3
214.3	13.6849	473.6208	5.1681	3
214.4	13.6787	472.6849	5.1698	3
214.5	13.6722	471.9677	5.1804	3
214.6	13.6658	471.1812	5.1691	3
214.7	13.6596	470.2529	5.1592	3
214.8	13.6535	469.47	5.1553	3
214.9	13.6472	468.6208	5.1586	3
215	13.641	467.7349	5.1508	3
215.1	13.6353	466.824	5.136	3
215.2	13.6297	465.9841	5.1393	3
215.3	13.6241	465.1288	5.1502	3
215.4	13.6188	464.2925	5.1588	3
215.5	13.6132	463.5259	5.1529	3
215.6	13.6072	462.7528	5.1509	3
215.7	13.6013	461.8267	5.1476	3
215.8	13.5957	460.9514	5.141	3
215.9	13.5906	459.9644	5.1417	3
216	13.5856	459.1883	5.1371	3
216.1	13.5803	458.5397	5.138	3
216.2	13.5744	457.7965	5.1541	3
216.3	13.5684	456.9115	5.1586	3
216.4	13.5624	456.0897	5.1496	3
216.5	13.5559	455.3047	5.1521	3
216.6	13.5496	454.5124	5.1605	3
216.7	13.5433	453.6661	5.1565	3
216.8	13.5368	452.8412	5.1519	3
216.9	13.5302	452.0373	5.1447	3
217	13.5236	451.1272	5.1536	3
217.1	13.5173	450.3244	5.1673	3
217.2	13.5116	449.4391	5.1594	3
217.3	13.506	448.4974	5.1588	3
217.4	13.5005	447.6729	5.1469	3
217.5	13.4951	446.8131	5.1503	3
217.6	13.4895	445.986	5.1561	3
217.7	13.4838	445.1322	5.1579	3
217.8	13.4782	444.3308	5.1498	3
217.9	13.4727	443.4469	5.1545	3
218	13.4671	442.635	5.158	3
218.1	13.4615	441.7927	5.152	3
218.2	13.4561	440.9532	5.1484	3
218.3	13.4507	440.0348	5.1415	3
218.4	13.4453	439.2629	5.1468	3
218.5	13.4401	438.4688	5.1646	3
218.6	13.4348	437.581	5.1709	3
218.7	13.4293	436.8067	5.1582	3
218.8	13.4238	435.982	5.1462	3
218.9	13.4185	435.0941	5.1449	3
219	13.4133	434.2799	5.1547	3
219.1	13.408	433.4326	5.1617	3
219.2	13.4025	432.6446	5.1453	3
219.3	13.3969	431.7581	5.151	3
219.4	13.3913	430.9897	5.1603	3
219.5	13.3858	430.1513	5.1631	3
219.6	13.3802	429.3205	5.1538	3
219.7	13.3746	428.4939	5.1518	3
219.8	13.3688	427.8095	5.1575	3
219.9	13.3626	426.9761	5.158	3
220	13.3563	426.0339	5.1693	3
220.1	13.35	425.3174	5.1701	3
220.2	13.3437	424.4976	5.1648	3
220.3	13.3372	423.7135	5.1628	3
220.4	13.3309	422.8993	5.169	3
220.5	13.3246	421.9578	5.1676	3
220.6	13.3183	421.1893	5.1665	3
220.7	13.3118	420.3843	5.1623	3
220.8	13.3051	419.5541	5.157	3
220.9	13.2987	418.6616	5.152	3
221	13.2921	417.8897	5.1528	3
221.1	13.2854	417.079	5.1464	3
221.2	13.2786	416.2055	5.1407	3
221.3	13.2721	415.3998	5.1542	3
221.4	13.2657	414.5065	5.1684	3
221.5	13.2593	413.6114	5.1544	3
221.6	13.2531	412.7528	5.1452	3
221.7	13.2469	411.9715	5.1482	3
221.8	13.2404	411.2314	5.1416	3
221.9	13.2335	410.4851	5.1476	3
222	13.2265	409.5747	5.1372	3
222.1	13.2199	408.7078	5.1367	3
222.2	13.2131	407.9446	5.1447	3
222.3	13.2061	407.0978	5.1638	3
222.4	13.199	406.2393	5.1747	3
222.5	13.1924	405.3953	5.1662	3
222.6	13.1859	404.501	5.1583	3
222.7	13.1798	403.6028	5.149	3
222.8	13.1737	402.6927	5.1417	3
222.9	13.1675	401.9529	5.1514	3
223	13.161	401.2422	5.1655	3
223.1	13.1545	400.3299	5.17	3
223.2	13.1482	399.4352	5.1683	3
223.3	13.142	398.6982	5.1677	3
223.4	13.1352	397.9494	5.1628	3
223.5	13.1284	397.122	5.1635	3
223.6	13.1217	396.1757	5.1795	3
223.7	13.1151	395.3402	5.1823	3
223.8	13.1086	394.5637	5.157	3
223.9	13.1022	393.6823	5.1656	3
224	13.0958	392.8089	5.158	3
224.1	13.0896	391.9647	5.1391	3
224.2	13.0833	391.1901	5.1531	3
224.3	13.0768	390.3231	5.1595	3
224.4	13.0703	389.5425	5.1525	3
224.5	13.0641	388.6594	5.1597	3
224.6	13.0576	387.7801	5.1632	3
224.7	13.051	387.131	5.17	3
224.8	13.0439	386.3187	5.1621	3
224.9	13.0367	385.4364	5.149	3
225	13.03	384.5937	5.1653	3
225.1	13.023	383.8034	5.1776	3
225.2	13.0158	382.9701	5.1653	3
225.3	13.0089	382.0866	5.1417	3
225.4	13.0021	381.239	5.1333	3
225.5	12.995	380.4977	5.1348	3
225.6	12.9878	379.7141	5.1314	3
225.7	12.9804	378.8876	5.1338	3
225.8	12.9728	378.0086	5.1444	3
225.9	12.9658	377.1565	5.1395	3
226	12.9588	376.2993	5.1329	3
226.1	12.9515	375.5263	5.1464	3
226.2	12.9439	374.6456	5.1508	3
226.3	12.9363	373.9556	5.134	3
226.4	12.9287	373.1332	5.1345	3
226.5	12.9208	372.2801	5.1393	3
226.6	12.9127	371.4837	5.1459	3
226.7	12.9045	370.7482	5.139	3
226.8	12.8964	369.8108	5.1289	3
226.9	12.8883	368.9902	5.1275	3
227	12.8806	368.1278	5.1393	3
227.1	12.8731	367.2851	5.1419	3
227.2	12.8655	366.4177	5.1442	3
227.3	12.8579	365.599	5.1485	3
227.4	12.8503	364.7373	5.1599	3
227.5	12.8424	363.9337	5.1561	3
227.6	12.8345	363.1456	5.1459	3
227.7	12.8265	362.3755	5.1465	3
227.8	12.8184	361.507	5.1498	3
227.9	12.8102	360.7072	5.1556	3
228	12.8022	359.7708	5.168	3
228.1	12.7944	358.855	5.1646	3
228.2	12.7869	358.0354	5.1476	3
228.3	12.7795	357.1611	5.1398	3
228.4	12.7723	356.2511	5.139	3
228.5	12.7651	355.5188	5.1408	3
228.6	12.7579	354.6706	5.145	3
228.7	12.7507	353.7631	5.145	3
228.8	12.7436	352.9613	5.141	3
228.9	12.7364	352.1208	5.1354	3
229	12.7294	351.2195	5.125	3
229.1	12.7226	350.417	5.1329	3
229.2	12.7159	349.558	5.1388	3
229.3	12.7089	348.7607	5.1488	3
229.4	12.7015	348.0974	5.1716	3
229.5	12.6939	347.1424	5.1746	3
229.6	12.6865	346.3379	5.1505	3
229.7	12.6794	345.521	5.1406	3
229.8	12.6724	344.5288	5.1355	3
229.9	12.6658	343.6704	5.1362	3
230	12.6594	342.9151	5.1461	3
230.1	12.6526	342.1143	5.1472	3
230.2	12.6456	341.2688	5.147	3
230.3	12.6387	340.3837	5.1541	3
230.4	12.6318	339.5488	5.155	3
230.5	12.6249	338.8136	5.1462	3
230.6	12.6178	337.9385	5.1462	3
230.7	12.6106	337.2313	5.1493	3
230.8	12.6031	336.3346	5.1619	3
230.9	12.5956	335.5244	5.1664	3
231	12.588	334.7997	5.1631	3
231.1	12.5804	333.9073	5.1608	3
231.2	12.5728	333.1553	5.1403	3
231.3	12.565	332.1946	5.1288	3
231.4	12.5573	331.4853	5.131	3
231.5	12.5494	330.6501	5.1287	3
231.6	12.5413	329.794	5.1336	3
231.7	12.5335	328.9716	5.1305	3
231.8	12.5255	328.0962	5.123	3
231.9	12.5177	327.2311	5.127	3
232	12.5102	326.4161	5.1319	3
232.1	12.5029	325.5421	5.1375	3
232.2	12.4956	324.6607	5.1471	3
232.3	12.4883	323.7945	5.1488	3
232.4	12.4808	323.0633	5.15	3
232.5	12.4733	322.1923	5.1526	3
232.6	12.4657	321.3333	5.1502	3
232.7	12.4584	320.5032	5.1437	3
232.8	12.451	319.6565	5.1457	3
232.9	12.4434	318.9283	5.147	3
233	12.4358	318.0593	5.1467	3
233.1	12.4281	317.2678	5.1435	3
233.2	12.4205	316.4062	5.1401	3
233.3	12.4128	315.5807	5.1342	3
233.4	12.405	314.751	5.1368	3
233.5	12.3973	313.8933	5.1265	3
233.6	12.3897	313.0898	5.1352	3
233.7	12.3821	312.2505	5.1466	3
233.8	12.3745	311.4101	5.1375	3
233.9	12.3668	310.537	5.1358	3
234	12.3595	309.7312	5.1441	3
234.1	12.3519	308.9544	5.1362	3
234.2	12.3439	308.213	5.1299	3
234.3	12.3359	307.3271	5.1342	3
234.4	12.3278	306.4584	5.1317	3
234.5	12.32	305.607	5.125	3
234.6	12.312	304.8069	5.13	3
234.7	12.304	303.9727	5.1357	3
234.8	12.2961	303.1461	5.1382	3
234.9	12.2879	302.3733	5.1481	3
235	12.2796	301.5419	5.1537	3
235.1	12.2714	300.6898	5.1494	3
235.2	12.2633	299.9274	5.1367	3
235.3	12.2549	299.0019	5.1302	3
235.4	12.2466	298.1228	5.1316	3
235.5	12.2386	297.3315	5.1338	3
235.6	12.2304	296.4882	5.1405	3
235.7	12.2221	295.7285	5.1474	3
235.8	12.2137	294.855	5.146	3
235.9	12.2052	294.0791	5.1363	3
236	12.197	293.2893	5.1428	3
236.1	12.1885	292.4428	5.1426	3
236.2	12.18	291.5631	5.1481	3
236.3	12.1718	290.6552	5.1453	3
236.4	12.1636	289.9295	5.1344	3
236.5	12.1549	289.134	5.1382	3
236.6	12.1462	288.2919	5.1354	3
236.7	12.1379	287.3871	5.1327	3
236.8	12.1292	286.5953	5.1381	3
236.9	12.1202	285.7934	5.1442	3
237	12.1116	284.9336	5.1552	3
237.1	12.103	284.1115	5.1586	3
237.2	12.0945	283.2364	5.1504	3
237.3	12.0859	282.3871	5.1417	3
237.4	12.0776	281.5942	5.1398	3
237.5	12.0692	280.6594	5.1337	3
237.6	12.0606	279.8861	5.1407	3
237.7	12.0523	279.048	5.1526	3
237.8	12.0439	278.2534	5.153	3
237.9	12.0355	277.4053	5.1467	3
238	12.027	276.6264	5.1364	3
238.1	12.0183	275.7254	5.1252	3
238.2	12.0098	274.8645	5.1228	3
238.3	12.0015	274.0185	5.1275	3
238.4	11.9933	273.1342	5.1276	3
238.5	11.9852	272.2744	5.1247	3
238.6	11.9772	271.4882	5.1289	3
238.7	11.9692	270.6275	5.1281	3
238.8	11.961	269.8572	5.128	3
238.9	11.953	268.9752	5.1331	3
239	11.9448	268.1759	5.1401	3
239.1	11.9365	267.4014	5.1433	3
239.2	11.9278	266.6236	5.1491	3
239.3	11.9192	265.7073	5.1498	3
239.4	11.9106	264.8452	5.133	3
239.5	11.9021	264.08	5.1368	3
239.6	11.8933	263.3009	5.1415	3
239.7	11.8845	262.5117	5.1392	3
239.8	11.8757	261.666	5.1243	3
239.9	11.8667	260.8802	5.1271	3
240	11.8575	260.0276	5.1451	3
240.1	11.8484	259.1996	5.1475	3
240.2	11.8392	258.3951	5.1473	3
240.3	11.83	257.5183	5.1502	3
240.4	11.8208	256.7579	5.1442	3
240.5	11.8115	255.9033	5.1487	3
240.6	11.8022	255.0993	5.1473	3
240.7	11.793	254.2192	5.1467	3
240.8	11.7838	253.3898	5.1534	3
240.9	11.7746	252.546	5.1446	3
241	11.7653	251.6943	5.1315	3
241.1	11.756	250.911	5.1485	3
241.2	11.7466	250.0879	5.1561	3
241.3	11.7368	249.4019	5.1471	3
241.4	11.727	248.5271	5.1529	3
241.5	11.717	247.6415	5.1603	3
241.6	11.7075	246.8763	5.1673	3
241.7	11.6978	246.0009	5.1594	3
241.8	11.6877	245.1432	5.1584	3
241.9	11.678	244.285	5.1717	3
242	11.6683	243.4408	5.1743	3
242.1	11.6587	242.6743	5.1647	3
242.2	11.6491	241.8029	5.169	3
242.3	11.6397	240.9199	5.1785	3
242.4	11.6304	239.9991	5.1822	3
242.5	11.6213	239.0866	5.18	3
242.6	11.6124	238.4087	5.1781	3
242.7	11.6035	237.4061	5.1652	3
242.8	11.5948	236.5493	5.1628	3
242.9	11.5864	235.7988	5.1621	3
243	11.5777	234.8862	5.1621	3
243.1	11.5689	234.2152	5.1651	3
243.2	11.56	233.3549	5.1668	3
243.3	11.5507	232.5248	5.1705	3
243.4	11.542	231.6183	5.1652	3
243.5	11.5333	230.6438	5.1679	3
243.6	11.5246	230.04	5.1611	3
243.7	11.5159	229.1291	5.1579	3
243.8	11.5066	228.3229	5.1562	3
243.9	11.4977	227.5438	5.1601	3
244	11.4885	226.6153	5.1623	3
244.1	11.4795	225.9039	5.162	3
244.2	11.4705	224.9911	5.1631	3
244.3	11.4616	224.1031	5.1665	3
244.4	11.4532	223.1851	5.1686	3
244.5	11.4447	222.3503	5.1681	3
244.6	11.4361	221.6143	5.1705	3
244.7	11.4275	220.6686	5.1917	3
244.8	11.4191	219.8506	5.1991	3
244.9	11.4106	219.0228	5.1884	3
245	11.402	218.2891	5.1739	3
245.1	11.3934	217.4311	5.1767	3
245.2	11.3848	216.568	5.1813	3
245.3	11.376	215.8573	5.1739	3
245.4	11.367	214.9554	5.1736	3
245.5	11.3579	214.1945	5.173	3
245.6	11.349	213.2994	5.1646	3
245.7	11.3398	212.4348	5.1577	3
245.8	11.3307	211.7351	5.1673	3
245.9	11.3215	210.8849	5.147	3
246	11.312	210.1994	5.1334	3
246.1	11.3026	209.2273	5.138	3
246.2	11.2933	208.3472	5.1493	3
246.3	11.2839	207.6134	5.1683	3
246.4	11.2745	206.7637	5.1808	3
246.5	11.2649	205.9752	5.1865	3
246.6	11.2555	205.0523	5.1835	3
246.7	11.2459	204.2625	5.1674	3
246.8	11.2367	203.3789	5.1593	3
246.9	11.2275	202.5136	5.1572	3
247	11.2184	201.723	5.1684	3
247.1	11.2091	200.8865	5.1809	3
247.2	11.1996	200.0944	5.1805	3
247.3	11.1903	199.2594	5.1594	3
247.4	11.1813	198.3599	5.1551	3
247.5	11.1718	197.711	5.1632	3
247.6	11.1624	196.7616	5.1544	3
247.7	11.1529	195.8496	5.1478	3
247.8	11.1438	195.0603	5.1611	3
247.9	11.1344	194.1948	5.1741	3
248	11.1249	193.4533	5.1716	3
248.1	11.1152	192.6223	5.1651	3
248.2	11.1053	191.8268	5.1633	3
248.3	11.0952	191.0814	5.1662	3
248.4	11.085	190.2451	5.1772	3
248.5	11.0751	189.3517	5.1777	3
248.6	11.0655	188.4933	5.1591	3
248.7	11.0551	187.7499	5.1424	3
248.8	11.0446	187.0232	5.154	3
248.9	11.0343	186.026	5.1566	3
249	11.0242	185.2658	5.1495	3
249.1	11.0142	184.3904	5.1484	3
249.2	11.0041	183.5128	5.1593	3
249.3	10.9942	182.6978	5.1665	3
249.4	10.9843	181.8503	5.1479	3
249.5	10.9741	181.0789	5.1459	3
249.6	10.9642	180.2178	5.1538	3
249.7	10.954	179.3797	5.1566	3
249.8	10.9441	178.5686	5.1558	3
249.9	10.9337	177.701	5.1534	3
250	10.9233	177.0056	5.1682	3
250.1	10.9126	176.156	5.1625	3
250.2	10.9019	175.348	5.1535	3
250.3	10.8913	174.457	5.1719	3
250.4	10.8806	173.6425	5.1744	3
250.5	10.8702	172.7612	5.1694	3
250.6	10.86	171.83	5.1656	3
250.7	10.8501	170.9921	5.1581	3
250.8	10.8401	170.2583	5.1697	3
250.9	10.8297	169.4165	5.1649	3
251	10.8194	168.5441	5.1603	3
251.1	10.8095	167.589	5.1754	3
251.2	10.7998	166.8001	5.1822	3
251.3	10.79	166.02	5.1725	3
251.4	10.7798	165.1794	5.1664	3
251.5	10.7695	164.4239	5.1748	3
251.6	10.7592	163.6864	5.1877	3
251.7	10.7485	162.8274	5.1829	3
251.8	10.738	161.8784	5.1626	3
251.9	10.7278	161.0536	5.1551	3
252	10.7175	160.2571	5.1643	3
252.1	10.7075	159.305	5.1653	3
252.2	10.6979	158.4405	5.168	3
252.3	10.6885	157.531	5.1703	3
252.4	10.679	156.672	5.1689	3
252.5	10.6695	155.8944	5.1609	3
252.6	10.6601	155.0466	5.157	3
252.7	10.6507	154.2529	5.1769	3
252.8	10.6412	153.4373	5.1908	3
252.9	10.6313	152.7076	5.196	3
253	10.6211	151.8629	5.1787	3
253.1	10.6106	151.0815	5.1752	3
253.2	10.5999	150.3982	5.1814	3
253.3	10.589	149.5439	5.1687	3
253.4	10.5782	148.6632	5.1673	3
253.5	10.5675	147.9096	5.1616	3
253.6	10.5564	147.1128	5.1376	3
253.7	10.5454	146.2506	5.1545	3
253.8	10.5345	145.4022	5.1686	3
253.9	10.5233	144.6045	5.1656	3
254	10.5121	143.8147	5.1763	3
254.1	10.5007	142.9992	5.1905	3
254.2	10.4891	142.1265	5.1834	3
254.3	10.4775	141.3444	5.1795	3
254.4	10.4658	140.4871	5.1717	3
254.5	10.4542	139.6347	5.1652	3
254.6	10.4427	138.8441	5.1635	3
254.7	10.4312	138.0307	5.1719	3
254.8	10.4196	137.1243	5.1721	3
254.9	10.4083	136.2657	5.1674	3
255	10.397	135.4488	5.1633	3
255.1	10.3853	134.639	5.1708	3
255.2	10.374	133.7608	5.1676	3
255.3	10.3632	132.8235	5.1662	3
255.4	10.3524	131.9759	5.167	3
255.5	10.3413	131.2577	5.1667	3
255.6	10.3304	130.2838	5.1685	3
255.7	10.3199	129.3652	5.165	3
255.8	10.3095	128.5867	5.1631	3
255.9	10.2988	127.8521	5.1605	3
256	10.2878	127.0815	5.1635	3
256.1	10.2765	126.2772	5.1641	3
256.2	10.2651	125.5019	5.1741	3
256.3	10.2532	124.8191	5.1916	3
256.4	10.241	123.9262	5.2048	3
256.5	10.229	123.1053	5.206	3
256.6	10.2172	122.3091	5.2168	3
256.7	10.2052	121.4294	5.2074	3
256.8	10.1932	120.5822	5.1929	3
256.9	10.1813	119.7602	5.1918	3
257	10.169	118.9989	5.1861	3
257.1	10.1561	118.3042	5.1799	3
257.2	10.1431	117.3854	5.1811	3
257.3	10.1303	116.5403	5.1893	3
257.4	10.1178	115.6676	5.2006	3
257.5	10.1052	114.9237	5.194	3
257.6	10.0924	114.088	5.1663	3
257.7	10.0796	113.1903	5.1721	3
257.8	10.0667	112.4352	5.1781	3
257.9	10.0539	111.577	5.1747	3
258	10.0412	110.749	5.1782	3
258.1	10.0285	109.8744	5.1709	3
258.2	10.0157	109.0678	5.1712	3
258.3	10.0028	108.2555	5.1694	3
258.4	9.99	107.327	5.1672	3
258.5	9.9774	106.488	5.1565	3
258.6	9.965	105.643	5.1526	3
258.7	9.9524	104.8386	5.1496	3
258.8	9.94	103.9855	5.1443	3
258.9	9.9273	103.16	5.1355	3
259	9.9144	102.426	5.1335	3
259.1	9.9017	101.5408	5.1489	3
259.2	9.8888	100.7718	5.1528	3
259.3	9.8757	99.9239	5.1577	3
259.4	9.8624	99.1665	5.142	3
259.5	9.8492	98.3433	5.1345	3
259.6	9.836	97.4369	5.1447	3
259.7	9.8227	96.6856	5.1395	3
259.8	9.8092	95.8259	5.1343	3
259.9	9.7957	95.0426	5.1379	3
260	9.7821	94.3002	5.1326	3
260.1	9.7682	93.4049	5.136	3
260.2	9.7544	92.6652	5.1478	3
260.3	9.7407	91.7943	5.1667	3
260.4	9.7265	91.0089	5.1817	3
260.5	9.7124	90.1986	5.1833	3
260.6	9.6978	89.3299	5.1796	3
260.7	9.6836	88.5552	5.1697	3
260.8	9.6695	87.624	5.1678	3
260.9	9.6553	86.7775	5.1681	3
261	9.6409	86.0024	5.1683	3
261.1	9.6266	85.1705	5.1735	3
261.2	9.6124	84.3618	5.1826	3
261.3	9.5982	83.5396	5.1878	3
261.4	9.5839	82.6028	5.1859	3
261.5	9.5699	81.8153	5.1766	3
261.6	9.556	80.8975	5.1702	3
261.7	9.5422	80.0072	5.1654	3
261.8	9.5285	79.3118	5.1604	3
261.9	9.5146	78.3988	5.1581	3
262	9.5007	77.5578	5.166	3
262.1	9.4869	76.7479	5.1671	3
262.2	9.473	75.797	5.1769	3
262.3	9.4597	75.0177	5.181	3
262.4	9.4462	74.2341	5.1914	3
262.5	9.4323	73.4066	5.1888	3
262.6	9.4182	72.647	5.191	3
262.7	9.4038	71.8525	5.2017	3
262.8	9.3893	71.0193	5.1941	3
262.9	9.3747	70.2338	5.1929	3
263	9.3602	69.3402	5.1874	3
263.1	9.3459	68.5865	5.1925	3
263.2	9.3311	67.7516	5.1969	3
263.3	9.316	66.9482	5.1855	3
263.4	9.3011	66.0981	5.1766	3
263.5	9.2864	65.2462	5.1636	3
263.6	9.2716	64.4721	5.1674	3
263.7	9.2567	63.6205	5.1892	3
263.8	9.2416	62.7782	5.1969	3
263.9	9.2265	62.0183	5.1934	3
264	9.2113	61.1353	5.1849	3
264.1	9.1963	60.3444	5.1769	3
264.2	9.1811	59.4472	5.1733	3
264.3	9.1659	58.6308	5.1726	3
264.4	9.1508	57.7917	5.1619	3
264.5	9.1358	56.9087	5.1587	3
264.6	9.1209	56.119	5.1579	3
264.7	9.1061	55.3151	5.1621	3
264.8	9.0909	54.4129	5.1703	3
264.9	9.0759	53.6422	5.1746	3
265	9.061	52.7708	5.1865	3
265.1	9.0461	51.9768	5.1926	3
265.2	9.031	51.1841	5.1899	3
265.3	9.0156	50.3652	5.1884	3
265.4	9.0002	49.4879	5.1872	3
265.5	8.985	48.6094	5.1777	3
265.6	8.9699	47.8718	5.1817	3
265.7	8.9548	47.0204	5.1868	3
265.8	8.9395	46.2083	5.1823	3
265.9	8.9241	45.345	5.1662	3
266	8.9085	44.5522	5.1588	3
266.1	8.8929	43.7147	5.1643	3
266.2	8.8772	42.8761	5.1731	3
266.3	8.8616	42.1154	5.1709	3
266.4	8.8461	41.2212	5.1664	3
266.5	8.8306	40.374	5.1686	3
266.6	8.8151	39.5566	5.1494	3
266.7	8.7996	38.719	5.1467	3
266.8	8.7839	37.9492	5.1595	3
266.9	8.768	37.2033	5.155	3
267	8.7519	36.3791	5.1716	3
267.1	8.7356	35.5865	5.1758	3
267.2	8.719	34.7661	5.1665	3
267.3	8.7021	33.9714	5.1743	3
267.4	8.6851	33.178	5.1784	3
267.5	8.668	32.4307	5.1689	3
267.6	8.6506	31.6229	5.1702	3
267.7	8.6329	30.7306	5.1655	3
267.8	8.6155	29.9246	5.1697	3
267.9	8.5979	29.1762	5.1649	3
268	8.5802	28.307	5.1593	3
268.1	8.5625	27.4815	5.1648	3
268.2	8.5445	26.6778	5.1604	3
268.3	8.5266	25.8385	5.1639	3
268.4	8.5087	25.0466	5.1616	3
268.5	8.4907	24.2092	5.1592	3
268.6	8.4727	23.3981	5.1635	3
268.7	8.4544	22.6192	5.1763	3
268.8	8.4359	21.7818	5.1718	3
268.9	8.4173	20.9192	5.1577	3
269	8.3991	20.1011	5.1664	3
269.1	8.3807	19.3119	5.1797	3
269.2	8.3617	18.5269	5.1716	3
269.3	8.3429	17.6944	5.1646	3
269.4	8.3242	16.8608	5.162	3
269.5	8.3054	16.0697	5.1735	3
269.6	8.2862	15.2888	5.1736	3
269.7	8.2666	14.5014	5.1819	3
269.8	8.2472	13.6478	5.1926	3
269.9	8.2279	12.8689	5.1944	3
270	8.2082	11.9999	5.1965	3
270.1	8.1883	11.2238	5.198	3
270.2	8.1685	10.404	5.1907	3
270.3	8.1485	9.6347	5.2029	4
270.4	8.1283	8.7865	5.2196	4
270.5	8.109	8.4199	5.214	4
270.6	8.0779	-0.2376	5.2012	4
270.7	7.9238	-52.0367	5.1914	4
270.8	7.5786	-111.3936	5.1866	4
270.9	7.1442	-130.3986	5.1714	4
271	6.6803	-130.4959	5.1734	4
271.1	6.2008	-123.6232	5.1708	4
271.2	5.7119	-113.0038	5.1709	4
271.3	5.2207	-105.9781	5.183	4
271.4	4.7269	-100.3804	5.1873	4
271.5	4.2288	-92.1543	5.1794	4
271.6	3.7273	-82.5149	5.1838	4
271.7	3.2235	-72.9027	5.1916	4
271.8	2.7181	-63.8721	5.1931	4
271.9	2.2123	-55.9759	5.1985	4
272	1.706	-49.3683	5.1842	4
272.1	1.1989	-44.2982	5.1795	4
272.2	0.6911	-40.0992	5.2003	4
272.3	0.1825	-36.2848	5.2004	4
272.4	-0.3259	-33.9371	5.1967	4
272.5	-0.8344	-32.1846	5.2014	4
272.6	-1.3442	-30.1106	5.1934	4
272.7	-1.8558	-27.2903	5.1846	4
272.8	-2.3678	-25.4454	5.1714	4
272.9	-2.8804	-24.0485	5.1629	4
273	-3.3928	-23.3253	5.159	4
273.1	-3.905	-23.0619	5.1644	4
273.2	-4.4172	-23.0472	5.1706	4
273.3	-4.9295	-23.2502	5.1685	4
273.4	-5.4427	-23.2116	5.1672	4
273.5	-5.9566	-22.729	5.1728	4
273.6	-6.4713	-22.0816	5.1775	4
273.7	-6.9859	-21.2049	5.181	4
273.8	-7.5	-20.4323	5.1828	4
273.9	-8.0133	-20.3574	5.1807	4
274	-8.5263	-20.1073	5.1818	4
274.1	-9.0402	-19.7406	5.1882	4
274.2	-9.5058	-19.4791	5.1933	4
274.3	-9.8116	-18.8859	5.1875	4
274.4	-10.0103	-18.4164	5.1919	4
274.5	-10.1887	-18.2587	5.197	4
274.6	-10.36	-18.2032	5.1869	4
274.7	-10.527	-18.2807	5.1788	4
274.8	-10.6916	-18.2505	5.1762	4
274.9	-10.8542	-18.2503	5.1697	4
275	-11.0156	-18.0754	5.1691	4
275.1	-11.1763	-17.9495	5.1738	4
275.2	-11.3366	-17.9975	5.1638	4
