Indentation

 + Advanced

+ Advanced
   Acquisition rate :	10.0 [Hz]
   Linear loading
   Max load :	1000.00 	µN
   Loading rate :	500.00 	µN/min
   Unloading rate :	500.00 	µN/min
   Pause :	30.0 s

+ TTX - UNHT Bio S/N: 1000136751 settings
   Fn contact : 25 µN
   Approach distance : 20 µm
   Approach speed : 100 µm/min
   Retract speed : 200 µm/min
   Retract time : 5 sec
   Dz sensor in large range
   Load in fine range
   FnRef in fine range
   FnRef contactload :500.000 µN
   Stiffness threshold : 1 µN/µm

   X Position :9782.20 µm
   Y Position :38924.97 µm
   Z Position :8206.56 µm

Date :6/9/2026
Time :3:08:09 PM

Analysis n # 1

   Method :	Hertz

 + Parameters

  Load Fit [10%,98%]

 + Main results

   EHz=	796.81 	kPa

 + Hypothesis


 + Additional results

   ErHz=	875.61 kPa
   h offset=	5.55 µm
   R2=	0.99

Analysis n # 2

   Method :	Oliver & Pharr

 + Parameters

  Unload Fit [40%,98%]

 + Main results

   HIT=	23.664 	kPa
   EIT=	789.06 	kPa
   E*=	867.1 	kPa

 + Hypothesis

   !!! Indenter not calibrated !!!
   m out of O&P hypothesis
   Poisson's ratio(nu)=	0.30 

 + Additional results

   HVIT=	0.0024123 	 Vickers
   CIT 0.001/120/30=	2.76 	%
   nIT=	70.54 %
   Fmax=	998.84 	µN
   hmax=	17.23 	µm
   S=	201.0117 	µN/µm
   F/S²=	0.0247 	µm²/µN
   hc=	13.62 	µm
   hr=	12.26 	µm
   hp=	3.38 	µm
   m=	2.7875 
   Epsilon=	0.73 
   R2=	0.999
   Ap=	42208.56 	µm²
   Welast=	3473.92 pJ
   Wplast=	1450.74 pJ
   Wtotal=	4924.67 pJ
   Er=	867.09 	kPa

Measured values
Time (s)	Pd (µm)	Fn (µN)	FnRef (µN)	SegmentID

0	0	0	5.0936	1
0.1	0.1774	0.4178	5.1036	1
0.2	0.3539	0.9284	5.1153	1
0.3	0.4984	1.3355	5.1053	1
0.4	0.5634	1.4082	5.1042	1
0.5	0.5898	1.3694	5.1064	1
0.6	0.6123	1.4218	5.1021	1
0.7	0.6346	1.4563	5.0966	1
0.8	0.6577	1.534	5.1002	1
0.9	0.6824	1.593	5.099	1
1	0.7091	1.7024	5.0992	1
1.1	0.7378	1.8997	5.1088	1
1.2	0.769	1.9612	5.1169	1
1.3	0.8029	2.0352	5.1069	1
1.4	0.84	2.1335	5.0979	1
1.5	0.8804	2.1826	5.1099	1
1.6	0.9238	2.3965	5.1242	1
1.7	0.9699	2.6705	5.1216	1
1.8	1.019	2.7681	5.124	1
1.9	1.0711	3.0759	5.1095	1
2	1.1261	3.2692	5.1109	1
2.1	1.184	3.554	5.104	1
2.2	1.2451	3.8658	5.0932	1
2.3	1.309	4.1256	5.0903	1
2.4	1.3756	4.5542	5.0901	1
2.5	1.4446	4.9611	5.0962	1
2.6	1.5163	5.3714	5.0861	1
2.7	1.5905	5.6944	5.0803	1
2.8	1.6673	6.2696	5.0678	1
2.9	1.746	6.7999	5.0621	1
3	1.8263	7.3745	5.0819	1
3.1	1.9083	7.9765	5.0847	1
3.2	1.9917	8.6952	5.0807	1
3.3	2.0768	9.2465	5.0834	1
3.4	2.1633	9.9142	5.0806	1
3.5	2.2511	10.6633	5.0898	1
3.6	2.3396	11.3357	5.0949	1
3.7	2.4291	12.0222	5.0874	1
3.8	2.52	12.7564	5.0802	1
3.9	2.6114	13.5602	5.0854	1
4	2.7028	14.4296	5.0889	1
4.1	2.7943	15.2522	5.0869	1
4.2	2.8863	16.1105	5.0891	1
4.3	2.9783	17.0266	5.0961	1
4.4	3.0702	17.9753	5.1049	1
4.5	3.1617	18.836	5.0956	1
4.6	3.2531	19.8016	5.0767	1
4.7	3.344	20.7587	5.085	1
4.8	3.4345	21.6645	5.0959	1
4.9	3.5247	22.641	5.1027	1
5	3.6144	23.5724	5.094	1
5.1	3.7034	24.5488	5.0835	1
5.2	3.7921	25.3921	5.0762	1
5.3	3.8802	26.4253	5.0719	1
5.4	3.9679	27.3383	5.0724	1
5.5	4.0549	28.2702	5.0773	1
5.6	4.1413	29.2515	5.0876	1
5.7	4.227	30.3062	5.0984	1
5.8	4.3115	31.3086	5.088	1
5.9	4.3947	32.4192	5.0813	1
6	4.4769	33.4503	5.0914	1
6.1	4.5579	34.551	5.0956	1
6.2	4.6374	35.6741	5.0964	1
6.3	4.7148	36.8312	5.0885	1
6.4	4.791	37.9738	5.086	1
6.5	4.8655	39.0388	5.0848	1
6.6	4.9384	40.2734	5.0936	1
6.7	5.0096	41.3841	5.0958	1
6.8	5.0793	42.5033	5.0989	1
6.9	5.1474	43.6141	5.1006	1
7	5.2138	44.7556	5.0928	1
7.1	5.2785	45.9154	5.0853	1
7.2	5.3413	47.0041	5.0901	1
7.3	5.4024	48.1245	5.1006	1
7.4	5.462	49.2789	5.1028	1
7.5	5.5196	50.4392	5.0922	1
7.6	5.5753	51.602	5.0798	1
7.7	5.6293	52.6702	5.0786	1
7.8	5.6812	53.8027	5.0849	1
7.9	5.7315	54.8843	5.0834	1
8	5.7808	55.9663	5.0887	1
8.1	5.8289	57.0068	5.0875	1
8.2	5.8754	58.0713	5.0839	1
8.3	5.9208	59.1575	5.0931	1
8.4	5.9652	60.166	5.0832	1
8.5	6.008	61.1503	5.0774	1
8.6	6.0495	62.2013	5.0845	1
8.7	6.0901	63.2708	5.0812	1
8.8	6.1295	64.1911	5.0666	1
8.9	6.168	65.226	5.0723	1
9	6.2057	66.1337	5.0728	1
9.1	6.2424	67.1517	5.087	1
9.2	6.2785	68.0611	5.0941	1
9.3	6.3137	69.0209	5.1002	1
9.4	6.348	69.9645	5.1045	1
9.5	6.382	70.8123	5.0907	1
9.6	6.4154	71.7492	5.0959	1
9.7	6.4485	72.6703	5.0983	1
9.8	6.4809	73.533	5.0945	1
9.9	6.5126	74.5111	5.0914	1
10	6.5438	75.4191	5.0951	1
10.1	6.5743	76.2634	5.0854	1
10.2	6.6047	77.1884	5.0777	1
10.3	6.6344	78.1151	5.0764	1
10.4	6.6636	79.027	5.0818	1
10.5	6.6923	79.8758	5.0976	1
10.6	6.721	80.7665	5.0957	1
10.7	6.7493	81.6678	5.092	1
10.8	6.777	82.5156	5.1013	1
10.9	6.8044	83.4199	5.1075	1
11	6.8316	84.2846	5.1189	1
11.1	6.8585	85.1828	5.1248	1
11.2	6.8849	86.0619	5.1146	1
11.3	6.9111	86.9295	5.1089	1
11.4	6.9371	87.8031	5.11	1
11.5	6.9632	88.6266	5.1127	1
11.6	6.9884	89.5751	5.115	1
11.7	7.0137	90.3639	5.1097	1
11.8	7.0387	91.2951	5.1197	1
11.9	7.0634	92.1158	5.1259	1
12	7.088	92.9629	5.1167	1
12.1	7.1123	93.8504	5.1058	1
12.2	7.1366	94.5988	5.107	1
12.3	7.1606	95.5529	5.1082	1
12.4	7.1846	96.4245	5.1129	1
12.5	7.2085	97.3065	5.1225	1
12.6	7.232	98.1581	5.1226	1
12.7	7.2553	99.0137	5.1322	1
12.8	7.2783	99.8379	5.1214	1
12.9	7.3014	100.6489	5.1117	1
13	7.3243	101.4999	5.1212	1
13.1	7.3472	102.3551	5.1221	1
13.2	7.3699	103.2756	5.1007	1
13.3	7.3923	104.0262	5.0994	1
13.4	7.4148	104.9062	5.1099	1
13.5	7.4375	105.7406	5.1002	1
13.6	7.4599	106.6749	5.1053	1
13.7	7.4817	107.5426	5.1255	1
13.8	7.5034	108.3806	5.136	1
13.9	7.5247	109.2764	5.1405	1
14	7.5459	110.1441	5.13	1
14.1	7.5671	110.9725	5.1288	1
14.2	7.5878	111.9409	5.137	1
14.3	7.6084	112.6814	5.1322	1
14.4	7.629	113.5616	5.1134	1
14.5	7.6492	114.3685	5.0987	1
14.6	7.6697	115.221	5.0994	1
14.7	7.6903	116.0672	5.0985	1
14.8	7.7106	116.9634	5.0968	1
14.9	7.7305	117.7924	5.0948	1
15	7.7504	118.6211	5.0982	1
15.1	7.7705	119.48	5.1092	1
15.2	7.7901	120.3285	5.1157	1
15.3	7.8098	121.2323	5.1263	1
15.4	7.829	122.0857	5.1188	1
15.5	7.8479	122.98	5.1276	1
15.6	7.8671	123.7813	5.1303	1
15.7	7.8859	124.6826	5.1192	1
15.8	7.9047	125.5565	5.1116	1
15.9	7.9232	126.3752	5.1144	1
16	7.9416	127.1945	5.1206	1
16.1	7.9602	128.0045	5.1224	1
16.2	7.9786	128.7777	5.1295	1
16.3	7.9972	129.6372	5.127	1
16.4	8.0161	130.4245	5.1159	1
16.5	8.035	131.3064	5.119	1
16.6	8.0538	132.1586	5.1107	1
16.7	8.0723	132.9775	5.1076	1
16.8	8.0906	133.8295	5.105	1
16.9	8.1093	134.6574	5.1053	1
17	8.1277	135.498	5.1369	1
17.1	8.1461	136.3433	5.1495	1
17.2	8.1644	137.1694	5.1308	1
17.3	8.1828	137.9382	5.1229	1
17.4	8.2012	138.7947	5.1171	1
17.5	8.2198	139.6317	5.1167	1
17.6	8.2383	140.5273	5.1151	1
17.7	8.2567	141.3165	5.1071	1
17.8	8.2749	142.1827	5.0941	1
17.9	8.2927	143.0063	5.1026	1
18	8.311	143.7419	5.0979	1
18.1	8.3296	144.5636	5.0754	1
18.2	8.3483	145.4525	5.0695	1
18.3	8.3665	146.3688	5.0715	1
18.4	8.3846	147.2669	5.0719	1
18.5	8.4021	148.1028	5.0859	1
18.6	8.4195	148.9582	5.0958	1
18.7	8.437	149.8962	5.1001	1
18.8	8.454	150.701	5.0974	1
18.9	8.4713	151.5538	5.1014	1
19	8.4884	152.405	5.0973	1
19.1	8.5051	153.2627	5.0906	1
19.2	8.5217	154.1341	5.0876	1
19.3	8.5385	154.8628	5.0849	1
19.4	8.5553	155.7732	5.0834	1
19.5	8.572	156.6125	5.0864	1
19.6	8.5889	157.361	5.085	1
19.7	8.6064	158.0532	5.0911	1
19.8	8.624	158.8691	5.086	1
19.9	8.6416	159.7187	5.0881	1
20	8.6593	160.5464	5.0769	1
20.1	8.6769	161.4137	5.0769	1
20.2	8.6943	162.2342	5.0731	1
20.3	8.7115	163.1346	5.0753	1
20.4	8.7287	163.9513	5.0839	1
20.5	8.7458	164.8558	5.082	1
20.6	8.7627	165.688	5.0681	1
20.7	8.7796	166.5614	5.0705	1
20.8	8.7965	167.4442	5.0745	1
20.9	8.8127	168.3229	5.0821	1
21	8.8288	169.1419	5.0902	1
21.1	8.845	170.0494	5.0881	1
21.2	8.861	170.8771	5.0896	1
21.3	8.877	171.7327	5.0877	1
21.4	8.8931	172.5349	5.0787	1
21.5	8.9093	173.3716	5.079	1
21.6	8.9254	174.2426	5.0864	1
21.7	8.9415	175.0441	5.0848	1
21.8	8.9577	175.8406	5.0836	1
21.9	8.9738	176.676	5.0845	1
22	8.99	177.5116	5.0847	1
22.1	9.006	178.3265	5.0815	1
22.2	9.0217	179.2056	5.0925	1
22.3	9.0376	180.054	5.096	1
22.4	9.0532	180.9219	5.1061	1
22.5	9.0688	181.7725	5.1032	1
22.6	9.0842	182.6072	5.086	1
22.7	9.0996	183.4158	5.0887	1
22.8	9.1148	184.2871	5.0808	1
22.9	9.13	185.1615	5.078	1
23	9.1454	186.0121	5.0784	1
23.1	9.1607	186.8153	5.0802	1
23.2	9.1761	187.6591	5.0927	1
23.3	9.1913	188.5165	5.0955	1
23.4	9.2065	189.3328	5.0966	1
23.5	9.2215	190.2308	5.0879	1
23.6	9.2362	191.0702	5.0963	1
23.7	9.2506	191.9435	5.1	1
23.8	9.265	192.7952	5.1016	1
23.9	9.2794	193.6654	5.1017	1
24	9.2936	194.5663	5.104	1
24.1	9.3077	195.3812	5.1132	1
24.2	9.3217	196.1924	5.1151	1
24.3	9.3359	196.9293	5.1135	1
24.4	9.3502	197.8397	5.1088	1
24.5	9.3644	198.6528	5.1094	1
24.6	9.3785	199.4878	5.1235	1
24.7	9.3928	200.3365	5.1198	1
24.8	9.4069	201.1645	5.1177	1
24.9	9.421	201.975	5.1201	1
25	9.4351	202.8001	5.1172	1
25.1	9.4494	203.6099	5.1163	1
25.2	9.4636	204.4964	5.1073	1
25.3	9.4776	205.3014	5.1021	1
25.4	9.4915	206.154	5.1107	1
25.5	9.5057	206.9802	5.1072	1
25.6	9.5196	207.8511	5.0906	1
25.7	9.5334	208.7466	5.0872	1
25.8	9.5469	209.6486	5.0875	1
25.9	9.5598	210.4613	5.0921	1
26	9.5732	211.3138	5.1055	1
26.1	9.5866	212.1952	5.1144	1
26.2	9.5996	212.9777	5.105	1
26.3	9.6128	213.739	5.1085	1
26.4	9.6264	214.6022	5.1235	1
26.5	9.6397	215.4326	5.1242	1
26.6	9.6531	216.2291	5.1262	1
26.7	9.6668	217.074	5.1322	1
26.8	9.6803	217.886	5.1346	1
26.9	9.6938	218.606	5.1335	1
27	9.7077	219.3519	5.1289	1
27.1	9.7224	220.1865	5.1335	1
27.2	9.7368	221.0773	5.1253	1
27.3	9.7508	221.9298	5.111	1
27.4	9.7647	222.7676	5.1077	1
27.5	9.7787	223.6185	5.1077	1
27.6	9.7926	224.5724	5.1085	1
27.7	9.8061	225.4441	5.1134	1
27.8	9.8194	226.339	5.1136	1
27.9	9.8322	227.1933	5.1072	1
28	9.8452	228.0456	5.1017	1
28.1	9.858	228.8585	5.097	1
28.2	9.8709	229.7136	5.1025	1
28.3	9.8838	230.5309	5.0998	1
28.4	9.8963	231.4572	5.0962	1
28.5	9.9088	232.2971	5.1037	1
28.6	9.9215	233.0231	5.0933	1
28.7	9.9343	233.8102	5.0987	1
28.8	9.9477	234.589	5.1156	1
28.9	9.9611	235.3661	5.1169	1
29	9.9745	236.239	5.1118	1
29.1	9.9879	237.092	5.1184	1
29.2	10.001	238.0361	5.1163	1
29.3	10.0138	238.8742	5.1055	1
29.4	10.0263	239.7366	5.1023	1
29.5	10.039	240.5331	5.1068	1
29.6	10.0517	241.3715	5.1127	1
29.7	10.0641	242.253	5.1079	1
29.8	10.0764	243.1373	5.1011	1
29.9	10.0884	243.9788	5.1012	1
30	10.1007	244.7666	5.1163	1
30.1	10.113	245.6551	5.1282	1
30.2	10.1251	246.5007	5.1179	1
30.3	10.1371	247.3561	5.1112	1
30.4	10.149	248.2212	5.0952	1
30.5	10.1608	249.085	5.0833	1
30.6	10.1721	249.9184	5.0876	1
30.7	10.1835	250.7344	5.1079	1
30.8	10.1952	251.5797	5.1076	1
30.9	10.2068	252.3967	5.0996	1
31	10.2184	253.2695	5.1052	1
31.1	10.2297	254.1157	5.1012	1
31.2	10.241	254.9557	5.0937	1
31.3	10.2523	255.6891	5.1008	1
31.4	10.2638	256.5478	5.0926	1
31.5	10.2753	257.4249	5.0914	1
31.6	10.2868	258.208	5.0996	1
31.7	10.2984	259.0112	5.0951	1
31.8	10.3102	259.8012	5.0839	1
31.9	10.3222	260.5204	5.0805	1
32	10.3344	261.4487	5.0806	1
32.1	10.3467	262.2556	5.0918	1
32.2	10.359	262.9944	5.0905	1
32.3	10.3716	263.7912	5.0797	1
32.4	10.3843	264.6628	5.0787	1
32.5	10.3968	265.5102	5.0848	1
32.6	10.4092	266.3404	5.0748	1
32.7	10.4216	267.1887	5.0705	1
32.8	10.434	268.0873	5.0835	1
32.9	10.4463	268.9046	5.0881	1
33	10.4587	269.6649	5.0876	1
33.1	10.4709	270.5745	5.0864	1
33.2	10.4831	271.5212	5.086	1
33.3	10.495	272.2733	5.0793	1
33.4	10.5072	273.0473	5.0818	1
33.5	10.5195	273.8772	5.0996	1
33.6	10.5315	274.8128	5.1069	1
33.7	10.5432	275.7615	5.1044	1
33.8	10.5544	276.5687	5.0987	1
33.9	10.5658	277.4542	5.0952	1
34	10.577	278.2547	5.0914	1
34.1	10.5882	279.0844	5.0994	1
34.2	10.5995	279.9637	5.1062	1
34.3	10.6105	280.8139	5.0968	1
34.4	10.6216	281.6446	5.0886	1
34.5	10.6325	282.4674	5.0786	1
34.6	10.6436	283.3121	5.0845	1
34.7	10.655	284.0811	5.0944	1
34.8	10.6665	284.914	5.0885	1
34.9	10.6775	285.7678	5.0741	1
35	10.6884	286.6089	5.0797	1
35.1	10.6993	287.4909	5.0909	1
35.2	10.7104	288.2336	5.0852	1
35.3	10.7214	289.1069	5.0732	1
35.4	10.7323	289.9665	5.0692	1
35.5	10.7433	290.8379	5.0757	1
35.6	10.7544	291.6211	5.0853	1
35.7	10.7654	292.4732	5.0914	1
35.8	10.7762	293.3464	5.106	1
35.9	10.787	294.1875	5.1051	1
36	10.7977	295.0789	5.1038	1
36.1	10.8082	295.8685	5.0913	1
36.2	10.8187	296.6704	5.0779	1
36.3	10.8294	297.5022	5.0721	1
36.4	10.8401	298.3615	5.0745	1
36.5	10.8505	299.2741	5.069	1
36.6	10.8607	300.0893	5.0694	1
36.7	10.8711	300.9145	5.0669	1
36.8	10.8814	301.6796	5.0669	1
36.9	10.892	302.5242	5.0634	1
37	10.9025	303.3828	5.0624	1
37.1	10.9128	304.2537	5.0813	1
37.2	10.9232	305.0641	5.0856	1
37.3	10.9333	305.9647	5.0796	1
37.4	10.9434	306.8011	5.0963	1
37.5	10.9535	307.6004	5.1131	1
37.6	10.9638	308.4429	5.0799	1
37.7	10.9739	309.2313	5.0613	1
37.8	10.9843	310.0617	5.0762	1
37.9	10.9946	310.8724	5.0851	1
38	11.0049	311.7021	5.0875	1
38.1	11.0152	312.4948	5.0965	1
38.2	11.0258	313.3774	5.0977	1
38.3	11.0363	314.1642	5.0896	1
38.4	11.0464	315.0948	5.078	1
38.5	11.0565	315.8896	5.0799	1
38.6	11.0668	316.7827	5.0797	1
38.7	11.0769	317.6267	5.0704	1
38.8	11.0867	318.4554	5.065	1
38.9	11.0965	319.3441	5.0611	1
39	11.1064	320.1257	5.0638	1
39.1	11.1165	320.961	5.0746	1
39.2	11.1265	321.8174	5.0826	1
39.3	11.136	322.7084	5.0915	1
39.4	11.1454	323.5652	5.0925	1
39.5	11.155	324.3319	5.0899	1
39.6	11.1645	325.2173	5.0824	1
39.7	11.1739	326.0496	5.0788	1
39.8	11.1834	326.8423	5.0677	1
39.9	11.193	327.6862	5.0721	1
40	11.2027	328.4256	5.0782	1
40.1	11.2127	329.2862	5.0835	1
40.2	11.2228	330.1034	5.074	1
40.3	11.2328	330.8866	5.0669	1
40.4	11.243	331.751	5.0719	1
40.5	11.2528	332.6037	5.0911	1
40.6	11.2624	333.4518	5.1058	1
40.7	11.2722	334.3591	5.1105	1
40.8	11.2821	335.1663	5.107	1
40.9	11.2915	336.0454	5.1029	1
41	11.3009	336.8487	5.1068	1
41.1	11.3106	337.7206	5.1092	1
41.2	11.32	338.5693	5.1001	1
41.3	11.3297	339.3112	5.0895	1
41.4	11.3392	340.129	5.0823	1
41.5	11.3488	341.0027	5.0775	1
41.6	11.3585	341.7779	5.0859	1
41.7	11.3681	342.6012	5.0938	1
41.8	11.378	343.5038	5.0962	1
41.9	11.3874	344.2954	5.1003	1
42	11.397	345.1397	5.1056	1
42.1	11.4066	345.9685	5.1086	1
42.2	11.4161	346.8135	5.1057	1
42.3	11.4257	347.6849	5.098	1
42.4	11.4353	348.449	5.0866	1
42.5	11.4449	349.2793	5.073	1
42.6	11.4547	350.1817	5.0752	1
42.7	11.4641	351.0299	5.0839	1
42.8	11.4735	351.8654	5.09	1
42.9	11.4828	352.7475	5.0799	1
43	11.492	353.6255	5.0804	1
43.1	11.5008	354.5332	5.0928	1
43.2	11.5096	355.3054	5.08	1
43.3	11.5184	356.0457	5.0623	1
43.4	11.5274	356.9462	5.0693	1
43.5	11.5365	357.8006	5.0829	1
43.6	11.5451	358.6494	5.0822	1
43.7	11.5538	359.5166	5.096	1
43.8	11.5627	360.2631	5.0951	1
43.9	11.5715	361.1798	5.0803	1
44	11.5801	361.9872	5.0745	1
44.1	11.5885	362.8545	5.079	1
44.2	11.5974	363.6062	5.0765	1
44.3	11.6061	364.505	5.0737	1
44.4	11.6147	365.3405	5.0729	1
44.5	11.6233	366.1691	5.0664	1
44.6	11.6319	366.9445	5.0761	1
44.7	11.6409	367.8605	5.0876	1
44.8	11.6493	368.747	5.0831	1
44.9	11.6575	369.5777	5.0808	1
45	11.6658	370.3415	5.0857	1
45.1	11.6743	371.1586	5.0878	1
45.2	11.6826	372.0252	5.0982	1
45.3	11.6908	372.8698	5.0947	1
45.4	11.6993	373.6917	5.0904	1
45.5	11.7079	374.4703	5.1053	1
45.6	11.7167	375.3887	5.1197	1
45.7	11.7252	376.2104	5.1071	1
45.8	11.7335	377.0473	5.0962	1
45.9	11.7419	377.8346	5.0806	1
46	11.7503	378.7524	5.0954	1
46.1	11.7583	379.5704	5.1068	1
46.2	11.7663	380.3813	5.1067	1
46.3	11.7742	381.2528	5.1101	1
46.4	11.7822	382.105	5.107	1
46.5	11.79	382.9579	5.1025	1
46.6	11.7977	383.8865	5.0897	1
46.7	11.8053	384.6567	5.0898	1
46.8	11.8128	385.5419	5.0965	1
46.9	11.8204	386.3591	5.0985	1
47	11.8279	387.1129	5.0997	1
47.1	11.8356	388.0063	5.0986	1
47.2	11.8433	388.8285	5.0823	1
47.3	11.8508	389.7077	5.0681	1
47.4	11.8581	390.4964	5.0779	1
47.5	11.8655	391.3426	5.0838	1
47.6	11.873	392.1763	5.0774	1
47.7	11.8804	392.9894	5.0722	1
47.8	11.888	393.8486	5.0707	1
47.9	11.8956	394.6236	5.0771	1
48	11.903	395.5165	5.0858	1
48.1	11.9104	396.4235	5.0878	1
48.2	11.9177	397.1625	5.0819	1
48.3	11.9249	398.1171	5.0954	1
48.4	11.9322	398.8724	5.0879	1
48.5	11.9396	399.6733	5.0893	1
48.6	11.9471	400.424	5.0912	1
48.7	11.9549	401.2993	5.0782	1
48.8	11.9625	402.1499	5.0848	1
48.9	11.9703	402.8693	5.0801	1
49	11.9787	403.6372	5.0747	1
49.1	11.9871	404.451	5.0682	1
49.2	11.9955	405.2756	5.0769	1
49.3	12.0038	406.0813	5.0796	1
49.4	12.0122	406.9776	5.0783	1
49.5	12.0205	407.8421	5.0824	1
49.6	12.0283	408.728	5.0761	1
49.7	12.0361	409.6156	5.0759	1
49.8	12.044	410.3948	5.0811	1
49.9	12.0518	411.3039	5.0797	1
50	12.0591	412.2085	5.0777	1
50.1	12.0663	413.0637	5.0758	1
50.2	12.0735	413.8074	5.0881	1
50.3	12.0811	414.6885	5.0918	1
50.4	12.0889	415.3613	5.0761	1
50.5	12.0971	416.0929	5.0805	1
50.6	12.1056	416.8952	5.0826	1
50.7	12.114	417.8458	5.0798	1
50.8	12.1217	418.812	5.0741	1
50.9	12.1296	419.5659	5.0701	1
51	12.1373	420.459	5.0791	1
51.1	12.1447	421.4394	5.0847	1
51.2	12.1516	422.24	5.0909	1
51.3	12.1583	423.1056	5.0921	1
51.4	12.1653	423.9545	5.0867	1
51.5	12.1723	424.8171	5.0784	1
51.6	12.1789	425.6284	5.0765	1
51.7	12.1858	426.3727	5.0756	1
51.8	12.1929	427.2257	5.0629	1
51.9	12.2001	428.0264	5.0539	1
52	12.2073	428.8343	5.0519	1
52.1	12.2148	429.6264	5.0558	1
52.2	12.2225	430.401	5.0641	1
52.3	12.2303	431.2698	5.0704	1
52.4	12.238	432.091	5.0771	1
52.5	12.2456	432.9465	5.0831	1
52.6	12.2532	433.7924	5.0764	1
52.7	12.2605	434.6527	5.0724	1
52.8	12.2675	435.5408	5.0747	1
52.9	12.2748	436.3626	5.0616	1
53	12.2821	437.2095	5.0604	1
53.1	12.2889	438.1216	5.0564	1
53.2	12.2956	438.8911	5.0648	1
53.3	12.3028	439.6402	5.0813	1
53.4	12.3103	440.4383	5.0642	1
53.5	12.3177	441.2009	5.0518	1
53.6	12.3256	442.0673	5.0538	1
53.7	12.3337	442.8244	5.0611	1
53.8	12.3417	443.6546	5.0569	1
53.9	12.3496	444.5861	5.0597	1
54	12.3572	445.4408	5.0635	1
54.1	12.3647	446.2608	5.0703	1
54.2	12.3723	447.0669	5.074	1
54.3	12.3798	448.0198	5.0654	1
54.4	12.3876	448.752	5.0757	1
54.5	12.3953	449.5547	5.0828	1
54.6	12.4032	450.3635	5.0794	1
54.7	12.4109	451.2694	5.0872	1
54.8	12.4184	452.1057	5.0998	1
54.9	12.4258	452.9318	5.0944	1
55	12.4333	453.835	5.0885	1
55.1	12.4407	454.7076	5.083	1
55.2	12.448	455.4896	5.0645	1
55.3	12.4553	456.3285	5.0766	1
55.4	12.4632	457.0934	5.0813	1
55.5	12.4713	457.7839	5.0767	1
55.6	12.4796	458.6017	5.0828	1
55.7	12.4878	459.4691	5.0839	1
55.8	12.496	460.278	5.0913	1
55.9	12.5044	460.9648	5.0727	1
56	12.5134	461.7358	5.0666	1
56.1	12.5227	462.5784	5.0753	1
56.2	12.5311	463.6385	5.0813	1
56.3	12.5393	464.4777	5.0677	1
56.4	12.548	465.2136	5.061	1
56.5	12.557	466.0463	5.0557	1
56.6	12.5657	466.8135	5.0552	1
56.7	12.5743	467.7496	5.0613	1
56.8	12.5829	468.6418	5.0634	1
56.9	12.5912	469.4581	5.0458	1
57	12.5997	470.3053	5.0465	1
57.1	12.6079	471.1055	5.0651	1
57.2	12.6162	471.8877	5.0695	1
57.3	12.6245	472.8547	5.0647	1
57.4	12.6327	473.7398	5.0589	1
57.5	12.6407	474.5745	5.0498	1
57.6	12.6487	475.386	5.0558	1
57.7	12.6564	476.3024	5.0753	1
57.8	12.664	477.1643	5.0769	1
57.9	12.6714	477.9907	5.0797	1
58	12.6784	478.9352	5.0769	1
58.1	12.6852	479.7959	5.0723	1
58.2	12.6922	480.5494	5.0786	1
58.3	12.6994	481.3283	5.0845	1
58.4	12.7068	482.1875	5.0781	1
58.5	12.7141	482.9724	5.0585	1
58.6	12.7215	483.7591	5.0445	1
58.7	12.7288	484.6623	5.0428	1
58.8	12.7358	485.5194	5.0415	1
58.9	12.7431	486.3053	5.0446	1
59	12.7507	487.1496	5.0577	1
59.1	12.7583	487.9076	5.0624	1
59.2	12.766	488.8265	5.0546	1
59.3	12.7736	489.6131	5.0592	1
59.4	12.7816	490.276	5.066	1
59.5	12.79	491.1583	5.0677	1
59.6	12.7984	491.9388	5.0737	1
59.7	12.8067	492.8204	5.0738	1
59.8	12.8148	493.6468	5.0554	1
59.9	12.8228	494.4067	5.0475	1
60	12.8312	495.2092	5.0475	1
60.1	12.8396	496.0832	5.0483	1
60.2	12.8478	496.9598	5.0582	1
60.3	12.8559	497.9331	5.0683	1
60.4	12.8636	498.8824	5.077	1
60.5	12.8708	499.6553	5.0813	1
60.6	12.8781	500.4529	5.0672	1
60.7	12.8856	501.3187	5.061	1
60.8	12.893	502.1628	5.0656	1
60.9	12.9006	502.9662	5.0566	1
61	12.9082	503.8093	5.062	1
61.1	12.9158	504.5267	5.0582	1
61.2	12.9238	505.2711	5.0503	1
61.3	12.9319	506.1201	5.0626	1
61.4	12.94	507.0608	5.0715	1
61.5	12.9481	507.8453	5.0724	1
61.6	12.9561	508.6396	5.0671	1
61.7	12.964	509.5846	5.0792	1
61.8	12.9716	510.5097	5.0882	1
61.9	12.979	511.2796	5.0807	1
62	12.9867	512.1062	5.0664	1
62.1	12.9944	513.0306	5.0631	1
62.2	13.0016	513.8543	5.0844	1
62.3	13.0088	514.6277	5.0923	1
62.4	13.0163	515.4684	5.0832	1
62.5	13.0239	516.2868	5.0742	1
62.6	13.0313	517.113	5.0695	1
62.7	13.0385	517.924	5.0706	1
62.8	13.0462	518.7669	5.0632	1
62.9	13.0538	519.6407	5.0659	1
63	13.0613	520.4628	5.0886	1
63.1	13.0689	521.2488	5.1056	1
63.2	13.0764	522.1214	5.0916	1
63.3	13.0838	523.054	5.0718	1
63.4	13.0908	523.8709	5.0771	1
63.5	13.0978	524.6477	5.0802	1
63.6	13.1052	525.4765	5.0766	1
63.7	13.1123	526.3825	5.0721	1
63.8	13.1191	527.324	5.0805	1
63.9	13.1262	528.0133	5.0874	1
64	13.1332	528.8185	5.0822	1
64.1	13.14	529.7593	5.0882	1
64.2	13.1467	530.5531	5.0884	1
64.3	13.1537	531.4351	5.0765	1
64.4	13.1605	532.2516	5.0752	1
64.5	13.1669	533.0754	5.0754	1
64.6	13.1735	534.0214	5.0619	1
64.7	13.1802	534.8097	5.0647	1
64.8	13.1865	535.6795	5.0814	1
64.9	13.1928	536.4572	5.0843	1
65	13.1993	537.2734	5.0642	1
65.1	13.2061	538.1405	5.0583	1
65.2	13.2126	539.0632	5.064	1
65.3	13.2188	539.8541	5.0721	1
65.4	13.2253	540.5942	5.0705	1
65.5	13.2319	541.4133	5.0695	1
65.6	13.2388	542.2435	5.0845	1
65.7	13.2455	543.0455	5.0897	1
65.8	13.2524	543.8696	5.0766	1
65.9	13.259	544.7667	5.0674	1
66	13.2652	545.7574	5.0698	1
66.1	13.2713	546.6332	5.0733	1
66.2	13.2772	547.3767	5.074	1
66.3	13.2831	548.2795	5.0779	1
66.4	13.2889	549.1343	5.0835	1
66.5	13.2944	549.9151	5.08	1
66.6	13.3003	550.7211	5.074	1
66.7	13.3064	551.5384	5.0709	1
66.8	13.3127	552.3413	5.0747	1
66.9	13.3192	553.0029	5.0788	1
67	13.326	553.8603	5.081	1
67.1	13.3329	554.7071	5.0848	1
67.2	13.3399	555.4205	5.079	1
67.3	13.3471	556.2757	5.0757	1
67.4	13.3544	557.1203	5.0819	1
67.5	13.3616	557.9207	5.0889	1
67.6	13.3687	558.7279	5.0798	1
67.7	13.3761	559.5743	5.0751	1
67.8	13.3835	560.4724	5.0757	1
67.9	13.3904	561.39	5.0677	1
68	13.3973	562.2077	5.0669	1
68.1	13.4041	563.0477	5.0638	1
68.2	13.4106	564.0297	5.0652	1
68.3	13.4166	564.8711	5.072	1
68.4	13.4225	565.7551	5.0802	1
68.5	13.4284	566.6089	5.0764	1
68.6	13.434	567.4938	5.0777	1
68.7	13.4395	568.3115	5.0893	1
68.8	13.4453	569.0214	5.0676	1
68.9	13.4516	569.7714	5.0507	1
69	13.4585	570.4422	5.054	1
69.1	13.4657	571.2405	5.0423	1
69.2	13.4732	572.0721	5.0447	1
69.3	13.4806	572.9278	5.0553	1
69.4	13.488	573.7505	5.0651	1
69.5	13.4954	574.594	5.0639	1
69.6	13.5027	575.4611	5.0698	1
69.7	13.5098	576.3222	5.062	1
69.8	13.5169	577.2168	5.0665	1
69.9	13.5238	577.9398	5.0675	1
70	13.5312	578.7685	5.0781	1
70.1	13.5385	579.5574	5.09	1
70.2	13.5457	580.4118	5.097	1
70.3	13.553	581.2589	5.0816	1
70.4	13.5604	582.0639	5.0725	1
70.5	13.568	582.8794	5.0784	1
70.6	13.5755	583.7839	5.0799	1
70.7	13.5828	584.6098	5.0769	1
70.8	13.5903	585.4326	5.0743	1
70.9	13.5977	586.2964	5.0709	1
71	13.6047	587.1735	5.0633	1
71.1	13.6117	588.0013	5.0555	1
71.2	13.6189	588.7576	5.0417	1
71.3	13.6263	589.6058	5.0395	1
71.4	13.6335	590.4685	5.0484	1
71.5	13.6407	591.2397	5.0549	1
71.6	13.6479	592.1918	5.05	1
71.7	13.6552	592.9687	5.0623	1
71.8	13.662	593.8918	5.0623	1
71.9	13.6686	594.8173	5.0517	1
72	13.6751	595.5825	5.0462	1
72.1	13.6816	596.4051	5.0509	1
72.2	13.6886	597.155	5.0561	1
72.3	13.6954	597.9544	5.0532	1
72.4	13.7025	598.8818	5.0557	1
72.5	13.7096	599.6725	5.0562	1
72.6	13.7162	600.5929	5.0652	1
72.7	13.7229	601.4475	5.0716	1
72.8	13.7293	602.2773	5.0719	1
72.9	13.7356	603.2327	5.0527	1
73	13.7419	603.9462	5.05	1
73.1	13.7479	604.8216	5.0601	1
73.2	13.7536	605.6186	5.0634	1
73.3	13.7594	606.3747	5.0556	1
73.4	13.7658	607.3171	5.0572	1
73.5	13.7724	608.1346	5.062	1
73.6	13.7785	609.0899	5.0719	1
73.7	13.7842	609.9757	5.0631	1
73.8	13.7897	610.771	5.0542	1
73.9	13.7957	611.5292	5.061	1
74	13.8017	612.3906	5.0614	1
74.1	13.8074	613.3156	5.0556	1
74.2	13.813	614.1017	5.0528	1
74.3	13.8187	614.9238	5.0666	1
74.4	13.8245	615.7618	5.0641	1
74.5	13.8301	616.6098	5.0521	1
74.6	13.8358	617.4505	5.0459	1
74.7	13.8416	618.2092	5.0389	1
74.8	13.8474	619.0517	5.0399	1
74.9	13.8529	619.9662	5.0475	1
75	13.8584	620.8302	5.0526	1
75.1	13.8638	621.5569	5.0587	1
75.2	13.8692	622.436	5.0602	1
75.3	13.8749	623.3058	5.0473	1
75.4	13.8803	624.1616	5.0564	1
75.5	13.8858	624.9368	5.0703	1
75.6	13.8916	625.6943	5.0613	1
75.7	13.8974	626.5255	5.052	1
75.8	13.9037	627.2087	5.0451	1
75.9	13.9102	628.0744	5.0343	1
76	13.9167	628.9126	5.0474	1
76.1	13.9229	629.7207	5.0512	1
76.2	13.9294	630.635	5.0433	1
76.3	13.9361	631.3424	5.0521	1
76.4	13.9429	632.0836	5.0615	1
76.5	13.9499	632.9592	5.0531	1
76.6	13.9568	633.8125	5.0434	1
76.7	13.9637	634.6419	5.0449	1
76.8	13.9707	635.4619	5.0489	1
76.9	13.9775	636.3944	5.0608	1
77	13.9843	637.1747	5.0712	1
77.1	13.9909	638.0599	5.0682	1
77.2	13.9973	638.9082	5.0568	1
77.3	14.0038	639.8033	5.0483	1
77.4	14.0104	640.5489	5.0484	1
77.5	14.0174	641.2035	5.065	1
77.6	14.0255	641.9141	5.0718	1
77.7	14.0334	642.7789	5.0656	1
77.8	14.0413	643.6512	5.0671	1
77.9	14.0491	644.459	5.0702	1
78	14.0566	645.3574	5.0615	1
78.1	14.0641	646.2386	5.0637	1
78.2	14.0712	647.0949	5.0657	1
78.3	14.0786	647.922	5.0733	1
78.4	14.086	648.674	5.0802	1
78.5	14.0937	649.574	5.0722	1
78.6	14.1011	650.43	5.057	1
78.7	14.1081	651.3427	5.0528	1
78.8	14.1149	652.2072	5.0634	1
78.9	14.1218	652.9958	5.0726	1
79	14.1286	653.8433	5.0649	1
79.1	14.1355	654.6532	5.058	1
79.2	14.1423	655.4992	5.0661	1
79.3	14.1494	656.3072	5.0708	1
79.4	14.1564	657.1361	5.0651	1
79.5	14.1635	657.9898	5.056	1
79.6	14.1704	658.8311	5.0658	1
79.7	14.177	659.7182	5.0713	1
79.8	14.1837	660.612	5.0691	1
79.9	14.1904	661.4028	5.0714	1
80	14.1971	662.2044	5.0665	1
80.1	14.2037	663.137	5.0703	1
80.2	14.2101	663.9767	5.0794	1
80.3	14.2163	664.7552	5.0874	1
80.4	14.2227	665.6285	5.0913	1
80.5	14.2294	666.385	5.0798	1
80.6	14.2358	667.3118	5.0735	1
80.7	14.2423	668.1042	5.079	1
80.8	14.2488	668.8528	5.082	1
80.9	14.2556	669.6774	5.0854	1
81	14.2625	670.5229	5.0953	1
81.1	14.2691	671.44	5.1025	1
81.2	14.2757	672.2151	5.1005	1
81.3	14.2821	673.1738	5.0996	1
81.4	14.2885	673.9964	5.0994	1
81.5	14.2948	674.7299	5.0972	1
81.6	14.3011	675.7058	5.0914	1
81.7	14.3071	676.4578	5.0807	1
81.8	14.3135	677.3176	5.0699	1
81.9	14.3199	678.0808	5.0675	1
82	14.3264	678.9074	5.0706	1
82.1	14.3329	679.7737	5.0815	1
82.2	14.3392	680.6086	5.0752	1
82.3	14.3455	681.4807	5.0681	1
82.4	14.3516	682.3156	5.0743	1
82.5	14.3575	683.2267	5.0745	1
82.6	14.3634	684.0703	5.0777	1
82.7	14.3689	684.9554	5.0659	1
82.8	14.3746	685.7325	5.0763	1
82.9	14.38	686.5826	5.0845	1
83	14.3857	687.3885	5.0786	1
83.1	14.3913	688.2206	5.0711	1
83.2	14.3973	689.0944	5.082	1
83.3	14.4029	689.878	5.0967	1
83.4	14.4084	690.8008	5.0774	1
83.5	14.414	691.6705	5.074	1
83.6	14.4195	692.4355	5.0862	1
83.7	14.4252	693.2456	5.0824	1
83.8	14.4311	693.9736	5.084	1
83.9	14.4368	694.8653	5.0879	1
84	14.4426	695.7329	5.091	1
84.1	14.4485	696.4845	5.0803	1
84.2	14.4548	697.3155	5.0737	1
84.3	14.4609	698.1221	5.0751	1
84.4	14.4669	698.9898	5.0778	1
84.5	14.4726	699.9496	5.0954	1
84.6	14.4782	700.7207	5.101	1
84.7	14.4838	701.5882	5.0823	1
84.8	14.4895	702.3347	5.0604	1
84.9	14.4952	703.2042	5.0627	1
85	14.5009	704.0522	5.0717	1
85.1	14.5067	704.8325	5.0867	1
85.2	14.5126	705.6555	5.0876	1
85.3	14.5192	706.4112	5.0879	1
85.4	14.5258	707.2712	5.094	1
85.5	14.5322	708.0054	5.0882	1
85.6	14.5385	708.7978	5.0845	1
85.7	14.5453	709.6588	5.0833	1
85.8	14.552	710.5384	5.0872	1
85.9	14.5585	711.4619	5.0913	1
86	14.5647	712.2373	5.0772	1
86.1	14.5711	713.0888	5.0735	1
86.2	14.5774	713.9196	5.0745	1
86.3	14.5834	714.7414	5.083	1
86.4	14.5898	715.614	5.0874	1
86.5	14.5959	716.4501	5.0818	1
86.6	14.6019	717.2961	5.0886	1
86.7	14.6082	718.0876	5.0856	1
86.8	14.6146	718.9353	5.0828	1
86.9	14.6211	719.7026	5.0807	1
87	14.6274	720.6225	5.086	1
87.1	14.6339	721.4578	5.1006	1
87.2	14.64	722.3201	5.0952	1
87.3	14.6458	723.2698	5.0877	1
87.4	14.6513	724.0091	5.0767	1
87.5	14.6573	724.8636	5.0837	1
87.6	14.6636	725.6064	5.1018	1
87.7	14.6697	726.4825	5.0931	1
87.8	14.6758	727.3462	5.09	1
87.9	14.6818	728.0909	5.095	1
88	14.6882	728.8812	5.0963	1
88.1	14.6948	729.6706	5.0913	1
88.2	14.7009	730.6251	5.0896	1
88.3	14.707	731.5541	5.0977	1
88.4	14.7129	732.3158	5.1131	1
88.5	14.7188	733.1876	5.1073	1
88.6	14.7251	733.915	5.0966	1
88.7	14.7313	734.7733	5.0921	1
88.8	14.7375	735.6862	5.0968	1
88.9	14.7436	736.349	5.1085	1
89	14.7503	737.1732	5.1143	1
89.1	14.7571	737.9962	5.1035	1
89.2	14.7635	738.9259	5.0989	1
89.3	14.7698	739.7214	5.1104	1
89.4	14.7761	740.5356	5.1131	1
89.5	14.7826	741.3728	5.1108	1
89.6	14.7892	742.1788	5.1106	1
89.7	14.7958	743.0186	5.1001	1
89.8	14.8021	743.9717	5.0845	1
89.9	14.8084	744.7115	5.0867	1
90	14.8148	745.5797	5.0985	1
90.1	14.8215	746.368	5.1079	1
90.2	14.8281	747.157	5.112	1
90.3	14.8345	748.1449	5.113	1
90.4	14.8407	748.8159	5.1214	1
90.5	14.8472	749.7876	5.1304	1
90.6	14.8533	750.6911	5.118	1
90.7	14.8593	751.4238	5.1221	1
90.8	14.8657	752.3318	5.1293	1
90.9	14.8718	753.0892	5.1181	1
91	14.8782	753.8359	5.109	1
91.1	14.8857	754.4353	5.1013	1
91.2	14.8939	755.0755	5.0982	1
91.3	14.9024	756.0427	5.1105	1
91.4	14.9107	756.904	5.112	1
91.5	14.9187	757.7918	5.1147	1
91.6	14.9268	758.5784	5.1264	1
91.7	14.9349	759.4172	5.1218	1
91.8	14.9426	760.3834	5.1139	1
91.9	14.9499	761.2271	5.1102	1
92	14.9572	762.0659	5.1046	1
92.1	14.9644	762.9457	5.0864	1
92.2	14.9711	763.9022	5.0844	1
92.3	14.9774	764.794	5.1053	1
92.4	14.9837	765.6372	5.105	1
92.5	14.99	766.4575	5.0945	1
92.6	14.9965	767.2403	5.0898	1
92.7	15.0027	768.1432	5.0855	1
92.8	15.0089	768.9844	5.0934	1
92.9	15.015	769.873	5.1015	1
93	15.0208	770.7688	5.1176	1
93.1	15.0266	771.5663	5.1194	1
93.2	15.0326	772.3171	5.1109	1
93.3	15.0387	773.1398	5.0937	1
93.4	15.0449	773.9528	5.0845	1
93.5	15.0509	774.8948	5.0809	1
93.6	15.0565	775.7932	5.085	1
93.7	15.0621	776.6255	5.1035	1
93.8	15.0678	777.3372	5.11	1
93.9	15.0738	778.1388	5.1051	1
94	15.0799	778.9941	5.1005	1
94.1	15.0861	779.7469	5.0908	1
94.2	15.0927	780.5857	5.0941	1
94.3	15.0991	781.2933	5.0908	1
94.4	15.1055	782.3072	5.0909	1
94.5	15.1119	783.1074	5.1053	1
94.6	15.1184	783.8106	5.1032	1
94.7	15.1255	784.6607	5.0992	1
94.8	15.1324	785.4311	5.0993	1
94.9	15.1391	786.3196	5.1116	1
95	15.1462	787.0448	5.1227	1
95.1	15.1535	787.9123	5.1333	1
95.2	15.1605	788.8432	5.1289	1
95.3	15.1672	789.6514	5.1216	1
95.4	15.1741	790.3668	5.1102	1
95.5	15.1817	791.1135	5.0895	1
95.6	15.1896	791.944	5.0817	1
95.7	15.1976	792.7373	5.0821	1
95.8	15.206	793.4896	5.0853	1
95.9	15.2143	794.3855	5.0738	1
96	15.2224	795.2772	5.0744	1
96.1	15.2301	796.1597	5.0972	1
96.2	15.2378	797.0242	5.1028	1
96.3	15.2453	797.8512	5.097	1
96.4	15.2527	798.7047	5.0956	1
96.5	15.2601	799.6272	5.104	1
96.6	15.2675	800.4113	5.111	1
96.7	15.2747	801.3163	5.1115	1
96.8	15.2817	802.1759	5.1146	1
96.9	15.2887	803.0197	5.104	1
97	15.2957	803.9355	5.0906	1
97.1	15.3023	804.6335	5.0873	1
97.2	15.3089	805.6269	5.0968	1
97.3	15.3155	806.3742	5.101	1
97.4	15.322	807.2648	5.0962	1
97.5	15.3283	808.1229	5.1064	1
97.6	15.3345	808.976	5.1085	1
97.7	15.341	809.7543	5.1047	1
97.8	15.3477	810.5663	5.094	1
97.9	15.354	811.495	5.0958	1
98	15.3602	812.314	5.103	1
98.1	15.3661	813.2113	5.1017	1
98.2	15.372	814.0757	5.0953	1
98.3	15.3775	814.8943	5.0929	1
98.4	15.3833	815.7258	5.1058	1
98.5	15.3892	816.5629	5.0982	1
98.6	15.3946	817.5058	5.0894	1
98.7	15.4	818.2589	5.0994	1
98.8	15.4054	819.1296	5.1078	1
98.9	15.4108	820.004	5.0985	1
99	15.416	820.8465	5.0847	1
99.1	15.4212	821.6056	5.087	1
99.2	15.4268	822.4078	5.1062	1
99.3	15.4322	823.2347	5.1099	1
99.4	15.4376	824.1523	5.1029	1
99.5	15.4429	824.9346	5.0944	1
99.6	15.4484	825.7904	5.0839	1
99.7	15.4541	826.565	5.0816	1
99.8	15.4596	827.4516	5.0853	1
99.9	15.4651	828.2536	5.083	1
100	15.4706	829.0968	5.0689	1
100.1	15.4759	830.0414	5.053	1
100.2	15.481	830.8819	5.0627	1
100.3	15.4861	831.6233	5.0643	1
100.4	15.4914	832.4541	5.0729	1
100.5	15.4967	833.3274	5.0872	1
100.6	15.502	834.0512	5.0888	1
100.7	15.5073	834.8629	5.0852	1
100.8	15.5128	835.8307	5.0766	1
100.9	15.5181	836.6342	5.0666	1
101	15.5231	837.5021	5.0648	1
101.1	15.5281	838.4054	5.0663	1
101.2	15.533	839.1483	5.0808	1
101.3	15.5381	839.9558	5.088	1
101.4	15.5433	840.9572	5.0864	1
101.5	15.5479	841.7466	5.0787	1
101.6	15.5526	842.5438	5.0796	1
101.7	15.5576	843.3815	5.0863	1
101.8	15.5625	844.1613	5.0838	1
101.9	15.5676	844.9593	5.0866	1
102	15.5728	845.7907	5.0866	1
102.1	15.5781	846.6165	5.0863	1
102.2	15.5832	847.5476	5.0701	1
102.3	15.5878	848.3807	5.0664	1
102.4	15.5927	849.1111	5.0778	1
102.5	15.598	849.954	5.069	1
102.6	15.6034	850.7415	5.0701	1
102.7	15.6085	851.6454	5.0804	1
102.8	15.6136	852.5253	5.0831	1
102.9	15.6183	853.384	5.0694	1
103	15.6232	854.2023	5.0675	1
103.1	15.6281	854.8964	5.0722	1
103.2	15.6332	855.845	5.0718	1
103.3	15.6384	856.6565	5.0755	1
103.4	15.6435	857.3973	5.0677	1
103.5	15.649	858.1998	5.0557	1
103.6	15.6547	858.9811	5.059	1
103.7	15.6603	859.8506	5.0568	1
103.8	15.6658	860.7988	5.0766	1
103.9	15.6711	861.5942	5.0946	1
104	15.6764	862.422	5.0863	1
104.1	15.6818	863.1446	5.0843	1
104.2	15.688	863.7654	5.0707	1
104.3	15.6951	864.4912	5.0547	1
104.4	15.7032	865.1139	5.0632	1
104.5	15.7116	865.9611	5.055	1
104.6	15.7197	866.893	5.0596	1
104.7	15.7272	867.798	5.0719	1
104.8	15.7347	868.6715	5.0747	1
104.9	15.742	869.5499	5.0728	1
105	15.7489	870.429	5.0752	1
105.1	15.7556	871.3286	5.0747	1
105.2	15.7623	872.1958	5.0901	1
105.3	15.7685	873.0671	5.0836	1
105.4	15.7747	873.9227	5.0636	1
105.5	15.7811	874.6849	5.0676	1
105.6	15.7877	875.6102	5.0796	1
105.7	15.7945	876.4318	5.0816	1
105.8	15.801	877.2426	5.0911	1
105.9	15.8075	878.0112	5.0926	1
106	15.8141	878.6934	5.0807	1
106.1	15.8212	879.6077	5.0742	1
106.2	15.8284	880.3488	5.0854	1
106.3	15.8355	881.1989	5.094	1
106.4	15.8429	882.0544	5.0786	1
106.5	15.8502	882.9004	5.0713	1
106.6	15.857	883.855	5.0817	1
106.7	15.8641	884.5825	5.0918	1
106.8	15.8714	885.3462	5.085	1
106.9	15.8787	886.2871	5.0811	1
107	15.8856	887.1304	5.0875	1
107.1	15.8924	888.0052	5.0902	1
107.2	15.8996	888.7646	5.0867	1
107.3	15.9067	889.5156	5.0854	1
107.4	15.9137	890.4858	5.0797	1
107.5	15.9208	891.1964	5.0829	1
107.6	15.9276	892.1159	5.0734	1
107.7	15.9345	893.0368	5.0673	1
107.8	15.9412	893.8271	5.0779	1
107.9	15.9481	894.6985	5.0756	1
108	15.9551	895.4472	5.0666	1
108.1	15.9621	896.2644	5.0656	1
108.2	15.9691	897.129	5.0567	1
108.3	15.9762	897.8676	5.0399	1
108.4	15.9832	898.7354	5.0339	1
108.5	15.9902	899.7092	5.0437	1
108.6	15.9969	900.5386	5.0635	1
108.7	16.0037	901.3332	5.0495	1
108.8	16.0104	902.2076	5.0387	1
108.9	16.0169	903.089	5.0568	1
109	16.0236	903.8184	5.0677	1
109.1	16.0303	904.5884	5.0511	1
109.2	16.0367	905.598	5.0479	1
109.3	16.0432	906.3974	5.0481	1
109.4	16.05	907.2278	5.0447	1
109.5	16.0565	908.1438	5.0532	1
109.6	16.0627	909.0756	5.0599	1
109.7	16.0684	909.8667	5.0632	1
109.8	16.0745	910.6933	5.0725	1
109.9	16.0807	911.4307	5.0807	1
110	16.0867	912.3734	5.0697	1
110.1	16.0928	913.135	5.0708	1
110.2	16.0991	913.851	5.0742	1
110.3	16.1057	914.7391	5.0632	1
110.4	16.112	915.6097	5.0574	1
110.5	16.1183	916.5045	5.0696	1
110.6	16.1245	917.2642	5.0747	1
110.7	16.1307	918.1133	5.0708	1
110.8	16.1368	918.9699	5.0618	1
110.9	16.1426	919.7673	5.0554	1
111	16.149	920.5837	5.0617	1
111.1	16.1552	921.529	5.0817	1
111.2	16.161	922.4341	5.0816	1
111.3	16.1667	923.207	5.0679	1
111.4	16.1723	924.0436	5.0763	1
111.5	16.1783	924.871	5.0833	1
111.6	16.1838	925.7254	5.0824	1
111.7	16.1894	926.5878	5.094	1
111.8	16.1952	927.2981	5.0995	1
111.9	16.201	928.2042	5.102	1
112	16.2066	929.1238	5.095	1
112.1	16.212	929.9795	5.0801	1
112.2	16.2173	930.8517	5.0797	1
112.3	16.2224	931.6296	5.087	1
112.4	16.2274	932.5509	5.087	1
112.5	16.2323	933.3967	5.0903	1
112.6	16.2371	934.2076	5.0892	1
112.7	16.2419	935.078	5.0854	1
112.8	16.2467	935.8681	5.0842	1
112.9	16.2517	936.5843	5.0855	1
113	16.2572	937.414	5.0917	1
113.1	16.2628	938.2246	5.1072	1
113.2	16.2681	939.0904	5.1047	1
113.3	16.2735	939.973	5.0857	1
113.4	16.279	940.7494	5.0812	1
113.5	16.2845	941.5302	5.0796	1
113.6	16.29	942.3899	5.0875	1
113.7	16.2958	943.1576	5.0981	1
113.8	16.3017	943.9383	5.0964	1
113.9	16.3079	944.7429	5.093	1
114	16.3138	945.6808	5.0892	1
114.1	16.3195	946.6208	5.0785	1
114.2	16.3248	947.4206	5.0764	1
114.3	16.3298	948.3007	5.087	1
114.4	16.3349	949.1381	5.0844	1
114.5	16.34	949.9069	5.0748	1
114.6	16.3453	950.7637	5.0662	1
114.7	16.3507	951.6416	5.065	1
114.8	16.3561	952.3559	5.0684	1
114.9	16.3613	953.2436	5.0753	1
115	16.3666	954.1863	5.0758	1
115.1	16.3717	955.03	5.0767	1
115.2	16.3767	955.8176	5.0848	1
115.3	16.3817	956.6415	5.0754	1
115.4	16.3865	957.5528	5.0622	1
115.5	16.3911	958.4132	5.0581	1
115.6	16.3958	959.2337	5.0672	1
115.7	16.4008	959.9764	5.0666	1
115.8	16.4058	960.839	5.0661	1
115.9	16.4108	961.6495	5.0738	1
116	16.4157	962.4728	5.0794	1
116.1	16.4209	963.2782	5.0883	1
116.2	16.426	964.1126	5.0809	1
116.3	16.4313	964.9585	5.0747	1
116.4	16.4364	965.8208	5.0818	1
116.5	16.4414	966.5614	5.0811	1
116.6	16.4467	967.4268	5.0745	1
116.7	16.4519	968.2704	5.0739	1
116.8	16.457	969.2004	5.0748	1
116.9	16.4619	970.0399	5.0738	1
117	16.4666	970.8376	5.0837	1
117.1	16.4714	971.6844	5.0862	1
117.2	16.4761	972.5341	5.0936	1
117.3	16.4809	973.3504	5.0935	1
117.4	16.4858	974.1315	5.0838	1
117.5	16.4907	974.9549	5.0969	1
117.6	16.4958	975.7626	5.0935	1
117.7	16.5012	976.5895	5.0859	1
117.8	16.5065	977.4657	5.0899	1
117.9	16.5116	978.2426	5.0875	1
118	16.5169	979.1006	5.081	1
118.1	16.522	979.898	5.0808	1
118.2	16.5274	980.6569	5.0769	1
118.3	16.533	981.5114	5.082	1
118.4	16.5387	982.3469	5.0762	1
118.5	16.5441	983.1963	5.0778	1
118.6	16.5493	984.103	5.0838	1
118.7	16.5548	984.8315	5.0833	1
118.8	16.5605	985.6204	5.0847	1
118.9	16.5664	986.5074	5.087	1
119	16.5721	987.3377	5.0838	1
119.1	16.5777	988.1852	5.0791	1
119.2	16.5833	988.9505	5.0707	1
119.3	16.5889	989.8752	5.0673	1
119.4	16.5944	990.7127	5.0596	1
119.5	16.5998	991.525	5.0629	1
119.6	16.6053	992.3866	5.074	1
119.7	16.6107	993.2931	5.0786	1
119.8	16.616	994.1409	5.0774	1
119.9	16.6212	994.8898	5.0851	2
120	16.6265	995.6795	5.0822	2
120.1	16.6321	996.5373	5.0746	2
120.2	16.6375	997.3932	5.0898	2
120.3	16.6428	998.0289	5.104	2
120.4	16.648	998.408	5.0996	2
120.5	16.6528	998.4558	5.086	2
120.6	16.6577	998.3653	5.0865	2
120.7	16.6627	998.3477	5.0853	2
120.8	16.6677	998.4357	5.0889	2
120.9	16.6727	998.389	5.0924	2
121	16.6777	998.3209	5.083	2
121.1	16.683	998.3673	5.0734	2
121.2	16.688	998.3991	5.0684	2
121.3	16.6924	998.5352	5.0816	2
121.4	16.6964	998.6864	5.0932	2
121.5	16.7002	998.6078	5.0833	2
121.6	16.7038	998.6904	5.0836	2
121.7	16.707	998.7407	5.089	2
121.8	16.71	998.848	5.086	2
121.9	16.713	998.83	5.0855	2
122	16.7162	998.6525	5.0776	2
122.1	16.7196	998.5956	5.0848	2
122.2	16.7236	998.6082	5.0816	2
122.3	16.7275	998.5231	5.0874	2
122.4	16.7315	998.5549	5.0957	2
122.5	16.7355	998.5663	5.0873	2
122.6	16.7396	998.5231	5.083	2
122.7	16.744	998.5076	5.0925	2
122.8	16.7481	998.5458	5.0961	2
122.9	16.752	998.597	5.1088	2
123	16.756	998.5532	5.0905	2
123.1	16.7599	998.5595	5.0861	2
123.2	16.7637	998.6307	5.0888	2
123.3	16.7673	998.584	5.0742	2
123.4	16.7708	998.5995	5.0752	2
123.5	16.7743	998.6368	5.084	2
123.6	16.7777	998.736	5.0745	2
123.7	16.7812	998.6401	5.0739	2
123.8	16.7845	998.6791	5.0749	2
123.9	16.7879	998.7815	5.0717	2
124	16.7906	998.7452	5.0717	2
124.1	16.7935	998.7711	5.0848	2
124.2	16.7966	998.6586	5.0877	2
124.3	16.7995	998.7149	5.0941	2
124.4	16.8023	998.8744	5.0925	2
124.5	16.8046	998.8823	5.0918	2
124.6	16.8069	998.823	5.0829	2
124.7	16.8091	998.8805	5.082	2
124.8	16.8114	998.8699	5.0831	2
124.9	16.8138	998.8765	5.0803	2
125	16.8159	998.8823	5.0763	2
125.1	16.8181	998.8967	5.0686	2
125.2	16.8199	998.97	5.0674	2
125.3	16.8216	999.0057	5.065	2
125.4	16.8231	999.0028	5.0592	2
125.5	16.8247	998.999	5.0612	2
125.6	16.8263	998.9954	5.0744	2
125.7	16.8277	999.0352	5.0784	2
125.8	16.8292	998.996	5.076	2
125.9	16.8307	999.0041	5.0705	2
126	16.8321	999.1027	5.0752	2
126.1	16.8333	999.0763	5.0612	2
126.2	16.8345	998.9884	5.0563	2
126.3	16.836	999.0088	5.0513	2
126.4	16.8378	998.9343	5.0512	2
126.5	16.8396	998.8539	5.0548	2
126.6	16.8417	998.7986	5.0572	2
126.7	16.8442	998.778	5.0707	2
126.8	16.8466	998.8273	5.0782	2
126.9	16.8486	998.8443	5.0793	2
127	16.8505	998.821	5.0709	2
127.1	16.8526	998.8589	5.074	2
127.2	16.8545	998.9558	5.0925	2
127.3	16.8561	998.9255	5.0903	2
127.4	16.8579	998.897	5.0821	2
127.5	16.8602	998.8002	5.0785	2
127.6	16.8624	998.7635	5.0816	2
127.7	16.8648	998.7836	5.0755	2
127.8	16.8671	998.7745	5.0676	2
127.9	16.8693	998.8315	5.0696	2
128	16.8713	998.7714	5.0622	2
128.1	16.8735	998.8333	5.0681	2
128.2	16.8756	998.8842	5.0701	2
128.3	16.8772	998.9374	5.0681	2
128.4	16.8788	998.9931	5.0601	2
128.5	16.8805	998.9206	5.0547	2
128.6	16.8823	998.889	5.0458	2
128.7	16.8841	998.9085	5.0368	2
128.8	16.8858	998.8463	5.0507	2
128.9	16.8877	998.9955	5.0645	2
129	16.8893	998.85	5.0794	2
129.1	16.8911	998.9516	5.0804	2
129.2	16.8931	998.8609	5.082	2
129.3	16.8949	998.8212	5.0902	2
129.4	16.8969	998.8698	5.085	2
129.5	16.8988	998.825	5.081	2
129.6	16.9012	998.6974	5.074	2
129.7	16.9042	998.6295	5.0719	2
129.8	16.907	998.6582	5.0731	2
129.9	16.9097	998.7436	5.0658	2
130	16.9119	998.7818	5.0741	2
130.1	16.914	998.865	5.0689	2
130.2	16.916	998.8794	5.046	2
130.3	16.9177	998.8978	5.0522	2
130.4	16.9194	998.9268	5.0629	2
130.5	16.9209	998.9566	5.0684	2
130.6	16.9227	998.933	5.0844	2
130.7	16.9244	998.9182	5.0898	2
130.8	16.9259	998.9926	5.0957	2
130.9	16.9274	998.9197	5.0868	2
131	16.9288	998.934	5.0789	2
131.1	16.9303	998.9493	5.0758	2
131.2	16.9317	998.9091	5.0699	2
131.3	16.933	999.0261	5.0736	2
131.4	16.9341	998.9938	5.0711	2
131.5	16.9351	999.0257	5.0738	2
131.6	16.9361	999.0988	5.068	2
131.7	16.9372	998.9953	5.0632	2
131.8	16.9383	998.9882	5.0588	2
131.9	16.9393	999.0435	5.0679	2
132	16.9401	999.1642	5.0863	2
132.1	16.9409	999.0956	5.0831	2
132.2	16.9414	999.0516	5.0725	2
132.3	16.9421	999.2034	5.0641	2
132.4	16.9424	999.0829	5.0759	2
132.5	16.9428	999.1853	5.0844	2
132.6	16.9431	999.1654	5.0716	2
132.7	16.9433	999.1583	5.0672	2
132.8	16.9437	999.1429	5.0533	2
132.9	16.9442	999.1303	5.0608	2
133	16.9449	999.1237	5.0821	2
133.1	16.9455	999.1007	5.0837	2
133.2	16.9459	999.1513	5.0853	2
133.3	16.9464	999.1415	5.0987	2
133.4	16.9466	999.138	5.1166	2
133.5	16.9468	999.2144	5.1075	2
133.6	16.947	999.1372	5.1126	2
133.7	16.9474	999.1633	5.1258	2
133.8	16.9479	999.1278	5.1215	2
133.9	16.9481	999.1071	5.1215	2
134	16.9484	999.2067	5.1088	2
134.1	16.9487	999.1416	5.1029	2
134.2	16.9489	999.185	5.1094	2
134.3	16.9491	999.1938	5.1114	2
134.4	16.9492	999.0876	5.0998	2
134.5	16.9495	999.0904	5.1071	2
134.6	16.9502	999.0088	5.1048	2
134.7	16.9509	999.086	5.0931	2
134.8	16.9514	999.1908	5.0867	2
134.9	16.9517	999.1177	5.0908	2
135	16.952	999.1479	5.0978	2
135.1	16.9524	999.1175	5.0973	2
135.2	16.9526	999.1783	5.0973	2
135.3	16.9527	999.1644	5.0983	2
135.4	16.9528	999.1375	5.1025	2
135.5	16.9533	999.0641	5.1049	2
135.6	16.9538	999.0993	5.0919	2
135.7	16.9541	999.1848	5.0959	2
135.8	16.9541	999.213	5.1055	2
135.9	16.9538	999.3006	5.0986	2
136	16.9535	999.2656	5.0862	2
136.1	16.9531	999.2467	5.0792	2
136.2	16.9528	999.2244	5.0847	2
136.3	16.9526	999.218	5.0916	2
136.4	16.9525	999.1868	5.0987	2
136.5	16.9526	999.139	5.108	2
136.6	16.9529	999.2307	5.0943	2
136.7	16.9528	999.2003	5.0864	2
136.8	16.9528	999.1716	5.0744	2
136.9	16.9529	999.0647	5.0722	2
137	16.9533	999.0599	5.0755	2
137.1	16.9539	999.0759	5.0612	2
137.2	16.9543	999.0347	5.0691	2
137.3	16.9548	999.1187	5.0852	2
137.4	16.9552	999.114	5.0672	2
137.5	16.9554	999.1836	5.0589	2
137.6	16.9554	999.175	5.0628	2
137.7	16.9553	999.1976	5.0528	2
137.8	16.9556	999.0883	5.0315	2
137.9	16.9561	998.9939	5.0316	2
138	16.9567	999.0525	5.053	2
138.1	16.9571	999.0607	5.0573	2
138.2	16.9575	999.0976	5.0451	2
138.3	16.9578	999.0772	5.0416	2
138.4	16.9583	999.0914	5.0543	2
138.5	16.9586	999.0697	5.0631	2
138.6	16.9593	999.0635	5.0706	2
138.7	16.96	999.0067	5.081	2
138.8	16.9606	999.0863	5.0815	2
138.9	16.9608	999.0978	5.0874	2
139	16.9611	998.9964	5.0924	2
139.1	16.9618	999.022	5.0923	2
139.2	16.9622	999.16	5.0852	2
139.3	16.9621	999.189	5.0882	2
139.4	16.9621	999.1281	5.096	2
139.5	16.9623	999.0333	5.0829	2
139.6	16.963	999.0452	5.0839	2
139.7	16.9641	998.9572	5.0796	2
139.8	16.9651	999.0016	5.0762	2
139.9	16.966	998.8981	5.0852	2
140	16.9666	998.9631	5.076	2
140.1	16.9672	999.114	5.0654	2
140.2	16.9676	999.0681	5.0579	2
140.3	16.968	999.1372	5.0667	2
140.4	16.9681	999.0664	5.0728	2
140.5	16.9682	999.0677	5.0776	2
140.6	16.9685	999.1205	5.0766	2
140.7	16.9688	999.1097	5.0724	2
140.8	16.9691	999.0163	5.0724	2
140.9	16.9697	999.0382	5.0724	2
141	16.9701	999.0797	5.0752	2
141.1	16.9703	999.1957	5.0797	2
141.2	16.9705	999.0863	5.0725	2
141.3	16.9707	999.0698	5.0735	2
141.4	16.971	999.1176	5.0876	2
141.5	16.9711	999.1392	5.0891	2
141.6	16.9713	999.0884	5.0846	2
141.7	16.9719	998.9886	5.082	2
141.8	16.9728	998.9359	5.092	2
141.9	16.9737	998.9473	5.0849	2
142	16.9745	998.948	5.075	2
142.1	16.9753	998.9265	5.0811	2
142.2	16.9763	998.8756	5.076	2
142.3	16.9773	998.9662	5.0709	2
142.4	16.9783	998.9375	5.0827	2
142.5	16.9792	998.969	5.0746	2
142.6	16.9801	998.9889	5.0759	2
142.7	16.9806	999.0442	5.0775	2
142.8	16.9811	999.0357	5.0899	2
142.9	16.9819	998.8932	5.0985	2
143	16.9828	998.9546	5.0925	2
143.1	16.9838	999.0219	5.096	2
143.2	16.9844	999.0156	5.0906	2
143.3	16.985	998.9965	5.0849	2
143.4	16.9858	998.9149	5.0849	2
143.5	16.9867	998.88	5.0764	2
143.6	16.9878	998.942	5.0768	2
143.7	16.989	998.8931	5.0702	2
143.8	16.9908	998.7883	5.06	2
143.9	16.9925	998.7801	5.068	2
144	16.9941	998.7911	5.0872	2
144.1	16.9961	998.5935	5.0841	2
144.2	16.9985	998.5659	5.0749	2
144.3	17.0009	998.6666	5.0694	2
144.4	17.0029	998.7386	5.0777	2
144.5	17.0048	998.7552	5.0765	2
144.6	17.0066	998.743	5.0674	2
144.7	17.0084	998.747	5.0889	2
144.8	17.0102	998.8287	5.1056	2
144.9	17.0116	998.8175	5.0965	2
145	17.013	998.8291	5.0764	2
145.1	17.0146	998.8251	5.0883	2
145.2	17.0162	998.8237	5.0883	2
145.3	17.0181	998.8095	5.0628	2
145.4	17.0197	998.7985	5.0561	2
145.5	17.0211	998.8105	5.0733	2
145.6	17.0227	998.8121	5.0677	2
145.7	17.0245	998.7118	5.0597	2
145.8	17.0263	998.725	5.0619	2
145.9	17.028	998.9101	5.0734	2
146	17.0297	998.824	5.0795	2
146.1	17.0312	998.7772	5.0705	2
146.2	17.0329	998.8014	5.0498	2
146.3	17.0346	998.6778	5.0511	2
146.4	17.0365	998.8103	5.0599	2
146.5	17.0382	998.7269	5.062	2
146.6	17.0397	998.8606	5.0724	2
146.7	17.0411	998.829	5.0696	2
146.8	17.0427	998.805	5.0653	2
146.9	17.0443	998.8424	5.0671	2
147	17.046	998.7846	5.0755	2
147.1	17.0476	998.7905	5.0673	2
147.2	17.0493	998.7939	5.0673	2
147.3	17.0507	998.801	5.0705	2
147.4	17.0521	998.93	5.0617	2
147.5	17.0535	998.8124	5.0561	2
147.6	17.0549	998.896	5.0648	2
147.7	17.0564	998.8782	5.074	2
147.8	17.0577	998.8048	5.0774	2
147.9	17.059	998.8446	5.0838	2
148	17.0602	998.8784	5.0831	2
148.1	17.0613	998.9745	5.0818	2
148.2	17.0625	998.8988	5.0894	2
148.3	17.0636	998.8796	5.0888	2
148.4	17.065	998.8978	5.091	2
148.5	17.0665	998.7821	5.0979	2
148.6	17.0678	998.9409	5.106	2
148.7	17.069	998.9137	5.1028	2
148.8	17.0703	998.7772	5.0842	2
148.9	17.072	998.7702	5.0712	2
149	17.0738	998.7624	5.0803	2
149.1	17.0756	998.8343	5.0796	2
149.2	17.0769	998.895	5.0875	2
149.3	17.0778	998.9714	5.0944	2
149.4	17.0789	999.0534	5.1069	2
149.5	17.0799	998.8607	5.1085	2
149.6	17.081	998.8309	5.0917	2
149.7	17.0821	998.9146	5.0846	2
149.8	17.0832	998.9276	5.0958	2
149.9	17.0846	998.8489	5.1093	3
150	17.0862	998.84	5.1157	3
150.1	17.0875	998.8421	5.1066	3
150.2	17.0887	998.9101	5.0948	3
150.3	17.0898	998.8105	5.0987	3
150.4	17.0903	998.3261	5.0926	3
150.5	17.0907	997.6287	5.0985	3
150.6	17.0909	996.7051	5.1047	3
150.7	17.0912	995.8581	5.1094	3
150.8	17.0914	995.051	5.1115	3
150.9	17.0912	994.2965	5.1081	3
151	17.0909	993.5231	5.0973	3
151.1	17.0906	992.6618	5.1066	3
151.2	17.09	991.8974	5.1164	3
151.3	17.0894	991.1833	5.1078	3
151.4	17.0882	990.3422	5.1049	3
151.5	17.0867	989.6156	5.1026	3
151.6	17.0849	988.8255	5.0952	3
151.7	17.0828	988.0599	5.0942	3
151.8	17.081	987.1551	5.0912	3
151.9	17.0791	986.366	5.0909	3
152	17.0771	985.5818	5.0915	3
152.1	17.0747	984.658	5.0931	3
152.2	17.0727	983.8695	5.0983	3
152.3	17.0708	983.0128	5.1068	3
152.4	17.0687	982.1587	5.0992	3
152.5	17.067	981.2487	5.0958	3
152.6	17.0652	980.4514	5.0942	3
152.7	17.0633	979.7339	5.0933	3
152.8	17.0609	978.9193	5.0928	3
152.9	17.0584	978.1434	5.0886	3
153	17.056	977.2463	5.0794	3
153.1	17.0532	976.4995	5.0853	3
153.2	17.0502	975.7776	5.0996	3
153.3	17.047	974.8657	5.094	3
153.4	17.044	973.9908	5.0841	3
153.5	17.0412	973.197	5.0801	3
153.6	17.0382	972.488	5.0829	3
153.7	17.0347	971.6805	5.0692	3
153.8	17.031	970.7973	5.0614	3
153.9	17.0275	970.0534	5.0653	3
154	17.0242	969.1101	5.073	3
154.1	17.021	968.2263	5.0835	3
154.2	17.0178	967.3876	5.0787	3
154.3	17.0147	966.5283	5.0699	3
154.4	17.0116	965.6764	5.0779	3
154.5	17.0085	964.9255	5.0782	3
154.6	17.0056	964.0667	5.0697	3
154.7	17.0026	963.2438	5.0785	3
154.8	16.9995	962.3782	5.082	3
154.9	16.9967	961.425	5.0843	3
155	16.9943	960.5482	5.0799	3
155.1	16.992	959.8097	5.0644	3
155.2	16.9896	958.8678	5.0554	3
155.3	16.987	958.1232	5.0717	3
155.4	16.9841	957.3812	5.0869	3
155.5	16.9808	956.5431	5.0798	3
155.6	16.9778	955.7132	5.0734	3
155.7	16.9748	954.8559	5.0808	3
155.8	16.9717	954.1032	5.0685	3
155.9	16.9685	953.1628	5.0471	3
156	16.9655	952.402	5.0615	3
156.1	16.9625	951.6073	5.0762	3
156.2	16.9592	950.7074	5.071	3
156.3	16.9563	949.8139	5.0627	3
156.4	16.9534	948.9334	5.057	3
156.5	16.9508	948.1013	5.0709	3
156.6	16.9484	947.2491	5.0872	3
156.7	16.946	946.3987	5.0931	3
156.8	16.9436	945.5828	5.0909	3
156.9	16.9409	944.8085	5.0859	3
157	16.9379	944.0397	5.0824	3
157.1	16.9348	943.2866	5.0784	3
157.2	16.9314	942.4681	5.0756	3
157.3	16.9278	941.6782	5.0673	3
157.4	16.9239	940.8315	5.0713	3
157.5	16.9199	940.041	5.0712	3
157.6	16.916	939.2571	5.0769	3
157.7	16.9122	938.3558	5.0805	3
157.8	16.9085	937.5381	5.0753	3
157.9	16.9047	936.712	5.0719	3
158	16.9009	935.8766	5.0776	3
158.1	16.8971	934.9703	5.0773	3
158.2	16.8932	934.1895	5.076	3
158.3	16.8891	933.4982	5.0735	3
158.4	16.8847	932.5988	5.0751	3
158.5	16.8805	931.773	5.091	3
158.6	16.8766	930.8835	5.1002	3
158.7	16.8725	930.1126	5.1093	3
158.8	16.8684	929.3973	5.1075	3
158.9	16.864	928.4224	5.0968	3
159	16.8597	927.6071	5.0898	3
159.1	16.8557	926.7491	5.0897	3
159.2	16.8514	925.9649	5.0804	3
159.3	16.847	925.2363	5.0877	3
159.4	16.8425	924.2618	5.0916	3
159.5	16.8379	923.4634	5.0845	3
159.6	16.8337	922.5652	5.0858	3
159.7	16.8293	921.8387	5.0831	3
159.8	16.8251	920.9381	5.0837	3
159.9	16.821	920.1266	5.0948	3
160	16.8171	919.2661	5.0975	3
160.1	16.8132	918.3434	5.0948	3
160.2	16.8092	917.5476	5.0925	3
160.3	16.8055	916.6733	5.0773	3
160.4	16.8017	915.876	5.065	3
160.5	16.7977	915.095	5.0741	3
160.6	16.7936	914.199	5.0842	3
160.7	16.7895	913.4026	5.0796	3
160.8	16.7854	912.5898	5.0673	3
160.9	16.7813	911.7393	5.0699	3
161	16.7772	910.9606	5.0705	3
161.1	16.773	910.0355	5.0746	3
161.2	16.769	909.2256	5.0862	3
161.3	16.7651	908.3932	5.0862	3
161.4	16.7609	907.5903	5.0683	3
161.5	16.7568	906.7053	5.0617	3
161.6	16.7528	905.9235	5.0666	3
161.7	16.7491	904.9831	5.0621	3
161.8	16.7455	904.1518	5.0773	3
161.9	16.7417	903.4502	5.0837	3
162	16.7376	902.5851	5.0764	3
162.1	16.7332	901.6866	5.0773	3
162.2	16.7293	900.8156	5.0826	3
162.3	16.7257	899.8959	5.0694	3
162.4	16.7222	899.1802	5.0637	3
162.5	16.7185	898.327	5.0612	3
162.6	16.7148	897.3946	5.068	3
162.7	16.7111	896.6345	5.0623	3
162.8	16.7073	895.8093	5.071	3
162.9	16.7037	894.9859	5.0872	3
163	16.7001	894.0979	5.0918	3
163.1	16.6967	893.3038	5.0882	3
163.2	16.6931	892.4869	5.0888	3
163.3	16.6894	891.7	5.0843	3
163.4	16.6855	890.9064	5.0748	3
163.5	16.6815	889.9897	5.0762	3
163.6	16.6775	889.1946	5.0944	3
163.7	16.6735	888.3844	5.0971	3
163.8	16.6694	887.5675	5.0974	3
163.9	16.6656	886.6789	5.0956	3
164	16.6618	885.7546	5.0921	3
164.1	16.658	885.0874	5.092	3
164.2	16.6541	884.3063	5.0893	3
164.3	16.6501	883.3832	5.0953	3
164.4	16.6459	882.5933	5.0936	3
164.5	16.6416	881.7926	5.0821	3
164.6	16.637	880.967	5.0901	3
164.7	16.6324	880.1899	5.0969	3
164.8	16.6276	879.4121	5.0985	3
164.9	16.6225	878.6258	5.1032	3
165	16.6176	877.7563	5.1058	3
165.1	16.6125	876.9749	5.0939	3
165.2	16.6073	876.1525	5.0892	3
165.3	16.6025	875.1862	5.0997	3
165.4	16.5981	874.2511	5.0917	3
165.5	16.5937	873.5377	5.0872	3
165.6	16.5892	872.6943	5.0955	3
165.7	16.5848	871.7485	5.0961	3
165.8	16.581	870.7854	5.0907	3
165.9	16.5774	870.0058	5.0986	3
166	16.5738	869.0997	5.096	3
166.1	16.5707	868.0534	5.0931	3
166.2	16.5683	867.1478	5.0878	3
166.3	16.5661	866.3741	5.0875	3
166.4	16.5635	865.551	5.0831	3
166.5	16.5606	864.8544	5.0803	3
166.6	16.5577	863.9415	5.0759	3
166.7	16.5548	863.1641	5.0789	3
166.8	16.5517	862.3997	5.0865	3
166.9	16.5485	861.5236	5.0965	3
167	16.5453	860.6765	5.0932	3
167.1	16.5419	859.9305	5.0955	3
167.2	16.5379	859.2777	5.0957	3
167.3	16.534	858.2707	5.096	3
167.4	16.5304	857.4495	5.0928	3
167.5	16.5267	856.6523	5.0921	3
167.6	16.5227	855.941	5.0961	3
167.7	16.5183	855.1047	5.0982	3
167.8	16.5142	854.1987	5.0877	3
167.9	16.5099	853.5188	5.0849	3
168	16.5051	852.7014	5.0961	3
168.1	16.5003	851.843	5.0972	3
168.2	16.4957	851.0276	5.0775	3
168.3	16.491	850.2073	5.0782	3
168.4	16.4863	849.3409	5.0968	3
168.5	16.4817	848.5101	5.1092	3
168.6	16.4771	847.7877	5.1069	3
168.7	16.4724	846.856	5.0972	3
168.8	16.4678	845.9254	5.0958	3
168.9	16.4635	845.1115	5.1	3
169	16.4592	844.3017	5.1072	3
169.1	16.4548	843.4882	5.1	3
169.2	16.4505	842.6175	5.0868	3
169.3	16.4461	841.7351	5.104	3
169.4	16.4418	840.9481	5.1017	3
169.5	16.4373	840.1074	5.089	3
169.6	16.4329	839.3021	5.0938	3
169.7	16.4286	838.4231	5.0909	3
169.8	16.4241	837.6188	5.0827	3
169.9	16.4196	836.8565	5.0797	3
170	16.4149	836.0447	5.0914	3
170.1	16.4103	835.1455	5.1009	3
170.2	16.4059	834.2582	5.0967	3
170.3	16.4014	833.4813	5.0984	3
170.4	16.3968	832.7384	5.1123	3
170.5	16.3921	831.8414	5.1067	3
170.6	16.3876	831.0079	5.0925	3
170.7	16.3828	830.2021	5.09	3
170.8	16.378	829.3449	5.0888	3
170.9	16.3734	828.4461	5.0959	3
171	16.3689	827.6395	5.1029	3
171.1	16.3643	826.8271	5.0993	3
171.2	16.3594	825.975	5.089	3
171.3	16.3549	825.2212	5.0957	3
171.4	16.3505	824.2972	5.1086	3
171.5	16.3455	823.6622	5.1088	3
171.6	16.3402	822.838	5.1172	3
171.7	16.335	821.9234	5.1319	3
171.8	16.3303	821.0641	5.1242	3
171.9	16.3254	820.2531	5.1101	3
172	16.3203	819.3758	5.1061	3
172.1	16.3155	818.505	5.0931	3
172.2	16.3107	817.716	5.0837	3
172.3	16.3059	816.7811	5.0841	3
172.4	16.3014	815.9256	5.082	3
172.5	16.2972	815.0264	5.0954	3
172.6	16.2932	814.263	5.1041	3
172.7	16.289	813.512	5.1084	3
172.8	16.2843	812.6882	5.1126	3
172.9	16.2794	811.8411	5.1125	3
173	16.2746	811.0662	5.1206	3
173.1	16.2695	810.3224	5.1275	3
173.2	16.2643	809.4435	5.1149	3
173.3	16.2593	808.5574	5.1104	3
173.4	16.2547	807.6695	5.1112	3
173.5	16.2501	806.8149	5.1024	3
173.6	16.2455	805.9788	5.0992	3
173.7	16.241	805.0525	5.1095	3
173.8	16.2365	804.3113	5.1019	3
173.9	16.2318	803.5166	5.103	3
174	16.2269	802.6773	5.1199	3
174.1	16.2222	801.9396	5.1124	3
174.2	16.2173	801.069	5.0852	3
174.3	16.2124	800.2627	5.0697	3
174.4	16.2073	799.3846	5.0859	3
174.5	16.2023	798.61	5.0959	3
174.6	16.1973	797.7246	5.096	3
174.7	16.1922	796.8858	5.1048	3
174.8	16.1875	796.0278	5.0938	3
174.9	16.1828	795.1058	5.0815	3
175	16.1786	794.2827	5.0899	3
175.1	16.1742	793.5472	5.0863	3
175.2	16.1692	792.8082	5.0999	3
175.3	16.1642	791.8463	5.1187	3
175.4	16.1593	791.0875	5.1162	3
175.5	16.1545	790.1879	5.1031	3
175.6	16.1497	789.3259	5.0977	3
175.7	16.1451	788.5355	5.0932	3
175.8	16.1403	787.721	5.0917	3
175.9	16.135	787.0162	5.0936	3
176	16.1297	786.0687	5.0847	3
176.1	16.1243	785.2809	5.0764	3
176.2	16.119	784.4996	5.0744	3
176.3	16.1136	783.666	5.0797	3
176.4	16.1082	782.8526	5.0823	3
176.5	16.1028	781.954	5.076	3
176.6	16.0975	781.1206	5.0847	3
176.7	16.0925	780.1568	5.0956	3
176.8	16.0875	779.3662	5.0917	3
176.9	16.0825	778.6802	5.0936	3
177	16.0775	777.7249	5.0987	3
177.1	16.0728	776.8301	5.1121	3
177.2	16.0682	775.9668	5.1055	3
177.3	16.0633	775.2816	5.0996	3
177.4	16.0581	774.4122	5.1002	3
177.5	16.0529	773.6356	5.0934	3
177.6	16.0476	772.7825	5.0882	3
177.7	16.0424	771.9675	5.0959	3
177.8	16.0372	771.1116	5.0956	3
177.9	16.0319	770.2442	5.093	3
178	16.0268	769.3816	5.0971	3
178.1	16.0215	768.5616	5.0976	3
178.2	16.0162	767.8216	5.1018	3
178.3	16.0111	766.973	5.116	3
178.4	16.0058	766.1407	5.1199	3
178.5	16.0007	765.2718	5.1206	3
178.6	15.9959	764.4664	5.1241	3
178.7	15.9906	763.5799	5.1145	3
178.8	15.9853	762.7679	5.1155	3
178.9	15.9803	761.8658	5.1185	3
179	15.9753	761.0744	5.1069	3
179.1	15.9704	760.2634	5.098	3
179.2	15.9655	759.3663	5.1085	3
179.3	15.9605	758.5884	5.1038	3
179.4	15.9554	757.7892	5.0943	3
179.5	15.95	756.8918	5.1052	3
179.6	15.9448	756.1598	5.1162	3
179.7	15.9399	755.2885	5.1085	3
179.8	15.935	754.3266	5.1051	3
179.9	15.93	753.5694	5.1121	3
180	15.9251	752.763	5.1112	3
180.1	15.9199	752.003	5.1094	3
180.2	15.9147	751.0334	5.103	3
180.3	15.9094	750.3176	5.1105	3
180.4	15.9037	749.6231	5.1145	3
180.5	15.8978	748.7665	5.1292	3
180.6	15.8919	747.9352	5.1387	3
180.7	15.8857	747.2342	5.1283	3
180.8	15.8791	746.4188	5.1234	3
180.9	15.8724	745.5419	5.1187	3
181	15.866	744.7014	5.1238	3
181.1	15.8598	743.814	5.1235	3
181.2	15.8535	742.9993	5.1259	3
181.3	15.8472	742.1862	5.1289	3
181.4	15.8408	741.349	5.1314	3
181.5	15.8343	740.6143	5.1183	3
181.6	15.8276	739.6807	5.116	3
181.7	15.8208	738.929	5.1268	3
181.8	15.8144	738.075	5.1205	3
181.9	15.8079	737.2383	5.1155	3
182	15.801	736.5014	5.1174	3
182.1	15.7941	735.5945	5.1138	3
182.2	15.7874	734.5891	5.1098	3
182.3	15.7813	733.784	5.1063	3
182.4	15.7753	732.9083	5.0944	3
182.5	15.7696	731.9884	5.1077	3
182.6	15.7645	731.0745	5.1216	3
182.7	15.7592	730.2515	5.1223	3
182.8	15.7539	729.5056	5.124	3
182.9	15.7484	728.6653	5.1145	3
183	15.7429	727.8695	5.1044	3
183.1	15.7373	726.8982	5.098	3
183.2	15.7322	726.0889	5.1005	3
183.3	15.7275	725.2369	5.107	3
183.4	15.7227	724.3276	5.0954	3
183.5	15.7177	723.6043	5.0867	3
183.6	15.7124	722.832	5.0794	3
183.7	15.7069	722.0324	5.0856	3
183.8	15.7016	721.1393	5.0984	3
183.9	15.6962	720.2909	5.1061	3
184	15.6907	719.5363	5.1141	3
184.1	15.685	718.6775	5.1201	3
184.2	15.6795	717.8484	5.1274	3
184.3	15.6739	717.0587	5.1125	3
184.4	15.6679	716.2115	5.1086	3
184.5	15.662	715.4227	5.1164	3
184.6	15.6563	714.5525	5.1168	3
184.7	15.6504	713.8215	5.1219	3
184.8	15.6445	713.01	5.119	3
184.9	15.6385	712.0678	5.115	3
185	15.6324	711.3181	5.1141	3
185.1	15.6263	710.4753	5.1258	3
185.2	15.6202	709.5985	5.1264	3
185.3	15.6144	708.7355	5.113	3
185.4	15.6087	707.8275	5.1147	3
185.5	15.6028	707.1037	5.1141	3
185.6	15.597	706.1823	5.1313	3
185.7	15.5913	705.3994	5.1326	3
185.8	15.5853	704.6738	5.117	3
185.9	15.5791	703.8633	5.1164	3
186	15.5728	702.958	5.1266	3
186.1	15.567	701.9933	5.1138	3
186.2	15.5616	701.1634	5.1134	3
186.3	15.5559	700.3993	5.1159	3
186.4	15.55	699.5462	5.1121	3
186.5	15.5443	698.6387	5.1086	3
186.6	15.5388	697.7962	5.1074	3
186.7	15.5333	697.0204	5.1126	3
186.8	15.5278	696.0623	5.1149	3
186.9	15.5228	695.1567	5.1054	3
187	15.5182	694.346	5.1016	3
187.1	15.5134	693.5383	5.1083	3
187.2	15.5085	692.6549	5.113	3
187.3	15.5039	691.7692	5.1091	3
187.4	15.4995	690.9315	5.109	3
187.5	15.4951	690.149	5.1139	3
187.6	15.4904	689.3973	5.1285	3
187.7	15.4855	688.5272	5.1279	3
187.8	15.4806	687.7054	5.1134	3
187.9	15.4758	686.8637	5.1095	3
188	15.4711	686.0386	5.1172	3
188.1	15.4662	685.1811	5.1146	3
188.2	15.4609	684.454	5.0983	3
188.3	15.4558	683.6116	5.0959	3
188.4	15.4507	682.7672	5.102	3
188.5	15.4456	681.814	5.1003	3
188.6	15.4407	681.0648	5.1135	3
188.7	15.4359	680.2279	5.1165	3
188.8	15.431	679.362	5.113	3
188.9	15.4259	678.5819	5.1078	3
189	15.4208	677.8038	5.1012	3
189.1	15.4159	676.7969	5.0974	3
189.2	15.4112	675.9223	5.0984	3
189.3	15.4066	675.2746	5.1036	3
189.4	15.4017	674.361	5.0975	3
189.5	15.3971	673.4146	5.0853	3
189.6	15.3928	672.6134	5.0944	3
189.7	15.3883	671.7969	5.1087	3
189.8	15.3834	671.0197	5.1096	3
189.9	15.3786	670.2121	5.0974	3
190	15.3736	669.3822	5.0912	3
190.1	15.3687	668.5948	5.0892	3
190.2	15.3638	667.6772	5.088	3
190.3	15.359	666.862	5.0776	3
190.4	15.354	666.1119	5.0783	3
190.5	15.3487	665.2985	5.0863	3
190.6	15.3435	664.4128	5.0666	3
190.7	15.3387	663.4305	5.0646	3
190.8	15.3339	662.7758	5.0836	3
190.9	15.3287	661.943	5.0859	3
191	15.3235	661.0943	5.0766	3
191.1	15.3185	660.2706	5.0814	3
191.2	15.3135	659.405	5.084	3
191.3	15.3084	658.5724	5.0863	3
191.4	15.3033	657.7933	5.0869	3
191.5	15.298	656.9892	5.0866	3
191.6	15.2926	656.1757	5.0789	3
191.7	15.2869	655.3942	5.0827	3
191.8	15.2812	654.4723	5.083	3
191.9	15.2759	653.5013	5.07	3
192	15.2712	652.7134	5.0721	3
192.1	15.2659	651.9971	5.079	3
192.2	15.2604	651.18	5.0745	3
192.3	15.255	650.2191	5.0642	3
192.4	15.2498	649.4384	5.076	3
192.5	15.2444	648.6957	5.0785	3
192.6	15.2387	647.9211	5.0869	3
192.7	15.233	647.0639	5.0866	3
192.8	15.2273	646.1719	5.071	3
192.9	15.2216	645.3541	5.0664	3
193	15.2158	644.5577	5.0826	3
193.1	15.2098	643.8444	5.0819	3
193.2	15.2039	642.8756	5.0957	3
193.3	15.1983	642.0127	5.1117	3
193.4	15.193	641.1921	5.1095	3
193.5	15.1873	640.4466	5.105	3
193.6	15.1815	639.5519	5.1072	3
193.7	15.1757	638.6592	5.1116	3
193.8	15.1701	637.8735	5.1097	3
193.9	15.1643	637.0686	5.097	3
194	15.1583	636.2842	5.0865	3
194.1	15.1524	635.4091	5.0825	3
194.2	15.1466	634.5803	5.0813	3
194.3	15.1408	633.8098	5.0955	3
194.4	15.1347	633.0053	5.1064	3
194.5	15.1286	632.1146	5.0863	3
194.6	15.1225	631.3458	5.0728	3
194.7	15.1162	630.5316	5.0872	3
194.8	15.1097	629.6121	5.0926	3
194.9	15.1034	628.7848	5.0962	3
195	15.0972	628.0253	5.0989	3
195.1	15.0909	627.2024	5.107	3
195.2	15.0846	626.3242	5.1008	3
195.3	15.0782	625.5487	5.0974	3
195.4	15.0718	624.6759	5.0994	3
195.5	15.0653	623.9324	5.1029	3
195.6	15.0586	623.133	5.1066	3
195.7	15.0518	622.2386	5.1144	3
195.8	15.0451	621.4099	5.1043	3
195.9	15.0385	620.5242	5.0897	3
196	15.0319	619.6985	5.0783	3
196.1	15.025	618.8739	5.0749	3
196.2	15.0185	618.0042	5.076	3
196.3	15.0123	617.2051	5.0795	3
196.4	15.0057	616.4011	5.0775	3
196.5	14.9992	615.595	5.0841	3
196.6	14.9927	614.6951	5.0934	3
196.7	14.9863	613.8025	5.1073	3
196.8	14.9801	612.9883	5.119	3
196.9	14.974	612.0469	5.1206	3
197	14.9681	611.2477	5.1121	3
197.1	14.9622	610.3784	5.1017	3
197.2	14.9562	609.5549	5.1111	3
197.3	14.9506	608.7956	5.1149	3
197.4	14.9445	607.873	5.1116	3
197.5	14.9386	607.1424	5.1289	3
197.6	14.9324	606.2484	5.1231	3
197.7	14.9261	605.4325	5.1144	3
197.8	14.9202	604.6194	5.111	3
197.9	14.9142	603.7632	5.1227	3
198	14.9082	603.0675	5.1328	3
198.1	14.902	602.0792	5.1205	3
198.2	14.8957	601.311	5.1049	3
198.3	14.8896	600.4965	5.1086	3
198.4	14.8833	599.5925	5.1207	3
198.5	14.877	598.8664	5.1057	3
198.6	14.8705	597.9801	5.0949	3
198.7	14.864	597.2517	5.1027	3
198.8	14.8575	596.388	5.1016	3
198.9	14.851	595.4733	5.0976	3
199	14.8448	594.6915	5.0948	3
199.1	14.8384	593.9068	5.0915	3
199.2	14.832	592.9832	5.0954	3
199.3	14.8256	592.15	5.0983	3
199.4	14.8194	591.4016	5.1021	3
199.5	14.8131	590.4598	5.1113	3
199.6	14.807	589.6477	5.1087	3
199.7	14.8009	588.8269	5.0972	3
199.8	14.7942	588.0257	5.0917	3
199.9	14.7879	587.2187	5.1018	3
200	14.7814	586.317	5.1051	3
200.1	14.7751	585.4944	5.106	3
200.2	14.7691	584.6131	5.1028	3
200.3	14.7631	583.8008	5.1076	3
200.4	14.7568	582.9898	5.1058	3
200.5	14.7505	582.1239	5.1004	3
200.6	14.7445	581.3338	5.1016	3
200.7	14.7382	580.4445	5.095	3
200.8	14.7319	579.5876	5.084	3
200.9	14.7258	578.7372	5.0754	3
201	14.7199	577.934	5.0697	3
201.1	14.7139	577.16	5.0674	3
201.2	14.7076	576.4	5.0866	3
201.3	14.701	575.4753	5.0926	3
201.4	14.6946	574.7118	5.0923	3
201.5	14.6882	573.7813	5.0865	3
201.6	14.682	572.9016	5.0808	3
201.7	14.6758	572.1576	5.0861	3
201.8	14.6695	571.3278	5.0868	3
201.9	14.6639	570.328	5.0818	3
202	14.6588	569.4139	5.0836	3
202.1	14.6535	568.6581	5.0846	3
202.2	14.6479	567.9037	5.0828	3
202.3	14.6416	567.1165	5.0951	3
202.4	14.6353	566.3445	5.0817	3
202.5	14.6287	565.5495	5.0808	3
202.6	14.6221	564.7557	5.0888	3
202.7	14.6156	563.9571	5.0969	3
202.8	14.609	563.0043	5.1036	3
202.9	14.6026	562.1609	5.1009	3
203	14.5962	561.3267	5.1089	3
203.1	14.5899	560.445	5.0972	3
203.2	14.5837	559.6314	5.1099	3
203.3	14.5775	558.7415	5.1093	3
203.4	14.571	558.0944	5.0973	3
203.5	14.5644	557.2549	5.0951	3
203.6	14.5575	556.4396	5.0914	3
203.7	14.5509	555.635	5.1032	3
203.8	14.5443	554.5797	5.1038	3
203.9	14.5387	553.6789	5.0969	3
204	14.5333	552.7766	5.0982	3
204.1	14.5278	552.0401	5.1075	3
204.2	14.5222	551.203	5.1274	3
204.3	14.5168	550.129	5.1314	3
204.4	14.5116	549.3875	5.1195	3
204.5	14.5068	548.4488	5.1121	3
204.6	14.5018	547.6344	5.1124	3
204.7	14.4975	546.8634	5.1165	3
204.8	14.4928	545.9312	5.1072	3
204.9	14.4879	545.2595	5.1044	3
205	14.483	544.3398	5.1028	3
205.1	14.4777	543.5876	5.0897	3
205.2	14.4726	542.8701	5.0822	3
205.3	14.467	541.9655	5.0842	3
205.4	14.4614	541.246	5.0994	3
205.5	14.4559	540.2775	5.1005	3
205.6	14.45	539.5444	5.0972	3
205.7	14.4441	538.7879	5.1017	3
205.8	14.4379	537.9207	5.095	3
205.9	14.4319	537.1425	5.0885	3
206	14.4261	536.1952	5.0889	3
206.1	14.4203	535.3189	5.1038	3
206.2	14.4148	534.5743	5.1086	3
206.3	14.4093	533.6396	5.1134	3
206.4	14.4039	532.7726	5.1185	3
206.5	14.3989	531.8831	5.1138	3
206.6	14.3935	531.124	5.1084	3
206.7	14.3882	530.3526	5.1147	3
206.8	14.3828	529.398	5.1104	3
206.9	14.3773	528.6847	5.0918	3
207	14.3716	527.8938	5.1024	3
207.1	14.3659	526.9861	5.0976	3
207.2	14.3603	526.1755	5.091	3
207.3	14.3548	525.3019	5.0862	3
207.4	14.3493	524.4541	5.0831	3
207.5	14.344	523.6375	5.0736	3
207.6	14.339	522.7017	5.0773	3
207.7	14.3338	522.002	5.0928	3
207.8	14.3285	521.1901	5.1083	3
207.9	14.3229	520.2786	5.094	3
208	14.3176	519.4427	5.0914	3
208.1	14.3122	518.5573	5.0963	3
208.2	14.3067	517.8562	5.1083	3
208.3	14.3012	517.0215	5.1093	3
208.4	14.2958	516.1034	5.1174	3
208.5	14.2904	515.3497	5.1121	3
208.6	14.2849	514.5127	5.1015	3
208.7	14.279	513.7108	5.1001	3
208.8	14.2733	512.853	5.0876	3
208.9	14.2677	511.9819	5.0852	3
209	14.262	511.2457	5.0927	3
209.1	14.2563	510.4216	5.0862	3
209.2	14.2503	509.6043	5.0877	3
209.3	14.2445	508.7258	5.0825	3
209.4	14.2386	507.8458	5.0831	3
209.5	14.2329	507.0894	5.0835	3
209.6	14.2272	506.2425	5.0722	3
209.7	14.221	505.4662	5.0726	3
209.8	14.2148	504.6381	5.0665	3
209.9	14.2087	503.7622	5.059	3
210	14.2027	502.9116	5.0678	3
210.1	14.1966	502.0798	5.0592	3
210.2	14.1906	501.2377	5.0497	3
210.3	14.1849	500.4739	5.0559	3
210.4	14.1791	499.566	5.0689	3
210.5	14.1735	498.6689	5.0795	3
210.6	14.1679	497.871	5.0964	3
210.7	14.1622	497.0139	5.106	3
210.8	14.1563	496.2678	5.1047	3
210.9	14.1503	495.4216	5.0981	3
211	14.1443	494.5784	5.1015	3
211.1	14.1383	493.7272	5.1016	3
211.2	14.1327	492.8553	5.0928	3
211.3	14.1269	492.0709	5.0888	3
211.4	14.1209	491.3312	5.0839	3
211.5	14.1146	490.4379	5.0835	3
211.6	14.1086	489.6074	5.0811	3
211.7	14.1028	488.6848	5.0831	3
211.8	14.0972	487.8333	5.0922	3
211.9	14.0918	487.0118	5.0857	3
212	14.0862	486.1586	5.0797	3
212.1	14.0807	485.3135	5.0838	3
212.2	14.0758	484.3625	5.0926	3
212.3	14.071	483.4631	5.0875	3
212.4	14.0665	482.6699	5.0724	3
212.5	14.0619	481.7136	5.0743	3
212.6	14.0571	481.0614	5.0779	3
212.7	14.0514	480.386	5.0935	3
212.8	14.0454	479.6918	5.1079	3
212.9	14.0397	478.6504	5.1257	3
213	14.0344	477.6994	5.1238	3
213.1	14.0292	477.0244	5.111	3
213.2	14.0237	476.2182	5.1071	3
213.3	14.0182	475.3884	5.1081	3
213.4	14.0123	474.5587	5.1065	3
213.5	14.0061	473.7909	5.1028	3
213.6	13.9996	473.0567	5.0978	3
213.7	13.9931	472.2129	5.0856	3
213.8	13.9869	471.2939	5.08	3
213.9	13.9806	470.4553	5.0772	3
214	13.9742	469.6998	5.0798	3
214.1	13.968	468.8345	5.0837	3
214.2	13.9619	468.0155	5.0801	3
214.3	13.9558	467.0605	5.079	3
214.4	13.9497	466.2258	5.0688	3
214.5	13.9437	465.4584	5.06	3
214.6	13.9378	464.5991	5.0691	3
214.7	13.9314	463.8729	5.0746	3
214.8	13.9249	463.0935	5.0865	3
214.9	13.918	462.2131	5.1003	3
215	13.9112	461.4298	5.1054	3
215.1	13.9044	460.5456	5.1088	3
215.2	13.8975	459.8293	5.1062	3
215.3	13.8905	459.0514	5.0917	3
215.4	13.8834	458.1235	5.0833	3
215.5	13.8765	457.3063	5.07	3
215.6	13.8695	456.4566	5.0593	3
215.7	13.8627	455.5648	5.068	3
215.8	13.8557	454.8031	5.0714	3
215.9	13.8486	453.9727	5.0784	3
216	13.8414	453.188	5.0808	3
216.1	13.8344	452.3418	5.0753	3
216.2	13.8273	451.4411	5.066	3
216.3	13.8206	450.6301	5.0825	3
216.4	13.8135	449.8031	5.0846	3
216.5	13.806	449.0977	5.0859	3
216.6	13.7986	448.2384	5.0839	3
216.7	13.7912	447.3238	5.0723	3
216.8	13.7844	446.4248	5.0888	3
216.9	13.7778	445.5113	5.09	3
217	13.7709	444.7073	5.0818	3
217.1	13.764	443.9991	5.0901	3
217.2	13.7572	443.0643	5.0904	3
217.3	13.751	442.2952	5.0814	3
217.4	13.7446	441.4245	5.0972	3
217.5	13.7379	440.6183	5.1018	3
217.6	13.7312	439.7502	5.0922	3
217.7	13.7248	438.7648	5.0919	3
217.8	13.7186	437.944	5.0922	3
217.9	13.7127	437.1116	5.1055	3
218	13.7061	436.3491	5.1161	3
218.1	13.6993	435.6968	5.1075	3
218.2	13.6923	434.7362	5.1013	3
218.3	13.6856	433.966	5.1106	3
218.4	13.6793	432.9816	5.1122	3
218.5	13.6727	432.2248	5.1238	3
218.6	13.6661	431.4439	5.1369	3
218.7	13.6592	430.5159	5.1352	3
218.8	13.6526	429.7787	5.1241	3
218.9	13.6456	428.9762	5.1185	3
219	13.6383	428.1549	5.1227	3
219.1	13.6315	427.2906	5.1265	3
219.2	13.6245	426.4565	5.1218	3
219.3	13.6173	425.8065	5.1136	3
219.4	13.6095	424.9438	5.1095	3
219.5	13.602	423.9781	5.1027	3
219.6	13.5953	422.9846	5.0964	3
219.7	13.589	422.1576	5.1002	3
219.8	13.5823	421.4772	5.0923	3
219.9	13.5754	420.5861	5.0939	3
220	13.5683	419.8051	5.1017	3
220.1	13.5613	418.9081	5.1106	3
220.2	13.5546	418.0557	5.1191	3
220.3	13.5483	417.1701	5.1029	3
220.4	13.5424	416.1898	5.091	3
220.5	13.5361	415.4941	5.0927	3
220.6	13.5296	414.6912	5.0987	3
220.7	13.5229	413.9215	5.0924	3
220.8	13.5162	413.1343	5.0877	3
220.9	13.5094	412.2244	5.0919	3
221	13.5024	411.4747	5.0995	3
221.1	13.4954	410.5855	5.0976	3
221.2	13.4884	409.7535	5.1047	3
221.3	13.4814	408.9413	5.1186	3
221.4	13.4746	408.0824	5.1257	3
221.5	13.4681	407.1748	5.1156	3
221.6	13.4614	406.3712	5.1078	3
221.7	13.4546	405.5916	5.1099	3
221.8	13.4477	404.7407	5.1178	3
221.9	13.4411	403.8904	5.1237	3
222	13.4344	403.098	5.115	3
222.1	13.4273	402.323	5.1034	3
222.2	13.4202	401.4781	5.1011	3
222.3	13.4133	400.662	5.1091	3
222.4	13.4063	399.7436	5.1061	3
222.5	13.3991	399.033	5.1053	3
222.6	13.392	398.1966	5.1176	3
222.7	13.3847	397.3306	5.1349	3
222.8	13.3772	396.5433	5.1338	3
222.9	13.3699	395.6645	5.1255	3
223	13.3625	394.909	5.1028	3
223.1	13.355	394.1968	5.0997	3
223.2	13.347	393.2862	5.105	3
223.3	13.3393	392.471	5.0993	3
223.4	13.3316	391.5473	5.0975	3
223.5	13.324	390.8416	5.1019	3
223.6	13.3163	389.9735	5.1065	3
223.7	13.3086	389.062	5.0964	3
223.8	13.3011	388.2526	5.0964	3
223.9	13.2936	387.3486	5.0953	3
224	13.2857	386.6676	5.0968	3
224.1	13.2779	385.7965	5.0862	3
224.2	13.2702	384.8723	5.0866	3
224.3	13.2624	384.1153	5.1094	3
224.4	13.2543	383.4601	5.1234	3
224.5	13.2459	382.5335	5.1178	3
224.6	13.2377	381.576	5.1049	3
224.7	13.2299	380.7633	5.0984	3
224.8	13.2222	379.9086	5.0935	3
224.9	13.2149	379.0489	5.0917	3
225	13.2072	378.2309	5.1005	3
225.1	13.1989	377.6752	5.1057	3
225.2	13.1898	377.0148	5.0993	3
225.3	13.18	376.2499	5.0937	3
225.4	13.1704	375.3566	5.0914	3
225.5	13.1613	374.2857	5.0905	3
225.6	13.1526	373.4485	5.0959	3
225.7	13.1444	372.4594	5.1062	3
225.8	13.1365	371.5391	5.1125	3
225.9	13.1289	370.8297	5.1155	3
226	13.121	370.0164	5.1158	3
226.1	13.1127	369.2028	5.1111	3
226.2	13.1045	368.3544	5.1208	3
226.3	13.0964	367.4624	5.1225	3
226.4	13.0882	366.7198	5.1246	3
226.5	13.0802	365.8754	5.1268	3
226.6	13.0722	364.9197	5.1219	3
226.7	13.0641	364.1565	5.1071	3
226.8	13.056	363.3295	5.1124	3
226.9	13.048	362.4797	5.1285	3
227	13.0402	361.5626	5.143	3
227.1	13.0324	360.8208	5.1467	3
227.2	13.0246	360.0213	5.1468	3
227.3	13.0158	359.3733	5.1304	3
227.4	13.0057	358.9625	5.1231	3
227.5	12.9945	358.1822	5.1287	3
227.6	12.9841	356.9867	5.1356	3
227.7	12.9758	355.4986	5.1357	3
227.8	12.9704	354.22	5.1309	3
227.9	12.9665	353.1905	5.1203	3
228	12.9624	352.5183	5.0971	3
228.1	12.9571	352.1213	5.1017	3
228.2	12.9503	351.4662	5.123	3
228.3	12.9426	350.8213	5.1233	3
228.4	12.9345	350.031	5.1166	3
228.5	12.9261	349.2767	5.1198	3
228.6	12.9173	348.4982	5.1092	3
228.7	12.9085	347.6492	5.0944	3
228.8	12.8997	346.9054	5.0932	3
228.9	12.8908	346.1155	5.1068	3
229	12.8816	345.1922	5.1155	3
229.1	12.8727	344.3402	5.1262	3
229.2	12.8646	343.2334	5.1306	3
229.3	12.8569	342.3181	5.1303	3
229.4	12.8498	341.5221	5.1356	3
229.5	12.8426	340.632	5.1365	3
229.6	12.8353	339.7895	5.1214	3
229.7	12.8281	338.9246	5.1164	3
229.8	12.8208	338.1734	5.1119	3
229.9	12.8135	337.3513	5.1097	3
230	12.8065	336.4878	5.1009	3
230.1	12.7994	335.6076	5.0982	3
230.2	12.7924	334.8239	5.0948	3
230.3	12.785	334.0006	5.1057	3
230.4	12.7774	333.2253	5.1125	3
230.5	12.7701	332.2954	5.1206	3
230.6	12.7634	331.4001	5.1234	3
230.7	12.7566	330.5765	5.1258	3
230.8	12.7497	329.7644	5.1266	3
230.9	12.7423	329.0161	5.1145	3
231	12.7345	328.3899	5.1133	3
231.1	12.7266	327.5021	5.1131	3
231.2	12.7184	326.6519	5.1118	3
231.3	12.7106	325.8589	5.1172	3
231.4	12.7024	325.0224	5.1016	3
231.5	12.6941	324.2309	5.0846	3
231.6	12.6859	323.3496	5.0909	3
231.7	12.6775	322.5303	5.1026	3
231.8	12.6692	321.7213	5.0879	3
231.9	12.6608	320.8955	5.0796	3
232	12.6524	320.0968	5.0931	3
232.1	12.6441	319.2148	5.1046	3
232.2	12.636	318.3898	5.1125	3
232.3	12.6278	317.5117	5.1152	3
232.4	12.6197	316.6272	5.1021	3
232.5	12.6121	315.7094	5.1068	3
232.6	12.6047	314.8424	5.1123	3
232.7	12.5976	314.0087	5.1206	3
232.8	12.5899	313.2097	5.1248	3
232.9	12.5819	312.6412	5.1145	3
233	12.5723	312.1039	5.1015	3
233.1	12.5615	311.4813	5.1009	3
233.2	12.5507	310.5116	5.0941	3
233.3	12.5407	309.5454	5.0937	3
233.4	12.5312	308.6297	5.1008	3
233.5	12.522	307.73	5.1094	3
233.6	12.5129	306.915	5.1166	3
233.7	12.5039	306.0285	5.1127	3
233.8	12.4948	305.1409	5.1038	3
233.9	12.4858	304.3343	5.1109	3
234	12.4769	303.4529	5.1084	3
234.1	12.4682	302.609	5.1036	3
234.2	12.4593	301.8955	5.1	3
234.3	12.4499	301.0261	5.0941	3
234.4	12.4409	300.1417	5.0953	3
234.5	12.432	299.3192	5.0965	3
234.6	12.4231	298.5256	5.1034	3
234.7	12.4139	297.7364	5.1067	3
234.8	12.4048	296.8795	5.1038	3
234.9	12.3958	296.0479	5.0973	3
235	12.3864	295.2864	5.1016	3
235.1	12.3769	294.4345	5.1009	3
235.2	12.3674	293.5419	5.0994	3
235.3	12.3582	292.7352	5.081	3
235.4	12.3488	291.9369	5.077	3
235.5	12.3394	291.0898	5.0874	3
235.6	12.3303	290.1907	5.0876	3
235.7	12.3212	289.4107	5.0723	3
235.8	12.3119	288.5855	5.0794	3
235.9	12.3026	287.7389	5.0927	3
236	12.2937	286.7162	5.1064	3
236.1	12.2854	285.7359	5.0971	3
236.2	12.2777	284.9161	5.0811	3
236.3	12.2698	284.1068	5.0836	3
236.4	12.2619	283.2936	5.0891	3
236.5	12.2538	282.4811	5.1074	3
236.6	12.2459	281.6085	5.1072	3
236.7	12.2382	280.7265	5.0967	3
236.8	12.2304	279.8566	5.0827	3
236.9	12.2224	279.1628	5.082	3
237	12.2142	278.3661	5.1055	3
237.1	12.2059	277.5319	5.1143	3
237.2	12.1977	276.6534	5.0997	3
237.3	12.1892	275.9444	5.0958	3
237.4	12.1807	275.1472	5.0922	3
237.5	12.1721	274.2396	5.0885	3
237.6	12.1636	273.466	5.096	3
237.7	12.1548	272.6464	5.0898	3
237.8	12.1458	271.8518	5.0777	3
237.9	12.1367	271.027	5.0652	3
238	12.1275	270.2638	5.0682	3
238.1	12.1181	269.4426	5.0873	3
238.2	12.1089	268.4626	5.0815	3
238.3	12.1001	267.7102	5.0689	3
238.4	12.0912	266.8723	5.0779	3
238.5	12.0817	266.0729	5.0868	3
238.6	12.0722	265.3118	5.0939	3
238.7	12.0626	264.4523	5.0823	3
238.8	12.0529	263.6807	5.068	3
238.9	12.043	262.878	5.0804	3
239	12.0329	262.039	5.0915	3
239.1	12.0231	261.2787	5.0971	3
239.2	12.013	260.4618	5.0919	3
239.3	12.0025	259.63	5.0851	3
239.4	11.9923	258.7531	5.076	3
239.5	11.9821	257.9089	5.0688	3
239.6	11.9718	257.1745	5.069	3
239.7	11.9611	256.3072	5.069	3
239.8	11.9505	255.4717	5.0661	3
239.9	11.9402	254.6116	5.0681	3
240	11.9299	253.8023	5.0709	3
240.1	11.9194	252.9839	5.0539	3
240.2	11.9088	252.1648	5.0542	3
240.3	11.8981	251.3975	5.0745	3
240.4	11.8871	250.5299	5.0734	3
240.5	11.8762	249.6967	5.0666	3
240.6	11.8655	248.8655	5.0594	3
240.7	11.8546	248.0622	5.0591	3
240.8	11.8438	247.241	5.0555	3
240.9	11.8331	246.3373	5.068	3
241	11.8224	245.4487	5.0755	3
241.1	11.8118	244.6711	5.0875	3
241.2	11.8008	243.9425	5.0919	3
241.3	11.7898	243.1439	5.0908	3
241.4	11.7787	242.2308	5.0669	3
241.5	11.7678	241.3742	5.0643	3
241.6	11.7569	240.48	5.0723	3
241.7	11.7462	239.5982	5.0756	3
241.8	11.7358	238.7305	5.0768	3
241.9	11.7257	237.9531	5.0794	3
242	11.7151	237.0285	5.0799	3
242.1	11.7048	236.2417	5.0788	3
242.2	11.6949	235.3087	5.0818	3
242.3	11.6846	234.6113	5.0794	3
242.4	11.6742	233.8232	5.0818	3
242.5	11.6636	232.9985	5.0894	3
242.6	11.6526	232.2793	5.0904	3
242.7	11.6416	231.3644	5.0786	3
242.8	11.6307	230.5629	5.0745	3
242.9	11.62	229.6572	5.0767	3
243	11.6093	228.8247	5.086	3
243.1	11.5982	228.0825	5.0828	3
243.2	11.5871	227.2285	5.0761	3
243.3	11.5761	226.4257	5.0878	3
243.4	11.565	225.5825	5.0811	3
243.5	11.5537	224.7857	5.0803	3
243.6	11.5425	223.9569	5.0839	3
243.7	11.5312	223.126	5.0811	3
243.8	11.52	222.331	5.0926	3
243.9	11.5088	221.4085	5.1017	3
244	11.4976	220.6222	5.1012	3
244.1	11.4862	219.8379	5.1067	3
244.2	11.4743	219.0116	5.1089	3
244.3	11.4625	218.1885	5.0982	3
244.4	11.4509	217.3607	5.0912	3
244.5	11.4392	216.616	5.0919	3
244.6	11.4271	215.7454	5.0953	3
244.7	11.4152	214.8805	5.0866	3
244.8	11.4032	214.1021	5.0743	3
244.9	11.3912	213.2269	5.0788	3
245	11.3794	212.4475	5.0752	3
245.1	11.3674	211.6112	5.0721	3
245.2	11.3554	210.7819	5.0721	3
245.3	11.3432	209.9535	5.0593	3
245.4	11.3311	209.144	5.0648	3
245.5	11.3191	208.2691	5.0728	3
245.6	11.3068	207.5128	5.0803	3
245.7	11.2942	206.7119	5.0775	3
245.8	11.2815	205.9079	5.0806	3
245.9	11.2691	204.9404	5.0791	3
246	11.2569	204.1571	5.0832	3
246.1	11.2445	203.3824	5.0898	3
246.2	11.2316	202.5563	5.0901	3
246.3	11.2186	201.7476	5.0839	3
246.4	11.2057	200.8825	5.0998	3
246.5	11.1932	200.0419	5.1034	3
246.6	11.1803	199.2438	5.0884	3
246.7	11.1676	198.4208	5.0947	3
246.8	11.155	197.5122	5.1023	3
246.9	11.1425	196.6907	5.1011	3
247	11.1297	195.8808	5.0979	3
247.1	11.1168	195.0669	5.1009	3
247.2	11.1041	194.2021	5.1045	3
247.3	11.0915	193.3378	5.0926	3
247.4	11.0791	192.4921	5.0859	3
247.5	11.0665	191.7413	5.0951	3
247.6	11.0535	190.9503	5.0754	3
247.7	11.0407	190.0557	5.0826	3
247.8	11.0282	189.1078	5.094	3
247.9	11.0157	188.3447	5.0954	3
248	11.0034	187.5209	5.083	3
248.1	10.9906	186.6826	5.0713	3
248.2	10.9781	185.8744	5.0759	3
248.3	10.9657	185.0482	5.0842	3
248.4	10.9527	184.3103	5.0803	3
248.5	10.9397	183.3814	5.0741	3
248.6	10.9268	182.5083	5.0839	3
248.7	10.9142	181.7041	5.0907	3
248.8	10.9015	180.8938	5.0803	3
248.9	10.8887	180.0893	5.0837	3
249	10.8762	179.2063	5.0937	3
249.1	10.8636	178.3182	5.0902	3
249.2	10.8507	177.5569	5.0752	3
249.3	10.838	176.7169	5.0714	3
249.4	10.8253	175.8976	5.0725	3
249.5	10.8124	175.0855	5.0803	3
249.6	10.7994	174.2798	5.0903	3
249.7	10.7865	173.4327	5.0974	3
249.8	10.7735	172.5171	5.0918	3
249.9	10.7608	171.7223	5.0802	3
250	10.748	170.9181	5.0866	3
250.1	10.735	170.129	5.0863	3
250.2	10.7219	169.3096	5.0902	3
250.3	10.7087	168.5039	5.0979	3
250.4	10.6955	167.7129	5.0999	3
250.5	10.682	166.9033	5.0932	3
250.6	10.6682	166.0841	5.0911	3
250.7	10.6543	165.2362	5.0927	3
250.8	10.6406	164.4423	5.0943	3
250.9	10.627	163.5928	5.0915	3
251	10.6133	162.7176	5.0863	3
251.1	10.5994	161.9898	5.092	3
251.2	10.585	161.1493	5.098	3
251.3	10.571	160.2724	5.0936	3
251.4	10.5573	159.4855	5.0819	3
251.5	10.5434	158.6189	5.0829	3
251.6	10.5295	157.839	5.0909	3
251.7	10.5155	156.9729	5.0926	3
251.8	10.5015	156.1117	5.0903	3
251.9	10.4875	155.2611	5.0941	3
252	10.4731	154.5243	5.0949	3
252.1	10.4589	153.6654	5.0979	3
252.2	10.4449	152.7622	5.0923	3
252.3	10.4306	152.0159	5.089	3
252.4	10.4166	151.0534	5.0911	3
252.5	10.4027	150.2567	5.0979	3
252.6	10.3889	149.4218	5.1006	3
252.7	10.3751	148.5623	5.1031	3
252.8	10.3611	147.882	5.1041	3
252.9	10.3467	146.9969	5.0975	3
253	10.3324	146.1468	5.0982	3
253.1	10.3177	145.419	5.0983	3
253.2	10.3032	144.5786	5.103	3
253.3	10.2886	143.7883	5.0979	3
253.4	10.2737	142.9051	5.099	3
253.5	10.2592	141.9988	5.1005	3
253.6	10.245	141.2416	5.0985	3
253.7	10.2307	140.3431	5.0965	3
253.8	10.2162	139.5594	5.0892	3
253.9	10.2014	138.7318	5.0861	3
254	10.1865	137.8502	5.1055	3
254.1	10.1718	137.101	5.1207	3
254.2	10.157	136.2597	5.1149	3
254.3	10.1423	135.4541	5.1118	3
254.4	10.1276	134.6109	5.1106	3
254.5	10.1127	133.7548	5.1135	3
254.6	10.0979	132.9825	5.115	3
254.7	10.0831	132.0696	5.1108	3
254.8	10.0681	131.3	5.1149	3
254.9	10.0532	130.4928	5.1173	3
255	10.0382	129.6892	5.1076	3
255.1	10.023	128.8656	5.1115	3
255.2	10.0075	128.0728	5.1173	3
255.3	9.9919	127.3292	5.11	3
255.4	9.9763	126.3826	5.1128	3
255.5	9.961	125.5129	5.1156	3
255.6	9.9457	124.6771	5.1109	3
255.7	9.9301	123.9135	5.1086	3
255.8	9.9145	123.0315	5.099	3
255.9	9.8991	122.1159	5.1063	3
256	9.8839	121.4258	5.103	3
256.1	9.8683	120.6229	5.0922	3
256.2	9.8526	119.7538	5.0856	3
256.3	9.8372	118.8383	5.0858	3
256.4	9.8217	118.0259	5.0851	3
256.5	9.8062	117.2657	5.1062	3
256.6	9.7905	116.448	5.1106	3
256.7	9.7746	115.5999	5.0897	3
256.8	9.7588	114.8184	5.0847	3
256.9	9.7429	113.9749	5.089	3
257	9.727	113.1288	5.0935	3
257.1	9.7112	112.3323	5.0879	3
257.2	9.6956	111.4992	5.0895	3
257.3	9.6798	110.629	5.1038	3
257.4	9.6638	109.7627	5.1013	3
257.5	9.6479	108.9892	5.0894	3
257.6	9.6322	108.2024	5.0784	3
257.7	9.6158	107.386	5.0887	3
257.8	9.5994	106.5714	5.096	3
257.9	9.5832	105.7264	5.0967	3
258	9.5667	104.8858	5.094	3
258.1	9.5499	104.1484	5.0898	3
258.2	9.5331	103.3092	5.088	3
258.3	9.5165	102.4659	5.0843	3
258.4	9.4998	101.6717	5.0782	3
258.5	9.4828	100.8081	5.0694	3
258.6	9.4658	99.998	5.0577	3
258.7	9.4488	99.2416	5.0762	3
258.8	9.4311	98.5038	5.0987	3
258.9	9.4133	97.6698	5.0944	3
259	9.3956	96.8621	5.0875	3
259.1	9.3775	96.106	5.101	3
259.2	9.3591	95.2617	5.0939	3
259.3	9.3408	94.4407	5.0813	3
259.4	9.3227	93.5912	5.0941	3
259.5	9.3046	92.7671	5.108	3
259.6	9.2861	91.974	5.1076	3
259.7	9.2676	91.1565	5.1032	3
259.8	9.2491	90.3154	5.0898	3
259.9	9.2308	89.4227	5.1003	3
260	9.2123	88.6911	5.1207	3
260.1	9.1935	87.8937	5.1187	3
260.2	9.1743	87.0778	5.1138	3
260.3	9.1551	86.2358	5.1284	3
260.4	9.1357	85.4652	5.1306	3
260.5	9.116	84.733	5.1141	3
260.6	9.0962	83.8758	5.1043	3
260.7	9.0763	83.0761	5.107	3
260.8	9.0562	82.3378	5.1154	3
260.9	9.0358	81.5678	5.1271	3
261	9.0154	80.5943	5.1114	3
261.1	8.9954	79.6342	5.1107	3
261.2	8.9761	78.7718	5.1138	3
261.3	8.9565	78.0353	5.1158	3
261.4	8.9365	77.1603	5.1199	3
261.5	8.9171	76.2485	5.1211	3
261.6	8.8976	75.4315	5.1141	3
261.7	8.8785	74.5538	5.1162	3
261.8	8.8595	73.6918	5.1171	3
261.9	8.8405	72.8302	5.1042	3
262	8.8214	72.0548	5.1081	3
262.1	8.8019	71.342	5.1161	3
262.2	8.7823	70.5065	5.1163	3
262.3	8.7625	69.6901	5.1123	3
262.4	8.7426	68.9396	5.1129	3
262.5	8.7227	68.0691	5.1122	3
262.6	8.7028	67.224	5.1134	3
262.7	8.6826	66.4664	5.1169	3
262.8	8.6619	65.7027	5.1213	3
262.9	8.6408	65.0105	5.1132	3
263	8.6193	64.2508	5.1038	3
263.1	8.5975	63.4569	5.1043	3
263.2	8.5754	62.7028	5.0976	3
263.3	8.5531	61.8302	5.0905	3
263.4	8.5308	61.0275	5.0996	3
263.5	8.5084	60.2454	5.1108	3
263.6	8.4858	59.4456	5.105	3
263.7	8.4629	58.5943	5.0854	3
263.8	8.44	57.832	5.0909	3
263.9	8.417	57.1173	5.0907	3
264	8.3931	56.3302	5.0898	3
264.1	8.369	55.5056	5.0981	3
264.2	8.3451	54.7411	5.1081	3
264.3	8.3209	53.947	5.1066	3
264.4	8.2961	53.1729	5.0937	3
264.5	8.2711	52.4093	5.0944	3
264.6	8.2459	51.608	5.0935	3
264.7	8.2201	50.883	5.0917	3
264.8	8.1934	50.2352	5.0869	3
264.9	8.1664	49.4471	5.1011	3
265	8.1395	48.6166	5.1076	3
265.1	8.1122	47.8999	5.0994	3
265.2	8.0844	47.0705	5.0883	3
265.3	8.0565	46.2455	5.0841	3
265.4	8.0287	45.4538	5.0881	3
265.5	8.0006	44.6166	5.09	3
265.6	7.972	43.8359	5.0809	3
265.7	7.9434	43.0616	5.0811	3
265.8	7.9144	42.271	5.086	3
265.9	7.8854	41.4322	5.1004	3
266	7.8565	40.6277	5.1006	3
266.1	7.8273	39.8774	5.0959	3
266.2	7.7977	39.0349	5.1069	3
266.3	7.768	38.2282	5.1115	3
266.4	7.7382	37.4104	5.1007	3
266.5	7.7082	36.5487	5.0922	3
266.6	7.678	35.6966	5.0892	3
266.7	7.6482	34.8839	5.0913	3
266.8	7.6185	34.0397	5.0851	3
266.9	7.5885	33.2105	5.087	3
267	7.5585	32.3934	5.0928	3
267.1	7.5287	31.5518	5.0983	3
267.2	7.4986	30.8169	5.0967	3
267.3	7.4682	30.0064	5.09	3
267.4	7.4376	29.1833	5.0937	3
267.5	7.4065	28.4143	5.1028	3
267.6	7.3755	27.634	5.1063	3
267.7	7.3443	26.806	5.1009	3
267.8	7.3131	25.9904	5.0807	3
267.9	7.2818	25.2075	5.0754	3
268	7.25	24.4358	5.0727	3
268.1	7.2175	23.6962	5.0625	3
268.2	7.1849	22.9008	5.076	3
268.3	7.1518	22.1863	5.0874	3
268.4	7.1185	21.4084	5.0845	3
268.5	7.085	20.5738	5.0754	3
268.6	7.0512	19.8943	5.0809	3
268.7	7.0169	19.145	5.0924	3
268.8	6.9822	18.3846	5.1014	3
268.9	6.9468	17.5789	5.1091	3
269	6.9112	16.7347	5.0981	3
269.1	6.8756	15.9978	5.0823	3
269.2	6.8395	15.2362	5.0816	3
269.3	6.8035	14.4072	5.0836	3
269.4	6.7672	13.6987	5.0861	3
269.5	6.7301	12.9471	5.0946	3
269.6	6.6926	12.2132	5.0979	3
269.7	6.6545	11.4383	5.1085	3
269.8	6.6163	10.6523	5.1003	3
269.9	6.5773	9.963	5.092	4
270	6.5381	9.1732	5.0938	4
270.1	6.4987	8.3746	5.0959	4
270.2	6.4603	7.6515	5.0874	4
270.3	6.3991	3.8669	5.0819	4
270.4	6.1796	-12.0983	5.0949	4
270.5	5.7776	-26.9904	5.0882	4
270.6	5.3181	-31.7313	5.0716	4
270.7	4.8409	-33.4246	5.0794	4
270.8	4.3542	-34.398	5.0917	4
270.9	3.8604	-33.96	5.0989	4
271	3.3617	-32.4924	5.1006	4
271.1	2.8604	-30.9595	5.0912	4
271.2	2.357	-29.8183	5.0897	4
271.3	1.8517	-29.1463	5.104	4
271.4	1.345	-28.527	5.1121	4
271.5	0.8368	-27.7491	5.0951	4
271.6	0.3268	-26.2177	5.0946	4
271.7	-0.185	-24.3569	5.1013	4
271.8	-0.6976	-23.097	5.0973	4
271.9	-1.211	-21.6654	5.0828	4
272	-1.7245	-20.9862	5.0829	4
272.1	-2.238	-20.9127	5.1015	4
272.2	-2.753	-20.2278	5.1039	4
272.3	-3.2687	-19.997	5.0973	4
272.4	-3.7847	-20.4179	5.0917	4
272.5	-4.3018	-20.4451	5.0822	4
272.6	-4.8198	-19.5056	5.0898	4
272.7	-5.3379	-18.5131	5.0796	4
272.8	-5.8554	-18.5084	5.0785	4
272.9	-6.3727	-18.8476	5.0926	4
273	-6.8901	-19.2307	5.1003	4
273.1	-7.408	-19.4486	5.1031	4
273.2	-7.9267	-19.0915	5.0943	4
273.3	-8.4454	-18.2718	5.0897	4
273.4	-8.9634	-17.9613	5.0956	4
273.5	-9.4809	-17.873	5.09	4
273.6	-9.9983	-17.8363	5.0838	4
273.7	-10.5125	-17.765	5.0849	4
273.8	-10.9489	-17.6821	5.0839	4
273.9	-11.2185	-17.5078	5.0776	4
274	-11.4101	-17.3249	5.0742	4
274.1	-11.5882	-17.0101	5.0862	4
274.2	-11.7599	-16.889	5.0819	4
274.3	-11.9277	-16.8718	5.0716	4
274.4	-12.0932	-16.9191	5.0748	4
274.5	-12.2567	-16.9763	5.0779	4
274.6	-12.4192	-16.9554	5.077	4
274.7	-12.5808	-17.0418	5.0936	4
274.8	-12.7418	-17.0088	5.1019	4
274.9	-12.9019	-17.1616	5.0915	4
