Indentation

 + Advanced

+ Advanced
   Acquisition rate :	10.0 [Hz]
   Linear loading
   Max load :	1000.00 	µN
   Loading rate :	500.00 	µN/min
   Unloading rate :	500.00 	µN/min
   Pause :	30.0 s

+ TTX - UNHT Bio S/N: 1000136751 settings
   Fn contact : 25 µN
   Approach distance : 20 µm
   Approach speed : 100 µm/min
   Retract speed : 200 µm/min
   Retract time : 5 sec
   Dz sensor in large range
   Load in fine range
   FnRef in fine range
   FnRef contactload :500.000 µN
   Stiffness threshold : 1 µN/µm

   X Position :9871.84 µm
   Y Position :38593.87 µm
   Z Position :8244.95 µm

Date :6/9/2026
Time :4:18:27 PM

Analysis n # 1

   Method :	Hertz

 + Parameters

  Load Fit [10%,98%]

 + Main results

   EHz=	662.75 	kPa

 + Hypothesis


 + Additional results

   ErHz=	728.30 kPa
   h offset=	25.11 µm
   R2=	0.98

Analysis n # 2

   Method :	Oliver & Pharr

 + Parameters

  Unload Fit [40%,98%]

 + Main results

   HIT=	9.4484 	kPa
   EIT=	590.13 	kPa
   E*=	648.49 	kPa

 + Hypothesis

   !!! Indenter not calibrated !!!
   m out of O&P hypothesis
   Poisson's ratio(nu)=	0.30 

 + Additional results

   HVIT=	0.00096314 	 Vickers
   CIT 0.001/120/30=	1.30 	%
   nIT=	66.05 %
   Fmax=	1001.17 	µN
   hmax=	38.01 	µm
   S=	238.1968 	µN/µm
   F/S²=	0.0176 	µm²/µN
   hc=	34.95 	µm
   hr=	33.80 	µm
   hp=	-52.34 	µm
   m=	21.4946 
   Epsilon=	0.73 
   R2=	0.999
   Ap=	105962.16 	µm²
   Welast=	3517.43 pJ
   Wplast=	1807.74 pJ
   Wtotal=	5325.17 pJ
   Er=	648.49 	kPa

Measured values
Time (s)	Pd (µm)	Fn (µN)	FnRef (µN)	SegmentID

0	0	0	5.1335	0
0.1	0.1046	0.098	5.1396	0
0.2	0.2112	0.1975	5.1314	0
0.3	0.3191	0.2297	5.1294	0
0.4	0.4286	0.2592	5.1325	0
0.5	0.5393	0.3669	5.1368	0
0.6	0.6516	0.3313	5.1352	0
0.7	0.7649	0.3671	5.1448	0
0.8	0.879	0.3626	5.1481	0
0.9	0.9943	0.4509	5.1482	0
1	1.1113	0.4957	5.1428	0
1.1	1.23	0.471	5.1447	0
1.2	1.3496	0.5087	5.1457	0
1.3	1.4702	0.4898	5.1633	0
1.4	1.5919	0.5736	5.1658	0
1.5	1.7153	0.6592	5.148	0
1.6	1.8396	0.5968	5.1392	0
1.7	1.9649	0.6367	5.1451	0
1.8	2.0914	0.7684	5.1401	0
1.9	2.2192	0.6991	5.1305	0
2	2.3477	0.8165	5.1271	0
2.1	2.477	0.8759	5.1323	0
2.2	2.6076	0.9339	5.1497	0
2.3	2.7394	0.9175	5.1465	0
2.4	2.8722	0.8978	5.1403	0
2.5	3.006	0.8642	5.1443	0
2.6	3.1408	0.976	5.1439	0
2.7	3.2764	0.9751	5.1435	0
2.8	3.4127	1.0158	5.1481	0
2.9	3.5496	1.0464	5.1466	0
3	3.6878	1.2571	5.153	0
3.1	3.8273	1.334	5.1453	0
3.2	3.9677	1.4026	5.1411	0
3.3	4.1091	1.4608	5.1387	0
3.4	4.2514	1.5007	5.1309	0
3.5	4.3942	1.4787	5.1338	0
3.6	4.5379	1.6338	5.1334	0
3.7	4.6828	1.6388	5.1271	0
3.8	4.8286	1.7114	5.1208	0
3.9	4.975	1.9018	5.1166	0
4	5.1225	1.8491	5.1214	0
4.1	5.2709	1.8217	5.1206	0
4.2	5.42	1.9268	5.1247	0
4.3	5.5698	1.8747	5.1197	0
4.4	5.7199	1.8571	5.1178	0
4.5	5.9224	2.0431	5.1131	0
4.6	6.2863	2.0632	5.1158	0
4.7	6.7409	2.1475	5.1184	0
4.8	7.1956	2.3696	5.1081	0
4.9	7.6389	2.4035	5.1074	0
5	8.0692	2.4107	5.1085	0
5.1	8.4863	2.5262	5.1132	0
5.2	8.8901	2.7059	5.1154	0
5.3	9.2807	2.6569	5.112	0
5.4	9.6583	2.9145	5.1228	0
5.5	10.0241	2.9073	5.1296	0
5.6	10.3785	3.0218	5.1277	0
5.7	10.7212	3.1153	5.1094	0
5.8	11.0535	3.1876	5.1125	0
5.9	11.3763	3.3891	5.1215	0
6	11.6898	3.4602	5.1268	0
6.1	11.9943	3.5907	5.1321	0
6.2	12.2906	3.5756	5.136	0
6.3	12.5789	3.735	5.1274	0
6.4	12.8598	3.8818	5.1154	0
6.5	13.1337	3.9287	5.1185	0
6.6	13.4009	3.8101	5.1283	0
6.7	13.6608	4.0033	5.1332	0
6.8	13.9163	4.0541	5.1292	0
6.9	14.1672	3.8968	5.136	0
7	14.4114	4.0443	5.1344	0
7.1	14.6506	3.9973	5.1224	0
7.2	14.8859	4.0303	5.1195	0
7.3	15.1167	4.1342	5.1268	0
7.4	15.3431	4.0585	5.1379	0
7.5	15.5656	4.1708	5.132	0
7.6	15.785	4.1586	5.1389	0
7.7	16.0009	4.2783	5.1409	0
7.8	16.2137	4.3141	5.1338	0
7.9	16.4236	4.2852	5.1244	0
8	16.6303	4.4372	5.1259	0
8.1	16.8336	4.508	5.1224	0
8.2	17.0365	4.4787	5.1213	0
8.3	17.2368	4.4884	5.1286	0
8.4	17.4342	4.4124	5.1335	0
8.5	17.6298	4.4715	5.1202	0
8.6	17.8235	4.5211	5.106	0
8.7	18.0156	4.501	5.1154	0
8.8	18.2055	4.592	5.1195	0
8.9	18.394	4.6775	5.1165	0
9	18.5816	4.6957	5.1172	0
9.1	18.7681	4.7337	5.1189	0
9.2	18.9531	4.8297	5.1104	0
9.3	19.1368	4.8718	5.1159	0
9.4	19.3194	5.0091	5.1231	0
9.5	19.5015	5.175	5.1255	0
9.6	19.6825	5.2423	5.1282	0
9.7	19.8625	5.4788	5.1286	0
9.8	20.0418	5.8815	5.133	1
9.9	20.2206	6.26	5.1314	1
10	20.3988	6.9099	5.1268	1
10.1	20.5713	7.3029	5.1262	1
10.2	20.6946	7.6138	5.1216	1
10.3	20.7522	7.7371	5.1124	1
10.4	20.7922	7.703	5.1096	1
10.5	20.8309	7.9022	5.1176	1
10.6	20.8694	8.0228	5.1272	1
10.7	20.9096	8.0443	5.1293	1
10.8	20.9511	8.3311	5.131	1
10.9	20.9944	8.4289	5.1366	1
11	21.0403	8.5609	5.1335	1
11.1	21.0885	8.8262	5.1227	1
11.2	21.1393	8.9059	5.1084	1
11.3	21.1925	9.1809	5.1047	1
11.4	21.2481	9.4978	5.1102	1
11.5	21.3072	9.5652	5.1157	1
11.6	21.3695	9.8063	5.121	1
11.7	21.4345	10.1261	5.1296	1
11.8	21.5026	10.3605	5.1371	1
11.9	21.5737	10.6303	5.1432	1
12	21.6476	11.0088	5.1345	1
12.1	21.7242	11.3866	5.1378	1
12.2	21.803	11.8552	5.1386	1
12.3	21.8842	12.3202	5.1443	1
12.4	21.9675	12.7672	5.1363	1
12.5	22.0527	13.3579	5.1209	1
12.6	22.1397	13.8919	5.1262	1
12.7	22.2285	14.4816	5.1263	1
12.8	22.3189	15.103	5.1202	1
12.9	22.4109	15.745	5.1091	1
13	22.5042	16.4311	5.1106	1
13.1	22.5983	17.1286	5.1117	1
13.2	22.6937	17.8651	5.1115	1
13.3	22.7898	18.6138	5.1178	1
13.4	22.8866	19.3722	5.1296	1
13.5	22.9838	20.3115	5.1349	1
13.6	23.0805	21.2687	5.1178	1
13.7	23.1765	22.2745	5.1105	1
13.8	23.2722	23.2877	5.1213	1
13.9	23.3671	24.3036	5.1357	1
14	23.4615	25.2678	5.1432	1
14.1	23.5553	26.3022	5.1364	1
14.2	23.6479	27.3893	5.1398	1
14.3	23.7392	28.531	5.1429	1
14.4	23.829	29.6848	5.1344	1
14.5	23.9166	31.0609	5.1338	1
14.6	24.0017	32.2859	5.1294	1
14.7	24.0849	33.5087	5.1328	1
14.8	24.1657	34.7565	5.1392	1
14.9	24.2442	36.089	5.1409	1
15	24.3205	37.2677	5.1425	1
15.1	24.3945	38.5517	5.1531	1
15.2	24.4658	39.7946	5.1558	1
15.3	24.5348	40.9874	5.1524	1
15.4	24.6023	42.1654	5.1379	1
15.5	24.6676	43.3848	5.1381	1
15.6	24.7307	44.5277	5.1428	1
15.7	24.7922	45.6589	5.1405	1
15.8	24.8518	46.7861	5.1361	1
15.9	24.91	47.9718	5.1388	1
16	24.9658	49.0715	5.1368	1
16.1	25.0199	50.2209	5.1337	1
16.2	25.0725	51.2817	5.1337	1
16.3	25.1233	52.3909	5.136	1
16.4	25.1728	53.4357	5.1385	1
16.5	25.2209	54.4629	5.1238	1
16.6	25.2678	55.5112	5.1115	1
16.7	25.3137	56.4364	5.0972	1
16.8	25.3588	57.5336	5.0918	1
16.9	25.4027	58.4948	5.1011	1
17	25.4458	59.3844	5.1124	1
17.1	25.4881	60.4392	5.1162	1
17.2	25.5293	61.3411	5.1075	1
17.3	25.5702	62.2124	5.1097	1
17.4	25.6102	63.2297	5.1178	1
17.5	25.6495	64.1511	5.117	1
17.6	25.688	65.1297	5.1132	1
17.7	25.7253	66.0837	5.113	1
17.8	25.7619	67.1218	5.1116	1
17.9	25.7975	68.0487	5.1114	1
18	25.8327	68.9667	5.1201	1
18.1	25.8674	69.869	5.1203	1
18.2	25.902	70.6891	5.1176	1
18.3	25.9359	71.6544	5.1074	1
18.4	25.9691	72.5155	5.1154	1
18.5	26.0022	73.3195	5.1005	1
18.6	26.0349	74.2209	5.0874	1
18.7	26.0672	75.1236	5.0877	1
18.8	26.0985	76.0752	5.0898	1
18.9	26.1291	76.9819	5.0909	1
19	26.1599	77.8681	5.0981	1
19.1	26.1909	78.7096	5.1054	1
19.2	26.2213	79.7003	5.0979	1
19.3	26.2508	80.5342	5.1072	1
19.4	26.2801	81.43	5.1132	1
19.5	26.3094	82.302	5.1109	1
19.6	26.3382	83.1925	5.1065	1
19.7	26.3666	84.0721	5.1124	1
19.8	26.3949	84.8833	5.1146	1
19.9	26.423	85.7679	5.1109	1
20	26.4509	86.6542	5.1109	1
20.1	26.4786	87.4091	5.1059	1
20.2	26.5062	88.321	5.0974	1
20.3	26.5336	89.154	5.0955	1
20.4	26.5609	90.0383	5.0932	1
20.5	26.5882	90.8798	5.0976	1
20.6	26.6149	91.7866	5.1109	1
20.7	26.6415	92.6209	5.1068	1
20.8	26.6681	93.4958	5.0942	1
20.9	26.694	94.4578	5.0966	1
21	26.7197	95.2626	5.1065	1
21.1	26.7453	96.1926	5.1082	1
21.2	26.7706	96.9733	5.0992	1
21.3	26.7962	97.7283	5.112	1
21.4	26.8218	98.6498	5.1245	1
21.5	26.8471	99.4794	5.1194	1
21.6	26.8726	100.2443	5.1175	1
21.7	26.8981	101.067	5.1102	1
21.8	26.9234	101.8886	5.1124	1
21.9	26.9487	102.7577	5.1176	1
22	26.9738	103.6741	5.1124	1
22.1	26.9986	104.4764	5.1147	1
22.2	27.0233	105.3151	5.116	1
22.3	27.0483	106.193	5.1115	1
22.4	27.0728	107.0576	5.109	1
22.5	27.0972	107.8865	5.1088	1
22.6	27.1216	108.7407	5.1089	1
22.7	27.146	109.6166	5.1102	1
22.8	27.1701	110.5714	5.1198	1
22.9	27.1936	111.3772	5.1239	1
23	27.2169	112.2615	5.1177	1
23.1	27.2402	113.0895	5.1091	1
23.2	27.2637	113.9129	5.1052	1
23.3	27.287	114.7911	5.1148	1
23.4	27.3099	115.5875	5.1174	1
23.5	27.3328	116.4228	5.1132	1
23.6	27.3562	117.2897	5.1041	1
23.7	27.3792	118.1266	5.0968	1
23.8	27.402	119.0056	5.1005	1
23.9	27.4248	119.8336	5.1157	1
24	27.4477	120.6019	5.1209	1
24.1	27.4707	121.4541	5.1186	1
24.2	27.4935	122.3649	5.1204	1
24.3	27.516	123.1479	5.1251	1
24.4	27.5386	123.9731	5.1169	1
24.5	27.5612	124.8323	5.117	1
24.6	27.5838	125.6597	5.1152	1
24.7	27.6064	126.5538	5.1051	1
24.8	27.6287	127.497	5.1077	1
24.9	27.6504	128.3388	5.1181	1
25	27.6723	129.1165	5.1191	1
25.1	27.6948	129.8185	5.1226	1
25.2	27.7173	130.6389	5.1207	1
25.3	27.7397	131.4704	5.1166	1
25.4	27.762	132.3518	5.1123	1
25.5	27.7845	133.1966	5.1075	1
25.6	27.8071	133.9825	5.1133	1
25.7	27.8298	134.8434	5.1206	1
25.8	27.8516	135.849	5.111	1
25.9	27.8729	136.8289	5.1071	1
26	27.8938	137.669	5.1142	1
26.1	27.9151	138.4109	5.1206	1
26.2	27.9368	139.0863	5.1199	1
26.3	27.9587	139.8276	5.1094	1
26.4	27.9811	140.6677	5.1164	1
26.5	28.0033	141.593	5.1196	1
26.6	28.0253	142.4728	5.1205	1
26.7	28.0467	143.3732	5.1332	1
26.8	28.0679	144.1988	5.1339	1
26.9	28.0893	145.0224	5.1404	1
27	28.111	145.8521	5.1356	1
27.1	28.1327	146.6311	5.1267	1
27.2	28.1542	147.506	5.1126	1
27.3	28.1755	148.3299	5.1098	1
27.4	28.197	149.0735	5.1146	1
27.5	28.2189	149.8812	5.1081	1
27.6	28.2407	150.8493	5.1096	1
27.7	28.2619	151.8094	5.1154	1
27.8	28.2827	152.6354	5.1192	1
27.9	28.3034	153.4913	5.1199	1
28	28.3242	154.2822	5.1	1
28.1	28.345	155.1473	5.1148	1
28.2	28.3658	155.8986	5.1282	1
28.3	28.3865	156.7697	5.1273	1
28.4	28.4072	157.7236	5.1284	1
28.5	28.4276	158.6342	5.1241	1
28.6	28.4477	159.4113	5.1345	1
28.7	28.4676	160.2822	5.1349	1
28.8	28.4873	161.1532	5.1365	1
28.9	28.5068	162.0301	5.1277	1
29	28.5262	162.8957	5.1197	1
29.1	28.5457	163.6826	5.118	1
29.2	28.5651	164.5474	5.1207	1
29.3	28.5841	165.4336	5.1235	1
29.4	28.6035	166.2043	5.1327	1
29.5	28.6229	167.0577	5.1401	1
29.6	28.6418	168.0284	5.1402	1
29.7	28.6605	168.8104	5.1278	1
29.8	28.6792	169.7104	5.1187	1
29.9	28.6974	170.5427	5.1103	1
30	28.7164	171.2592	5.1327	1
30.1	28.7353	172.1739	5.1477	1
30.2	28.7537	172.9562	5.1371	1
30.3	28.7726	173.7041	5.121	1
30.4	28.7913	174.5954	5.1224	1
30.5	28.8099	175.3976	5.1254	1
30.6	28.8288	176.2424	5.1213	1
30.7	28.8476	177.1712	5.1125	1
30.8	28.8661	178.052	5.1165	1
30.9	28.884	178.9217	5.1269	1
31	28.9017	179.8108	5.1227	1
31.1	28.9196	180.5579	5.1135	1
31.2	28.9376	181.402	5.1121	1
31.3	28.9555	182.3513	5.1153	1
31.4	28.9732	183.1265	5.1243	1
31.5	28.9912	183.9107	5.1395	1
31.6	29.0091	184.7174	5.1525	1
31.7	29.0272	185.5126	5.1495	1
31.8	29.0455	186.3408	5.1341	1
31.9	29.064	187.1228	5.1304	1
32	29.0826	187.9073	5.1224	1
32.1	29.1013	188.7595	5.1172	1
32.2	29.1196	189.607	5.1124	1
32.3	29.138	190.4931	5.1036	1
32.4	29.1563	191.2705	5.1031	1
32.5	29.1747	192.1282	5.1077	1
32.6	29.1932	193.0005	5.12	1
32.7	29.2117	193.8099	5.1325	1
32.8	29.2303	194.5485	5.1374	1
32.9	29.249	195.4087	5.137	1
33	29.2676	196.2843	5.1385	1
33.1	29.2859	197.1734	5.1352	1
33.2	29.3044	197.9537	5.1234	1
33.3	29.3227	198.8143	5.121	1
33.4	29.341	199.6757	5.1392	1
33.5	29.3594	200.5046	5.1399	1
33.6	29.3775	201.4054	5.121	1
33.7	29.3956	202.2004	5.1294	1
33.8	29.4135	203.1577	5.1281	1
33.9	29.4307	203.9854	5.1161	1
34	29.4482	204.7469	5.1119	1
34.1	29.466	205.5501	5.1143	1
34.2	29.484	206.4003	5.1106	1
34.3	29.5022	207.1568	5.1176	1
34.4	29.5204	207.9849	5.1243	1
34.5	29.5384	208.8674	5.1124	1
34.6	29.5563	209.749	5.097	1
34.7	29.5743	210.6055	5.0961	1
34.8	29.5922	211.4111	5.1063	1
34.9	29.6102	212.2171	5.1054	1
35	29.6281	213.0906	5.1203	1
35.1	29.6456	213.9246	5.133	1
35.2	29.663	214.8029	5.1206	1
35.3	29.6803	215.738	5.1156	1
35.4	29.6975	216.5683	5.1249	1
35.5	29.7145	217.4434	5.1197	1
35.6	29.7312	218.3071	5.113	1
35.7	29.7475	219.191	5.1264	1
35.8	29.7639	220.0184	5.1249	1
35.9	29.7803	220.8444	5.1275	1
36	29.7968	221.5968	5.1269	1
36.1	29.8135	222.4532	5.102	1
36.2	29.8303	223.2542	5.093	1
36.3	29.8472	224.0319	5.0983	1
36.4	29.8641	224.9368	5.108	1
36.5	29.8809	225.7534	5.1179	1
36.6	29.8978	226.5933	5.1173	1
36.7	29.9145	227.3871	5.1175	1
36.8	29.9313	228.2745	5.1195	1
36.9	29.9478	229.2108	5.1175	1
37	29.9638	229.9974	5.1028	1
37.1	29.9799	230.9217	5.1214	1
37.2	29.9958	231.8131	5.1288	1
37.3	30.0111	232.6767	5.098	1
37.4	30.0267	233.4831	5.1097	1
37.5	30.0421	234.3877	5.1151	1
37.6	30.0571	235.235	5.1178	1
37.7	30.072	236.0557	5.1279	1
37.8	30.0872	236.8218	5.1255	1
37.9	30.1022	237.7	5.1229	1
38	30.1171	238.5488	5.1267	1
38.1	30.1325	239.3408	5.1153	1
38.2	30.148	240.1416	5.1115	1
38.3	30.1635	240.9253	5.1049	1
38.4	30.1786	241.8287	5.1169	1
38.5	30.1936	242.7346	5.1218	1
38.6	30.2087	243.533	5.1179	1
38.7	30.2237	244.4152	5.1112	1
38.8	30.2386	245.2588	5.1052	1
38.9	30.2535	246.038	5.117	1
39	30.2686	246.9013	5.1268	1
39.1	30.2835	247.801	5.1272	1
39.2	30.2983	248.5992	5.1329	1
39.3	30.3135	249.2905	5.1359	1
39.4	30.3289	250.1131	5.1447	1
39.5	30.3444	250.9863	5.1338	1
39.6	30.3598	251.881	5.128	1
39.7	30.3747	252.698	5.1149	1
39.8	30.3897	253.4829	5.101	1
39.9	30.4049	254.3069	5.0999	1
40	30.4201	255.1816	5.1049	1
40.1	30.4353	255.9992	5.1047	1
40.2	30.4505	256.8427	5.0987	1
40.3	30.4655	257.7264	5.103	1
40.4	30.4805	258.469	5.1172	1
40.5	30.4957	259.401	5.1212	1
40.6	30.5105	260.2122	5.127	1
40.7	30.5253	261.0306	5.1354	1
40.8	30.5403	261.8344	5.1267	1
40.9	30.5555	262.6812	5.1375	1
41	30.5705	263.5879	5.1517	1
41.1	30.5852	264.3672	5.1319	1
41.2	30.6001	265.2049	5.1089	1
41.3	30.6149	266.1707	5.1229	1
41.4	30.6296	266.9885	5.1261	1
41.5	30.644	267.8327	5.1173	1
41.6	30.6581	268.7015	5.1237	1
41.7	30.6721	269.529	5.1297	1
41.8	30.6859	270.4013	5.1269	1
41.9	30.7	271.15	5.1063	1
42	30.7141	271.9516	5.1036	1
42.1	30.7284	272.8095	5.1064	1
42.2	30.7428	273.6441	5.0901	1
42.3	30.7572	274.4903	5.0943	1
42.4	30.7714	275.4205	5.1156	1
42.5	30.7854	276.2039	5.1197	1
42.6	30.7995	277.0138	5.1269	1
42.7	30.8136	277.8617	5.1325	1
42.8	30.8277	278.6351	5.1285	1
42.9	30.8419	279.507	5.1165	1
43	30.856	280.3612	5.117	1
43.1	30.8702	281.1313	5.1222	1
43.2	30.8845	281.973	5.1287	1
43.3	30.8986	282.7825	5.1196	1
43.4	30.9128	283.6548	5.1081	1
43.5	30.927	284.5248	5.1048	1
43.6	30.941	285.3562	5.1111	1
43.7	30.9548	286.246	5.1251	1
43.8	30.9687	286.9909	5.1433	1
43.9	30.9829	287.7862	5.1436	1
44	30.9971	288.6585	5.1331	1
44.1	31.0112	289.4399	5.1318	1
44.2	31.0251	290.2933	5.1388	1
44.3	31.0394	291.1869	5.1302	1
44.4	31.0535	292.0662	5.134	1
44.5	31.0673	292.9118	5.1255	1
44.6	31.0811	293.6469	5.1174	1
44.7	31.095	294.5556	5.122	1
44.8	31.1087	295.3768	5.1329	1
44.9	31.1223	296.2071	5.1393	1
45	31.1361	297.044	5.128	1
45.1	31.1501	297.8691	5.1253	1
45.2	31.164	298.6765	5.1282	1
45.3	31.1776	299.5761	5.1208	1
45.4	31.1911	300.4099	5.1235	1
45.5	31.2047	301.2874	5.1193	1
45.6	31.2181	302.1441	5.1096	1
45.7	31.2313	302.973	5.1157	1
45.8	31.2445	303.8684	5.125	1
45.9	31.2577	304.6899	5.1254	1
46	31.2707	305.5474	5.128	1
46.1	31.2835	306.4202	5.132	1
46.2	31.296	307.2864	5.1329	1
46.3	31.3086	308.1637	5.1259	1
46.4	31.3213	308.9519	5.1247	1
46.5	31.3339	309.7561	5.1369	1
46.6	31.3465	310.6192	5.1256	1
46.7	31.3589	311.4952	5.1241	1
46.8	31.3713	312.3227	5.1342	1
46.9	31.3839	313.1203	5.1279	1
47	31.3964	314.0074	5.1384	1
47.1	31.4084	314.8738	5.1358	1
47.2	31.4205	315.6587	5.1259	1
47.3	31.4328	316.4951	5.1249	1
47.4	31.445	317.3875	5.1367	1
47.5	31.457	318.1859	5.1332	1
47.6	31.4693	318.9569	5.118	1
47.7	31.482	319.7915	5.1259	1
47.8	31.4946	320.5999	5.1319	1
47.9	31.5073	321.374	5.142	1
48	31.5201	322.1931	5.1399	1
48.1	31.5331	322.9861	5.1196	1
48.2	31.5459	323.8201	5.1088	1
48.3	31.559	324.5829	5.11	1
48.4	31.5723	325.4865	5.1163	1
48.5	31.5854	326.2806	5.1228	1
48.6	31.5985	327.1204	5.1282	1
48.7	31.6113	328.0555	5.135	1
48.8	31.6238	328.9924	5.1254	1
48.9	31.636	329.9549	5.1129	1
49	31.6477	330.8063	5.1073	1
49.1	31.6592	331.5895	5.1136	1
49.2	31.671	332.3965	5.1108	1
49.3	31.6827	333.2937	5.1006	1
49.4	31.6943	334.1016	5.1028	1
49.5	31.7058	334.9697	5.0958	1
49.6	31.7172	335.8511	5.1046	1
49.7	31.7284	336.7212	5.1103	1
49.8	31.7397	337.5132	5.0987	1
49.9	31.7511	338.2733	5.0954	1
50	31.7626	339.1016	5.1012	1
50.1	31.774	339.9062	5.0997	1
50.2	31.7855	340.7765	5.0982	1
50.3	31.7965	341.6952	5.0909	1
50.4	31.8077	342.4972	5.0926	1
50.5	31.8191	343.2023	5.0901	1
50.6	31.8309	344.0459	5.0838	1
50.7	31.8426	344.8829	5.0851	1
50.8	31.8541	345.7	5.0811	1
50.9	31.866	346.4477	5.0873	1
51	31.8781	347.2769	5.1096	1
51.1	31.8904	348.1242	5.1176	1
51.2	31.9027	348.9417	5.1237	1
51.3	31.9149	349.7633	5.1161	1
51.4	31.9272	350.648	5.1087	1
51.5	31.9392	351.5036	5.1095	1
51.6	31.9509	352.4059	5.1073	1
51.7	31.9624	353.195	5.0967	1
51.8	31.974	354.0972	5.0974	1
51.9	31.9852	354.9817	5.0954	1
52	31.9964	355.7949	5.0926	1
52.1	32.0076	356.6772	5.0946	1
52.2	32.0186	357.5624	5.0849	1
52.3	32.0294	358.42	5.086	1
52.4	32.0401	359.2224	5.0821	1
52.5	32.0509	360.0741	5.0713	1
52.6	32.0614	360.9367	5.0798	1
52.7	32.0719	361.8287	5.084	1
52.8	32.0822	362.6388	5.0798	1
52.9	32.0924	363.4603	5.0706	1
53	32.1024	364.3416	5.0642	1
53.1	32.1124	365.1558	5.0732	1
53.2	32.123	365.9543	5.0713	1
53.3	32.1337	366.7931	5.0728	1
53.4	32.1441	367.6441	5.0944	1
53.5	32.1544	368.5032	5.1033	1
53.6	32.1646	369.3617	5.1036	1
53.7	32.1746	370.2051	5.094	1
53.8	32.1846	371.0349	5.0863	1
53.9	32.1944	371.8802	5.0925	1
54	32.2042	372.7371	5.1104	1
54.1	32.2138	373.5545	5.1101	1
54.2	32.2234	374.4296	5.0998	1
54.3	32.2331	375.2604	5.0898	1
54.4	32.2431	376.0501	5.0901	1
54.5	32.2526	376.8505	5.0973	1
54.6	32.2626	377.6128	5.0965	1
54.7	32.2728	378.4633	5.0963	1
54.8	32.283	379.2407	5.1076	1
54.9	32.2933	380.1333	5.1167	1
55	32.3032	380.9785	5.108	1
55.1	32.313	381.8192	5.1028	1
55.2	32.3229	382.6946	5.1071	1
55.3	32.3327	383.5817	5.1207	1
55.4	32.3421	384.4316	5.1194	1
55.5	32.3515	385.3086	5.1059	1
55.6	32.3608	386.0797	5.111	1
55.7	32.3702	386.9606	5.1124	1
55.8	32.3796	387.8253	5.1115	1
55.9	32.3891	388.5762	5.1125	1
56	32.3987	389.3148	5.1201	1
56.1	32.4086	390.1967	5.1196	1
56.2	32.4181	391.0775	5.1086	1
56.3	32.4275	391.8828	5.1108	1
56.4	32.437	392.6631	5.1043	1
56.5	32.4467	393.5706	5.0844	1
56.6	32.4563	394.413	5.0712	1
56.7	32.466	395.1857	5.0865	1
56.8	32.4758	395.9374	5.0961	1
56.9	32.4857	396.7808	5.0943	1
57	32.4957	397.6474	5.0838	1
57.1	32.5055	398.4371	5.0764	1
57.2	32.5156	399.2345	5.0756	1
57.3	32.5255	400.1234	5.0847	1
57.4	32.5353	401.0535	5.0936	1
57.5	32.5447	401.9256	5.0989	1
57.6	32.5541	402.7741	5.1055	1
57.7	32.5635	403.5955	5.1022	1
57.8	32.573	404.4522	5.1123	1
57.9	32.5822	405.2819	5.1087	1
58	32.5913	406.2169	5.0932	1
58.1	32.6002	407.0195	5.0907	1
58.2	32.609	407.8605	5.0897	1
58.3	32.6177	408.6894	5.0885	1
58.4	32.6263	409.5878	5.0926	1
58.5	32.6349	410.4271	5.0972	1
58.6	32.6437	411.2261	5.0932	1
58.7	32.6525	412.0686	5.0853	1
58.8	32.6612	412.8673	5.0919	1
58.9	32.6698	413.7384	5.0972	1
59	32.6782	414.5393	5.0884	1
59.1	32.6869	415.3569	5.0861	1
59.2	32.6958	416.1257	5.0882	1
59.3	32.7048	416.9567	5.0829	1
59.4	32.7138	417.8609	5.0984	1
59.5	32.7226	418.6512	5.1037	1
59.6	32.7314	419.3946	5.1026	1
59.7	32.7405	420.2705	5.0978	1
59.8	32.7494	421.1703	5.0973	1
59.9	32.7582	422.0177	5.0871	1
60	32.7672	422.7317	5.0906	1
60.1	32.7766	423.5293	5.0941	1
60.2	32.786	424.3444	5.0888	1
60.3	32.7955	425.1538	5.0845	1
60.4	32.8052	425.9808	5.0833	1
60.5	32.8148	426.8436	5.0944	1
60.6	32.8243	427.6835	5.1022	1
60.7	32.8339	428.5276	5.1096	1
60.8	32.8432	429.3328	5.1157	1
60.9	32.8524	430.1631	5.122	1
61	32.8619	431.0572	5.1123	1
61.1	32.8713	431.8968	5.1033	1
61.2	32.8806	432.7493	5.1098	1
61.3	32.8902	433.5802	5.1234	1
61.4	32.8996	434.4166	5.1189	1
61.5	32.9089	435.188	5.1133	1
61.6	32.918	436.056	5.1133	1
61.7	32.9272	436.9381	5.1164	1
61.8	32.9362	437.7451	5.1166	1
61.9	32.9454	438.5185	5.1102	1
62	32.9548	439.3644	5.0981	1
62.1	32.9641	440.2902	5.0945	1
62.2	32.9731	441.0957	5.1032	1
62.3	32.9823	441.8466	5.1036	1
62.4	32.9918	442.7226	5.0988	1
62.5	33.0011	443.5999	5.0969	1
62.6	33.01	444.4514	5.0985	1
62.7	33.0189	445.3623	5.0991	1
62.8	33.0276	446.1872	5.1058	1
62.9	33.0362	446.9981	5.1091	1
63	33.0448	447.9489	5.1141	1
63.1	33.0534	448.7427	5.1199	1
63.2	33.0617	449.574	5.1145	1
63.3	33.0699	450.4855	5.117	1
63.4	33.0779	451.3054	5.1139	1
63.5	33.086	452.1249	5.0912	1
63.6	33.0942	452.9564	5.0952	1
63.7	33.1022	453.8399	5.0969	1
63.8	33.1102	454.5986	5.0974	1
63.9	33.1184	455.4526	5.0951	1
64	33.1266	456.2964	5.0913	1
64.1	33.1345	457.088	5.087	1
64.2	33.1424	457.9146	5.0787	1
64.3	33.1504	458.784	5.0847	1
64.4	33.1587	459.5688	5.0945	1
64.5	33.1669	460.3975	5.1057	1
64.6	33.1752	461.2501	5.1079	1
64.7	33.1836	462.0832	5.1116	1
64.8	33.1918	462.9332	5.1085	1
64.9	33.2	463.7466	5.1071	1
65	33.208	464.5912	5.0906	1
65.1	33.2162	465.3941	5.0797	1
65.2	33.2246	466.1902	5.0869	1
65.3	33.2329	467.0773	5.0901	1
65.4	33.2411	467.9542	5.1048	1
65.5	33.2492	468.7152	5.1176	1
65.6	33.2574	469.5587	5.1082	1
65.7	33.2655	470.3579	5.0951	1
65.8	33.2738	471.1792	5.0956	1
65.9	33.2823	471.9645	5.1015	1
66	33.2911	472.8267	5.1041	1
66.1	33.2998	473.6774	5.1082	1
66.2	33.3084	474.5254	5.1093	1
66.3	33.3167	475.3881	5.116	1
66.4	33.3249	476.2302	5.1075	1
66.5	33.3333	477.0392	5.0957	1
66.6	33.3416	477.8371	5.0946	1
66.7	33.3499	478.7131	5.1082	1
66.8	33.3582	479.6084	5.1206	1
66.9	33.3664	480.4085	5.1161	1
67	33.3744	481.22	5.1157	1
67.1	33.3825	482.0437	5.1178	1
67.2	33.3907	482.9159	5.1162	1
67.3	33.3992	483.8062	5.1166	1
67.4	33.4074	484.6171	5.1048	1
67.5	33.4154	485.5021	5.1003	1
67.6	33.4228	486.3608	5.111	1
67.7	33.4302	487.1678	5.1077	1
67.8	33.4379	488.0343	5.0981	1
67.9	33.4455	488.9243	5.0968	1
68	33.4531	489.7526	5.1003	1
68.1	33.4605	490.6003	5.1057	1
68.2	33.4678	491.4062	5.1213	1
68.3	33.4752	492.1773	5.1164	1
68.4	33.4826	493.0269	5.1137	1
68.5	33.49	493.873	5.1188	1
68.6	33.4973	494.7755	5.1124	1
68.7	33.5046	495.5777	5.1109	1
68.8	33.5121	496.3202	5.1038	1
68.9	33.5196	497.2056	5.1106	1
69	33.5271	498.0123	5.1064	1
69.1	33.5344	498.9103	5.1117	1
69.2	33.5419	499.706	5.1182	1
69.3	33.5492	500.5272	5.1207	1
69.4	33.5565	501.4333	5.1193	1
69.5	33.5636	502.2837	5.1133	1
69.6	33.5707	503.0398	5.0946	1
69.7	33.5776	503.9464	5.1003	1
69.8	33.5844	504.8138	5.117	1
69.9	33.5911	505.633	5.1238	1
70	33.5977	506.4915	5.1222	1
70.1	33.6046	507.3007	5.1241	1
70.2	33.6119	508.1069	5.1255	1
70.3	33.6196	508.7457	5.124	1
70.4	33.6277	509.6147	5.1228	1
70.5	33.6355	510.3997	5.1183	1
70.6	33.6436	511.1679	5.1239	1
70.7	33.6521	512.003	5.125	1
70.8	33.6607	512.8226	5.1171	1
70.9	33.6689	513.7011	5.1128	1
71	33.677	514.5263	5.1128	1
71.1	33.6855	515.3429	5.1244	1
71.2	33.694	516.1111	5.1385	1
71.3	33.7024	516.9524	5.1266	1
71.4	33.7108	517.8129	5.1194	1
71.5	33.7195	518.6207	5.1336	1
71.6	33.7282	519.3938	5.1369	1
71.7	33.7366	520.3205	5.1438	1
71.8	33.7449	521.21	5.1445	1
71.9	33.753	522.0344	5.1353	1
72	33.761	522.9337	5.1294	1
72.1	33.7688	523.812	5.1218	1
72.2	33.7764	524.6727	5.1189	1
72.3	33.7842	525.4247	5.1298	1
72.4	33.7921	526.2428	5.1463	1
72.5	33.7999	527.0799	5.1525	1
72.6	33.808	527.872	5.1379	1
72.7	33.8161	528.7111	5.1206	1
72.8	33.8243	529.5161	5.1172	1
72.9	33.8327	530.3134	5.1236	1
73	33.8413	531.1457	5.115	1
73.1	33.8499	531.9383	5.1023	1
73.2	33.8582	532.8608	5.0921	1
73.3	33.8664	533.6998	5.0925	1
73.4	33.8749	534.5234	5.0965	1
73.5	33.8834	535.3221	5.0967	1
73.6	33.8915	536.1782	5.0885	1
73.7	33.8996	537.1182	5.0835	1
73.8	33.9077	537.9121	5.0881	1
73.9	33.9156	538.8036	5.0794	1
74	33.9234	539.6813	5.0588	1
74.1	33.931	540.4987	5.067	1
74.2	33.9386	541.3537	5.0796	1
74.3	33.9462	542.2109	5.0991	1
74.4	33.9536	543.014	5.0904	1
74.5	33.9607	543.9102	5.0785	1
74.6	33.9677	544.788	5.087	1
74.7	33.9748	545.574	5.1058	1
74.8	33.9816	546.5366	5.1114	1
74.9	33.9885	547.3006	5.0971	1
75	33.9953	548.1509	5.1026	1
75.1	34.0024	548.9301	5.1158	1
75.2	34.0095	549.7156	5.1029	1
75.3	34.0165	550.5807	5.0824	1
75.4	34.0238	551.4174	5.0798	1
75.5	34.0312	552.1966	5.0791	1
75.6	34.0383	553.1144	5.0809	1
75.7	34.0453	553.9455	5.0903	1
75.8	34.0524	554.7287	5.0963	1
75.9	34.0597	555.5453	5.1062	1
76	34.0667	556.4151	5.1153	1
76.1	34.0737	557.2997	5.1179	1
76.2	34.0805	558.152	5.1136	1
76.3	34.0873	558.9062	5.1126	1
76.4	34.0943	559.7427	5.1107	1
76.5	34.1014	560.5681	5.0991	1
76.6	34.1084	561.4251	5.093	1
76.7	34.115	562.3375	5.0951	1
76.8	34.1217	563.0958	5.0907	1
76.9	34.1283	564.0304	5.0819	1
77	34.1348	564.8642	5.0917	1
77.1	34.1414	565.6459	5.1028	1
77.2	34.1479	566.4466	5.1074	1
77.3	34.1546	567.3264	5.1111	1
77.4	34.1608	568.1274	5.1104	1
77.5	34.167	569.0392	5.1123	1
77.6	34.1735	569.7929	5.116	1
77.7	34.18	570.7185	5.1118	1
77.8	34.1866	571.531	5.0984	1
77.9	34.1929	572.415	5.0962	1
78	34.1993	573.1222	5.0977	1
78.1	34.2058	573.969	5.0913	1
78.2	34.2125	574.8659	5.1002	1
78.3	34.219	575.6738	5.1126	1
78.4	34.2253	576.4708	5.1045	1
78.5	34.232	577.2547	5.0937	1
78.6	34.2387	578.1808	5.1109	1
78.7	34.2453	578.9891	5.1248	1
78.8	34.2518	579.8041	5.1273	1
78.9	34.2584	580.6799	5.106	1
79	34.2652	581.474	5.0973	1
79.1	34.2717	582.2969	5.1191	1
79.2	34.2784	583.0808	5.1269	1
79.3	34.2849	583.971	5.1298	1
79.4	34.2917	584.8552	5.1318	1
79.5	34.2985	585.5816	5.1282	1
79.6	34.3051	586.5063	5.1224	1
79.7	34.3119	587.134	5.1093	1
79.8	34.3191	588.0012	5.1013	1
79.9	34.3264	588.8273	5.1125	1
80	34.3338	589.5674	5.1153	1
80.1	34.3417	590.3495	5.1194	1
80.2	34.3503	590.9774	5.112	1
80.3	34.3591	591.8571	5.1056	1
80.4	34.3677	592.6795	5.1043	1
80.5	34.3763	593.5096	5.1056	1
80.6	34.3852	594.2762	5.1105	1
80.7	34.3943	595.1402	5.1147	1
80.8	34.4028	596.0605	5.1084	1
80.9	34.4114	596.9239	5.1038	1
81	34.4202	597.8189	5.1244	1
81.1	34.4286	598.5411	5.1386	1
81.2	34.437	599.417	5.1328	1
81.3	34.4454	600.3785	5.1277	1
81.4	34.4538	601.0706	5.1275	1
81.5	34.4621	602.025	5.1234	1
81.6	34.4704	602.9239	5.0998	1
81.7	34.4779	603.84	5.1099	1
81.8	34.4853	604.6076	5.1274	1
81.9	34.4931	605.4085	5.1316	1
82	34.5008	606.305	5.1317	1
82.1	34.5084	607.1894	5.1369	1
82.2	34.5159	607.991	5.1435	1
82.3	34.5235	608.8378	5.14	1
82.4	34.5307	609.7401	5.1387	1
82.5	34.5374	610.6505	5.1327	1
82.6	34.544	611.4852	5.1345	1
82.7	34.551	612.1772	5.1381	1
82.8	34.5585	612.9782	5.1364	1
82.9	34.5661	613.7221	5.1236	1
83	34.5737	614.6695	5.134	1
83.1	34.5814	615.5121	5.1559	1
83.2	34.5887	616.3865	5.1547	1
83.3	34.5958	617.229	5.147	1
83.4	34.6027	618.138	5.131	1
83.5	34.6096	618.9231	5.1299	1
83.6	34.6163	619.7402	5.1357	1
83.7	34.6231	620.6601	5.1321	1
83.8	34.6299	621.4388	5.1295	1
83.9	34.6368	622.1857	5.1357	1
84	34.6439	623.0577	5.1427	1
84.1	34.6507	624.0256	5.1466	1
84.2	34.6574	624.8109	5.1674	1
84.3	34.6642	625.6184	5.1809	1
84.4	34.6714	626.4127	5.1808	1
84.5	34.6784	627.256	5.1772	1
84.6	34.6853	628.0725	5.1624	1
84.7	34.6922	628.8962	5.1525	1
84.8	34.6989	629.832	5.1479	1
84.9	34.7057	630.6451	5.1495	1
85	34.7123	631.4461	5.1484	1
85.1	34.7189	632.3224	5.1483	1
85.2	34.7256	633.1216	5.1456	1
85.3	34.7324	633.9712	5.1354	1
85.4	34.7393	634.7908	5.1504	1
85.5	34.746	635.5891	5.1521	1
85.6	34.7525	636.5124	5.13	1
85.7	34.759	637.3937	5.1292	1
85.8	34.7654	638.128	5.1302	1
85.9	34.7718	639.0063	5.1442	1
86	34.7782	639.8231	5.1425	1
86.1	34.7846	640.6389	5.1371	1
86.2	34.7913	641.5113	5.1372	1
86.3	34.7978	642.342	5.1417	1
86.4	34.8042	643.1739	5.1385	1
86.5	34.8105	643.978	5.143	1
86.6	34.8169	644.7823	5.1643	1
86.7	34.8234	645.7695	5.1551	1
86.8	34.8294	646.549	5.1486	1
86.9	34.8354	647.3729	5.1524	1
87	34.8416	648.1974	5.151	1
87.1	34.8478	648.9903	5.1458	1
87.2	34.8544	649.8024	5.1481	1
87.3	34.8607	650.6126	5.1403	1
87.4	34.8675	651.4548	5.1454	1
87.5	34.8742	652.2652	5.1517	1
87.6	34.8807	653.1166	5.1361	1
87.7	34.8875	653.9146	5.1322	1
87.8	34.8941	654.7887	5.1339	1
87.9	34.9006	655.6792	5.1384	1
88	34.9068	656.4577	5.1514	1
88.1	34.9132	657.2618	5.1449	1
88.2	34.92	658.1694	5.1353	1
88.3	34.9267	659.0457	5.1331	1
88.4	34.9329	659.8106	5.1393	1
88.5	34.9394	660.5941	5.1334	1
88.6	34.946	661.41	5.1351	1
88.7	34.9526	662.2538	5.1495	1
88.8	34.9592	663.1294	5.1453	1
88.9	34.9657	663.9367	5.1369	1
89	34.9724	664.7524	5.1356	1
89.1	34.9794	665.5222	5.1241	1
89.2	34.9864	666.4038	5.1183	1
89.3	34.9933	667.303	5.1277	1
89.4	34.9998	668.1489	5.1284	1
89.5	35.0061	668.9698	5.1292	1
89.6	35.0125	669.7901	5.1395	1
89.7	35.0189	670.6904	5.1414	1
89.8	35.0249	671.6724	5.1245	1
89.9	35.0308	672.4315	5.1134	1
90	35.0365	673.2483	5.1243	1
90.1	35.0424	674.0679	5.1414	1
90.2	35.0483	674.9482	5.1342	1
90.3	35.0539	675.8433	5.129	1
90.4	35.0595	676.65	5.1376	1
90.5	35.0651	677.4493	5.1515	1
90.6	35.0709	678.2093	5.1518	1
90.7	35.077	678.9973	5.1526	1
90.8	35.0833	679.9374	5.1508	1
90.9	35.0891	680.7888	5.1437	1
91	35.0947	681.6319	5.1331	1
91.1	35.1007	682.3617	5.1383	1
91.2	35.1067	683.2056	5.1342	1
91.3	35.1126	684.0393	5.1272	1
91.4	35.1184	684.9482	5.1226	1
91.5	35.1241	685.8177	5.1256	1
91.6	35.1299	686.6124	5.1316	1
91.7	35.1357	687.4622	5.1397	1
91.8	35.1414	688.2626	5.1506	1
91.9	35.1472	689.0308	5.1448	1
92	35.1535	689.8202	5.1363	1
92.1	35.16	690.6239	5.1365	1
92.2	35.1662	691.5409	5.1204	1
92.3	35.1726	692.234	5.1222	1
92.4	35.1793	692.9923	5.1341	1
92.5	35.1861	693.8208	5.1273	1
92.6	35.1933	694.6712	5.1231	1
92.7	35.2006	695.3927	5.1184	1
92.8	35.208	696.2711	5.1243	1
92.9	35.2151	697.1539	5.1319	1
93	35.2221	697.9972	5.1458	1
93.1	35.229	698.8175	5.1264	1
93.2	35.2359	699.6674	5.1179	1
93.3	35.243	700.5562	5.1324	1
93.4	35.2498	701.3659	5.1245	1
93.5	35.2568	702.2358	5.1395	1
93.6	35.2633	703.125	5.1357	1
93.7	35.2696	703.971	5.1262	1
93.8	35.2759	704.8174	5.1235	1
93.9	35.2822	705.6131	5.1173	1
94	35.2885	706.5272	5.1215	1
94.1	35.2947	707.4719	5.1241	1
94.2	35.3005	708.2302	5.1276	1
94.3	35.3066	709.0138	5.1381	1
94.4	35.3129	709.8666	5.1452	1
94.5	35.3189	710.7157	5.1424	1
94.6	35.3246	711.5584	5.1548	1
94.7	35.3302	712.5275	5.1504	1
94.8	35.3358	713.36	5.1496	1
94.9	35.3413	714.1291	5.1551	1
95	35.3467	715.1265	5.1615	1
95.1	35.3519	715.8798	5.154	1
95.2	35.3572	716.6067	5.1461	1
95.3	35.363	717.4216	5.1373	1
95.4	35.3686	718.2499	5.1324	1
95.5	35.3744	719.0586	5.1287	1
95.6	35.3801	719.9269	5.126	1
95.7	35.3859	720.7558	5.126	1
95.8	35.3916	721.6246	5.1381	1
95.9	35.3971	722.5228	5.1463	1
96	35.4023	723.3954	5.1451	1
96.1	35.4075	724.2264	5.1413	1
96.2	35.413	724.9556	5.1342	1
96.3	35.4185	725.7791	5.133	1
96.4	35.4242	726.6012	5.1257	1
96.5	35.4297	727.5319	5.1193	1
96.6	35.435	728.3237	5.1148	1
96.7	35.4407	729.1469	5.122	1
96.8	35.4463	729.8761	5.1213	1
96.9	35.4523	730.6517	5.1268	1
97	35.4585	731.3545	5.1267	1
97.1	35.4653	732.1671	5.124	1
97.2	35.472	733.1265	5.1251	1
97.3	35.4784	733.9481	5.1269	1
97.4	35.4849	734.6699	5.1125	1
97.5	35.4919	735.4005	5.1152	1
97.6	35.4992	736.2841	5.1186	1
97.7	35.5065	737.1915	5.1278	1
97.8	35.5135	737.9957	5.1339	1
97.9	35.5204	738.8238	5.1439	1
98	35.5273	739.6098	5.1254	1
98.1	35.5344	740.5014	5.1145	1
98.2	35.5412	741.4288	5.1057	1
98.3	35.5479	742.183	5.1073	1
98.4	35.5549	742.9295	5.123	1
98.5	35.562	743.8108	5.1254	1
98.6	35.5687	744.7655	5.1153	1
98.7	35.575	745.626	5.0993	1
98.8	35.5814	746.4519	5.1117	1
98.9	35.5879	747.3037	5.1325	1
99	35.5942	748.0663	5.1273	1
99.1	35.6002	749.0912	5.12	1
99.2	35.6064	749.7862	5.1186	1
99.3	35.6127	750.6844	5.1206	1
99.4	35.6193	751.4822	5.1271	1
99.5	35.6252	752.3284	5.1134	1
99.6	35.6314	753.2372	5.103	1
99.7	35.6375	753.9904	5.1107	1
99.8	35.6436	754.8829	5.1146	1
99.9	35.65	755.6638	5.1159	1
100	35.6556	756.5796	5.1279	1
100.1	35.6619	757.355	5.1394	1
100.2	35.6675	758.247	5.1352	1
100.3	35.6736	759.1864	5.1317	1
100.4	35.679	759.861	5.1316	1
100.5	35.6844	760.9163	5.1346	1
100.6	35.6899	761.5972	5.1344	1
100.7	35.6951	762.5727	5.1246	1
100.8	35.7003	763.4454	5.115	1
100.9	35.7052	764.1923	5.1299	1
101	35.7104	765.1357	5.1291	1
101.1	35.7154	765.8596	5.1237	1
101.2	35.7203	766.7669	5.1317	1
101.3	35.7255	767.5578	5.1223	1
101.4	35.7306	768.3613	5.1229	1
101.5	35.7357	769.2058	5.1183	1
101.6	35.7407	770.0794	5.1155	1
101.7	35.7457	770.8859	5.125	1
101.8	35.7509	771.6016	5.1322	1
101.9	35.7563	772.3899	5.1327	1
102	35.7623	773.2475	5.116	1
102.1	35.7681	774.0039	5.1107	1
102.2	35.7736	775.0111	5.1059	1
102.3	35.7789	775.8204	5.1172	1
102.4	35.784	776.7253	5.1284	1
102.5	35.7894	777.4438	5.1214	1
102.6	35.7948	778.2549	5.1104	1
102.7	35.8003	779.1153	5.1071	1
102.8	35.8059	779.8924	5.1158	1
102.9	35.8119	780.7295	5.1118	1
103	35.8178	781.4756	5.1184	1
103.1	35.8237	782.3915	5.1173	1
103.2	35.8298	783.0503	5.1151	1
103.3	35.8363	783.8648	5.1045	1
103.4	35.8432	784.6393	5.0968	1
103.5	35.85	785.4854	5.1005	1
103.6	35.8568	786.3772	5.1067	1
103.7	35.8631	787.3005	5.1081	1
103.8	35.8692	788.1868	5.1007	1
103.9	35.8752	788.9339	5.0893	1
104	35.8811	789.8772	5.094	1
104.1	35.8869	790.8142	5.112	1
104.2	35.8923	791.6281	5.1231	1
104.3	35.8978	792.3398	5.1161	1
104.4	35.9037	793.2157	5.115	1
104.5	35.9095	794.1526	5.1178	1
104.6	35.9149	794.9565	5.1045	1
104.7	35.9203	795.8222	5.0977	1
104.8	35.9256	796.6814	5.0966	1
104.9	35.9307	797.4943	5.0926	1
105	35.9362	798.2589	5.0907	1
105.1	35.9418	799.0333	5.0968	1
105.2	35.9474	799.9952	5.0883	1
105.3	35.9529	800.8131	5.0969	1
105.4	35.9584	801.551	5.0952	1
105.5	35.9644	802.3463	5.0929	1
105.6	35.9706	803.0778	5.0964	1
105.7	35.9768	803.9639	5.0985	1
105.8	35.9829	804.7796	5.1148	1
105.9	35.9891	805.6259	5.128	1
106	35.9951	806.5125	5.1313	1
106.1	36.0009	807.3658	5.128	1
106.2	36.0067	808.2275	5.1097	1
106.3	36.0128	808.9347	5.1145	1
106.4	36.0192	809.7086	5.1213	1
106.5	36.0256	810.5425	5.1158	1
106.6	36.0321	811.4559	5.1145	1
106.7	36.0385	812.2411	5.1147	1
106.8	36.0449	813.1418	5.1108	1
106.9	36.0511	813.9429	5.1088	1
107	36.0572	814.7915	5.1042	1
107.1	36.0638	815.5167	5.0984	1
107.2	36.0703	816.3925	5.1088	1
107.3	36.0771	817.2242	5.1151	1
107.4	36.0838	818.042	5.1206	1
107.5	36.0904	818.8161	5.1155	1
107.6	36.0973	819.5458	5.1077	1
107.7	36.1048	820.3443	5.1027	1
107.8	36.1124	821.1716	5.1151	1
107.9	36.1199	822.0598	5.1213	1
108	36.1274	822.865	5.1163	1
108.1	36.1348	823.7353	5.1065	1
108.2	36.1425	824.5108	5.1011	1
108.3	36.1504	825.2898	5.1003	1
108.4	36.1582	826.1036	5.0985	1
108.5	36.1663	826.9735	5.1028	1
108.6	36.1739	827.9282	5.1157	1
108.7	36.1813	828.771	5.1112	1
108.8	36.1888	829.5566	5.1095	1
108.9	36.1967	830.322	5.1176	1
109	36.2046	831.2337	5.121	1
109.1	36.2125	831.9732	5.1221	1
109.2	36.2202	832.8036	5.1201	1
109.3	36.2281	833.6122	5.1075	1
109.4	36.2363	834.4577	5.106	1
109.5	36.2441	835.3266	5.1139	1
109.6	36.252	836.1831	5.1125	1
109.7	36.2598	837.1003	5.111	1
109.8	36.267	837.9401	5.1154	1
109.9	36.274	838.858	5.1231	1
110	36.281	839.6666	5.1246	1
110.1	36.2879	840.5344	5.1073	1
110.2	36.2947	841.462	5.1023	1
110.3	36.3015	842.234	5.0994	1
110.4	36.3082	843.0089	5.086	1
110.5	36.315	843.8981	5.0657	1
110.6	36.3218	844.7951	5.0712	1
110.7	36.3285	845.5797	5.0825	1
110.8	36.3351	846.3806	5.0812	1
110.9	36.3422	847.2381	5.0879	1
111	36.3491	848.0282	5.1064	1
111.1	36.3562	848.8382	5.1049	1
111.2	36.3632	849.6272	5.104	1
111.3	36.37	850.5632	5.1163	1
111.4	36.3765	851.4898	5.1169	1
111.5	36.3831	852.2403	5.1241	1
111.6	36.3901	852.9616	5.1235	1
111.7	36.3971	853.8794	5.1326	1
111.8	36.4037	854.7859	5.1297	1
111.9	36.4104	855.5821	5.1186	1
112	36.4172	856.3633	5.1061	1
112.1	36.4239	857.238	5.097	1
112.2	36.4307	858.1191	5.0945	1
112.3	36.4373	858.9555	5.088	1
112.4	36.4438	859.813	5.0915	1
112.5	36.4503	860.623	5.0964	1
112.6	36.4566	861.4926	5.0886	1
112.7	36.4627	862.4113	5.0851	1
112.8	36.4688	863.2666	5.0913	1
112.9	36.4744	864.0896	5.0899	1
113	36.4802	864.8383	5.0932	1
113.1	36.4864	865.7236	5.0926	1
113.2	36.4923	866.582	5.0859	1
113.3	36.4979	867.4727	5.0852	1
113.4	36.5035	868.2668	5.0949	1
113.5	36.5093	869.1296	5.0886	1
113.6	36.5149	870.0002	5.0795	1
113.7	36.5202	870.8192	5.0851	1
113.8	36.5256	871.6167	5.1071	1
113.9	36.5312	872.4526	5.1171	1
114	36.5368	873.2979	5.1088	1
114.1	36.5423	874.0856	5.1077	1
114.2	36.5481	874.9697	5.1026	1
114.3	36.5541	875.7222	5.0969	1
114.4	36.5599	876.5923	5.1015	1
114.5	36.5658	877.3266	5.1075	1
114.6	36.5714	878.2409	5.1082	1
114.7	36.5772	879.1384	5.1096	1
114.8	36.5827	879.9093	5.102	1
114.9	36.5883	880.7344	5.1068	1
115	36.5944	881.4527	5.1022	1
115.1	36.6006	882.3143	5.0883	1
115.2	36.6065	883.2352	5.0864	1
115.3	36.612	884.1286	5.0809	1
115.4	36.6174	884.9493	5.0781	1
115.5	36.6232	885.7326	5.0809	1
115.6	36.6289	886.5619	5.0858	1
115.7	36.6347	887.341	5.0858	1
115.8	36.6409	888.0755	5.0858	1
115.9	36.6475	888.9196	5.0987	1
116	36.6541	889.7428	5.1008	1
116.1	36.6607	890.4984	5.0937	1
116.2	36.6674	891.3229	5.1006	1
116.3	36.6744	892.1407	5.1089	1
116.4	36.6817	892.8348	5.1063	1
116.5	36.6893	893.6971	5.1039	1
116.6	36.6965	894.6245	5.1024	1
116.7	36.7035	895.5306	5.1005	1
116.8	36.7108	896.2685	5.1009	1
116.9	36.7182	897.1248	5.1003	1
117	36.7252	897.9276	5.0937	1
117.1	36.7321	898.779	5.0853	1
117.2	36.7393	899.6375	5.0829	1
117.3	36.7462	900.5305	5.0924	1
117.4	36.753	901.4334	5.0854	1
117.5	36.7597	902.2303	5.0903	1
117.6	36.7664	903.0093	5.1206	1
117.7	36.7731	903.9443	5.1248	1
117.8	36.7794	904.805	5.1178	1
117.9	36.7855	905.6541	5.1196	1
118	36.7921	906.4337	5.1183	1
118.1	36.7987	907.2704	5.1179	1
118.2	36.805	908.2187	5.1107	1
118.3	36.8111	909.0594	5.0977	1
118.4	36.8171	909.7953	5.0944	1
118.5	36.8236	910.5816	5.1002	1
118.6	36.83	911.437	5.0992	1
118.7	36.8365	912.1866	5.1053	1
118.8	36.8437	912.9226	5.1099	1
118.9	36.8511	913.8073	5.1011	1
119	36.8581	914.7399	5.0872	1
119.1	36.8643	915.614	5.0872	1
119.2	36.8706	916.4758	5.1032	1
119.3	36.8767	917.4258	5.1142	1
119.4	36.882	918.3956	5.1113	1
119.5	36.8876	919.0907	5.1148	1
119.6	36.8936	919.7524	5.1112	1
119.7	36.9003	920.5651	5.0938	1
119.8	36.9069	921.4125	5.0929	1
119.9	36.9134	922.2498	5.0943	1
120	36.9197	923.1016	5.0977	1
120.1	36.9256	924.1266	5.1021	1
120.2	36.9314	924.9253	5.1052	1
120.3	36.9372	925.7206	5.1113	1
120.4	36.943	926.6269	5.1173	1
120.5	36.9486	927.5205	5.118	1
120.6	36.9539	928.2876	5.1098	1
120.7	36.9597	929.0032	5.1089	1
120.8	36.9656	929.9134	5.1269	1
120.9	36.9715	930.7815	5.1375	1
121	36.9773	931.503	5.1352	1
121.1	36.9832	932.3299	5.123	1
121.2	36.9894	933.1872	5.1136	1
121.3	36.9952	934.0357	5.1176	1
121.4	37.0009	934.8943	5.1201	1
121.5	37.0068	935.7093	5.1051	1
121.6	37.0125	936.6439	5.1039	1
121.7	37.0178	937.4408	5.1014	1
121.8	37.0234	938.345	5.1086	1
121.9	37.0286	939.1471	5.1143	1
122	37.0341	939.9229	5.1277	1
122.1	37.0396	940.7852	5.1368	1
122.2	37.045	941.5909	5.1266	1
122.3	37.0506	942.4302	5.1207	1
122.4	37.0561	943.296	5.1205	1
122.5	37.0614	944.1889	5.1119	1
122.6	37.0668	944.939	5.1068	1
122.7	37.0724	945.796	5.1009	1
122.8	37.0779	946.5129	5.1036	1
122.9	37.0836	947.4388	5.1273	1
123	37.0893	948.205	5.1456	1
123.1	37.095	949.0509	5.1456	1
123.2	37.1011	949.7937	5.1372	1
123.3	37.1074	950.5537	5.1318	1
123.4	37.1139	951.4043	5.124	1
123.5	37.1205	952.2217	5.1207	1
123.6	37.1268	953.0452	5.1265	1
123.7	37.1333	953.9987	5.1304	1
123.8	37.1396	954.6841	5.1327	1
123.9	37.1458	955.6905	5.139	1
124	37.152	956.4804	5.1317	1
124.1	37.1578	957.3053	5.1251	1
124.2	37.164	958.1074	5.1368	1
124.3	37.1703	958.9716	5.1408	1
124.4	37.1763	959.91	5.1322	1
124.5	37.1818	960.8027	5.1356	1
124.6	37.1875	961.4806	5.1236	1
124.7	37.1939	962.2433	5.1158	1
124.8	37.2003	963.0904	5.1236	1
124.9	37.2064	963.9689	5.1267	1
125	37.2125	964.8368	5.1246	1
125.1	37.2182	965.7674	5.1162	1
125.2	37.2235	966.6733	5.105	1
125.3	37.2284	967.5107	5.1074	1
125.4	37.2337	968.3605	5.1088	1
125.5	37.2389	969.1626	5.103	1
125.6	37.2439	970.1154	5.1024	1
125.7	37.249	970.8717	5.1159	1
125.8	37.2537	971.7279	5.1066	1
125.9	37.2585	972.592	5.091	1
126	37.2634	973.3369	5.0934	1
126.1	37.2687	974.1127	5.1057	1
126.2	37.2743	974.9316	5.1076	1
126.3	37.2796	975.8275	5.1047	1
126.4	37.2846	976.6716	5.108	1
126.5	37.2899	977.3916	5.1105	1
126.6	37.2958	978.1729	5.1181	1
126.7	37.3016	979.0475	5.114	1
126.8	37.3074	979.8431	5.1036	1
126.9	37.3133	980.6323	5.1101	1
127	37.319	981.5915	5.1181	1
127.1	37.3244	982.4404	5.1238	1
127.2	37.3298	983.2901	5.1208	1
127.3	37.3352	984.1075	5.1131	1
127.4	37.3405	984.9266	5.1073	1
127.5	37.3459	985.8338	5.1084	1
127.6	37.3509	986.6796	5.1108	1
127.7	37.3558	987.582	5.1183	1
127.8	37.3606	988.3504	5.1125	1
127.9	37.3652	989.1799	5.1027	1
128	37.37	990.0725	5.0945	1
128.1	37.3749	990.9128	5.0933	1
128.2	37.3798	991.7023	5.1119	1
128.3	37.3846	992.5653	5.1239	1
128.4	37.3894	993.3971	5.1091	1
128.5	37.3943	994.1412	5.1086	1
128.6	37.3998	994.9162	5.1217	1
128.7	37.4054	995.7643	5.1348	1
128.8	37.411	996.5687	5.1224	1
128.9	37.4165	997.3591	5.1367	2
129	37.4223	998.1694	5.1513	2
129.1	37.4278	999.0539	5.1325	2
129.2	37.4334	999.896	5.1321	2
129.3	37.4389	1000.3492	5.1504	2
129.4	37.4445	1000.4196	5.1451	2
129.5	37.4499	1000.4509	5.1365	2
129.6	37.455	1000.5235	5.1489	2
129.7	37.4598	1000.5838	5.1442	2
129.8	37.4646	1000.5551	5.1329	2
129.9	37.4696	1000.4542	5.1288	2
130	37.4748	1000.3643	5.1235	2
130.1	37.4804	1000.3989	5.1332	2
130.2	37.4858	1000.467	5.1399	2
130.3	37.4906	1000.5301	5.1367	2
130.4	37.4953	1000.616	5.132	2
130.5	37.5	1000.4933	5.1302	2
130.6	37.5049	1000.6088	5.1378	2
130.7	37.5094	1000.6259	5.1467	2
130.8	37.514	1000.534	5.1329	2
130.9	37.5189	1000.4882	5.1281	2
131	37.5238	1000.5445	5.1301	2
131.1	37.5284	1000.524	5.1293	2
131.2	37.5333	1000.464	5.1302	2
131.3	37.538	1000.5527	5.1112	2
131.4	37.5427	1000.558	5.1074	2
131.5	37.5472	1000.5868	5.1228	2
131.6	37.552	1000.512	5.1239	2
131.7	37.5563	1000.6253	5.1145	2
131.8	37.5606	1000.6836	5.1054	2
131.9	37.5645	1000.6935	5.1109	2
132	37.5685	1000.7158	5.1027	2
132.1	37.5721	1000.7753	5.1057	2
132.2	37.5753	1000.9221	5.1196	2
132.3	37.5786	1000.732	5.1194	2
132.4	37.5823	1000.694	5.1126	2
132.5	37.586	1000.7886	5.1157	2
132.6	37.5891	1000.875	5.1173	2
132.7	37.592	1000.9345	5.1143	2
132.8	37.5949	1000.8747	5.1101	2
132.9	37.5978	1000.9063	5.1143	2
133	37.6007	1000.8516	5.1179	2
133.1	37.6036	1000.9512	5.1287	2
133.2	37.6064	1000.913	5.1403	2
133.3	37.6092	1000.9051	5.1454	2
133.4	37.6119	1000.953	5.1379	2
133.5	37.6145	1000.9306	5.1239	2
133.6	37.6171	1000.997	5.1128	2
133.7	37.6194	1000.9807	5.1071	2
133.8	37.6217	1000.9902	5.1131	2
133.9	37.6241	1001.0556	5.1144	2
134	37.6263	1000.9832	5.1157	2
134.1	37.6283	1001.0279	5.1278	2
134.2	37.6302	1001.1107	5.1399	2
134.3	37.6318	1001.0599	5.1266	2
134.4	37.6338	1001.0821	5.1204	2
134.5	37.6356	1000.9768	5.1313	2
134.6	37.6375	1001.0938	5.1304	2
134.7	37.6395	1001.0297	5.1193	2
134.8	37.6414	1000.9973	5.1077	2
134.9	37.6435	1001.1678	5.1156	2
135	37.6454	1000.9325	5.122	2
135.1	37.6473	1001.1087	5.1138	2
135.2	37.6492	1001.0038	5.1062	2
135.3	37.6507	1001.0789	5.0956	2
135.4	37.6524	1001.1311	5.0914	2
135.5	37.6542	1000.9372	5.0987	2
135.6	37.656	1001.1195	5.0953	2
135.7	37.658	1001.0164	5.1051	2
135.8	37.6597	1000.9455	5.1284	2
135.9	37.6621	1001.0493	5.144	2
136	37.6641	1000.8687	5.1396	2
136.1	37.6659	1001.1684	5.1404	2
136.2	37.6681	1001.0047	5.1535	2
136.3	37.67	1000.8112	5.1431	2
136.4	37.6727	1000.9742	5.131	2
136.5	37.6755	1000.6218	5.1466	2
136.6	37.6784	1000.909	5.1498	2
136.7	37.6816	1000.7812	5.1497	2
136.8	37.6839	1000.8512	5.1539	2
136.9	37.6867	1001.057	5.1451	2
137	37.6888	1000.7964	5.1475	2
137.1	37.6908	1001.0414	5.1487	2
137.2	37.6933	1000.8973	5.1511	2
137.3	37.6954	1000.8069	5.1508	2
137.4	37.6984	1000.954	5.1334	2
137.5	37.701	1000.6899	5.138	2
137.6	37.7033	1000.9611	5.1389	2
137.7	37.7062	1000.8297	5.131	2
137.8	37.7083	1000.9081	5.1333	2
137.9	37.7105	1001.04	5.1383	2
138	37.7124	1000.9046	5.1391	2
138.1	37.7143	1000.9942	5.1385	2
138.2	37.7166	1000.9602	5.1327	2
138.3	37.7185	1001.0166	5.1154	2
138.4	37.7202	1001.1013	5.1223	2
138.5	37.7218	1000.9763	5.1284	2
138.6	37.7237	1001.0038	5.1304	2
138.7	37.7259	1000.8534	5.1401	2
138.8	37.728	1000.9782	5.1446	2
138.9	37.7302	1000.94	5.1475	2
139	37.7322	1000.9825	5.1494	2
139.1	37.7344	1000.9366	5.134	2
139.2	37.7366	1000.8857	5.1372	2
139.3	37.7387	1001.0209	5.1417	2
139.4	37.7405	1001.0136	5.1395	2
139.5	37.7422	1001.0818	5.138	2
139.6	37.7436	1001.1198	5.1454	2
139.7	37.7452	1000.969	5.1558	2
139.8	37.7471	1001.0032	5.1529	2
139.9	37.7488	1001.0012	5.1404	2
140	37.7502	1001.0819	5.1362	2
140.1	37.7515	1001.1325	5.1311	2
140.2	37.753	1001.0472	5.1306	2
140.3	37.7543	1001.0611	5.1322	2
140.4	37.7555	1001.1648	5.1403	2
140.5	37.7566	1001.189	5.1444	2
140.6	37.7575	1001.1824	5.1476	2
140.7	37.7585	1001.1506	5.1449	2
140.8	37.7596	1001.2105	5.1341	2
140.9	37.7605	1001.1529	5.1399	2
141	37.7612	1001.2566	5.1444	2
141.1	37.7618	1001.2576	5.152	2
141.2	37.762	1001.3031	5.1567	2
141.3	37.7626	1001.2722	5.1524	2
141.4	37.7631	1001.2742	5.1384	2
141.5	37.764	1001.2152	5.1459	2
141.6	37.7647	1001.0677	5.1506	2
141.7	37.7656	1001.1508	5.1431	2
141.8	37.7664	1001.182	5.1457	2
141.9	37.7671	1001.2441	5.1477	2
142	37.7678	1001.1535	5.1464	2
142.1	37.7688	1001.0967	5.1461	2
142.2	37.7701	1001.0339	5.1364	2
142.3	37.7715	1001.0276	5.1385	2
142.4	37.7728	1001.0119	5.1452	2
142.5	37.7741	1001.0693	5.1583	2
142.6	37.7754	1001.1698	5.1679	2
142.7	37.7765	1001.0668	5.1587	2
142.8	37.7776	1001.1626	5.1501	2
142.9	37.7787	1001.1003	5.1438	2
143	37.7795	1001.1259	5.1523	2
143.1	37.7804	1001.2396	5.162	2
143.2	37.7807	1001.2726	5.1515	2
143.3	37.7807	1001.315	5.1318	2
143.4	37.7812	1001.2655	5.1352	2
143.5	37.7815	1001.2345	5.133	2
143.6	37.782	1001.2348	5.1345	2
143.7	37.7825	1001.3009	5.1408	2
143.8	37.7828	1001.2611	5.1386	2
143.9	37.7831	1001.1703	5.1403	2
144	37.7834	1001.3239	5.1533	2
144.1	37.7837	1001.3257	5.1433	2
144.2	37.7835	1001.2902	5.1411	2
144.3	37.7833	1001.3593	5.1469	2
144.4	37.7835	1001.3733	5.1452	2
144.5	37.7834	1001.3675	5.1424	2
144.6	37.7834	1001.2955	5.1484	2
144.7	37.7835	1001.2143	5.1562	2
144.8	37.7837	1001.2165	5.1529	2
144.9	37.7846	1001.118	5.1416	2
145	37.7856	1001.0126	5.1358	2
145.1	37.7874	1000.9214	5.1518	2
145.2	37.7895	1000.7446	5.159	2
145.3	37.7918	1000.8187	5.1514	2
145.4	37.7942	1000.8265	5.1421	2
145.5	37.7966	1000.7827	5.1494	2
145.6	37.799	1000.7999	5.1653	2
145.7	37.8014	1000.6874	5.1595	2
145.8	37.8037	1000.7839	5.1479	2
145.9	37.8063	1000.7776	5.1496	2
146	37.8089	1000.7712	5.1485	2
146.1	37.8113	1000.8353	5.1382	2
146.2	37.8135	1000.9271	5.1482	2
146.3	37.8154	1000.9318	5.1463	2
146.4	37.8173	1000.9696	5.1458	2
146.5	37.8189	1000.9331	5.1432	2
146.6	37.8204	1000.9747	5.1326	2
146.7	37.8218	1001.0356	5.1184	2
146.8	37.8229	1001.1757	5.1219	2
146.9	37.8235	1001.1849	5.1391	2
147	37.8245	1000.9976	5.1383	2
147.1	37.8265	1000.8451	5.124	2
147.2	37.8283	1001.0063	5.1273	2
147.3	37.8297	1000.9985	5.1244	2
147.4	37.8309	1001.0379	5.1223	2
147.5	37.8324	1001.0531	5.1379	2
147.6	37.8333	1001.1082	5.131	2
147.7	37.8343	1001.1495	5.1272	2
147.8	37.8356	1001.01	5.1225	2
147.9	37.8369	1001.0521	5.1184	2
148	37.8378	1001.1328	5.112	2
148.1	37.8387	1001.1087	5.1052	2
148.2	37.8399	1001.0419	5.1016	2
148.3	37.8412	1001.0263	5.0947	2
148.4	37.8421	1001.1548	5.0945	2
148.5	37.8428	1001.1531	5.1003	2
148.6	37.8439	1001.0795	5.1141	2
148.7	37.8451	1000.9942	5.1363	2
148.8	37.8461	1001.0833	5.1472	2
148.9	37.8471	1001.0696	5.1278	2
149	37.8483	1000.9933	5.1215	2
149.1	37.8497	1001.0906	5.1191	2
149.2	37.8506	1001.1089	5.1086	2
149.3	37.8513	1001.1791	5.1201	2
149.4	37.852	1001.1345	5.1276	2
149.5	37.8526	1001.2036	5.1206	2
149.6	37.8531	1001.1408	5.1014	2
149.7	37.8538	1001.1318	5.0941	2
149.8	37.8549	1001.0104	5.0982	2
149.9	37.8563	1000.969	5.1029	2
150	37.8576	1001.0555	5.1071	2
150.1	37.859	1001.0074	5.1028	2
150.2	37.8603	1001.0332	5.1017	2
150.3	37.8617	1000.9554	5.1073	2
150.4	37.8629	1001.1087	5.1125	2
150.5	37.8641	1001.0829	5.1151	2
150.6	37.8651	1001.0328	5.1185	2
150.7	37.8662	1001.1157	5.1164	2
150.8	37.867	1001.0875	5.1092	2
150.9	37.8677	1001.133	5.0987	2
151	37.8688	1001.0063	5.1064	2
151.1	37.8702	1000.9019	5.1248	2
151.2	37.8718	1001.0211	5.116	2
151.3	37.8733	1000.968	5.104	2
151.4	37.8748	1000.9317	5.106	2
151.5	37.8763	1000.9079	5.0969	2
151.6	37.8776	1000.9873	5.0992	2
151.7	37.8787	1001.1134	5.0952	2
151.8	37.8796	1001.1398	5.0919	2
151.9	37.8805	1001.158	5.0885	2
152	37.8812	1001.0658	5.0847	2
152.1	37.8819	1001.1231	5.0931	2
152.2	37.8826	1001.2314	5.0872	2
152.3	37.8829	1001.2609	5.096	2
152.4	37.883	1001.1949	5.0982	2
152.5	37.8834	1001.1938	5.087	2
152.6	37.8838	1001.2027	5.0728	2
152.7	37.8842	1001.2655	5.0779	2
152.8	37.8845	1001.2161	5.0847	2
152.9	37.8848	1001.1618	5.098	2
153	37.8853	1001.192	5.1032	2
153.1	37.8857	1001.2279	5.1028	2
153.2	37.8862	1001.1585	5.1125	2
153.3	37.8867	1001.1382	5.1153	2
153.4	37.8871	1001.2119	5.1095	2
153.5	37.8872	1001.2714	5.0942	2
153.6	37.8873	1001.2612	5.0908	2
153.7	37.8874	1001.296	5.0947	2
153.8	37.8877	1001.2204	5.0971	2
153.9	37.888	1001.2171	5.1038	2
154	37.8883	1001.1852	5.1016	2
154.1	37.8885	1001.2521	5.1022	2
154.2	37.8887	1001.2665	5.1169	2
154.3	37.8887	1001.247	5.1202	2
154.4	37.8887	1001.276	5.1171	2
154.5	37.8886	1001.2873	5.0991	2
154.6	37.8884	1001.3598	5.0907	2
154.7	37.8882	1001.2779	5.1127	2
154.8	37.8883	1001.2358	5.1111	2
154.9	37.8884	1001.2238	5.1109	2
155	37.8881	1001.3355	5.1122	2
155.1	37.8879	1001.3328	5.1001	2
155.2	37.8876	1001.2871	5.0978	2
155.3	37.8876	1001.3498	5.1136	2
155.4	37.8873	1001.3181	5.1214	2
155.5	37.887	1001.3415	5.1151	2
155.6	37.8871	1001.2094	5.1074	2
155.7	37.8872	1001.1945	5.1225	2
155.8	37.8874	1001.2626	5.1327	2
155.9	37.8877	1001.163	5.1344	2
156	37.8881	1001.2019	5.1338	2
156.1	37.8887	1001.1026	5.1206	2
156.2	37.8896	1000.9956	5.1206	2
156.3	37.8909	1000.9662	5.1205	2
156.4	37.8924	1000.9474	5.1158	2
156.5	37.8934	1000.9572	5.1099	2
156.6	37.8946	1001.0541	5.1127	2
156.7	37.8961	1000.8817	5.1183	2
156.8	37.8976	1000.9245	5.1355	2
156.9	37.8995	1000.8343	5.1403	2
157	37.9012	1000.8009	5.1314	2
157.1	37.9033	1000.9777	5.1489	2
157.2	37.9047	1000.936	5.1609	2
157.3	37.9053	1001.2661	5.1579	2
157.4	37.9054	1001.2601	5.147	2
157.5	37.9053	1001.2192	5.1541	2
157.6	37.9055	1001.2899	5.1526	2
157.7	37.9055	1001.1845	5.1308	2
157.8	37.9055	1001.3077	5.1287	2
157.9	37.9055	1001.3384	5.1379	2
158	37.9055	1001.2146	5.1362	2
158.1	37.9054	1001.3434	5.1288	2
158.2	37.9058	1001.0303	5.121	2
158.3	37.9063	1001.1765	5.125	2
158.4	37.9073	1001.1151	5.1334	2
158.5	37.9075	1001.1374	5.1443	2
158.6	37.9084	1001.1378	5.15	2
158.7	37.9089	1001.0877	5.1502	2
158.8	37.9091	1001.2989	5.149	2
158.9	37.9092	1001.1843	5.1581	3
159	37.9095	1001.1742	5.1492	3
159.1	37.9102	1001.1119	5.1575	3
159.2	37.9106	1001.1557	5.1559	3
159.3	37.9107	1000.8877	5.1361	3
159.4	37.9106	1000.1659	5.1385	3
159.5	37.9103	999.4251	5.1323	3
159.6	37.9094	998.6619	5.1137	3
159.7	37.9087	997.7984	5.1153	3
159.8	37.9077	996.9407	5.1193	3
159.9	37.9067	996.1183	5.1256	3
160	37.9056	995.4658	5.1288	3
160.1	37.9042	994.5731	5.1221	3
160.2	37.9028	993.6994	5.122	3
160.3	37.9015	992.9788	5.12	3
160.4	37.8996	992.1569	5.1242	3
160.5	37.8973	991.4773	5.1346	3
160.6	37.8951	990.6598	5.1389	3
160.7	37.8925	989.8009	5.1408	3
160.8	37.8901	989.0158	5.1539	3
160.9	37.8876	988.2033	5.1541	3
161	37.8849	987.4326	5.1364	3
161.1	37.8818	986.6128	5.1392	3
161.2	37.8786	985.8009	5.1405	3
161.3	37.8755	984.8654	5.1379	3
161.4	37.8727	984.0088	5.1271	3
161.5	37.87	983.2376	5.1255	3
161.6	37.8677	982.1807	5.1243	3
161.7	37.8657	981.3843	5.1264	3
161.8	37.8635	980.5895	5.116	3
161.9	37.8611	979.8203	5.1156	3
162	37.8588	978.9555	5.1295	3
162.1	37.8565	978.0494	5.1393	3
162.2	37.8541	977.3462	5.1293	3
162.3	37.8514	976.4835	5.1231	3
162.4	37.8492	975.5007	5.1331	3
162.5	37.8475	974.5635	5.1367	3
162.6	37.8461	973.7947	5.1287	3
162.7	37.8447	972.8636	5.1413	3
162.8	37.8436	972.0112	5.1511	3
162.9	37.8424	971.2046	5.1511	3
163	37.8409	970.3896	5.1405	3
163.1	37.8392	969.6254	5.1307	3
163.2	37.8377	968.7088	5.1384	3
163.3	37.8363	967.9166	5.135	3
163.4	37.8345	967.195	5.1395	3
163.5	37.8324	966.3845	5.1462	3
163.6	37.8301	965.5881	5.1372	3
163.7	37.8277	964.8616	5.1382	3
163.8	37.8251	963.9246	5.1353	3
163.9	37.8226	963.1413	5.1158	3
164	37.8201	962.2802	5.111	3
164.1	37.8178	961.3808	5.1104	3
164.2	37.8154	960.6559	5.1147	3
164.3	37.8128	959.8396	5.1094	3
164.4	37.8102	959.0277	5.1102	3
164.5	37.8076	958.1599	5.11	3
164.6	37.8051	957.1892	5.105	3
164.7	37.8028	956.4503	5.1046	3
164.8	37.8003	955.613	5.1062	3
164.9	37.7978	954.8024	5.1069	3
165	37.7954	953.8987	5.1016	3
165.1	37.793	953.1209	5.0906	3
165.2	37.7903	952.3112	5.0912	3
165.3	37.7878	951.5639	5.1135	3
165.4	37.7852	950.6246	5.1181	3
165.5	37.7825	949.8323	5.0973	3
165.6	37.7795	949.1218	5.0953	3
165.7	37.7764	948.1999	5.103	3
165.8	37.7733	947.364	5.1087	3
165.9	37.7704	946.5663	5.1136	3
166	37.7672	945.7539	5.1185	3
166.1	37.7639	945.0256	5.1317	3
166.2	37.7604	944.1469	5.1346	3
166.3	37.757	943.3549	5.1156	3
166.4	37.7534	942.5757	5.104	3
166.5	37.7491	941.8761	5.1052	3
166.6	37.7448	941.0768	5.1091	3
166.7	37.7404	940.0366	5.113	3
166.8	37.7366	939.2977	5.1042	3
166.9	37.7326	938.3781	5.099	3
167	37.7286	937.5872	5.0971	3
167.1	37.7247	936.7437	5.0992	3
167.2	37.721	935.8205	5.1101	3
167.3	37.7175	935.0468	5.12	3
167.4	37.714	934.1373	5.121	3
167.5	37.7103	933.4069	5.1161	3
167.6	37.7063	932.5444	5.1165	3
167.7	37.7022	931.7773	5.1174	3
167.8	37.6984	930.9192	5.1183	3
167.9	37.6944	930.1186	5.1187	3
168	37.6905	929.1919	5.1147	3
168.1	37.6866	928.4389	5.1129	3
168.2	37.683	927.5015	5.1096	3
168.3	37.6793	926.6717	5.1066	3
168.4	37.6756	925.8083	5.1134	3
168.5	37.672	924.9651	5.1113	3
168.6	37.6687	924.1183	5.1049	3
168.7	37.6655	923.2966	5.1011	3
168.8	37.6619	922.455	5.1125	3
168.9	37.6583	921.6788	5.1127	3
169	37.6546	920.9038	5.1116	3
169.1	37.6506	920.1301	5.1191	3
169.2	37.6465	919.2776	5.1211	3
169.3	37.6425	918.3281	5.1265	3
169.4	37.639	917.4515	5.1294	3
169.5	37.6363	916.4661	5.1204	3
169.6	37.6336	915.6472	5.1059	3
169.7	37.6308	914.8699	5.1102	3
169.8	37.6283	913.8789	5.1222	3
169.9	37.6261	913.0295	5.1332	3
170	37.6239	912.2499	5.1408	3
170.1	37.6211	911.527	5.1251	3
170.2	37.6181	910.7238	5.1278	3
170.3	37.6149	909.8711	5.1332	3
170.4	37.6115	909.1908	5.1564	3
170.5	37.6074	908.433	5.1648	3
170.6	37.6032	907.6642	5.1507	3
170.7	37.5991	906.766	5.1356	3
170.8	37.5951	905.9507	5.1293	3
170.9	37.591	905.0772	5.1278	3
171	37.5869	904.2782	5.132	3
171.1	37.5828	903.4521	5.1247	3
171.2	37.5789	902.4831	5.1175	3
171.3	37.5754	901.6661	5.1081	3
171.4	37.5723	900.751	5.0985	3
171.5	37.5692	899.8566	5.0874	3
171.6	37.5659	899.117	5.0929	3
171.7	37.5625	898.2932	5.0976	3
171.8	37.559	897.4603	5.0995	3
171.9	37.5557	896.6606	5.0973	3
172	37.5523	895.7188	5.0926	3
172.1	37.549	894.9199	5.1117	3
172.2	37.5455	894.1495	5.1221	3
172.3	37.5419	893.3555	5.1074	3
172.4	37.5383	892.4958	5.1109	3
172.5	37.5347	891.7147	5.1158	3
172.6	37.531	890.9333	5.1194	3
172.7	37.527	890.0625	5.1232	3
172.8	37.523	889.2169	5.116	3
172.9	37.5189	888.5256	5.1215	3
173	37.5145	887.7027	5.1288	3
173.1	37.5102	886.7933	5.1171	3
173.2	37.5063	885.9166	5.1089	3
173.3	37.5025	885.0582	5.1134	3
173.4	37.4987	884.2244	5.1116	3
173.5	37.4949	883.3393	5.1269	3
173.6	37.4914	882.4844	5.1285	3
173.7	37.4878	881.6608	5.1185	3
173.8	37.484	880.8557	5.111	3
173.9	37.4802	879.9566	5.1145	3
174	37.4766	879.1757	5.1118	3
174.1	37.4733	878.2294	5.1106	3
174.2	37.4698	877.5211	5.1234	3
174.3	37.4661	876.7462	5.1243	3
174.4	37.4622	875.8222	5.1267	3
174.5	37.4581	875.1245	5.1255	3
174.6	37.454	874.234	5.1029	3
174.7	37.4495	873.39	5.0926	3
174.8	37.4452	872.7589	5.1034	3
174.9	37.441	871.7866	5.123	3
175	37.4369	870.9478	5.1246	3
175.1	37.433	870.0757	5.1229	3
175.2	37.429	869.1729	5.1306	3
175.3	37.4253	868.3928	5.1335	3
175.4	37.4216	867.528	5.1329	3
175.5	37.4178	866.5916	5.1364	3
175.6	37.4143	865.8496	5.1427	3
175.7	37.4108	864.9491	5.1299	3
175.8	37.4073	864.0991	5.1225	3
175.9	37.4043	863.2152	5.1196	3
176	37.401	862.4105	5.1148	3
176.1	37.3974	861.6972	5.1212	3
176.2	37.3936	860.8655	5.1287	3
176.3	37.3899	859.9887	5.132	3
176.4	37.3862	859.1341	5.1371	3
176.5	37.3825	858.3543	5.1326	3
176.6	37.3787	857.5416	5.1317	3
176.7	37.375	856.7382	5.1296	3
176.8	37.3712	855.8687	5.129	3
176.9	37.3673	855.0517	5.1247	3
177	37.3633	854.2746	5.1265	3
177.1	37.3592	853.4453	5.1282	3
177.2	37.3549	852.6635	5.1233	3
177.3	37.3504	851.8291	5.1254	3
177.4	37.3457	851.059	5.1445	3
177.5	37.341	850.3051	5.1586	3
177.6	37.3364	849.3947	5.1447	3
177.7	37.3315	848.5766	5.1362	3
177.8	37.3265	847.8665	5.1402	3
177.9	37.3214	846.9093	5.1419	3
178	37.3164	846.0751	5.1406	3
178.1	37.3113	845.3574	5.1399	3
178.2	37.3061	844.495	5.132	3
178.3	37.3008	843.7063	5.1226	3
178.4	37.2957	842.7851	5.1336	3
178.5	37.2906	842.0111	5.1466	3
178.6	37.2855	841.0916	5.1464	3
178.7	37.2804	840.3307	5.1397	3
178.8	37.2754	839.4394	5.1368	3
178.9	37.2704	838.5627	5.1336	3
179	37.2657	837.6978	5.1418	3
179.1	37.2611	836.861	5.1382	3
179.2	37.2569	835.9299	5.1203	3
179.3	37.2526	835.0865	5.119	3
179.4	37.2484	834.3373	5.1343	3
179.5	37.2437	833.5053	5.1312	3
179.6	37.2391	832.7158	5.1213	3
179.7	37.2345	831.8543	5.1279	3
179.8	37.2301	831.0245	5.1308	3
179.9	37.2262	830.0703	5.1269	3
180	37.2223	829.1588	5.1358	3
180.1	37.2186	828.3558	5.1383	3
180.2	37.2151	827.4239	5.132	3
180.3	37.2116	826.6802	5.1249	3
180.4	37.2078	825.8924	5.1301	3
180.5	37.2036	825.1696	5.1402	3
180.6	37.199	824.3736	5.1338	3
180.7	37.1944	823.5284	5.1278	3
180.8	37.1898	822.6527	5.1214	3
180.9	37.1852	821.8591	5.1215	3
181	37.1805	821.0826	5.1179	3
181.1	37.1755	820.2753	5.1108	3
181.2	37.1707	819.4686	5.1294	3
181.3	37.1658	818.6125	5.1466	3
181.4	37.1604	817.8939	5.1497	3
181.5	37.1553	816.9778	5.1339	3
181.6	37.1501	816.0694	5.1354	3
181.7	37.1452	815.3536	5.1395	3
181.8	37.14	814.5447	5.1305	3
181.9	37.1346	813.6036	5.1288	3
182	37.1297	812.7319	5.1241	3
182.1	37.125	811.8076	5.1207	3
182.2	37.1206	810.9075	5.1202	3
182.3	37.1165	810.1639	5.1139	3
182.4	37.1118	809.3358	5.1045	3
182.5	37.1071	808.5608	5.1124	3
182.6	37.1028	807.7043	5.1115	3
182.7	37.0985	806.712	5.1084	3
182.8	37.0947	805.9404	5.108	3
182.9	37.0903	805.1675	5.1068	3
183	37.0858	804.3323	5.1109	3
183.1	37.0818	803.294	5.1079	3
183.2	37.078	802.5056	5.1019	3
183.3	37.074	801.8396	5.0992	3
183.4	37.0692	801.0393	5.1038	3
183.5	37.0645	800.2443	5.1024	3
183.6	37.0599	799.3643	5.1	3
183.7	37.0548	798.6134	5.1	3
183.8	37.05	797.7042	5.1036	3
183.9	37.0452	796.8865	5.0986	3
184	37.0404	796.1044	5.0997	3
184.1	37.0359	795.2173	5.1123	3
184.2	37.0312	794.3322	5.1033	3
184.3	37.027	793.4481	5.0924	3
184.4	37.0227	792.6454	5.0871	3
184.5	37.0184	791.7734	5.0811	3
184.6	37.0145	790.7851	5.0804	3
184.7	37.0109	789.9881	5.0836	3
184.8	37.0071	789.1588	5.096	3
184.9	37.003	788.4253	5.0959	3
185	36.9992	787.4743	5.0972	3
185.1	36.9956	786.6272	5.0906	3
185.2	36.992	785.7955	5.0838	3
185.3	36.9883	784.9502	5.098	3
185.4	36.9849	784.088	5.1106	3
185.5	36.9815	783.2755	5.1069	3
185.6	36.9778	782.5361	5.1028	3
185.7	36.9738	781.7075	5.1143	3
185.8	36.9698	780.8263	5.1158	3
185.9	36.9661	780.0228	5.1131	3
186	36.9621	779.2102	5.0995	3
186.1	36.958	778.4482	5.0901	3
186.2	36.9542	777.4291	5.0883	3
186.3	36.9507	776.6002	5.1033	3
186.4	36.9472	775.8095	5.1129	3
186.5	36.9432	775.1316	5.1162	3
186.6	36.939	774.3102	5.1219	3
186.7	36.9349	773.4508	5.1201	3
186.8	36.9306	772.6012	5.1049	3
186.9	36.9262	771.8832	5.0968	3
187	36.9216	771.0067	5.0964	3
187.1	36.9168	770.198	5.0967	3
187.2	36.9123	769.2869	5.0921	3
187.3	36.9079	768.4902	5.0962	3
187.4	36.9035	767.716	5.1058	3
187.5	36.899	766.8556	5.1123	3
187.6	36.8942	766.0796	5.1161	3
187.7	36.8897	765.1946	5.1212	3
187.8	36.8851	764.3392	5.1239	3
187.9	36.8804	763.5854	5.1371	3
188	36.8756	762.7543	5.1386	3
188.1	36.8707	761.8822	5.1321	3
188.2	36.8661	761.0256	5.1245	3
188.3	36.8614	760.2237	5.1272	3
188.4	36.8567	759.3565	5.1294	3
188.5	36.8521	758.5569	5.1286	3
188.6	36.8477	757.616	5.1325	3
188.7	36.8434	756.7605	5.1434	3
188.8	36.8394	755.88	5.1368	3
188.9	36.8352	755.0804	5.1341	3
189	36.8312	754.2523	5.1352	3
189.1	36.8272	753.3358	5.1389	3
189.2	36.8232	752.6131	5.14	3
189.3	36.819	751.8347	5.1334	3
189.4	36.8147	750.9879	5.1272	3
189.5	36.8103	750.1343	5.1328	3
189.6	36.8059	749.3111	5.1288	3
189.7	36.8018	748.3148	5.1295	3
189.8	36.7978	747.6057	5.1359	3
189.9	36.7935	746.7754	5.1194	3
190	36.789	746.068	5.1043	3
190.1	36.7842	745.1655	5.1	3
190.2	36.7799	744.2043	5.1015	3
190.3	36.7762	743.3929	5.0986	3
190.4	36.7723	742.5034	5.1124	3
190.5	36.7686	741.6179	5.1153	3
190.6	36.7654	740.7709	5.1021	3
190.7	36.762	739.9792	5.098	3
190.8	36.7583	739.198	5.1141	3
190.9	36.7545	738.2897	5.1207	3
191	36.7509	737.4586	5.1083	3
191.1	36.7477	736.5493	5.1121	3
191.2	36.7445	735.6599	5.1057	3
191.3	36.7411	734.9958	5.1159	3
191.4	36.737	734.2536	5.1187	3
191.5	36.7328	733.4175	5.1159	3
191.6	36.7287	732.5669	5.1204	3
191.7	36.7246	731.8057	5.1219	3
191.8	36.72	731.0791	5.1229	3
191.9	36.7152	730.124	5.1243	3
192	36.7107	729.2686	5.1226	3
192.1	36.7064	728.5427	5.1302	3
192.2	36.7015	727.717	5.1341	3
192.3	36.6967	726.9748	5.1234	3
192.4	36.6922	726.0321	5.132	3
192.5	36.6878	725.1533	5.1338	3
192.6	36.6831	724.4156	5.1307	3
192.7	36.6783	723.5889	5.1437	3
192.8	36.6732	722.7545	5.1271	3
192.9	36.6682	721.9304	5.1054	3
193	36.6633	720.9744	5.0998	3
193.1	36.6584	720.3263	5.0917	3
193.2	36.6535	719.3895	5.0994	3
193.3	36.6485	718.6305	5.1015	3
193.4	36.6436	717.8303	5.1134	3
193.5	36.6382	716.9735	5.1303	3
193.6	36.6331	716.188	5.119	3
193.7	36.6278	715.2516	5.0996	3
193.8	36.6225	714.5763	5.0945	3
193.9	36.6171	713.7085	5.095	3
194	36.6116	712.8694	5.1106	3
194.1	36.6062	712.0856	5.1178	3
194.2	36.6007	711.1244	5.12	3
194.3	36.5956	710.2696	5.1248	3
194.4	36.5904	709.4791	5.1169	3
194.5	36.5852	708.7713	5.1173	3
194.6	36.5799	707.8658	5.1284	3
194.7	36.5742	706.9758	5.1285	3
194.8	36.5691	706.0597	5.1202	3
194.9	36.5641	705.2707	5.1087	3
195	36.5592	704.4192	5.1016	3
195.1	36.5547	703.4349	5.1056	3
195.2	36.5506	702.6261	5.1034	3
195.3	36.5463	701.8019	5.0977	3
195.4	36.5416	701.0916	5.0951	3
195.5	36.5371	700.1716	5.0937	3
195.6	36.5324	699.3267	5.0962	3
195.7	36.5282	698.4248	5.0902	3
195.8	36.5239	697.5848	5.0878	3
195.9	36.5196	696.7764	5.0864	3
196	36.5154	695.9987	5.0971	3
196.1	36.5109	695.2117	5.1063	3
196.2	36.5057	694.4655	5.1084	3
196.3	36.5007	693.6587	5.1151	3
196.4	36.4955	692.758	5.1135	3
196.5	36.4903	692.0297	5.09	3
196.6	36.4847	691.2622	5.0855	3
196.7	36.479	690.3781	5.0868	3
196.8	36.4735	689.5782	5.0775	3
196.9	36.4681	688.6619	5.0813	3
197	36.4627	687.904	5.0698	3
197.1	36.4571	687.0685	5.0721	3
197.2	36.4511	686.2659	5.0815	3
197.3	36.445	685.5381	5.0924	3
197.4	36.4391	684.6082	5.1034	3
197.5	36.4334	683.7412	5.1053	3
197.6	36.4275	682.9795	5.0978	3
197.7	36.4214	682.2171	5.1057	3
197.8	36.4153	681.2705	5.1061	3
197.9	36.4094	680.5157	5.079	3
198	36.4036	679.5918	5.09	3
198.1	36.3979	678.7691	5.0965	3
198.2	36.392	677.9971	5.1006	3
198.3	36.3858	677.2384	5.1049	3
198.4	36.3795	676.3554	5.0978	3
198.5	36.3736	675.4245	5.0934	3
198.6	36.3678	674.6409	5.0883	3
198.7	36.3619	673.8422	5.0821	3
198.8	36.3558	672.9362	5.0711	3
198.9	36.3496	672.1496	5.0747	3
199	36.3436	671.375	5.0826	3
199.1	36.3377	670.453	5.0836	3
199.2	36.3316	669.6836	5.0894	3
199.3	36.3256	668.8493	5.1012	3
199.4	36.3195	667.9799	5.1085	3
199.5	36.3135	667.1897	5.0984	3
199.6	36.3072	666.4085	5.0965	3
199.7	36.3007	665.5527	5.1085	3
199.8	36.2945	664.6332	5.0989	3
199.9	36.2886	663.7418	5.0809	3
200	36.2827	662.9411	5.0887	3
200.1	36.2767	662.1701	5.0909	3
200.2	36.2709	661.2635	5.1122	3
200.3	36.2649	660.5276	5.1313	3
200.4	36.2586	659.6823	5.1191	3
200.5	36.2521	658.8363	5.1153	3
200.6	36.2462	657.9405	5.1134	3
200.7	36.2406	657.0146	5.1095	3
200.8	36.235	656.19	5.1018	3
200.9	36.2291	655.535	5.0962	3
201	36.2229	654.6266	5.0963	3
201.1	36.2167	653.8352	5.0931	3
201.2	36.2104	653.0418	5.1018	3
201.3	36.2034	652.3813	5.1248	3
201.4	36.1962	651.471	5.11	3
201.5	36.1894	650.6066	5.0815	3
201.6	36.1832	649.6887	5.0843	3
201.7	36.1774	648.7193	5.0805	3
201.8	36.1715	647.9677	5.063	3
201.9	36.1655	647.1824	5.0696	3
202	36.1594	646.2608	5.0937	3
202.1	36.1531	645.5432	5.0997	3
202.2	36.147	644.6799	5.0954	3
202.3	36.1405	643.8438	5.079	3
202.4	36.1343	643.0573	5.0829	3
202.5	36.1279	642.1758	5.0863	3
202.6	36.1217	641.3231	5.096	3
202.7	36.1156	640.5556	5.1103	3
202.8	36.1094	639.6552	5.0975	3
202.9	36.1032	638.9078	5.0778	3
203	36.0968	638.0563	5.0826	3
203.1	36.0903	637.2924	5.105	3
203.2	36.0837	636.5172	5.0912	3
203.3	36.0767	635.6061	5.0906	3
203.4	36.0698	634.7868	5.0956	3
203.5	36.063	633.9545	5.0893	3
203.6	36.0567	633.006	5.0933	3
203.7	36.0504	632.2669	5.0949	3
203.8	36.0436	631.4768	5.1065	3
203.9	36.0369	630.6253	5.109	3
204	36.0304	629.6939	5.1029	3
204.1	36.0249	628.636	5.1116	3
204.2	36.0196	627.7756	5.122	3
204.3	36.0147	626.8487	5.1257	3
204.4	36.0101	626.0488	5.1174	3
204.5	36.0053	625.2262	5.113	3
204.6	36.0004	624.4539	5.1153	3
204.7	35.9954	623.4489	5.102	3
204.8	35.9908	622.6677	5.0922	3
204.9	35.9862	621.8052	5.0912	3
205	35.9816	621.0133	5.092	3
205.1	35.9772	620.0891	5.1059	3
205.2	35.9728	619.3286	5.1068	3
205.3	35.9681	618.569	5.1059	3
205.4	35.963	617.8146	5.103	3
205.5	35.9578	616.9624	5.105	3
205.6	35.9529	616.1254	5.1211	3
205.7	35.9476	615.3208	5.1254	3
205.8	35.9424	614.3951	5.1201	3
205.9	35.9374	613.6306	5.1202	3
206	35.9323	612.7881	5.1058	3
206.1	35.9269	612.0712	5.1025	3
206.2	35.921	611.2305	5.1038	3
206.3	35.9153	610.3971	5.1079	3
206.4	35.9096	609.5447	5.1079	3
206.5	35.9043	608.6066	5.1104	3
206.6	35.8992	607.8412	5.111	3
206.7	35.8942	606.9345	5.1086	3
206.8	35.8893	606.0978	5.093	3
206.9	35.884	605.3215	5.0937	3
207	35.8784	604.5544	5.1105	3
207.1	35.8729	603.6651	5.1087	3
207.2	35.8677	602.746	5.0969	3
207.3	35.8627	601.995	5.1079	3
207.4	35.8573	601.1362	5.122	3
207.5	35.8519	600.3294	5.1148	3
207.6	35.8465	599.5215	5.1091	3
207.7	35.8409	598.8248	5.1169	3
207.8	35.835	598.0111	5.1241	3
207.9	35.829	597.1002	5.1244	3
208	35.8234	596.2008	5.1127	3
208.1	35.8178	595.4385	5.0976	3
208.2	35.8119	594.6191	5.0896	3
208.3	35.806	593.8082	5.1054	3
208.4	35.8002	592.8829	5.1033	3
208.5	35.7947	591.9822	5.1047	3
208.6	35.7896	591.1309	5.1113	3
208.7	35.7846	590.2308	5.1057	3
208.8	35.7802	589.2852	5.1029	3
208.9	35.7759	588.4652	5.1043	3
209	35.7712	587.6417	5.0965	3
209.1	35.7667	586.7595	5.0889	3
209.2	35.762	586.0446	5.0949	3
209.3	35.7571	585.3088	5.0994	3
209.4	35.752	584.4219	5.108	3
209.5	35.7471	583.6378	5.1202	3
209.6	35.7421	582.7733	5.1101	3
209.7	35.7371	581.942	5.09	3
209.8	35.7322	581.0785	5.0946	3
209.9	35.7271	580.2343	5.1142	3
210	35.7222	579.4609	5.1036	3
210.1	35.7166	578.7703	5.0872	3
210.2	35.711	577.844	5.0857	3
210.3	35.7059	576.9606	5.0923	3
210.4	35.7007	576.1255	5.0981	3
210.5	35.6948	575.3952	5.0878	3
210.6	35.6891	574.4841	5.0854	3
210.7	35.6835	573.6891	5.0836	3
210.8	35.6781	572.9575	5.0772	3
210.9	35.6724	572.1213	5.0809	3
211	35.6665	571.2424	5.0977	3
211.1	35.6606	570.5302	5.1102	3
211.2	35.6541	569.7483	5.1017	3
211.3	35.6476	568.9485	5.0955	3
211.4	35.6414	567.9514	5.1047	3
211.5	35.6356	567.06	5.1062	3
211.6	35.6301	566.2126	5.0988	3
211.7	35.6244	565.3827	5.1031	3
211.8	35.6185	564.5538	5.1	3
211.9	35.613	563.6898	5.0972	3
212	35.6076	562.9192	5.0986	3
212.1	35.602	562.0669	5.093	3
212.2	35.5966	561.1817	5.0931	3
212.3	35.5911	560.3821	5.1028	3
212.4	35.585	559.6727	5.1139	3
212.5	35.5791	558.7397	5.1123	3
212.6	35.5733	557.9565	5.1113	3
212.7	35.5677	557.0577	5.1084	3
212.8	35.562	556.2668	5.1134	3
212.9	35.556	555.4766	5.1108	3
213	35.5499	554.6858	5.0971	3
213.1	35.5436	553.8491	5.0964	3
213.2	35.5373	553.1072	5.0991	3
213.3	35.5309	552.2554	5.0997	3
213.4	35.5247	551.3935	5.1	3
213.5	35.5184	550.5374	5.1007	3
213.6	35.5119	549.6849	5.1078	3
213.7	35.5055	548.874	5.1001	3
213.8	35.4995	547.9622	5.0877	3
213.9	35.4938	546.9841	5.0959	3
214	35.4886	546.1729	5.0988	3
214.1	35.483	545.3466	5.0991	3
214.2	35.4773	544.5579	5.0886	3
214.3	35.4715	543.8087	5.0833	3
214.4	35.4656	542.9192	5.0933	3
214.5	35.4598	542.1311	5.1037	3
214.6	35.4537	541.3576	5.0909	3
214.7	35.4472	540.5769	5.0896	3
214.8	35.4404	539.873	5.0907	3
214.9	35.4333	538.9274	5.0867	3
215	35.4267	538.1037	5.083	3
215.1	35.4203	537.2559	5.0758	3
215.2	35.4136	536.4671	5.0743	3
215.3	35.4071	535.4804	5.0743	3
215.4	35.4011	534.6217	5.0848	3
215.5	35.3946	533.8902	5.0906	3
215.6	35.3883	533.0551	5.0866	3
215.7	35.3822	532.196	5.0953	3
215.8	35.3759	531.3648	5.0925	3
215.9	35.3696	530.486	5.0883	3
216	35.3633	529.7205	5.0843	3
216.1	35.3571	528.7813	5.0814	3
216.2	35.3512	527.8976	5.0898	3
216.3	35.3456	527.1139	5.0995	3
216.4	35.3399	526.2401	5.1008	3
216.5	35.334	525.4183	5.0923	3
216.6	35.3281	524.5617	5.09	3
216.7	35.3222	523.7523	5.0935	3
216.8	35.3163	523.0128	5.0878	3
216.9	35.3101	522.2375	5.0958	3
217	35.3037	521.4	5.0949	3
217.1	35.2975	520.4935	5.0885	3
217.2	35.291	519.6832	5.0935	3
217.3	35.2848	518.8452	5.0885	3
217.4	35.2784	517.991	5.0857	3
217.5	35.2722	517.1715	5.0838	3
217.6	35.266	516.3611	5.0816	3
217.7	35.2596	515.5789	5.0793	3
217.8	35.2531	514.714	5.0972	3
217.9	35.2463	513.992	5.0826	3
218	35.2394	513.1125	5.071	3
218.1	35.2326	512.2844	5.0869	3
218.2	35.2257	511.6016	5.0995	3
218.3	35.2185	510.7826	5.0975	3
218.4	35.2107	509.9901	5.0954	3
218.5	35.2023	509.4346	5.0952	3
218.6	35.1929	508.8247	5.0983	3
218.7	35.1832	507.9762	5.1012	3
218.8	35.1739	506.8901	5.1069	3
218.9	35.1652	505.9451	5.1109	3
219	35.1576	504.9019	5.1081	3
219.1	35.1509	503.8453	5.1162	3
219.2	35.1449	502.9074	5.1137	3
219.3	35.1394	502.0269	5.1078	3
219.4	35.1335	501.2287	5.1049	3
219.5	35.1277	500.4099	5.1087	3
219.6	35.1216	499.653	5.1142	3
219.7	35.1152	498.8412	5.1078	3
219.8	35.1087	498.0798	5.0946	3
219.9	35.1017	497.3506	5.0931	3
220	35.0944	496.5068	5.0988	3
220.1	35.0871	495.797	5.1027	3
220.2	35.0799	494.8948	5.1003	3
220.3	35.0732	493.9354	5.0929	3
220.4	35.0662	493.1955	5.0857	3
220.5	35.0588	492.3802	5.0868	3
220.6	35.0514	491.586	5.0898	3
220.7	35.0441	490.72	5.0725	3
220.8	35.0372	489.7905	5.0672	3
220.9	35.0304	488.9396	5.0823	3
221	35.0236	488.1012	5.0901	3
221.1	35.0168	487.2531	5.0885	3
221.2	35.0103	486.3475	5.0905	3
221.3	35.0045	485.3575	5.0865	3
221.4	34.9987	484.6144	5.0903	3
221.5	34.9924	483.9238	5.0963	3
221.6	34.9858	483.0623	5.102	3
221.7	34.9791	482.2704	5.092	3
221.8	34.9723	481.432	5.0809	3
221.9	34.9658	480.5962	5.0881	3
222	34.9594	479.6983	5.083	3
222.1	34.9528	478.9044	5.0777	3
222.2	34.9462	478.0379	5.0886	3
222.3	34.9399	477.0937	5.0952	3
222.4	34.9341	476.2973	5.0838	3
222.5	34.9279	475.5293	5.0749	3
222.6	34.9213	474.5981	5.0813	3
222.7	34.9152	473.8155	5.0842	3
222.8	34.9095	472.941	5.08	3
222.9	34.9037	472.0819	5.0878	3
223	34.8975	471.3023	5.0927	3
223.1	34.8913	470.5676	5.0988	3
223.2	34.885	469.6871	5.1055	3
223.3	34.8787	468.7967	5.0943	3
223.4	34.8724	468.0584	5.0709	3
223.5	34.8658	467.2875	5.0611	3
223.6	34.8591	466.4945	5.0736	3
223.7	34.852	465.7325	5.0811	3
223.8	34.8448	464.8161	5.0798	3
223.9	34.8387	463.5818	5.0762	3
224	34.8341	462.6717	5.0887	3
224.1	34.8281	462.293	5.0921	3
224.2	34.8208	461.6168	5.0768	3
224.3	34.8131	460.8427	5.0826	3
224.4	34.8059	459.8477	5.0813	3
224.5	34.799	458.9766	5.0677	3
224.6	34.7925	457.9646	5.0655	3
224.7	34.7863	457.0916	5.0691	3
224.8	34.7803	456.2908	5.0761	3
224.9	34.7742	455.5135	5.0919	3
225	34.7678	454.8221	5.0971	3
225.1	34.7606	454.1359	5.1044	3
225.2	34.7523	453.5466	5.111	3
225.3	34.7437	452.6578	5.104	3
225.4	34.7358	451.634	5.1113	3
225.5	34.7282	450.8077	5.1102	3
225.6	34.7207	449.8666	5.1012	3
225.7	34.7134	449.0548	5.0946	3
225.8	34.706	448.2846	5.1051	3
225.9	34.6986	447.342	5.105	3
226	34.6916	446.5163	5.0968	3
226.1	34.6845	445.7096	5.0978	3
226.2	34.6773	444.8514	5.101	3
226.3	34.6699	443.9926	5.101	3
226.4	34.6628	443.1934	5.1051	3
226.5	34.6555	442.4308	5.11	3
226.6	34.6481	441.5266	5.1151	3
226.7	34.641	440.6256	5.1234	3
226.8	34.6344	439.7444	5.1239	3
226.9	34.6278	438.9574	5.1222	3
227	34.6208	438.1835	5.1204	3
227.1	34.6135	437.4098	5.1187	3
227.2	34.6062	436.6009	5.1243	3
227.3	34.5985	435.7549	5.1276	3
227.4	34.591	434.9137	5.1258	3
227.5	34.5838	434.1336	5.1234	3
227.6	34.5762	433.3179	5.1206	3
227.7	34.5683	432.437	5.117	3
227.8	34.5608	431.5173	5.1133	3
227.9	34.5537	430.6258	5.1162	3
228	34.5471	429.7669	5.1131	3
228.1	34.5404	429.0094	5.1095	3
228.2	34.5332	428.2168	5.1074	3
228.3	34.526	427.334	5.1136	3
228.4	34.5187	426.5601	5.0953	3
228.5	34.5117	425.6554	5.0932	3
228.6	34.5044	424.9098	5.1206	3
228.7	34.4971	424.0358	5.1331	3
228.8	34.49	423.111	5.121	3
228.9	34.4827	422.4262	5.1063	3
229	34.475	421.6577	5.1195	3
229.1	34.4671	420.8846	5.1203	3
229.2	34.4594	420.026	5.1291	3
229.3	34.4518	419.1267	5.15	3
229.4	34.4441	418.221	5.1581	3
229.5	34.4369	417.3589	5.1493	3
229.6	34.4298	416.5901	5.1324	3
229.7	34.4223	415.7875	5.1329	3
229.8	34.4142	415.074	5.1292	3
229.9	34.4056	414.2773	5.1112	3
230	34.3974	413.4178	5.1169	3
230.1	34.3892	412.5646	5.1232	3
230.2	34.3811	411.7045	5.1232	3
230.3	34.3727	410.9602	5.1388	3
230.4	34.3641	410.1257	5.1482	3
230.5	34.3558	409.3173	5.1478	3
230.6	34.3473	408.4756	5.1492	3
230.7	34.3389	407.4766	5.1367	3
230.8	34.3308	406.7369	5.1198	3
230.9	34.3225	405.9052	5.1153	3
231	34.3143	405.1157	5.1244	3
231.1	34.3061	404.2711	5.1182	3
231.2	34.2977	403.4702	5.1137	3
231.3	34.2892	402.6647	5.1059	3
231.4	34.2806	401.7905	5.0897	3
231.5	34.2723	400.9366	5.0875	3
231.6	34.2639	400.0812	5.0896	3
231.7	34.2557	399.1893	5.0894	3
231.8	34.2471	398.503	5.09	3
231.9	34.2386	397.6453	5.0846	3
232	34.2299	396.8871	5.0944	3
232.1	34.221	396.0705	5.0938	3
232.2	34.2122	395.1666	5.0873	3
232.3	34.2035	394.3158	5.0919	3
232.4	34.1949	393.4903	5.1013	3
232.5	34.1862	392.6212	5.1031	3
232.6	34.1776	391.7325	5.0945	3
232.7	34.1693	390.9364	5.0884	3
232.8	34.1614	390.1382	5.0905	3
232.9	34.1534	389.3231	5.0887	3
233	34.1452	388.3908	5.089	3
233.1	34.1373	387.4514	5.0915	3
233.2	34.1291	386.8759	5.0943	3
233.3	34.1201	386.0917	5.0998	3
233.4	34.1111	385.1728	5.0978	3
233.5	34.1024	384.2975	5.0978	3
233.6	34.0936	383.4685	5.1024	3
233.7	34.0849	382.705	5.1091	3
233.8	34.0765	381.7796	5.1062	3
233.9	34.0682	380.9752	5.1091	3
234	34.0598	380.1111	5.1075	3
234.1	34.0511	379.2953	5.115	3
234.2	34.0426	378.4221	5.1258	3
234.3	34.0342	377.5814	5.1273	3
234.4	34.0256	376.8262	5.1203	3
234.5	34.0169	375.9898	5.1141	3
234.6	34.008	375.1886	5.1016	3
234.7	33.9994	374.3224	5.1051	3
234.8	33.9909	373.4384	5.1056	3
234.9	33.9822	372.629	5.1242	3
235	33.9738	371.7944	5.1241	3
235.1	33.9654	370.9349	5.1055	3
235.2	33.957	370.0763	5.109	3
235.3	33.9486	369.275	5.1126	3
235.4	33.9399	368.4588	5.1158	3
235.5	33.9311	367.7271	5.1083	3
235.6	33.9222	366.8304	5.0949	3
235.7	33.9134	365.967	5.0953	3
235.8	33.9049	365.1217	5.1086	3
235.9	33.8959	364.3873	5.1058	3
236	33.8867	363.5808	5.1029	3
236.1	33.8778	362.6723	5.1106	3
236.2	33.8689	361.9242	5.1091	3
236.3	33.8596	361.1733	5.1194	3
236.4	33.8505	360.2688	5.1134	3
236.5	33.8412	359.4366	5.0956	3
236.6	33.8317	358.6753	5.0941	3
236.7	33.8223	357.7742	5.0913	3
236.8	33.8129	357.0119	5.0912	3
236.9	33.8036	356.0969	5.0854	3
237	33.7946	355.159	5.0964	3
237.1	33.7859	354.2842	5.0968	3
237.2	33.7771	353.6126	5.0871	3
237.3	33.7675	352.8513	5.0983	3
237.4	33.7578	352.0591	5.1125	3
237.5	33.7483	351.1649	5.12	3
237.6	33.7387	350.2964	5.1083	3
237.7	33.7295	349.5195	5.1056	3
237.8	33.72	348.623	5.121	3
237.9	33.7106	347.6861	5.1203	3
238	33.7021	346.6739	5.1112	3
238.1	33.6943	345.7997	5.1112	3
238.2	33.6865	344.9947	5.1053	3
238.3	33.6785	344.1187	5.0941	3
238.4	33.6704	343.3759	5.0908	3
238.5	33.6621	342.5587	5.0876	3
238.6	33.6537	341.7525	5.0897	3
238.7	33.6449	341.0171	5.0854	3
238.8	33.6357	340.2634	5.0764	3
238.9	33.6261	339.5573	5.0742	3
239	33.6161	338.848	5.0854	3
239.1	33.6061	337.9346	5.097	3
239.2	33.5963	336.9438	5.0844	3
239.3	33.5873	336.069	5.0923	3
239.4	33.5785	335.2125	5.0891	3
239.5	33.5692	334.4045	5.0733	3
239.6	33.56	333.5686	5.0632	3
239.7	33.5508	332.6536	5.0616	3
239.8	33.5417	331.9622	5.0696	3
239.9	33.5325	331.1051	5.0697	3
240	33.5231	330.3004	5.0725	3
240.1	33.5137	329.5348	5.0821	3
240.2	33.5044	328.5145	5.0761	3
240.3	33.4956	327.6933	5.0696	3
240.4	33.4866	326.8439	5.0738	3
240.5	33.4776	325.9633	5.0695	3
240.6	33.469	325.1767	5.0749	3
240.7	33.4604	324.2793	5.0682	3
240.8	33.4522	323.4045	5.073	3
240.9	33.444	322.5283	5.0746	3
241	33.436	321.6285	5.0675	3
241.1	33.4282	320.7504	5.0702	3
241.2	33.4206	319.9628	5.0598	3
241.3	33.4124	319.172	5.0628	3
241.4	33.4042	318.3875	5.0587	3
241.5	33.3958	317.4834	5.0495	3
241.6	33.3878	316.6481	5.0561	3
241.7	33.38	315.7951	5.0596	3
241.8	33.372	315.1376	5.0615	3
241.9	33.363	314.4301	5.0564	3
242	33.3535	313.6391	5.0554	3
242.1	33.344	312.8317	5.0627	3
242.2	33.3342	312.001	5.0587	3
242.3	33.3248	311.1508	5.0658	3
242.4	33.3156	310.2091	5.0688	3
242.5	33.3067	309.4224	5.0688	3
242.6	33.2974	308.5926	5.0812	3
242.7	33.2881	307.7822	5.0713	3
242.8	33.279	306.9115	5.0694	3
242.9	33.2695	306.1391	5.0795	3
243	33.2599	305.3699	5.0859	3
243.1	33.2505	304.4728	5.085	3
243.2	33.2409	303.6865	5.0898	3
243.3	33.2313	302.8623	5.0973	3
243.4	33.2217	302.0211	5.1029	3
243.5	33.2122	301.1257	5.097	3
243.6	33.2027	300.3108	5.0861	3
243.7	33.1933	299.455	5.0791	3
243.8	33.1838	298.6987	5.0762	3
243.9	33.1739	297.9285	5.076	3
244	33.1637	297.1863	5.0955	3
244.1	33.1533	296.283	5.1009	3
244.2	33.1434	295.3863	5.0849	3
244.3	33.1335	294.5588	5.0665	3
244.4	33.1235	293.7332	5.0697	3
244.5	33.1135	292.9559	5.0817	3
244.6	33.1033	292.1213	5.0822	3
244.7	33.0932	291.2715	5.081	3
244.8	33.0832	290.3121	5.0814	3
244.9	33.0735	289.4554	5.0871	3
245	33.064	288.7573	5.0909	3
245.1	33.0537	287.9687	5.0901	3
245.2	33.0437	287.0459	5.0785	3
245.3	33.034	286.111	5.0903	3
245.4	33.0245	285.276	5.0959	3
245.5	33.0153	284.3959	5.0903	3
245.6	33.0063	283.544	5.0932	3
245.7	32.9969	282.7932	5.09	3
245.8	32.9872	281.9793	5.0902	3
245.9	32.9776	281.1118	5.0959	3
246	32.9683	280.2552	5.1036	3
246.1	32.9591	279.3812	5.0966	3
246.2	32.9498	278.6159	5.1021	3
246.3	32.9404	277.8509	5.1053	3
246.4	32.9307	277.0502	5.0932	3
246.5	32.9209	276.1565	5.0901	3
246.6	32.9111	275.379	5.0942	3
246.7	32.9013	274.4815	5.0838	3
246.8	32.8915	273.6335	5.0848	3
246.9	32.8816	272.9133	5.0845	3
247	32.8713	272.1542	5.0764	3
247.1	32.8609	271.3177	5.0792	3
247.2	32.8506	270.4639	5.0868	3
247.3	32.8404	269.5902	5.0915	3
247.4	32.8302	268.6963	5.0889	3
247.5	32.8202	268.042	5.0735	3
247.6	32.8097	267.2452	5.0675	3
247.7	32.7989	266.3578	5.0664	3
247.8	32.7883	265.5269	5.0717	3
247.9	32.7775	264.7401	5.0756	3
248	32.7666	263.8774	5.0708	3
248.1	32.756	263.0687	5.0636	3
248.2	32.7453	262.2044	5.0568	3
248.3	32.7345	261.3696	5.0623	3
248.4	32.724	260.5106	5.0718	3
248.5	32.713	259.8235	5.0764	3
248.6	32.7016	259.0711	5.077	3
248.7	32.6901	258.2168	5.0761	3
248.8	32.6788	257.3738	5.0867	3
248.9	32.6672	256.4765	5.0994	3
249	32.656	255.7103	5.0962	3
249.1	32.6443	254.9546	5.0913	3
249.2	32.6324	254.0866	5.0907	3
249.3	32.6204	253.2618	5.0947	3
249.4	32.6084	252.4994	5.1025	3
249.5	32.5966	251.5739	5.1103	3
249.6	32.585	250.7312	5.1014	3
249.7	32.5733	249.958	5.0961	3
249.8	32.5613	249.0999	5.0913	3
249.9	32.5494	248.2103	5.0987	3
250	32.5378	247.3419	5.0998	3
250.1	32.5264	246.5338	5.0894	3
250.2	32.5146	245.7752	5.0869	3
250.3	32.5024	245.0369	5.0814	3
250.4	32.49	244.1913	5.0759	3
250.5	32.4777	243.4061	5.0849	3
250.6	32.4652	242.5625	5.0916	3
250.7	32.4528	241.6829	5.0886	3
250.8	32.4404	240.8986	5.0789	3
250.9	32.4279	240.0512	5.0666	3
251	32.4156	239.2246	5.0628	3
251.1	32.4035	238.3111	5.0636	3
251.2	32.3912	237.4859	5.0634	3
251.3	32.3788	236.6818	5.0675	3
251.4	32.3662	235.8486	5.0739	3
251.5	32.3541	235.0401	5.0723	3
251.6	32.3419	234.1989	5.0689	3
251.7	32.3292	233.4072	5.0674	3
251.8	32.3163	232.6398	5.072	3
251.9	32.3036	231.7677	5.0862	3
252	32.291	230.8636	5.0888	3
252.1	32.2784	230.0597	5.0896	3
252.2	32.266	229.1594	5.098	3
252.3	32.2537	228.36	5.1028	3
252.4	32.2413	227.5787	5.0913	3
252.5	32.2286	226.6843	5.0873	3
252.6	32.2161	225.8342	5.0968	3
252.7	32.2038	225.0223	5.0799	3
252.8	32.1911	224.2332	5.076	3
252.9	32.1785	223.4734	5.0822	3
253	32.1658	222.5358	5.0756	3
253.1	32.1536	221.6007	5.0677	3
253.2	32.1412	220.9022	5.0694	3
253.3	32.1279	220.1843	5.0722	3
253.4	32.1145	219.2876	5.0732	3
253.5	32.1019	218.4	5.075	3
253.6	32.0894	217.5924	5.0726	3
253.7	32.0767	216.7935	5.0659	3
253.8	32.0638	215.9937	5.0697	3
253.9	32.0504	215.1923	5.0718	3
254	32.0372	214.423	5.0729	3
254.1	32.0236	213.4984	5.0754	3
254.2	32.0101	212.8069	5.0863	3
254.3	31.9965	212.0036	5.0906	3
254.4	31.9827	211.144	5.0947	3
254.5	31.9694	210.1177	5.1102	3
254.6	31.9562	209.334	5.1065	3
254.7	31.9428	208.4814	5.0998	3
254.8	31.9295	207.6385	5.0999	3
254.9	31.9167	206.8304	5.0892	3
255	31.9033	206.0889	5.0808	3
255.1	31.8898	205.2053	5.0805	3
255.2	31.8761	204.3344	5.0912	3
255.3	31.8629	203.5487	5.1083	3
255.4	31.8496	202.6888	5.1199	3
255.5	31.8361	201.9565	5.112	3
255.6	31.8224	201.069	5.1089	3
255.7	31.8089	200.2025	5.1134	3
255.8	31.7954	199.4635	5.0998	3
255.9	31.7819	198.5254	5.0961	3
256	31.7684	197.6707	5.0694	3
256.1	31.7551	196.8215	5.0587	3
256.2	31.7418	196.0555	5.0706	3
256.3	31.7282	195.2845	5.0843	3
256.4	31.7145	194.4557	5.0869	3
256.5	31.7008	193.6232	5.0837	3
256.6	31.6872	192.733	5.0878	3
256.7	31.6737	191.8698	5.097	3
256.8	31.6604	190.9772	5.0896	3
256.9	31.6471	190.0823	5.0817	3
257	31.6345	189.174	5.0839	3
257.1	31.6222	188.1581	5.0832	3
257.2	31.6106	187.2719	5.0915	3
257.3	31.5994	186.4371	5.0914	3
257.4	31.5876	185.7334	5.0887	3
257.5	31.5754	185.0314	5.0762	3
257.6	31.5626	184.2288	5.0774	3
257.7	31.5496	183.4872	5.0791	3
257.8	31.5364	182.7291	5.0889	3
257.9	31.5227	181.9438	5.1011	3
258	31.5089	181.129	5.1007	3
258.1	31.4953	180.2049	5.0763	3
258.2	31.4818	179.3625	5.0828	3
258.3	31.4684	178.5188	5.0927	3
258.4	31.4551	177.7156	5.0789	3
258.5	31.4416	176.9217	5.0848	3
258.6	31.4277	176.1865	5.085	3
258.7	31.4135	175.3845	5.0809	3
258.8	31.3994	174.5588	5.0826	3
258.9	31.3852	173.7603	5.0913	3
259	31.3702	173.0449	5.0911	3
259.1	31.355	172.1257	5.0878	3
259.2	31.3403	171.237	5.0901	3
259.3	31.3262	170.4101	5.0841	3
259.4	31.312	169.5722	5.0915	3
259.5	31.2977	168.6991	5.1008	3
259.6	31.2834	167.85	5.0891	3
259.7	31.269	167.0538	5.0779	3
259.8	31.2546	166.3444	5.0742	3
259.9	31.2397	165.5529	5.0697	3
260	31.2245	164.7154	5.0782	3
260.1	31.2093	163.8687	5.0894	3
260.2	31.1941	163.0733	5.0894	3
260.3	31.1787	162.2646	5.0778	3
260.4	31.1634	161.4462	5.0866	3
260.5	31.148	160.6234	5.087	3
260.6	31.1326	159.7249	5.0851	3
260.7	31.1174	158.8467	5.0838	3
260.8	31.1023	157.996	5.0827	3
260.9	31.0874	157.2106	5.0813	3
261	31.0724	156.3726	5.0879	3
261.1	31.0573	155.5365	5.0975	3
261.2	31.042	154.7417	5.1027	3
261.3	31.0264	153.9442	5.0999	3
261.4	31.011	153.0419	5.1008	3
261.5	30.9959	152.23	5.091	3
261.6	30.9803	151.4846	5.0819	3
261.7	30.9647	150.633	5.0879	3
261.8	30.949	149.7662	5.0954	3
261.9	30.9332	148.913	5.103	3
262	30.9176	148.1595	5.1088	3
262.1	30.9019	147.2916	5.1117	3
262.2	30.8862	146.4721	5.1021	3
262.3	30.8703	145.7019	5.0926	3
262.4	30.8544	144.8459	5.0939	3
262.5	30.8385	144.0123	5.1018	3
262.6	30.8226	143.1096	5.1089	3
262.7	30.8071	142.2239	5.0957	3
262.8	30.7918	141.3614	5.0782	3
262.9	30.7765	140.5569	5.0847	3
263	30.761	139.7043	5.0904	3
263.1	30.7454	138.9521	5.0992	3
263.2	30.7297	138.1356	5.1076	3
263.3	30.7142	137.2031	5.1007	3
263.4	30.6985	136.4226	5.0888	3
263.5	30.6826	135.6369	5.0809	3
263.6	30.6668	134.8451	5.0787	3
263.7	30.6511	133.9582	5.0834	3
263.8	30.6352	133.1244	5.0845	3
263.9	30.6192	132.3361	5.0788	3
264	30.6027	131.6286	5.0735	3
264.1	30.5864	130.7496	5.073	3
264.2	30.5702	129.9034	5.0819	3
264.3	30.554	128.9929	5.0859	3
264.4	30.5378	128.2927	5.0823	3
264.5	30.5213	127.4773	5.0846	3
264.6	30.5045	126.6682	5.0974	3
264.7	30.4878	125.8523	5.0974	3
264.8	30.4707	125.0401	5.0897	3
264.9	30.4537	124.2132	5.0696	3
265	30.4368	123.3684	5.0684	3
265.1	30.4199	122.4952	5.0797	3
265.2	30.4032	121.6793	5.0858	3
265.3	30.3864	120.8192	5.0829	3
265.4	30.3693	120.0148	5.0808	3
265.5	30.3521	119.2492	5.0855	3
265.6	30.3349	118.4344	5.0831	3
265.7	30.3175	117.6821	5.0852	3
265.8	30.2999	116.819	5.0858	3
265.9	30.2823	116.0254	5.0873	3
266	30.2644	115.1918	5.077	3
266.1	30.2464	114.4314	5.0685	3
266.2	30.2282	113.6176	5.0799	3
266.3	30.2098	112.8167	5.0964	3
266.4	30.1914	111.9715	5.0852	3
266.5	30.1729	111.0887	5.0844	3
266.6	30.1549	110.2436	5.0965	3
266.7	30.1371	109.4119	5.0981	3
266.8	30.1193	108.5309	5.0973	3
266.9	30.1016	107.6726	5.1046	3
267	30.0836	106.8943	5.1037	3
267.1	30.0654	106.0904	5.0963	3
267.2	30.0473	105.2436	5.1045	3
267.3	30.029	104.4511	5.1023	3
267.4	30.0106	103.6973	5.1038	3
267.5	29.9921	102.8511	5.1053	3
267.6	29.9735	102.0172	5.1043	3
267.7	29.955	101.1474	5.1048	3
267.8	29.9362	100.3999	5.0991	3
267.9	29.9173	99.4809	5.0942	3
268	29.8985	98.6811	5.1036	3
268.1	29.8794	97.9678	5.1093	3
268.2	29.8599	97.2787	5.1142	3
268.3	29.84	96.3962	5.1095	3
268.4	29.8202	95.5405	5.1061	3
268.5	29.8004	94.7284	5.1055	3
268.6	29.7806	93.877	5.1075	3
268.7	29.7607	93.0543	5.1067	3
268.8	29.7412	92.191	5.1108	3
268.9	29.7217	91.3698	5.1036	3
269	29.7019	90.6013	5.1012	3
269.1	29.6819	89.8064	5.1035	3
269.2	29.6616	88.975	5.0944	3
269.3	29.6415	88.1438	5.0976	3
269.4	29.6212	87.2744	5.106	3
269.5	29.6006	86.4662	5.089	3
269.6	29.58	85.6759	5.0836	3
269.7	29.5593	85.0047	5.092	3
269.8	29.538	84.2332	5.0864	3
269.9	29.5165	83.3699	5.0785	3
270	29.4954	82.4826	5.0869	3
270.1	29.4743	81.6591	5.0991	3
270.2	29.4529	80.8646	5.0982	3
270.3	29.4314	80.0576	5.0999	3
270.4	29.4099	79.1471	5.1057	3
270.5	29.3883	78.4283	5.1031	3
270.6	29.3664	77.6086	5.1067	3
270.7	29.3441	76.9115	5.1207	3
270.8	29.3214	76.1829	5.1231	3
270.9	29.2985	75.4003	5.128	3
271	29.2753	74.5174	5.1342	3
271.1	29.2519	73.7769	5.1383	3
271.2	29.228	73.0303	5.1354	3
271.3	29.2038	72.2723	5.1291	3
271.4	29.1796	71.3716	5.1264	3
271.5	29.1554	70.5281	5.1177	3
271.6	29.1313	69.8205	5.1105	3
271.7	29.1068	69.0114	5.1114	3
271.8	29.082	68.2327	5.1134	3
271.9	29.0569	67.38	5.1052	3
272	29.0321	66.4551	5.0959	3
272.1	29.0077	65.5613	5.077	3
272.2	28.9833	64.6307	5.0785	3
272.3	28.9592	63.8726	5.0954	3
272.4	28.9347	63.1836	5.1049	3
272.5	28.9092	62.4122	5.1106	3
272.6	28.8837	61.672	5.1064	3
272.7	28.858	60.8518	5.1039	3
272.8	28.832	60.0535	5.1048	3
272.9	28.806	59.2035	5.095	3
273	28.78	58.3263	5.0997	3
273.1	28.7543	57.51	5.1013	3
273.2	28.7279	56.7635	5.0925	3
273.3	28.7015	55.9234	5.0783	3
273.4	28.675	55.1757	5.0775	3
273.5	28.6481	54.3939	5.0966	3
273.6	28.6207	53.6469	5.1078	3
273.7	28.5931	52.8498	5.0934	3
273.8	28.5652	52.0491	5.0903	3
273.9	28.5373	51.2663	5.1027	3
274	28.5092	50.5009	5.1031	3
274.1	28.4806	49.6929	5.0975	3
274.2	28.4522	48.7249	5.1123	3
274.3	28.4242	47.8685	5.1183	3
274.4	28.3963	47.0116	5.1085	3
274.5	28.3684	46.2149	5.0998	3
274.6	28.3406	45.3695	5.1008	3
274.7	28.3123	44.5938	5.1008	3
274.8	28.284	43.8306	5.1098	3
274.9	28.2551	43.1097	5.1138	3
275	28.2258	42.2859	5.0987	3
275.1	28.1966	41.4461	5.0905	3
275.2	28.1673	40.6612	5.0949	3
275.3	28.1375	39.8965	5.1115	3
275.4	28.1073	39.0946	5.1201	3
275.5	28.0769	38.4027	5.1147	3
275.6	28.0463	37.5175	5.1218	3
275.7	28.0157	36.713	5.1141	3
275.8	27.985	35.9027	5.1186	3
275.9	27.954	35.1629	5.1128	3
276	27.9227	34.3783	5.1075	3
276.1	27.8908	33.6039	5.1038	3
276.2	27.8584	32.8969	5.1076	3
276.3	27.8255	32.1793	5.1217	3
276.4	27.7922	31.4662	5.1166	3
276.5	27.7584	30.7099	5.117	3
276.6	27.7244	29.8667	5.129	3
276.7	27.6906	28.9895	5.133	3
276.8	27.6566	28.2321	5.1187	3
276.9	27.6223	27.3536	5.1034	3
277	27.5878	26.5074	5.1073	3
277.1	27.5537	25.5989	5.0967	3
277.2	27.5196	24.8248	5.0938	3
277.3	27.4851	24.1449	5.1048	3
277.4	27.45	23.3726	5.1054	3
277.5	27.4147	22.5651	5.0953	3
277.6	27.3791	21.8191	5.1042	3
277.7	27.3428	21.0566	5.1011	3
277.8	27.3062	20.3252	5.108	3
277.9	27.2696	19.5603	5.1157	3
278	27.2327	18.6845	5.1111	3
278.1	27.1956	17.8806	5.1169	3
278.2	27.1583	17.1038	5.1151	3
278.3	27.1206	16.4096	5.103	3
278.4	27.0822	15.7274	5.097	3
278.5	27.0436	14.857	5.1082	3
278.6	27.0048	14.0445	5.1049	3
278.7	26.9657	13.3104	5.1007	3
278.8	26.9263	12.5509	5.1177	3
278.9	26.8861	11.8944	5.1129	4
279	26.845	11.1496	5.096	4
279.1	26.8034	10.5093	5.1	4
279.2	26.7607	9.5328	5.1089	4
279.3	26.6425	2.4333	5.1018	4
279.4	26.3197	-12.0074	5.1004	4
279.5	25.877	-20.4529	5.1235	4
279.6	25.4044	-22.353	5.1255	4
279.7	24.9181	-22.1103	5.1134	4
279.8	24.424	-21.6637	5.1163	4
279.9	23.9251	-21.273	5.1183	4
280	23.4227	-20.6855	5.1167	4
280.1	22.9173	-19.1569	5.1231	4
280.2	22.4094	-17.588	5.1233	4
280.3	21.9005	-16.4427	5.107	4
280.4	21.3906	-15.9062	5.1009	4
280.5	20.8795	-15.8659	5.1266	4
280.6	20.3668	-15.5575	5.149	4
280.7	19.8524	-14.6891	5.1357	4
280.8	19.3374	-13.8953	5.1194	4
280.9	18.8216	-13.279	5.1255	4
281	18.3059	-13.2282	5.1277	4
281.1	17.7899	-13.7417	5.1347	4
281.2	17.2728	-14.1174	5.1287	4
281.3	16.7552	-14.8309	5.1248	4
281.4	16.2367	-15.2568	5.129	4
281.5	15.7176	-15.4245	5.1267	4
281.6	15.1984	-15.6238	5.1246	4
281.7	14.679	-15.651	5.131	4
281.8	14.1591	-15.0455	5.1316	4
281.9	13.6393	-14.9747	5.1291	4
282	13.1198	-15.4189	5.1384	4
282.1	12.6001	-16.0034	5.1421	4
282.2	12.0804	-16.6096	5.1543	4
282.3	11.5613	-17.1015	5.1464	4
282.4	11.0425	-17.5299	5.1313	4
282.5	10.5239	-17.6078	5.1321	4
282.6	10.0054	-16.9597	5.128	4
282.7	9.5461	-15.3499	5.1244	4
282.8	9.2528	-14.1628	5.114	4
282.9	9.0552	-13.5696	5.0908	4
283	8.8753	-13.4169	5.0858	4
283.1	8.702	-13.2802	5.0888	4
283.2	8.5331	-13.1118	5.096	4
283.3	8.367	-13.0404	5.1024	4
283.4	8.2026	-13.2014	5.0943	4
283.5	8.0393	-13.2378	5.0999	4
283.6	7.8772	-13.3321	5.104	4
283.7	7.7155	-13.209	5.0954	4
283.8	7.5546	-13.1509	5.1005	4
