Indentation

 + Advanced

+ Advanced
   Acquisition rate :	10.0 [Hz]
   Linear loading
   Max load :	1000.00 	µN
   Loading rate :	500.00 	µN/min
   Unloading rate :	500.00 	µN/min
   Pause :	30.0 s

+ TTX - UNHT Bio S/N: 1000136751 settings
   Fn contact : 25 µN
   Approach distance : 20 µm
   Approach speed : 100 µm/min
   Retract speed : 200 µm/min
   Retract time : 5 sec
   Dz sensor in large range
   Load in fine range
   FnRef in fine range
   FnRef contactload :500.000 µN
   Stiffness threshold : 1 µN/µm

   X Position :9640.60 µm
   Y Position :37137.13 µm
   Z Position :8070.72 µm

Date :6/9/2026
Time :8:06:48 AM

Analysis n # 1

   Method :	Hertz

 + Parameters

  Load Fit [10%,98%]

 + Main results

   EHz=	810.39 	kPa

 + Hypothesis


 + Additional results

   ErHz=	890.54 kPa
   h offset=	7.65 µm
   R2=	0.99

Analysis n # 2

   Method :	Oliver & Pharr

 + Parameters

  Unload Fit [40%,98%]

 + Main results

   HIT=	20.897 	kPa
   EIT=	795.57 	kPa
   E*=	874.25 	kPa

 + Hypothesis

   !!! Indenter not calibrated !!!
   m out of O&P hypothesis
   Poisson's ratio(nu)=	0.30 

 + Additional results

   HVIT=	0.0021302 	 Vickers
   CIT 0.001/120/30=	1.52 	%
   nIT=	75.27 %
   Fmax=	1002.96 	µN
   hmax=	18.89 	µm
   S=	216.1180 	µN/µm
   F/S²=	0.0215 	µm²/µN
   hc=	15.52 	µm
   hr=	14.25 	µm
   hp=	-6.52 	µm
   m=	5.4765 
   Epsilon=	0.73 
   R2=	1.000
   Ap=	47995.15 	µm²
   Welast=	3486.27 pJ
   Wplast=	1145.52 pJ
   Wtotal=	4631.79 pJ
   Er=	874.25 	kPa

Measured values
Time (s)	Pd (µm)	Fn (µN)	FnRef (µN)	SegmentID

0	0	0	5.382	0
0.1	0.2264	0.0319	5.3779	0
0.2	0.4486	0.106	5.3852	0
0.3	0.6673	0.1746	5.3763	0
0.4	0.883	0.1646	5.3736	0
0.5	1.0953	0.2633	5.3772	0
0.6	1.3045	0.3988	5.3811	0
0.7	1.5113	0.467	5.3879	0
0.8	1.7153	0.653	5.3864	0
0.9	1.9166	0.8621	5.3842	0
1	2.1156	1.1473	5.3754	0
1.1	2.3126	1.3775	5.3605	1
1.2	2.5073	1.8234	5.36	1
1.3	2.7007	2.2664	5.3667	1
1.4	2.8911	2.7819	5.3741	1
1.5	3.049	3.0716	5.3744	1
1.6	3.1393	3.2499	5.3712	1
1.7	3.2001	3.2334	5.3758	1
1.8	3.258	3.4906	5.3728	1
1.9	3.3148	3.7038	5.3745	1
2	3.3719	3.8508	5.3723	1
2.1	3.431	4.0551	5.3708	1
2.2	3.4919	4.3112	5.3684	1
2.3	3.555	4.5801	5.358	1
2.4	3.6207	4.8973	5.3524	1
2.5	3.6882	5.1776	5.3674	1
2.6	3.7575	5.5617	5.3745	1
2.7	3.8291	5.9085	5.3602	1
2.8	3.903	6.3894	5.362	1
2.9	3.9785	6.8085	5.359	1
3	4.0562	7.2956	5.3591	1
3.1	4.1356	7.7847	5.3703	1
3.2	4.2165	8.4252	5.3673	1
3.3	4.2989	8.9648	5.3594	1
3.4	4.3827	9.64	5.3524	1
3.5	4.4674	10.3493	5.3461	1
3.6	4.5529	11.0871	5.3531	1
3.7	4.6391	11.8631	5.3428	1
3.8	4.7253	12.6574	5.342	1
3.9	4.8123	13.5418	5.3485	1
4	4.8992	14.3456	5.342	1
4.1	4.9862	15.2561	5.3358	1
4.2	5.0735	16.0752	5.3434	1
4.3	5.1604	17.1251	5.3483	1
4.4	5.2463	17.9957	5.3507	1
4.5	5.3322	19.0686	5.3531	1
4.6	5.4171	20.1039	5.364	1
4.7	5.5008	21.0826	5.3626	1
4.8	5.584	22.1333	5.3567	1
4.9	5.666	23.134	5.3651	1
5	5.747	24.188	5.3626	1
5.1	5.8271	25.1933	5.3611	1
5.2	5.9061	26.2696	5.37	1
5.3	5.984	27.2971	5.3552	1
5.4	6.0607	28.4012	5.3551	1
5.5	6.1362	29.5025	5.3538	1
5.6	6.2104	30.5347	5.3464	1
5.7	6.283	31.596	5.3541	1
5.8	6.3543	32.7661	5.3545	1
5.9	6.4242	33.8504	5.3561	1
6	6.4929	34.8923	5.3606	1
6.1	6.5603	35.9332	5.362	1
6.2	6.626	37.0804	5.3543	1
6.3	6.6905	38.0947	5.3638	1
6.4	6.7537	39.2369	5.3678	1
6.5	6.8159	40.1841	5.3705	1
6.6	6.8766	41.3413	5.3693	1
6.7	6.9357	42.3982	5.3659	1
6.8	6.9937	43.4259	5.3668	1
6.9	7.0506	44.476	5.3631	1
7	7.1063	45.451	5.3628	1
7.1	7.1607	46.598	5.367	1
7.2	7.2139	47.5838	5.3675	1
7.3	7.2657	48.6067	5.3659	1
7.4	7.3168	49.5935	5.3597	1
7.5	7.3668	50.65	5.3476	1
7.6	7.4157	51.7038	5.3486	1
7.7	7.4636	52.6539	5.3642	1
7.8	7.5112	53.4859	5.3718	1
7.9	7.5584	54.4345	5.3734	1
8	7.605	55.3363	5.3618	1
8.1	7.6507	56.2463	5.3666	1
8.2	7.6956	57.2057	5.3699	1
8.3	7.7399	58.1257	5.3694	1
8.4	7.784	59.0326	5.3636	1
8.5	7.8277	59.9864	5.3711	1
8.6	7.8703	60.9785	5.3798	1
8.7	7.9119	61.9639	5.3867	1
8.8	7.9529	62.8774	5.3875	1
8.9	7.9933	63.8455	5.3899	1
9	8.0328	64.777	5.3962	1
9.1	8.0723	65.6438	5.399	1
9.2	8.1111	66.6036	5.3965	1
9.3	8.1492	67.5624	5.3823	1
9.4	8.1869	68.4691	5.3826	1
9.5	8.2236	69.4229	5.3821	1
9.6	8.2598	70.3468	5.3766	1
9.7	8.2951	71.3038	5.3787	1
9.8	8.3298	72.2347	5.3945	1
9.9	8.3642	73.0623	5.4017	1
10	8.3985	74.0027	5.3923	1
10.1	8.4324	74.9129	5.3827	1
10.2	8.4657	75.812	5.3706	1
10.3	8.4985	76.7044	5.3567	1
10.4	8.531	77.6362	5.3569	1
10.5	8.5628	78.5	5.3582	1
10.6	8.5942	79.4308	5.3517	1
10.7	8.6256	80.2877	5.3441	1
10.8	8.6568	81.1389	5.3501	1
10.9	8.6874	82.0473	5.3539	1
11	8.7177	82.8891	5.3635	1
11.1	8.7477	83.7741	5.3597	1
11.2	8.7778	84.5954	5.3517	1
11.3	8.8074	85.5094	5.348	1
11.4	8.8363	86.4276	5.3349	1
11.5	8.8655	87.2429	5.3394	1
11.6	8.8945	88.1218	5.3495	1
11.7	8.9231	89.0466	5.3427	1
11.8	8.9512	89.9721	5.3374	1
11.9	8.979	90.7665	5.3377	1
12	9.0066	91.6335	5.3441	1
12.1	9.0343	92.5321	5.3549	1
12.2	9.0614	93.4234	5.3647	1
12.3	9.0882	94.3177	5.3665	1
12.4	9.1148	95.0812	5.3626	1
12.5	9.1414	96.0237	5.3549	1
12.6	9.1676	96.8624	5.3542	1
12.7	9.1937	97.6402	5.3615	1
12.8	9.2201	98.5537	5.3703	1
12.9	9.2462	99.459	5.3762	1
13	9.2721	100.3521	5.3703	1
13.1	9.2974	101.2054	5.3657	1
13.2	9.3224	102.0231	5.3683	1
13.3	9.3473	102.9622	5.3708	1
13.4	9.3717	103.82	5.3575	1
13.5	9.3962	104.6568	5.3585	1
13.6	9.4203	105.5289	5.3645	1
13.7	9.4442	106.4252	5.3698	1
13.8	9.4676	107.3263	5.3671	1
13.9	9.491	108.1982	5.362	1
14	9.5145	109.0283	5.3551	1
14.1	9.5375	109.9057	5.3555	1
14.2	9.5602	110.7865	5.3514	1
14.3	9.5829	111.6488	5.3489	1
14.4	9.6052	112.5268	5.3585	1
14.5	9.6272	113.345	5.3701	1
14.6	9.6492	114.2497	5.3611	1
14.7	9.671	115.0857	5.3631	1
14.8	9.6929	115.9076	5.363	1
14.9	9.7144	116.8286	5.3597	1
15	9.7355	117.7321	5.3622	1
15.1	9.7567	118.5127	5.3592	1
15.2	9.7781	119.3359	5.3618	1
15.3	9.7991	120.2236	5.3627	1
15.4	9.8196	121.0707	5.3571	1
15.5	9.8402	121.8528	5.3552	1
15.6	9.8611	122.7313	5.3644	1
15.7	9.882	123.553	5.3699	1
15.8	9.9029	124.3913	5.3715	1
15.9	9.9234	125.2372	5.3637	1
16	9.944	126.0172	5.3547	1
16.1	9.965	126.8423	5.358	1
16.2	9.9857	127.7234	5.3693	1
16.3	10.0063	128.5355	5.365	1
16.4	10.027	129.372	5.3598	1
16.5	10.0478	130.1418	5.3619	1
16.6	10.0684	131.0488	5.3631	1
16.7	10.0888	131.8979	5.3649	1
16.8	10.1092	132.7514	5.3645	1
16.9	10.1295	133.6047	5.3576	1
17	10.1495	134.4414	5.3559	1
17.1	10.1695	135.3559	5.3729	1
17.2	10.1889	136.2718	5.3766	1
17.3	10.2085	137.0921	5.3695	1
17.4	10.2281	137.9354	5.3672	1
17.5	10.2473	138.7437	5.362	1
17.6	10.2661	139.5996	5.3623	1
17.7	10.2851	140.4669	5.3748	1
17.8	10.3041	141.3357	5.383	1
17.9	10.323	142.2525	5.3715	1
18	10.3414	143.0753	5.3701	1
18.1	10.36	143.9104	5.3765	1
18.2	10.3786	144.7605	5.383	1
18.3	10.3967	145.6143	5.385	1
18.4	10.4149	146.4438	5.3707	1
18.5	10.4328	147.3422	5.3645	1
18.6	10.4507	148.1891	5.3621	1
18.7	10.4681	149.0306	5.3723	1
18.8	10.4859	149.8858	5.3636	1
18.9	10.5038	150.7298	5.3581	1
19	10.5214	151.6186	5.3658	1
19.1	10.5387	152.4619	5.3742	1
19.2	10.5557	153.3222	5.3582	1
19.3	10.5727	154.1465	5.3436	1
19.4	10.5896	154.9772	5.3515	1
19.5	10.6066	155.8583	5.3471	1
19.6	10.6232	156.718	5.3344	1
19.7	10.6399	157.5901	5.3351	1
19.8	10.6565	158.4175	5.3379	1
19.9	10.6728	159.2314	5.3529	1
20	10.689	160.0947	5.3564	1
20.1	10.7054	160.9474	5.3494	1
20.2	10.7215	161.7827	5.3664	1
20.3	10.7376	162.6023	5.3802	1
20.4	10.7538	163.4682	5.3788	1
20.5	10.7701	164.2466	5.3605	1
20.6	10.7863	165.0779	5.3514	1
20.7	10.8026	165.9446	5.3479	1
20.8	10.8186	166.8194	5.3482	1
20.9	10.8346	167.6078	5.3467	1
21	10.8508	168.4563	5.3684	1
21.1	10.8669	169.2719	5.3697	1
21.2	10.8828	170.0589	5.3475	1
21.3	10.899	170.8924	5.3453	1
21.4	10.9152	171.7652	5.3567	1
21.5	10.9312	172.62	5.3655	1
21.6	10.9472	173.4615	5.3734	1
21.7	10.9631	174.2913	5.3734	1
21.8	10.9787	175.1537	5.3658	1
21.9	10.9945	175.99	5.3614	1
22	11.0102	176.877	5.3721	1
22.1	11.0256	177.7012	5.3587	1
22.2	11.041	178.5638	5.3464	1
22.3	11.0561	179.434	5.363	1
22.4	11.0713	180.255	5.3784	1
22.5	11.0867	181.0865	5.3814	1
22.6	11.1019	181.8765	5.3784	1
22.7	11.1169	182.7354	5.369	1
22.8	11.1321	183.5235	5.379	1
22.9	11.1478	184.3885	5.3812	1
23	11.1634	185.1295	5.3821	1
23.1	11.179	186.0001	5.3831	1
23.2	11.1946	186.8802	5.3966	1
23.3	11.2096	187.7443	5.3915	1
23.4	11.2246	188.5914	5.3861	1
23.5	11.2394	189.3638	5.3874	1
23.6	11.2538	190.2954	5.3765	1
23.7	11.2681	191.183	5.3749	1
23.8	11.2827	191.9668	5.3712	1
23.9	11.2975	192.7851	5.3741	1
24	11.3121	193.6182	5.3863	1
24.1	11.3266	194.5782	5.375	1
24.2	11.3408	195.4591	5.3687	1
24.3	11.3551	196.2206	5.374	1
24.4	11.3692	197.1229	5.3679	1
24.5	11.3831	197.9859	5.3616	1
24.6	11.3967	198.8247	5.3584	1
24.7	11.4102	199.6609	5.3617	1
24.8	11.4239	200.5146	5.3706	1
24.9	11.4375	201.4186	5.3767	1
25	11.451	202.2148	5.3707	1
25.1	11.4646	202.9998	5.3718	1
25.2	11.4785	203.7546	5.3692	1
25.3	11.4928	204.557	5.3622	1
25.4	11.507	205.395	5.3598	1
25.5	11.5208	206.2896	5.3624	1
25.6	11.5347	207.1136	5.3639	1
25.7	11.5486	207.9914	5.3775	1
25.8	11.5621	208.876	5.3851	1
25.9	11.5754	209.706	5.3738	1
26	11.5883	210.5545	5.3675	1
26.1	11.6015	211.4157	5.3765	1
26.2	11.6146	212.2845	5.3769	1
26.3	11.6273	213.2121	5.3857	1
26.4	11.6398	214.0189	5.3841	1
26.5	11.6525	214.8255	5.3731	1
26.6	11.6655	215.6181	5.3723	1
26.7	11.6783	216.4732	5.373	1
26.8	11.6909	217.3548	5.3731	1
26.9	11.7033	218.1989	5.3597	1
27	11.7158	219.055	5.3552	1
27.1	11.7284	219.7788	5.3507	1
27.2	11.7411	220.6345	5.3598	1
27.3	11.7539	221.4795	5.3718	1
27.4	11.7667	222.2592	5.3756	1
27.5	11.7795	223.0903	5.3825	1
27.6	11.7923	223.9151	5.3766	1
27.7	11.8056	224.6741	5.3666	1
27.8	11.819	225.4438	5.3747	1
27.9	11.8324	226.3038	5.3878	1
28	11.846	227.1361	5.3792	1
28.1	11.8596	227.9506	5.3628	1
28.2	11.8732	228.698	5.3645	1
28.3	11.8871	229.5422	5.3697	1
28.4	11.9012	230.4187	5.3767	1
28.5	11.9148	231.2319	5.3837	1
28.6	11.9283	232.1101	5.3896	1
28.7	11.9418	232.9431	5.3913	1
28.8	11.9553	233.8243	5.3978	1
28.9	11.9686	234.7067	5.3939	1
29	11.9818	235.5102	5.3769	1
29.1	11.995	236.3475	5.3717	1
29.2	12.0085	237.2106	5.3754	1
29.3	12.0217	238.0448	5.386	1
29.4	12.0345	238.8881	5.3875	1
29.5	12.0475	239.7645	5.375	1
29.6	12.0605	240.5835	5.3692	1
29.7	12.0733	241.3716	5.3594	1
29.8	12.0862	242.2457	5.3562	1
29.9	12.0992	243.0521	5.3651	1
30	12.112	243.8978	5.369	1
30.1	12.1248	244.7649	5.3705	1
30.2	12.1374	245.6118	5.363	1
30.3	12.1502	246.4711	5.3544	1
30.4	12.1628	247.3487	5.359	1
30.5	12.1749	248.2142	5.3676	1
30.6	12.1871	249.0419	5.3731	1
30.7	12.1993	249.9505	5.3745	1
30.8	12.2111	250.8215	5.3778	1
30.9	12.2227	251.6714	5.3702	1
31	12.2344	252.4724	5.3782	1
31.1	12.246	253.3418	5.3893	1
31.2	12.2572	254.2106	5.3851	1
31.3	12.2685	255.0145	5.3776	1
31.4	12.2801	255.8597	5.3677	1
31.5	12.2914	256.6973	5.3732	1
31.6	12.3027	257.5446	5.3848	1
31.7	12.3139	258.4402	5.3887	1
31.8	12.3251	259.2301	5.3733	1
31.9	12.3362	259.9753	5.3643	1
32	12.3474	260.8433	5.3599	1
32.1	12.3588	261.6413	5.3658	1
32.2	12.3699	262.5706	5.3776	1
32.3	12.381	263.4281	5.3646	1
32.4	12.3923	264.2058	5.3562	1
32.5	12.4034	265.0411	5.3761	1
32.6	12.4146	265.8719	5.3776	1
32.7	12.4257	266.7201	5.3727	1
32.8	12.4365	267.6152	5.3723	1
32.9	12.4471	268.4409	5.3709	1
33	12.458	269.3036	5.365	1
33.1	12.4688	270.1342	5.3579	1
33.2	12.4796	270.974	5.3718	1
33.3	12.4902	271.8336	5.379	1
33.4	12.5009	272.6439	5.3722	1
33.5	12.5117	273.3759	5.3785	1
33.6	12.5229	274.2083	5.3662	1
33.7	12.5339	275.0722	5.3729	1
33.8	12.5448	275.8624	5.3725	1
33.9	12.5558	276.6726	5.3624	1
34	12.5668	277.5029	5.3584	1
34.1	12.5779	278.4355	5.3671	1
34.2	12.5888	279.2678	5.3648	1
34.3	12.5997	280.0681	5.3686	1
34.4	12.6105	280.9584	5.3817	1
34.5	12.6213	281.7449	5.3766	1
34.6	12.632	282.5636	5.3737	1
34.7	12.643	283.3864	5.3786	1
34.8	12.6539	284.1729	5.3721	1
34.9	12.6651	285.0461	5.3787	1
35	12.6762	285.8521	5.3791	1
35.1	12.6875	286.7302	5.3624	1
35.2	12.6986	287.4881	5.3569	1
35.3	12.7095	288.2955	5.3667	1
35.4	12.7208	289.0931	5.358	1
35.5	12.7323	289.9218	5.3497	1
35.6	12.7436	290.7847	5.3513	1
35.7	12.7548	291.6649	5.3509	1
35.8	12.7663	292.4866	5.3514	1
35.9	12.7775	293.3014	5.3633	1
36	12.7888	294.1871	5.3782	1
36.1	12.8	295.0286	5.3748	1
36.2	12.8111	295.8601	5.3734	1
36.3	12.8221	296.7172	5.3905	1
36.4	12.833	297.5519	5.3732	1
36.5	12.8437	298.4088	5.3545	1
36.6	12.8545	299.2199	5.3551	1
36.7	12.8654	300.025	5.3609	1
36.8	12.876	300.9676	5.36	1
36.9	12.8868	301.7359	5.3557	1
37	12.8976	302.5813	5.3606	1
37.1	12.9083	303.4025	5.3862	1
37.2	12.919	304.2912	5.3856	1
37.3	12.9297	305.0543	5.3792	1
37.4	12.9405	305.909	5.3795	1
37.5	12.9512	306.7433	5.3822	1
37.6	12.9617	307.6351	5.3738	1
37.7	12.9723	308.4189	5.3723	1
37.8	12.9831	309.2501	5.3909	1
37.9	12.9939	310.1263	5.3982	1
38	13.0045	310.9237	5.3858	1
38.1	13.0152	311.7224	5.373	1
38.2	13.0262	312.5869	5.3649	1
38.3	13.0368	313.4423	5.3699	1
38.4	13.0473	314.3487	5.3876	1
38.5	13.0573	315.1982	5.3919	1
38.6	13.0674	316.0331	5.3748	1
38.7	13.0776	316.8684	5.3776	1
38.8	13.0877	317.7249	5.393	1
38.9	13.0976	318.5845	5.3985	1
39	13.1075	319.4537	5.4043	1
39.1	13.1171	320.2295	5.4019	1
39.2	13.127	321.1237	5.3743	1
39.3	13.1366	321.9715	5.3629	1
39.4	13.1459	322.8587	5.3699	1
39.5	13.1551	323.6619	5.3641	1
39.6	13.1645	324.4378	5.3604	1
39.7	13.174	325.3024	5.3679	1
39.8	13.1832	326.223	5.377	1
39.9	13.1923	327.0722	5.3854	1
40	13.2017	327.8171	5.4007	1
40.1	13.2113	328.6845	5.4034	1
40.2	13.2202	329.5879	5.3953	1
40.3	13.2291	330.3468	5.3899	1
40.4	13.2384	331.2127	5.389	1
40.5	13.2479	332.026	5.3906	1
40.6	13.2573	332.7552	5.3854	1
40.7	13.2672	333.5405	5.3784	1
40.8	13.2772	334.3258	5.3812	1
40.9	13.2871	335.2024	5.3954	1
41	13.297	336.0401	5.3882	1
41.1	13.3067	336.9081	5.3799	1
41.2	13.3164	337.7252	5.3807	1
41.3	13.3259	338.6122	5.3835	1
41.4	13.3355	339.4075	5.3891	1
41.5	13.3452	340.2798	5.3811	1
41.6	13.3549	341.0861	5.3651	1
41.7	13.3647	341.9172	5.3742	1
41.8	13.3745	342.7173	5.3751	1
41.9	13.3841	343.5948	5.3671	1
42	13.3934	344.4488	5.377	1
42.1	13.4029	345.3532	5.3817	1
42.2	13.4125	346.0858	5.3754	1
42.3	13.4219	346.9444	5.3721	1
42.4	13.4314	347.7959	5.368	1
42.5	13.441	348.5848	5.3739	1
42.6	13.4507	349.4464	5.3951	1
42.7	13.4602	350.2643	5.4007	1
42.8	13.4694	351.175	5.4015	1
42.9	13.4785	351.9257	5.4092	1
43	13.4879	352.7998	5.4124	1
43.1	13.4976	353.6501	5.4007	1
43.2	13.5069	354.4414	5.4028	1
43.3	13.5163	355.3107	5.4037	1
43.4	13.526	356.1029	5.4037	1
43.5	13.5352	356.9726	5.3894	1
43.6	13.5441	357.8777	5.3836	1
43.7	13.5532	358.6625	5.3802	1
43.8	13.5624	359.4857	5.3764	1
43.9	13.5719	360.2839	5.3614	1
44	13.5811	361.1425	5.3549	1
44.1	13.5905	361.9567	5.3594	1
44.2	13.5997	362.7925	5.3533	1
44.3	13.6087	363.7662	5.3535	1
44.4	13.6178	364.574	5.3579	1
44.5	13.6268	365.35	5.3602	1
44.6	13.6356	366.1836	5.3572	1
44.7	13.6445	367.0827	5.3624	1
44.8	13.6531	367.9593	5.3728	1
44.9	13.6617	368.8235	5.3756	1
45	13.6701	369.6066	5.3744	1
45.1	13.6785	370.4907	5.3684	1
45.2	13.6869	371.3387	5.3638	1
45.3	13.6951	372.1636	5.3698	1
45.4	13.7036	372.9332	5.3844	1
45.5	13.712	373.8083	5.3847	1
45.6	13.7203	374.637	5.3796	1
45.7	13.7287	375.5	5.3787	1
45.8	13.7371	376.3049	5.3671	1
45.9	13.7455	377.0981	5.3725	1
46	13.7538	377.9966	5.377	1
46.1	13.7621	378.9048	5.3786	1
46.2	13.7706	379.6212	5.3793	1
46.3	13.7788	380.471	5.3764	1
46.4	13.7866	381.3012	5.3666	1
46.5	13.7945	382.1734	5.3615	1
46.6	13.8027	383.0561	5.3701	1
46.7	13.8109	383.8307	5.3654	1
46.8	13.819	384.6356	5.3589	1
46.9	13.827	385.4909	5.3527	1
47	13.8353	386.3732	5.3571	1
47.1	13.8434	387.1529	5.359	1
47.2	13.8516	388.0069	5.3508	1
47.3	13.8599	388.7684	5.3498	1
47.4	13.8685	389.5601	5.3664	1
47.5	13.877	390.4305	5.37	1
47.6	13.8853	391.2667	5.355	1
47.7	13.8935	392.1295	5.3571	1
47.8	13.9017	392.9141	5.3621	1
47.9	13.9101	393.796	5.3645	1
48	13.9183	394.65	5.3673	1
48.1	13.9264	395.443	5.3815	1
48.2	13.9349	396.2303	5.3949	1
48.3	13.9432	397.1067	5.3868	1
48.4	13.9514	398.038	5.3887	1
48.5	13.9595	398.8168	5.3864	1
48.6	13.9679	399.6402	5.3872	1
48.7	13.9764	400.4159	5.3992	1
48.8	13.9846	401.2611	5.4143	1
48.9	13.9929	402.1556	5.4035	1
49	14.0012	402.8849	5.4026	1
49.1	14.0096	403.6687	5.3993	1
49.2	14.0183	404.5467	5.3998	1
49.3	14.0275	405.3536	5.3966	1
49.4	14.0362	406.1649	5.4031	1
49.5	14.0448	407.0048	5.4059	1
49.6	14.0533	407.9352	5.4064	1
49.7	14.0616	408.8372	5.4109	1
49.8	14.0698	409.5917	5.4246	1
49.9	14.0782	410.4233	5.4197	1
50	14.0865	411.2704	5.4097	1
50.1	14.0949	412.1056	5.4084	1
50.2	14.1031	412.9418	5.4063	1
50.3	14.1116	413.6983	5.4146	1
50.4	14.1203	414.468	5.4134	1
50.5	14.1294	415.2897	5.4001	1
50.6	14.1383	416.134	5.3886	1
50.7	14.1474	416.9506	5.373	1
50.8	14.1565	417.7622	5.3591	1
50.9	14.1657	418.5882	5.3765	1
51	14.1747	419.3989	5.3876	1
51.1	14.1839	420.2506	5.3826	1
51.2	14.1934	421.0308	5.3738	1
51.3	14.2029	421.816	5.3793	1
51.4	14.2123	422.7463	5.391	1
51.5	14.2217	423.5673	5.3767	1
51.6	14.2314	424.3664	5.3646	1
51.7	14.2409	425.2318	5.3636	1
51.8	14.2497	426.1059	5.3618	1
51.9	14.2586	426.996	5.3601	1
52	14.2678	427.7859	5.3707	1
52.1	14.2768	428.6961	5.3752	1
52.2	14.2855	429.5927	5.3698	1
52.3	14.294	430.4196	5.3736	1
52.4	14.3023	431.2651	5.3653	1
52.5	14.3108	432.0615	5.3727	1
52.6	14.3191	432.9754	5.3646	1
52.7	14.3276	433.767	5.3588	1
52.8	14.3361	434.5824	5.36	1
52.9	14.3449	435.3291	5.3636	1
53	14.3537	436.1785	5.3652	1
53.1	14.3624	437.0392	5.3634	1
53.2	14.3712	437.8445	5.3662	1
53.3	14.38	438.7028	5.3777	1
53.4	14.3888	439.5031	5.3709	1
53.5	14.3977	440.3092	5.3507	1
53.6	14.4066	441.1849	5.3406	1
53.7	14.4153	442.025	5.3429	1
53.8	14.424	442.9276	5.3582	1
53.9	14.4328	443.7554	5.367	1
54	14.4412	444.6033	5.3658	1
54.1	14.4496	445.4742	5.3812	1
54.2	14.4578	446.301	5.3786	1
54.3	14.4661	447.132	5.3614	1
54.4	14.4744	447.8879	5.3479	1
54.5	14.4828	448.7852	5.3545	1
54.6	14.4913	449.6029	5.3605	1
54.7	14.4995	450.4368	5.3698	1
54.8	14.5079	451.2567	5.3664	1
54.9	14.5163	452.0347	5.3634	1
55	14.5251	452.919	5.3558	1
55.1	14.5339	453.6708	5.3584	1
55.2	14.5424	454.6181	5.35	1
55.3	14.551	455.4139	5.3346	1
55.4	14.5594	456.2396	5.3392	1
55.5	14.568	457.1238	5.3581	1
55.6	14.5764	457.8949	5.3678	1
55.7	14.5849	458.8045	5.3685	1
55.8	14.5933	459.5804	5.3596	1
55.9	14.6015	460.4642	5.3453	1
56	14.6095	461.3619	5.3387	1
56.1	14.6174	462.178	5.332	1
56.2	14.6254	463.0072	5.3426	1
56.3	14.6334	463.8639	5.3554	1
56.4	14.6409	464.7318	5.3615	1
56.5	14.6483	465.6174	5.3582	1
56.6	14.6561	466.3722	5.3601	1
56.7	14.664	467.2483	5.3568	1
56.8	14.6716	468.0239	5.3461	1
56.9	14.6792	468.9055	5.3393	1
57	14.6868	469.7735	5.3417	1
57.1	14.6941	470.5925	5.3415	1
57.2	14.7017	471.4427	5.341	1
57.3	14.7092	472.2638	5.3381	1
57.4	14.7168	473.087	5.3438	1
57.5	14.7243	473.9676	5.3525	1
57.6	14.7316	474.805	5.3471	1
57.7	14.7389	475.6418	5.3431	1
57.8	14.7462	476.4588	5.3652	1
57.9	14.7534	477.3324	5.3589	1
58	14.7608	478.1272	5.3523	1
58.1	14.768	479.0024	5.3508	1
58.2	14.7752	479.8459	5.3481	1
58.3	14.7825	480.6406	5.3571	1
58.4	14.7898	481.5316	5.3728	1
58.5	14.7969	482.3359	5.3712	1
58.6	14.8036	483.1993	5.3569	1
58.7	14.8107	484.0112	5.3409	1
58.8	14.8175	484.8611	5.3345	1
58.9	14.8244	485.7076	5.3347	1
59	14.8317	486.3759	5.3356	1
59.1	14.8391	487.2567	5.3421	1
59.2	14.8466	488.0652	5.3515	1
59.3	14.854	488.9346	5.3598	1
59.4	14.8614	489.767	5.3561	1
59.5	14.8685	490.66	5.3546	1
59.6	14.8757	491.5242	5.3604	1
59.7	14.8829	492.2646	5.3673	1
59.8	14.8899	493.1877	5.3864	1
59.9	14.8971	493.9713	5.391	1
60	14.904	494.7779	5.3796	1
60.1	14.9113	495.6371	5.3694	1
60.2	14.9185	496.4144	5.3776	1
60.3	14.9254	497.4098	5.385	1
60.4	14.9326	498.1234	5.3767	1
60.5	14.9395	498.9942	5.3735	1
60.6	14.9467	499.7817	5.3727	1
60.7	14.9537	500.5804	5.3696	1
60.8	14.9609	501.4895	5.3554	1
60.9	14.9682	502.1908	5.3441	1
61	14.9754	503.1872	5.3596	1
61.1	14.9826	503.8953	5.3697	1
61.2	14.9895	504.771	5.357	1
61.3	14.9967	505.6823	5.3539	1
61.4	15.0037	506.464	5.3577	1
61.5	15.0106	507.398	5.3591	1
61.6	15.0177	508.1067	5.3561	1
61.7	15.0244	508.9814	5.353	1
61.8	15.0314	509.8243	5.3429	1
61.9	15.0383	510.6868	5.3317	1
62	15.0455	511.4783	5.3303	1
62.1	15.0526	512.2084	5.3388	1
62.2	15.0599	513.1335	5.352	1
62.3	15.0671	513.8948	5.3603	1
62.4	15.074	514.8167	5.3462	1
62.5	15.0814	515.6666	5.3366	1
62.6	15.0885	516.438	5.3364	1
62.7	15.0958	517.2595	5.3312	1
62.8	15.1036	517.8552	5.3325	1
62.9	15.1118	518.7012	5.335	1
63	15.1202	519.5543	5.3323	1
63.1	15.128	520.4181	5.3279	1
63.2	15.1361	521.2973	5.3277	1
63.3	15.144	522.1312	5.3413	1
63.4	15.1516	523.0741	5.3421	1
63.5	15.1589	523.8903	5.344	1
63.6	15.1664	524.6947	5.345	1
63.7	15.1739	525.5426	5.3392	1
63.8	15.181	526.4222	5.3438	1
63.9	15.1883	527.2322	5.3575	1
64	15.1957	528.113	5.3495	1
64.1	15.203	528.9304	5.348	1
64.2	15.2103	529.7318	5.35	1
64.3	15.2174	530.6398	5.345	1
64.4	15.2244	531.4373	5.3282	1
64.5	15.2315	532.319	5.3315	1
64.6	15.2387	533.1617	5.3399	1
64.7	15.246	533.9537	5.3382	1
64.8	15.253	534.8098	5.3454	1
64.9	15.26	535.5983	5.347	1
65	15.2671	536.4378	5.3461	1
65.1	15.2741	537.3099	5.3457	1
65.2	15.2809	538.2649	5.3485	1
65.3	15.2872	539.0515	5.3489	1
65.4	15.2933	539.9382	5.3543	1
65.5	15.2999	540.7665	5.3623	1
65.6	15.3066	541.5861	5.3607	1
65.7	15.3131	542.3889	5.3585	1
65.8	15.3196	543.2147	5.3501	1
65.9	15.3261	544.0307	5.3385	1
66	15.3322	544.943	5.3241	1
66.1	15.3384	545.8521	5.3196	1
66.2	15.3447	546.582	5.3425	1
66.3	15.3515	547.41	5.3596	1
66.4	15.3582	548.207	5.3585	1
66.5	15.3646	549.1574	5.3455	1
66.6	15.371	549.8097	5.3455	1
66.7	15.3778	550.6402	5.349	1
66.8	15.3848	551.539	5.3629	1
66.9	15.3916	552.3179	5.3589	1
67	15.3986	553.0965	5.3644	1
67.1	15.4055	553.9631	5.3755	1
67.2	15.4122	554.903	5.3775	1
67.3	15.4188	555.6915	5.378	1
67.4	15.4255	556.487	5.3739	1
67.5	15.4323	557.3267	5.3743	1
67.6	15.4391	558.1094	5.3745	1
67.7	15.4463	559.0051	5.3753	1
67.8	15.4533	559.7575	5.3734	1
67.9	15.4602	560.5817	5.371	1
68	15.4674	561.3988	5.3749	1
68.1	15.4748	562.2813	5.376	1
68.2	15.4819	563.1192	5.3689	1
68.3	15.4888	563.9247	5.3671	1
68.4	15.4958	564.7975	5.3557	1
68.5	15.5029	565.5956	5.3514	1
68.6	15.5098	566.4576	5.3523	1
68.7	15.5166	567.3489	5.3601	1
68.8	15.5235	568.2168	5.3543	1
68.9	15.5301	569.0066	5.3557	1
69	15.5369	569.8632	5.3594	1
69.1	15.5437	570.7029	5.3756	1
69.2	15.5502	571.5901	5.374	1
69.3	15.5567	572.3165	5.3496	1
69.4	15.5633	573.1919	5.3561	1
69.5	15.5697	574.0945	5.3555	1
69.6	15.576	574.9323	5.3481	1
69.7	15.5824	575.7702	5.3445	1
69.8	15.5889	576.5224	5.3446	1
69.9	15.5955	577.3589	5.3448	1
70	15.6023	578.2106	5.3421	1
70.1	15.609	578.9694	5.3414	1
70.2	15.6157	579.8375	5.3468	1
70.3	15.6225	580.6491	5.3494	1
70.4	15.6295	581.4522	5.355	1
70.5	15.6365	582.2745	5.3501	1
70.6	15.6436	583.0826	5.3394	1
70.7	15.6505	583.9578	5.3384	1
70.8	15.6573	584.8133	5.3372	1
70.9	15.664	585.6586	5.3346	1
71	15.6711	586.4368	5.3284	1
71.1	15.6779	587.3357	5.3308	1
71.2	15.6845	588.1789	5.3413	1
71.3	15.6912	588.9872	5.3175	1
71.4	15.6982	589.8185	5.312	1
71.5	15.7051	590.6837	5.3198	1
71.6	15.7116	591.5255	5.3241	1
71.7	15.7182	592.3473	5.3316	1
71.8	15.725	593.1681	5.3344	1
71.9	15.7316	593.9871	5.3357	1
72	15.7385	594.7424	5.3414	1
72.1	15.7455	595.5911	5.3443	1
72.2	15.7524	596.4606	5.3412	1
72.3	15.7594	597.3318	5.3405	1
72.4	15.7663	598.1126	5.3304	1
72.5	15.7736	598.9189	5.33	1
72.6	15.7806	599.7181	5.3248	1
72.7	15.7878	600.5701	5.333	1
72.8	15.7952	601.3601	5.3461	1
72.9	15.8024	602.35	5.3509	1
73	15.8093	603.1418	5.3459	1
73.1	15.8159	603.972	5.334	1
73.2	15.8227	604.8596	5.3444	1
73.3	15.8294	605.6968	5.3477	1
73.4	15.8359	606.5817	5.3578	1
73.5	15.8422	607.4224	5.3683	1
73.6	15.8484	608.1861	5.3662	1
73.7	15.8549	609.1002	5.3617	1
73.8	15.8614	609.9229	5.3593	1
73.9	15.8677	610.7289	5.3594	1
74	15.8742	611.5199	5.3612	1
74.1	15.8806	612.3176	5.3576	1
74.2	15.8872	613.2151	5.3524	1
74.3	15.8937	614.0441	5.347	1
74.4	15.9004	614.835	5.3612	1
74.5	15.9072	615.7032	5.3573	1
74.6	15.9136	616.5703	5.346	1
74.7	15.9201	617.3908	5.334	1
74.8	15.9267	618.135	5.3442	1
74.9	15.9333	619.0214	5.3542	1
75	15.9396	619.8931	5.3531	1
75.1	15.9458	620.731	5.353	1
75.2	15.9523	621.5343	5.3521	1
75.3	15.9586	622.4776	5.3408	1
75.4	15.9648	623.2242	5.3294	1
75.5	15.9711	624.0663	5.3382	1
75.6	15.9777	624.8973	5.3463	1
75.7	15.9841	625.6471	5.3428	1
75.8	15.9908	626.5069	5.348	1
75.9	15.9974	627.3745	5.3458	1
76	16.0039	628.2736	5.3518	1
76.1	16.01	628.9887	5.3428	1
76.2	16.0165	629.8191	5.3377	1
76.3	16.0235	630.6673	5.3399	1
76.4	16.03	631.5302	5.3444	1
76.5	16.0363	632.4017	5.3509	1
76.6	16.0427	633.1876	5.3455	1
76.7	16.0494	634.0583	5.35	1
76.8	16.0559	634.8962	5.3467	1
76.9	16.0622	635.7774	5.3487	1
77	16.0684	636.6148	5.3579	1
77.1	16.0747	637.3885	5.3617	1
77.2	16.081	638.2096	5.3567	1
77.3	16.0876	639.0029	5.3519	1
77.4	16.0941	639.8379	5.3634	1
77.5	16.1008	640.6574	5.3697	1
77.6	16.1075	641.4887	5.3555	1
77.7	16.1139	642.4364	5.3505	1
77.8	16.1202	643.2093	5.3414	1
77.9	16.1266	644.0551	5.3448	1
78	16.1331	644.8446	5.3597	1
78.1	16.1395	645.6514	5.3611	1
78.2	16.1461	646.5124	5.355	1
78.3	16.1529	647.3306	5.3435	1
78.4	16.1596	648.1433	5.3259	1
78.5	16.1661	649.0047	5.2989	1
78.6	16.1727	649.8086	5.2664	1
78.7	16.179	650.6521	5.2427	1
78.8	16.1853	651.5627	5.2176	1
78.9	16.1914	652.3599	5.1999	1
79	16.1977	653.206	5.188	1
79.1	16.2042	654.017	5.1801	1
79.2	16.2106	654.8582	5.1846	1
79.3	16.217	655.79	5.1938	1
79.4	16.2233	656.6276	5.2021	1
79.5	16.2295	657.4152	5.1957	1
79.6	16.2356	658.2323	5.2059	1
79.7	16.2418	659.0737	5.2088	1
79.8	16.2479	659.9829	5.2073	1
79.9	16.2539	660.8411	5.2165	1
80	16.26	661.6287	5.2161	1
80.1	16.2661	662.3938	5.2166	1
80.2	16.2724	663.2499	5.2102	1
80.3	16.2786	664.041	5.2131	1
80.4	16.2851	664.9164	5.2215	1
80.5	16.2912	665.6867	5.212	1
80.6	16.2975	666.5689	5.2099	1
80.7	16.3037	667.388	5.2068	1
80.8	16.3098	668.2301	5.1984	1
80.9	16.316	669.071	5.2052	1
81	16.3221	669.9265	5.2074	1
81.1	16.3285	670.7715	5.2111	1
81.2	16.3348	671.5722	5.2091	1
81.3	16.3409	672.4212	5.1996	1
81.4	16.347	673.2585	5.2024	1
81.5	16.3532	674.1397	5.2201	1
81.6	16.3593	674.923	5.2397	1
81.7	16.3654	675.7606	5.2409	1
81.8	16.3718	676.5612	5.2301	1
81.9	16.3783	677.366	5.2238	1
82	16.3846	678.1882	5.2112	1
82.1	16.391	679.0698	5.2111	1
82.2	16.3972	679.8991	5.2034	1
82.3	16.4034	680.6931	5.2104	1
82.4	16.4097	681.5788	5.2039	1
82.5	16.4159	682.4343	5.1928	1
82.6	16.4219	683.2999	5.1937	1
82.7	16.4279	684.12	5.2088	1
82.8	16.434	684.8545	5.2174	1
82.9	16.4401	685.7425	5.2276	1
83	16.4464	686.5351	5.2275	1
83.1	16.4527	687.4108	5.218	1
83.2	16.4586	688.34	5.2059	1
83.3	16.4644	689.1206	5.1936	1
83.4	16.4705	689.9256	5.1944	1
83.5	16.4765	690.7759	5.201	1
83.6	16.4823	691.6045	5.1997	1
83.7	16.4881	692.5246	5.1975	1
83.8	16.4939	693.2642	5.1995	1
83.9	16.4996	694.1089	5.1958	1
84	16.5058	694.9776	5.1912	1
84.1	16.5117	695.8002	5.1897	1
84.2	16.5176	696.7125	5.1852	1
84.3	16.5234	697.4798	5.1787	1
84.4	16.5294	698.3013	5.1788	1
84.5	16.5354	699.0519	5.1858	1
84.6	16.5409	699.8639	5.1879	1
84.7	16.5467	700.8271	5.1871	1
84.8	16.5524	701.6645	5.1957	1
84.9	16.558	702.5895	5.1945	1
85	16.5633	703.4367	5.1794	1
85.1	16.5685	704.1543	5.1807	1
85.2	16.574	705.0865	5.1784	1
85.3	16.5795	705.9317	5.162	1
85.4	16.5847	706.7003	5.1596	1
85.5	16.5901	707.5294	5.1758	1
85.6	16.5958	708.3257	5.1805	1
85.7	16.6015	709.1661	5.1924	1
85.8	16.6074	709.9683	5.1949	1
85.9	16.6131	710.7593	5.1792	1
86	16.6192	711.5993	5.1804	1
86.1	16.6251	712.4981	5.1816	1
86.2	16.6309	713.3223	5.1939	1
86.3	16.6366	714.111	5.1973	1
86.4	16.6425	714.8706	5.2086	1
86.5	16.6483	715.746	5.2141	1
86.6	16.6543	716.6088	5.2029	1
86.7	16.6602	717.4163	5.1929	1
86.8	16.6664	718.2815	5.1863	1
86.9	16.6724	719.0736	5.1958	1
87	16.6782	719.9708	5.2025	1
87.1	16.6841	720.7821	5.2037	1
87.2	16.6899	721.5815	5.2129	1
87.3	16.6956	722.5216	5.2136	1
87.4	16.7011	723.3104	5.2115	1
87.5	16.707	724.1403	5.1921	1
87.6	16.713	725.0347	5.198	1
87.7	16.7187	725.9057	5.2117	1
87.8	16.7242	726.663	5.216	1
87.9	16.7295	727.5257	5.2111	1
88	16.735	728.362	5.2076	1
88.1	16.7406	729.0589	5.2063	1
88.2	16.7467	729.8033	5.2095	1
88.3	16.753	730.7752	5.2117	1
88.4	16.7583	731.8421	5.2169	1
88.5	16.7628	732.6728	5.2218	1
88.6	16.7678	733.3979	5.2259	1
88.7	16.7738	734.0983	5.2217	1
88.8	16.7799	734.9079	5.2232	1
88.9	16.7857	735.7674	5.2149	1
89	16.7915	736.6164	5.2169	1
89.1	16.7975	737.3688	5.2245	1
89.2	16.8037	738.1854	5.2224	1
89.3	16.8101	739.0454	5.2131	1
89.4	16.8167	739.7886	5.2223	1
89.5	16.8233	740.5608	5.2204	1
89.6	16.8301	741.4636	5.217	1
89.7	16.8366	742.2789	5.2212	1
89.8	16.8433	743.0899	5.2145	1
89.9	16.85	743.9379	5.2094	1
90	16.8565	744.8431	5.2197	1
90.1	16.863	745.7036	5.2208	1
90.2	16.8692	746.5502	5.2225	1
90.3	16.8755	747.4028	5.228	1
90.4	16.8813	748.3023	5.2202	1
90.5	16.887	749.1722	5.1981	1
90.6	16.8926	749.9641	5.2203	1
90.7	16.8982	750.8906	5.2256	1
90.8	16.9037	751.7473	5.221	1
90.9	16.9091	752.5396	5.2187	1
91	16.9146	753.3837	5.214	1
91.1	16.9199	754.2837	5.2075	1
91.2	16.9248	755.1399	5.2065	1
91.3	16.9299	755.9538	5.223	1
91.4	16.9351	756.7285	5.2339	1
91.5	16.9404	757.5927	5.2328	1
91.6	16.9457	758.3152	5.2399	1
91.7	16.9514	759.0979	5.2378	1
91.8	16.9571	759.9156	5.2308	1
91.9	16.9628	760.8113	5.2375	1
92	16.9685	761.6775	5.2368	1
92.1	16.9743	762.4193	5.2397	1
92.2	16.9804	763.2069	5.2401	1
92.3	16.9864	764.1137	5.2437	1
92.4	16.992	764.9561	5.2517	1
92.5	16.9979	765.761	5.249	1
92.6	17.004	766.5122	5.2499	1
92.7	17.0102	767.3843	5.2445	1
92.8	17.0161	768.3	5.2406	1
92.9	17.0219	769.0213	5.2329	1
93	17.028	769.9212	5.2413	1
93.1	17.0338	770.8775	5.2631	1
93.2	17.0392	771.7038	5.2551	1
93.3	17.0445	772.4917	5.2442	1
93.4	17.0502	773.2778	5.2362	1
93.5	17.056	774.1528	5.2515	1
93.6	17.0617	775.0402	5.2618	1
93.7	17.0672	775.834	5.2578	1
93.8	17.0727	776.7412	5.2586	1
93.9	17.078	777.5922	5.2469	1
94	17.0829	778.485	5.2333	1
94.1	17.0879	779.325	5.233	1
94.2	17.0931	780.046	5.2331	1
94.3	17.0986	780.7875	5.2347	1
94.4	17.1043	781.6282	5.2435	1
94.5	17.11	782.445	5.2416	1
94.6	17.1159	783.3029	5.2324	1
94.7	17.1215	784.1513	5.227	1
94.8	17.1271	784.8741	5.2388	1
94.9	17.133	785.7813	5.2559	1
95	17.1387	786.6496	5.2594	1
95.1	17.1444	787.4522	5.258	1
95.2	17.1502	788.2477	5.2323	1
95.3	17.1563	789.0366	5.2234	1
95.4	17.1624	789.9008	5.2242	1
95.5	17.1683	790.69	5.2309	1
95.6	17.1746	791.5344	5.2356	1
95.7	17.1809	792.3328	5.2339	1
95.8	17.1868	793.358	5.2518	1
95.9	17.1925	794.1815	5.2541	1
96	17.1982	794.8753	5.2522	1
96.1	17.2041	795.7115	5.2534	1
96.2	17.2102	796.6219	5.2476	1
96.3	17.216	797.4795	5.2517	1
96.4	17.2219	798.2517	5.261	1
96.5	17.2279	799.0273	5.2661	1
96.6	17.2337	799.9223	5.2633	1
96.7	17.2394	800.8311	5.2649	1
96.8	17.245	801.6517	5.2675	1
96.9	17.2506	802.4412	5.2552	1
97	17.2564	803.2593	5.2611	1
97.1	17.2621	804.1764	5.2636	1
97.2	17.2677	805.0445	5.2521	1
97.3	17.2733	805.7929	5.2377	1
97.4	17.2791	806.7	5.2375	1
97.5	17.2849	807.4487	5.2342	1
97.6	17.2906	808.2916	5.2322	1
97.7	17.2963	809.1243	5.2348	1
97.8	17.3018	809.9427	5.237	1
97.9	17.3075	810.7997	5.2546	1
98	17.3133	811.631	5.2543	1
98.1	17.3192	812.5032	5.2477	1
98.2	17.325	813.3283	5.2446	1
98.3	17.3303	814.1795	5.2489	1
98.4	17.3355	815.1386	5.2504	1
98.5	17.3406	815.9708	5.2536	1
98.6	17.3455	816.7579	5.2477	1
98.7	17.3508	817.4619	5.2524	1
98.8	17.3562	818.3232	5.2626	1
98.9	17.3617	819.2001	5.2576	1
99	17.3669	819.9792	5.2469	1
99.1	17.3725	820.8398	5.2356	1
99.2	17.3781	821.6226	5.234	1
99.3	17.3834	822.5914	5.2321	1
99.4	17.3889	823.3924	5.2268	1
99.5	17.3941	824.1594	5.2247	1
99.6	17.3995	825.0496	5.2307	1
99.7	17.4047	825.9467	5.2433	1
99.8	17.4096	826.7508	5.2422	1
99.9	17.4147	827.5433	5.2332	1
100	17.4198	828.4806	5.226	1
100.1	17.4247	829.4566	5.2254	1
100.2	17.4293	830.113	5.2425	1
100.3	17.4337	830.9852	5.2428	1
100.4	17.4385	831.79	5.2441	1
100.5	17.4431	832.6492	5.2526	1
100.6	17.4477	833.5475	5.2579	1
100.7	17.4521	834.3533	5.2604	1
100.8	17.4565	835.2168	5.2554	1
100.9	17.4611	836.0243	5.2592	1
101	17.4658	836.8504	5.2535	1
101.1	17.4702	837.6926	5.2501	1
101.2	17.4745	838.5854	5.243	1
101.3	17.4787	839.4805	5.2261	1
101.4	17.483	840.2032	5.2188	1
101.5	17.4876	840.9796	5.244	1
101.6	17.4925	841.7683	5.2475	1
101.7	17.4971	842.6618	5.2421	1
101.8	17.5017	843.5213	5.2418	1
101.9	17.5063	844.2643	5.2499	1
102	17.5111	845.0667	5.2425	1
102.1	17.5157	845.9639	5.2335	1
102.2	17.5202	846.8655	5.23	1
102.3	17.5249	847.653	5.2256	1
102.4	17.5295	848.5097	5.2195	1
102.5	17.5341	849.2949	5.2305	1
102.6	17.5389	850.0288	5.2382	1
102.7	17.5441	850.8308	5.236	1
102.8	17.5493	851.6972	5.2383	1
102.9	17.5544	852.5307	5.2309	1
103	17.5595	853.3648	5.2255	1
103.1	17.5646	854.1777	5.2298	1
103.2	17.5698	855.0545	5.2268	1
103.3	17.5754	855.8236	5.21	1
103.4	17.581	856.6556	5.2017	1
103.5	17.5864	857.5234	5.1983	1
103.6	17.5916	858.3289	5.2179	1
103.7	17.5965	859.2085	5.2148	1
103.8	17.6018	860.0615	5.2069	1
103.9	17.6069	860.8561	5.2071	1
104	17.6121	861.6842	5.214	1
104.1	17.6172	862.5375	5.2172	1
104.2	17.6223	863.3982	5.2206	1
104.3	17.6272	864.2087	5.2287	1
104.4	17.632	865.1215	5.2411	1
104.5	17.6371	865.9526	5.2272	1
104.6	17.6421	866.7704	5.2239	1
104.7	17.6472	867.5561	5.2277	1
104.8	17.6522	868.353	5.2213	1
104.9	17.6572	869.2094	5.2256	1
105	17.6626	869.9326	5.2152	1
105.1	17.6681	870.8699	5.2045	1
105.2	17.6735	871.6672	5.2088	1
105.3	17.6785	872.5117	5.2088	1
105.4	17.6838	873.3374	5.2134	1
105.5	17.689	874.2182	5.2171	1
105.6	17.6942	875.1224	5.2324	1
105.7	17.6992	875.8662	5.24	1
105.8	17.7043	876.6502	5.2413	1
105.9	17.7097	877.4381	5.2487	1
106	17.7149	878.2927	5.2539	1
106.1	17.7203	879.2349	5.2524	1
106.2	17.7258	880.0042	5.25	1
106.3	17.731	880.8178	5.2599	1
106.4	17.7365	881.6224	5.2686	1
106.5	17.742	882.46	5.2715	1
106.6	17.7478	883.1996	5.2675	1
106.7	17.7539	883.9961	5.2609	1
106.8	17.7601	884.7723	5.2721	1
106.9	17.7664	885.6331	5.2629	1
107	17.7724	886.4955	5.2364	1
107.1	17.7785	887.3252	5.254	1
107.2	17.7844	888.2132	5.2583	1
107.3	17.7905	889.0997	5.2547	1
107.4	17.7965	889.8896	5.2495	1
107.5	17.8023	890.7226	5.2384	1
107.6	17.8083	891.5121	5.2342	1
107.7	17.814	892.4874	5.2386	1
107.8	17.8195	893.2992	5.2314	1
107.9	17.825	894.0736	5.2226	1
108	17.831	894.89	5.2333	1
108.1	17.8366	895.7881	5.246	1
108.2	17.8424	896.6207	5.2455	1
108.3	17.8481	897.3695	5.242	1
108.4	17.8543	898.1971	5.2203	1
108.5	17.8601	899.061	5.2092	1
108.6	17.8657	900.0432	5.2238	1
108.7	17.8713	900.8081	5.2296	1
108.8	17.8772	901.5956	5.2312	1
108.9	17.8831	902.416	5.2358	1
109	17.8888	903.2389	5.2515	1
109.1	17.8945	904.0864	5.2608	1
109.2	17.9005	904.8843	5.2556	1
109.3	17.9063	905.811	5.246	1
109.4	17.9119	906.6255	5.2325	1
109.5	17.9175	907.438	5.2261	1
109.6	17.9233	908.2698	5.2248	1
109.7	17.9291	909.0637	5.2231	1
109.8	17.9348	909.9471	5.2241	1
109.9	17.9406	910.7533	5.2431	1
110	17.9463	911.555	5.2481	1
110.1	17.9522	912.4191	5.2316	1
110.2	17.9577	913.267	5.2351	1
110.3	17.9631	914.0779	5.2269	1
110.4	17.9688	914.9092	5.215	1
110.5	17.9744	915.9774	5.2224	1
110.6	17.9789	916.9955	5.2361	1
110.7	17.9826	917.795	5.2454	1
110.8	17.9874	918.3888	5.2496	1
110.9	17.9932	918.9537	5.2448	1
111	17.9994	919.828	5.2397	1
111.1	18.0053	920.8095	5.2395	1
111.2	18.0108	921.6716	5.2369	1
111.3	18.0163	922.541	5.2316	1
111.4	18.0216	923.292	5.2249	1
111.5	18.0271	924.1105	5.2206	1
111.6	18.0326	924.9462	5.2217	1
111.7	18.0382	925.8133	5.2351	1
111.8	18.0439	926.575	5.2413	1
111.9	18.0497	927.4259	5.2339	1
112	18.0553	928.2951	5.2329	1
112.1	18.0606	929.1407	5.2269	1
112.2	18.0663	929.9216	5.2177	1
112.3	18.0724	930.6908	5.2226	1
112.4	18.0784	931.6423	5.2195	1
112.5	18.0841	932.4522	5.228	1
112.6	18.0898	933.3266	5.2318	1
112.7	18.0953	934.1364	5.2426	1
112.8	18.1008	934.9777	5.2428	1
112.9	18.1061	935.8954	5.2429	1
113	18.1112	936.7407	5.2479	1
113.1	18.1165	937.6163	5.256	1
113.2	18.1218	938.3275	5.2631	1
113.3	18.1269	939.1674	5.2581	1
113.4	18.1322	939.9687	5.2502	1
113.5	18.1374	940.8087	5.2464	1
113.6	18.1429	941.678	5.2514	1
113.7	18.1486	942.4058	5.2551	1
113.8	18.1544	943.2648	5.2579	1
113.9	18.1598	944.161	5.2569	1
114	18.165	945.0113	5.2496	1
114.1	18.1701	945.8765	5.2555	1
114.2	18.1753	946.6667	5.2504	1
114.3	18.1807	947.4467	5.2322	1
114.4	18.1867	948.1981	5.2223	1
114.5	18.1929	948.9218	5.2321	1
114.6	18.1989	949.9213	5.2395	1
114.7	18.204	951.0199	5.2319	1
114.8	18.2081	952.1162	5.2182	1
114.9	18.2119	952.8042	5.2201	1
115	18.2159	953.5553	5.2307	1
115.1	18.2208	954.1969	5.2192	1
115.2	18.2261	954.9977	5.2096	1
115.3	18.2314	955.8571	5.2234	1
115.4	18.2369	956.6175	5.2418	1
115.5	18.2424	957.4374	5.2385	1
115.6	18.248	958.2626	5.2444	1
115.7	18.2536	959.0728	5.2466	1
115.8	18.2592	959.9244	5.248	1
115.9	18.265	960.7323	5.2507	1
116	18.2707	961.5744	5.2462	1
116.1	18.2767	962.342	5.2257	1
116.2	18.2829	963.165	5.2269	1
116.3	18.2888	964.069	5.2326	1
116.4	18.2945	964.9528	5.2319	1
116.5	18.3005	965.6886	5.2239	1
116.6	18.3068	966.4371	5.2202	1
116.7	18.3129	967.3746	5.2138	1
116.8	18.3187	968.2733	5.2125	1
116.9	18.3244	969.0287	5.2037	1
117	18.3306	969.8626	5.1946	1
117.1	18.3365	970.7156	5.1936	1
117.2	18.3421	971.5901	5.1975	1
117.3	18.3477	972.3631	5.2185	1
117.4	18.3536	973.2126	5.2193	1
117.5	18.3593	974.1688	5.2199	1
117.6	18.3648	974.9916	5.2151	1
117.7	18.3704	975.7924	5.2142	1
117.8	18.3761	976.571	5.2072	1
117.9	18.3817	977.4597	5.2053	1
118	18.3874	978.3254	5.2157	1
118.1	18.393	979.0645	5.2128	1
118.2	18.3985	980.0053	5.2141	1
118.3	18.4038	980.8664	5.2126	1
118.4	18.4088	981.7304	5.2052	1
118.5	18.4138	982.5889	5.2031	1
118.6	18.4189	983.364	5.1971	1
118.7	18.4237	984.2644	5.1867	1
118.8	18.4283	985.1762	5.1901	1
118.9	18.4332	985.9642	5.1872	1
119	18.438	986.7804	5.1851	1
119.1	18.4426	987.6827	5.1999	1
119.2	18.4471	988.4805	5.214	1
119.3	18.4518	989.2944	5.2118	1
119.4	18.4566	990.104	5.2036	1
119.5	18.4614	990.9081	5.1929	1
119.6	18.4663	991.8223	5.1958	1
119.7	18.4714	992.4998	5.2159	1
119.8	18.4766	993.3476	5.2315	1
119.9	18.4818	994.1988	5.2283	1
120	18.4869	995.0459	5.2286	1
120.1	18.4923	995.8361	5.2206	1
120.2	18.4976	996.6083	5.2107	1
120.3	18.5029	997.5053	5.2022	1
120.4	18.5083	998.3312	5.2045	1
120.5	18.5136	999.1433	5.2147	2
120.6	18.5188	1000.1122	5.2103	2
120.7	18.5237	1001.0853	5.2117	2
120.8	18.5275	1002.0013	5.2124	2
120.9	18.5303	1002.6738	5.2066	2
121	18.5328	1002.67	5.2034	2
121.1	18.536	1002.4579	5.2036	2
121.2	18.5405	1002.1167	5.2032	2
121.3	18.5459	1001.9928	5.1991	2
121.4	18.5517	1001.9407	5.2054	2
121.5	18.5575	1002.0125	5.201	2
121.6	18.5627	1002.1741	5.2088	2
121.7	18.5673	1002.1824	5.2053	2
121.8	18.5718	1002.2263	5.2047	2
121.9	18.5766	1002.1473	5.2178	2
122	18.5811	1002.2016	5.2197	2
122.1	18.5854	1002.42	5.2187	2
122.2	18.5891	1002.4008	5.2188	2
122.3	18.5929	1002.4121	5.2123	2
122.4	18.5971	1002.4213	5.2194	2
122.5	18.601	1002.4207	5.2284	2
122.6	18.6046	1002.5218	5.2264	2
122.7	18.6082	1002.4093	5.2367	2
122.8	18.6117	1002.376	5.2385	2
122.9	18.6151	1002.4773	5.2325	2
123	18.6183	1002.5132	5.2193	2
123.1	18.6217	1002.5101	5.2026	2
123.2	18.6252	1002.4597	5.1906	2
123.3	18.6284	1002.4875	5.1842	2
123.4	18.6314	1002.537	5.1934	2
123.5	18.6342	1002.5466	5.1988	2
123.6	18.6373	1002.4839	5.1883	2
123.7	18.6404	1002.5641	5.1879	2
123.8	18.6434	1002.5549	5.193	2
123.9	18.6461	1002.5521	5.1974	2
124	18.6489	1002.6129	5.2108	2
124.1	18.6515	1002.5863	5.2138	2
124.2	18.6541	1002.6725	5.2208	2
124.3	18.6565	1002.5976	5.2265	2
124.4	18.6589	1002.6505	5.2269	2
124.5	18.6612	1002.7079	5.218	2
124.6	18.6634	1002.7022	5.2079	2
124.7	18.6656	1002.6742	5.2055	2
124.8	18.6678	1002.722	5.1885	2
124.9	18.67	1002.6709	5.1959	2
125	18.6721	1002.6718	5.2167	2
125.1	18.6744	1002.6644	5.2106	2
125.2	18.6763	1002.6931	5.194	2
125.3	18.6783	1002.7259	5.1961	2
125.4	18.6804	1002.7278	5.2037	2
125.5	18.6826	1002.6599	5.1957	2
125.6	18.6849	1002.5183	5.1932	2
125.7	18.6873	1002.6151	5.184	2
125.8	18.6899	1002.6095	5.1874	2
125.9	18.6921	1002.613	5.1911	2
126	18.6944	1002.6783	5.2011	2
126.1	18.6964	1002.7409	5.2012	2
126.2	18.6984	1002.7388	5.2131	2
126.3	18.7008	1002.5401	5.2118	2
126.4	18.7031	1002.6661	5.2228	2
126.5	18.7052	1002.7455	5.2287	2
126.6	18.7069	1002.7286	5.2283	2
126.7	18.7086	1002.7326	5.2137	2
126.8	18.7105	1002.733	5.2047	2
126.9	18.7122	1002.7214	5.2021	2
127	18.714	1002.7083	5.2096	2
127.1	18.716	1002.6527	5.2024	2
127.2	18.718	1002.6804	5.1976	2
127.3	18.7202	1002.5984	5.2171	2
127.4	18.7223	1002.5924	5.2294	2
127.5	18.7245	1002.6239	5.2342	2
127.6	18.7266	1002.7014	5.2211	2
127.7	18.7283	1002.7662	5.2067	2
127.8	18.7288	1003.1345	5.2144	2
127.9	18.7284	1003.2464	5.224	2
128	18.7283	1003.0484	5.245	2
128.1	18.7288	1002.9478	5.241	2
128.2	18.7296	1002.8876	5.2278	2
128.3	18.7307	1002.8861	5.2282	2
128.4	18.7315	1002.8789	5.2126	2
128.5	18.7319	1002.9223	5.2153	2
128.6	18.7326	1002.8884	5.2231	2
128.7	18.7333	1002.8414	5.2216	2
128.8	18.7341	1002.9014	5.2213	2
128.9	18.7349	1002.8953	5.2179	2
129	18.7359	1002.8346	5.221	2
129.1	18.737	1002.8494	5.2134	2
129.2	18.7379	1002.9203	5.2141	2
129.3	18.7385	1002.8735	5.2193	2
129.4	18.7393	1002.944	5.2116	2
129.5	18.7402	1002.8916	5.2166	2
129.6	18.7407	1002.9231	5.2232	2
129.7	18.7414	1002.8877	5.2158	2
129.8	18.7419	1002.8112	5.2244	2
129.9	18.7427	1003.0024	5.2227	2
130	18.7431	1002.9133	5.2088	2
130.1	18.7436	1002.962	5.2091	2
130.2	18.7441	1002.8988	5.2053	2
130.3	18.7445	1002.9813	5.2115	2
130.4	18.7449	1002.9717	5.2211	2
130.5	18.7452	1002.9401	5.2009	2
130.6	18.7453	1003.0466	5.1875	2
130.7	18.7454	1003.054	5.1966	2
130.8	18.745	1003.091	5.2119	2
130.9	18.7451	1003.0261	5.2112	2
131	18.7452	1002.8979	5.199	2
131.1	18.7456	1003.0231	5.1958	2
131.2	18.7459	1002.892	5.1924	2
131.3	18.746	1003.0826	5.1966	2
131.4	18.7461	1003.0059	5.2089	2
131.5	18.7463	1002.8846	5.2016	2
131.6	18.7468	1002.9805	5.1957	2
131.7	18.7472	1002.8918	5.2049	2
131.8	18.7474	1002.9587	5.2062	2
131.9	18.7478	1002.9644	5.1887	2
132	18.7478	1002.9058	5.174	2
132.1	18.7482	1002.9395	5.1817	2
132.2	18.7487	1002.9011	5.1725	2
132.3	18.7491	1002.8948	5.178	2
132.4	18.7497	1002.8711	5.1812	2
132.5	18.7503	1002.8081	5.1762	2
132.6	18.751	1002.9266	5.1784	2
132.7	18.7516	1002.8535	5.1895	2
132.8	18.7523	1002.8145	5.2018	2
132.9	18.7532	1002.7987	5.2021	2
133	18.7543	1002.7873	5.1789	2
133.1	18.7552	1002.8034	5.1807	2
133.2	18.756	1002.7735	5.1855	2
133.3	18.7571	1002.7711	5.1835	2
133.4	18.7582	1002.721	5.17	2
133.5	18.7591	1002.8059	5.171	2
133.6	18.76	1002.8287	5.1818	2
133.7	18.7609	1002.858	5.1916	2
133.8	18.7616	1002.8336	5.1946	2
133.9	18.7622	1002.8984	5.1793	2
134	18.7627	1002.8814	5.1635	2
134.1	18.7632	1002.8208	5.1677	2
134.2	18.7637	1002.8984	5.1795	2
134.3	18.7643	1002.8734	5.1845	2
134.4	18.765	1002.7575	5.179	2
134.5	18.7659	1002.8186	5.1812	2
134.6	18.7666	1002.8244	5.1828	2
134.7	18.7675	1002.7795	5.1663	2
134.8	18.7682	1002.798	5.1601	2
134.9	18.769	1002.8366	5.1756	2
135	18.7697	1002.8639	5.1848	2
135.1	18.7706	1002.8678	5.1759	2
135.2	18.7713	1002.7512	5.1766	2
135.3	18.772	1002.7922	5.176	2
135.4	18.773	1002.7911	5.1678	2
135.5	18.774	1002.7348	5.163	2
135.6	18.7749	1002.8005	5.169	2
135.7	18.7756	1002.8568	5.1683	2
135.8	18.7762	1002.8292	5.1622	2
135.9	18.777	1002.8027	5.1657	2
136	18.7778	1002.8201	5.1804	2
136.1	18.7786	1002.8377	5.1816	2
136.2	18.7794	1002.8032	5.1901	2
136.3	18.78	1002.848	5.187	2
136.4	18.7808	1002.8064	5.184	2
136.5	18.7814	1002.8473	5.19	2
136.6	18.7819	1002.8837	5.1801	2
136.7	18.7824	1002.8806	5.1766	2
136.8	18.7829	1002.9067	5.18	2
136.9	18.7832	1002.9363	5.1801	2
137	18.7835	1002.8668	5.1786	2
137.1	18.7838	1002.8952	5.1793	2
137.2	18.784	1002.9974	5.1768	2
137.3	18.7842	1002.8778	5.1828	2
137.4	18.7845	1002.859	5.1868	2
137.5	18.785	1002.9622	5.1912	2
137.6	18.7854	1002.8712	5.1941	2
137.7	18.7857	1002.8674	5.1925	2
137.8	18.7862	1002.8635	5.1893	2
137.9	18.7868	1002.8417	5.1921	2
138	18.7873	1002.8991	5.1943	2
138.1	18.7877	1002.8483	5.1856	2
138.2	18.7883	1002.8249	5.1816	2
138.3	18.7889	1002.921	5.2006	2
138.4	18.7891	1002.9143	5.2032	2
138.5	18.7891	1002.9015	5.2033	2
138.6	18.7894	1002.9206	5.2044	2
138.7	18.7896	1002.8915	5.1979	2
138.8	18.7901	1002.8732	5.2151	2
138.9	18.7908	1002.816	5.2239	2
139	18.7914	1002.8177	5.2088	2
139.1	18.792	1002.898	5.1966	2
139.2	18.7925	1002.8067	5.2049	2
139.3	18.7929	1002.8245	5.2096	2
139.4	18.7935	1002.8442	5.2057	2
139.5	18.794	1002.8399	5.2014	2
139.6	18.7946	1002.8316	5.2043	2
139.7	18.7952	1002.7778	5.2071	2
139.8	18.7957	1002.9164	5.1996	2
139.9	18.796	1002.8466	5.2108	2
140	18.7965	1002.8214	5.2187	2
140.1	18.7971	1002.9124	5.2076	2
140.2	18.7973	1002.9537	5.2085	2
140.3	18.7972	1002.9931	5.2169	2
140.4	18.797	1002.949	5.2198	2
140.5	18.797	1002.981	5.2208	2
140.6	18.7968	1002.9967	5.2157	2
140.7	18.7965	1003.0317	5.2163	2
140.8	18.7963	1003.0204	5.2274	2
140.9	18.7961	1002.9639	5.238	2
141	18.7959	1002.9561	5.2238	2
141.1	18.7958	1002.9573	5.201	2
141.2	18.7956	1002.9555	5.1911	2
141.3	18.7957	1002.9315	5.2002	2
141.4	18.7961	1002.9512	5.2135	2
141.5	18.7961	1002.9378	5.2145	2
141.6	18.796	1003.0078	5.2015	2
141.7	18.7954	1003.0458	5.1964	2
141.8	18.7947	1003.1941	5.2021	2
141.9	18.794	1003.0622	5.2145	2
142	18.7936	1003.0494	5.2231	2
142.1	18.793	1002.9832	5.2197	2
142.2	18.7927	1002.9651	5.2121	2
142.3	18.7925	1002.9798	5.2108	2
142.4	18.7922	1003.0817	5.2165	2
142.5	18.7916	1003.077	5.2277	2
142.6	18.7907	1003.0875	5.2261	2
142.7	18.7903	1003.05	5.223	2
142.8	18.7898	1002.987	5.2166	2
142.9	18.7894	1003.0826	5.2188	2
143	18.789	1003.0108	5.2127	2
143.1	18.7886	1002.9833	5.2117	2
143.2	18.7885	1002.993	5.205	2
143.3	18.7885	1002.9323	5.2135	2
143.4	18.7884	1002.9291	5.2212	2
143.5	18.7884	1002.9511	5.2216	2
143.6	18.7884	1002.9366	5.2218	2
143.7	18.7885	1002.9291	5.2219	2
143.8	18.7886	1002.8646	5.2284	2
143.9	18.7889	1002.8499	5.2249	2
144	18.7892	1002.8895	5.2259	2
144.1	18.7894	1002.9096	5.2438	2
144.2	18.7894	1002.9044	5.2399	2
144.3	18.7894	1002.916	5.2237	2
144.4	18.7895	1002.8983	5.2228	2
144.5	18.7895	1002.9452	5.2309	2
144.6	18.7894	1002.9996	5.23	2
144.7	18.7892	1002.965	5.2249	2
144.8	18.7892	1002.8719	5.2267	2
144.9	18.7893	1002.7874	5.2263	2
145	18.7899	1002.7926	5.2213	2
145.1	18.7906	1002.8756	5.2276	2
145.2	18.7915	1002.6903	5.2297	2
145.3	18.7926	1002.6625	5.2339	2
145.4	18.7938	1002.7232	5.2446	2
145.5	18.7946	1002.7654	5.2381	2
145.6	18.7955	1002.7052	5.221	2
145.7	18.7967	1002.652	5.2149	2
145.8	18.798	1002.6405	5.2274	2
145.9	18.7993	1002.6841	5.232	2
146	18.8004	1002.6915	5.2432	2
146.1	18.8013	1002.7149	5.2366	2
146.2	18.8024	1002.7263	5.2301	2
146.3	18.8033	1002.7088	5.2284	2
146.4	18.8041	1002.7506	5.2223	2
146.5	18.8048	1002.7713	5.2206	2
146.6	18.8055	1002.7428	5.2172	2
146.7	18.8062	1002.8607	5.2205	2
146.8	18.807	1002.7608	5.22	2
146.9	18.8075	1002.7516	5.2358	2
147	18.8082	1002.8122	5.2399	2
147.1	18.8087	1002.8321	5.2336	2
147.2	18.809	1002.87	5.2419	2
147.3	18.8092	1002.8943	5.2397	2
147.4	18.8092	1002.9544	5.2384	2
147.5	18.809	1002.9578	5.2514	2
147.6	18.8087	1003.0316	5.2529	2
147.7	18.8082	1003.0356	5.2522	2
147.8	18.8079	1003.0225	5.2432	2
147.9	18.8078	1002.9683	5.2463	2
148	18.8075	1002.9643	5.2454	2
148.1	18.8074	1002.9562	5.2341	2
148.2	18.8072	1002.8483	5.2319	2
148.3	18.8072	1002.9362	5.2471	2
148.4	18.8071	1002.9231	5.2513	2
148.5	18.8068	1003.0521	5.2347	2
148.6	18.8065	1002.9651	5.2176	2
148.7	18.8062	1002.9142	5.2269	2
148.8	18.8061	1002.9719	5.2347	2
148.9	18.8059	1002.9888	5.2238	2
149	18.8055	1003.0129	5.2178	2
149.1	18.8051	1002.9525	5.2188	2
149.2	18.8049	1003.0019	5.219	2
149.3	18.8048	1002.971	5.2314	2
149.4	18.8045	1002.9482	5.2331	2
149.5	18.8041	1002.9919	5.2354	2
149.6	18.8038	1002.9915	5.2239	2
149.7	18.8033	1003.0991	5.2119	2
149.8	18.8026	1003.0627	5.2225	2
149.9	18.8021	1003.0224	5.2276	2
150	18.8017	1003.0934	5.2263	2
150.1	18.8012	1002.9726	5.2295	2
150.2	18.8006	1002.971	5.2283	2
150.3	18.8004	1002.9655	5.2312	2
150.4	18.8002	1002.9629	5.2332	2
150.5	18.7998	1003.0086	5.2146	3
150.6	18.7996	1002.957	5.2055	3
150.7	18.7993	1002.9562	5.2162	3
150.8	18.799	1002.943	5.2346	3
150.9	18.7986	1002.5882	5.2383	3
151	18.7979	1001.8889	5.2341	3
151.1	18.7975	1001.0303	5.2336	3
151.2	18.7968	1000.1669	5.2204	3
151.3	18.7961	999.4123	5.2233	3
151.4	18.7956	998.5098	5.2168	3
151.5	18.7952	997.6071	5.213	3
151.6	18.7947	996.7993	5.2208	3
151.7	18.794	996.0317	5.2209	3
151.8	18.7929	995.3958	5.2177	3
151.9	18.7913	994.6296	5.2282	3
152	18.7892	993.8097	5.2453	3
152.1	18.787	993.0658	5.2421	3
152.2	18.7853	992.0601	5.2321	3
152.3	18.7838	991.2526	5.2228	3
152.4	18.7821	990.5164	5.2243	3
152.5	18.7799	989.6967	5.2225	3
152.6	18.7776	988.8911	5.2328	3
152.7	18.7752	988.0299	5.2331	3
152.8	18.7729	987.2061	5.2161	3
152.9	18.7708	986.3309	5.2304	3
153	18.7688	985.5727	5.243	3
153.1	18.7666	984.6798	5.2396	3
153.2	18.7643	983.8793	5.2432	3
153.3	18.7618	983.0716	5.2379	3
153.4	18.7595	982.1729	5.2381	3
153.5	18.7573	981.3956	5.227	3
153.6	18.7549	980.5037	5.2309	3
153.7	18.7523	979.7142	5.227	3
153.8	18.75	978.8973	5.2226	3
153.9	18.7475	978.1803	5.2393	3
154	18.7446	977.4176	5.2432	3
154.1	18.7414	976.52	5.2332	3
154.2	18.7385	975.6372	5.2283	3
154.3	18.7358	974.8339	5.24	3
154.4	18.7328	974.0974	5.2434	3
154.5	18.7293	973.2678	5.2395	3
154.6	18.726	972.4526	5.2289	3
154.7	18.7227	971.6096	5.2337	3
154.8	18.7192	970.7824	5.2422	3
154.9	18.7156	970.0384	5.2383	3
155	18.7122	969.1477	5.2276	3
155.1	18.7087	968.2745	5.2222	3
155.2	18.7054	967.4483	5.2275	3
155.3	18.702	966.6155	5.2315	3
155.4	18.6985	965.8234	5.2274	3
155.5	18.6952	964.8959	5.228	3
155.6	18.6917	964.0983	5.2195	3
155.7	18.6883	963.2544	5.2111	3
155.8	18.6851	962.4277	5.2201	3
155.9	18.6817	961.6804	5.2235	3
156	18.678	960.8102	5.2122	3
156.1	18.6743	959.991	5.2044	3
156.2	18.6708	959.1351	5.1995	3
156.3	18.6674	958.2711	5.195	3
156.4	18.664	957.4362	5.203	3
156.5	18.6606	956.6402	5.2106	3
156.6	18.657	955.7787	5.2163	3
156.7	18.6531	955.0357	5.2101	3
156.8	18.6493	954.1925	5.2071	3
156.9	18.6455	953.389	5.1988	3
157	18.6417	952.5299	5.1931	3
157.1	18.6377	951.6974	5.1963	3
157.2	18.6336	950.879	5.2042	3
157.3	18.6296	950.0803	5.205	3
157.4	18.6256	949.2267	5.196	3
157.5	18.6216	948.4402	5.2026	3
157.6	18.6176	947.4974	5.2151	3
157.7	18.6138	946.6345	5.2118	3
157.8	18.6101	945.9084	5.2139	3
157.9	18.6064	945.0808	5.2115	3
158	18.6026	944.1243	5.198	3
158.1	18.5989	943.2993	5.196	3
158.2	18.5952	942.4482	5.2121	3
158.3	18.5915	941.6291	5.2103	3
158.4	18.588	940.8132	5.1998	3
158.5	18.5847	939.9642	5.2015	3
158.6	18.581	939.161	5.2087	3
158.7	18.5774	938.3343	5.2127	3
158.8	18.5737	937.4292	5.2109	3
158.9	18.5701	936.6222	5.2018	3
159	18.5667	935.7923	5.2032	3
159.1	18.5633	934.926	5.2062	3
159.2	18.56	934.0656	5.2022	3
159.3	18.5567	933.205	5.2082	3
159.4	18.5534	932.3962	5.2138	3
159.5	18.5501	931.5852	5.2301	3
159.6	18.5469	930.7972	5.2231	3
159.7	18.5434	929.9238	5.2277	3
159.8	18.5399	929.0994	5.2373	3
159.9	18.5364	928.2629	5.2337	3
160	18.533	927.432	5.2403	3
160.1	18.5297	926.5328	5.2373	3
160.2	18.5263	925.7064	5.212	3
160.3	18.523	924.9322	5.2039	3
160.4	18.5197	924.138	5.2008	3
160.5	18.5162	923.2595	5.1991	3
160.6	18.5128	922.4496	5.2026	3
160.7	18.5093	921.5422	5.2013	3
160.8	18.5059	920.7506	5.2008	3
160.9	18.5021	919.9971	5.2053	3
161	18.4984	919.1543	5.2119	3
161.1	18.4947	918.2879	5.21	3
161.2	18.4911	917.4972	5.2042	3
161.3	18.4873	916.6847	5.193	3
161.4	18.4837	915.8524	5.1975	3
161.5	18.4801	914.983	5.2132	3
161.6	18.4763	914.1258	5.2087	3
161.7	18.4725	913.3873	5.2194	3
161.8	18.4688	912.3861	5.2287	3
161.9	18.4651	911.6643	5.2267	3
162	18.4615	910.8975	5.228	3
162.1	18.4573	910.1464	5.2307	3
162.2	18.4529	909.289	5.2398	3
162.3	18.4488	908.3449	5.2263	3
162.4	18.4448	907.5246	5.218	3
162.5	18.4409	906.6854	5.2273	3
162.6	18.4369	905.8528	5.2296	3
162.7	18.4331	904.9834	5.2248	3
162.8	18.4293	904.222	5.2356	3
162.9	18.4254	903.4229	5.2439	3
163	18.4212	902.5907	5.238	3
163.1	18.4172	901.7409	5.2262	3
163.2	18.413	900.9597	5.235	3
163.3	18.409	900.029	5.2382	3
163.4	18.4049	899.2177	5.2416	3
163.5	18.4007	898.3468	5.2421	3
163.6	18.3966	897.5285	5.2315	3
163.7	18.3928	896.7202	5.234	3
163.8	18.3889	895.9127	5.2522	3
163.9	18.385	895.0267	5.2503	3
164	18.3811	894.1635	5.2392	3
164.1	18.3771	893.3657	5.2468	3
164.2	18.3731	892.5063	5.2555	3
164.3	18.3691	891.651	5.2345	3
164.4	18.3651	890.9843	5.2288	3
164.5	18.3608	890.106	5.2301	3
164.6	18.3567	889.2763	5.2335	3
164.7	18.3523	888.4206	5.2376	3
164.8	18.3481	887.6385	5.2417	3
164.9	18.3438	886.7976	5.2328	3
165	18.3395	885.9788	5.2195	3
165.1	18.3351	885.0665	5.2155	3
165.2	18.331	884.2844	5.2228	3
165.3	18.3267	883.3727	5.2279	3
165.4	18.3226	882.6089	5.226	3
165.5	18.3183	881.7443	5.2208	3
165.6	18.314	880.8801	5.2112	3
165.7	18.3098	880.1108	5.202	3
165.8	18.3055	879.2573	5.2114	3
165.9	18.3012	878.4562	5.2157	3
166	18.2967	877.6326	5.2202	3
166.1	18.2924	876.7996	5.2256	3
166.2	18.2881	875.9928	5.2371	3
166.3	18.2836	875.161	5.2316	3
166.4	18.2792	874.3262	5.2302	3
166.5	18.2748	873.4468	5.2194	3
166.6	18.2704	872.5348	5.2066	3
166.7	18.266	871.7211	5.222	3
166.8	18.2617	870.9565	5.2415	3
166.9	18.2575	870.1782	5.2343	3
167	18.253	869.3286	5.2314	3
167.1	18.2481	868.5984	5.2542	3
167.2	18.2431	867.731	5.2571	3
167.3	18.2384	866.8003	5.2483	3
167.4	18.2335	866.0154	5.2355	3
167.5	18.2287	865.226	5.2382	3
167.6	18.224	864.3782	5.2354	3
167.7	18.2194	863.5895	5.2306	3
167.8	18.2146	862.7388	5.2381	3
167.9	18.2096	861.9024	5.2298	3
168	18.2049	861.0059	5.2318	3
168.1	18.2001	860.1939	5.2482	3
168.2	18.1952	859.4376	5.2413	3
168.3	18.1903	858.5905	5.2436	3
168.4	18.1856	857.6622	5.2495	3
168.5	18.1807	856.8862	5.2475	3
168.6	18.1756	856.1486	5.2377	3
168.7	18.1707	855.1906	5.2326	3
168.8	18.1659	854.3465	5.2199	3
168.9	18.1609	853.6513	5.2166	3
169	18.1558	852.8489	5.2317	3
169.1	18.1507	851.8804	5.2455	3
169.2	18.146	851.0051	5.2503	3
169.3	18.1413	850.2302	5.2531	3
169.4	18.1366	849.3662	5.2462	3
169.5	18.132	848.4559	5.2327	3
169.6	18.1274	847.6555	5.2344	3
169.7	18.1227	846.9122	5.2501	3
169.8	18.1179	846.0468	5.2565	3
169.9	18.1131	845.1873	5.2501	3
170	18.1084	844.3914	5.251	3
170.1	18.1036	843.4901	5.2575	3
170.2	18.0989	842.6663	5.2585	3
170.3	18.0944	841.8296	5.2575	3
170.4	18.0898	841.0206	5.2496	3
170.5	18.085	840.1821	5.2431	3
170.6	18.0803	839.2969	5.2387	3
170.7	18.0756	838.5518	5.2338	3
170.8	18.071	837.6598	5.2272	3
170.9	18.0664	836.778	5.2279	3
171	18.062	835.9869	5.225	3
171.1	18.0574	835.1652	5.238	3
171.2	18.0527	834.3656	5.2402	3
171.3	18.0479	833.5332	5.2316	3
171.4	18.0433	832.6601	5.2281	3
171.5	18.0387	831.8245	5.226	3
171.6	18.0339	831.0767	5.2411	3
171.7	18.0286	830.2762	5.2398	3
171.8	18.0235	829.444	5.24	3
171.9	18.0186	828.5489	5.2502	3
172	18.0138	827.6911	5.2513	3
172.1	18.0093	826.7677	5.2457	3
172.2	18.0048	825.9609	5.249	3
172.3	18.0004	825.1062	5.2615	3
172.4	17.9959	824.3287	5.2602	3
172.5	17.9913	823.5291	5.2519	3
172.6	17.9865	822.7504	5.2552	3
172.7	17.9817	821.894	5.2635	3
172.8	17.9767	821.0376	5.2612	3
172.9	17.972	820.1401	5.2415	3
173	17.9674	819.308	5.2457	3
173.1	17.9628	818.5054	5.2492	3
173.2	17.958	817.6329	5.2385	3
173.3	17.9535	816.8976	5.229	3
173.4	17.9488	815.9765	5.2412	3
173.5	17.9442	815.225	5.2424	3
173.6	17.9393	814.388	5.2382	3
173.7	17.9344	813.6305	5.2496	3
173.8	17.9294	812.6998	5.2437	3
173.9	17.9243	811.8995	5.2437	3
174	17.9191	811.2052	5.251	3
174.1	17.9139	810.3822	5.2382	3
174.2	17.9085	809.4059	5.2316	3
174.3	17.9032	808.5966	5.2458	3
174.4	17.8983	807.6815	5.2505	3
174.5	17.8934	806.8723	5.2462	3
174.6	17.889	805.9762	5.2424	3
174.7	17.8844	805.0886	5.2455	3
174.8	17.8801	804.3317	5.2504	3
174.9	17.8756	803.4389	5.2469	3
175	17.871	802.7014	5.2276	3
175.1	17.8663	801.8613	5.2257	3
175.2	17.8615	800.9587	5.2337	3
175.3	17.8569	800.236	5.2252	3
175.4	17.8521	799.3722	5.2276	3
175.5	17.8472	798.5111	5.2426	3
175.6	17.8425	797.7083	5.2533	3
175.7	17.8377	796.9304	5.2515	3
175.8	17.8326	796.0932	5.2319	3
175.9	17.8276	795.1418	5.2293	3
176	17.8228	794.2556	5.2337	3
176.1	17.818	793.5495	5.2263	3
176.2	17.8133	792.7317	5.2213	3
176.3	17.8087	791.841	5.2146	3
176.4	17.8041	791.0153	5.2198	3
176.5	17.7997	790.1202	5.2336	3
176.6	17.7954	789.2572	5.2333	3
176.7	17.7912	788.4271	5.2294	3
176.8	17.7868	787.5826	5.2081	3
176.9	17.7823	786.8133	5.2053	3
177	17.7778	785.9927	5.2171	3
177.1	17.7732	785.1073	5.2122	3
177.2	17.7688	784.2983	5.2146	3
177.3	17.7641	783.4524	5.2223	3
177.4	17.7596	782.5731	5.2273	3
177.5	17.7553	781.8309	5.2314	3
177.6	17.7507	780.988	5.2251	3
177.7	17.746	780.1533	5.2168	3
177.8	17.7415	779.3377	5.2206	3
177.9	17.7371	778.3941	5.2282	3
178	17.7328	777.595	5.2285	3
178.1	17.7282	776.7886	5.2347	3
178.2	17.7237	775.9412	5.2382	3
178.3	17.7192	775.1446	5.2324	3
178.4	17.7147	774.2925	5.2298	3
178.5	17.7102	773.4916	5.2373	3
178.6	17.706	772.5806	5.2354	3
178.7	17.7019	771.6661	5.2387	3
178.8	17.698	770.8801	5.2466	3
178.9	17.6937	770.0752	5.2468	3
179	17.6897	769.1747	5.2475	3
179.1	17.6861	768.2461	5.237	3
179.2	17.6827	767.4255	5.2299	3
179.3	17.6789	766.6003	5.2309	3
179.4	17.6748	765.8926	5.2338	3
179.5	17.6707	765.0589	5.2338	3
179.6	17.6665	764.2934	5.2309	3
179.7	17.6623	763.4481	5.231	3
179.8	17.658	762.622	5.2254	3
179.9	17.6538	761.7665	5.206	3
180	17.6498	760.8453	5.2065	3
180.1	17.6457	760.0357	5.2082	3
180.2	17.6421	759.1246	5.2027	3
180.3	17.6384	758.2969	5.2082	3
180.4	17.6344	757.6103	5.2047	3
180.5	17.6305	756.6394	5.1999	3
180.6	17.6268	755.7336	5.1927	3
180.7	17.6234	754.8743	5.1998	3
180.8	17.6198	754.1612	5.2066	3
180.9	17.6157	753.4761	5.2059	3
181	17.6114	752.6011	5.2175	3
181.1	17.6071	751.7569	5.2285	3
181.2	17.603	750.9083	5.2253	3
181.3	17.5987	750.044	5.2141	3
181.4	17.5946	749.2644	5.2067	3
181.5	17.5903	748.4778	5.2115	3
181.6	17.5857	747.6764	5.229	3
181.7	17.5811	746.7921	5.2318	3
181.8	17.5764	745.9195	5.219	3
181.9	17.5723	745.0279	5.225	3
182	17.5683	744.1729	5.2354	3
182.1	17.5644	743.3112	5.2325	3
182.2	17.5605	742.4928	5.211	3
182.3	17.5565	741.7008	5.2173	3
182.4	17.5524	740.8609	5.2327	3
182.5	17.5483	740.0257	5.2268	3
182.6	17.544	739.2705	5.2211	3
182.7	17.5397	738.4729	5.2188	3
182.8	17.5354	737.5844	5.2134	3
182.9	17.5313	736.7682	5.2161	3
183	17.5272	735.9095	5.213	3
183.1	17.5229	735.1458	5.2039	3
183.2	17.5181	734.3505	5.1999	3
183.3	17.5133	733.4599	5.204	3
183.4	17.5085	732.6942	5.1996	3
183.5	17.5038	731.8932	5.189	3
183.6	17.499	730.9672	5.1915	3
183.7	17.494	730.1773	5.1934	3
183.8	17.4889	729.4934	5.198	3
183.9	17.4839	728.5654	5.2256	3
184	17.479	727.6415	5.2346	3
184.1	17.4741	726.8395	5.2406	3
184.2	17.469	726.0866	5.234	3
184.3	17.4639	725.3306	5.2192	3
184.4	17.4588	724.5321	5.2172	3
184.5	17.4532	723.6697	5.2252	3
184.6	17.4475	722.9196	5.2207	3
184.7	17.4416	722.0989	5.2189	3
184.8	17.4355	721.2813	5.2103	3
184.9	17.4295	720.4682	5.2126	3
185	17.4235	719.6097	5.2078	3
185.1	17.4175	718.7679	5.2033	3
185.2	17.4116	717.9093	5.2162	3
185.3	17.4056	717.0193	5.204	3
185.4	17.3997	716.3053	5.1934	3
185.5	17.3937	715.5534	5.2022	3
185.6	17.3873	714.6838	5.2131	3
185.7	17.3809	713.7827	5.2098	3
185.8	17.3748	712.932	5.2013	3
185.9	17.3688	712.083	5.194	3
186	17.3631	711.2974	5.2017	3
186.1	17.3573	710.4811	5.2108	3
186.2	17.3513	709.5726	5.2288	3
186.3	17.3456	708.6938	5.2369	3
186.4	17.3397	707.9499	5.2172	3
186.5	17.3336	707.1435	5.2076	3
186.6	17.3274	706.2382	5.205	3
186.7	17.3215	705.4085	5.1984	3
186.8	17.3154	704.566	5.1965	3
186.9	17.3094	703.7722	5.177	3
187	17.3037	702.8946	5.1822	3
187.1	17.2982	702.0336	5.21	3
187.2	17.2924	701.2539	5.2122	3
187.3	17.2863	700.4747	5.2019	3
187.4	17.2804	699.5756	5.1807	3
187.5	17.2747	698.7491	5.1866	3
187.6	17.2688	697.9082	5.1987	3
187.7	17.2628	697.0678	5.2018	3
187.8	17.2569	696.2869	5.207	3
187.9	17.251	695.4743	5.2182	3
188	17.245	694.6313	5.2013	3
188.1	17.2389	693.8598	5.1956	3
188.2	17.2327	692.9639	5.2033	3
188.3	17.2268	692.0972	5.2018	3
188.4	17.2207	691.2972	5.1934	3
188.5	17.2143	690.5184	5.1884	3
188.6	17.2081	689.6696	5.2008	3
188.7	17.2019	688.8172	5.2178	3
188.8	17.1956	687.968	5.2184	3
188.9	17.1897	687.0657	5.217	3
189	17.184	686.2521	5.2216	3
189.1	17.1782	685.4052	5.2268	3
189.2	17.1723	684.6162	5.2266	3
189.3	17.1665	683.7871	5.2165	3
189.4	17.1606	682.8598	5.2204	3
189.5	17.1548	682.0739	5.2251	3
189.6	17.1491	681.2123	5.2208	3
189.7	17.1433	680.3722	5.2288	3
189.8	17.1376	679.5182	5.2379	3
189.9	17.1319	678.7282	5.244	3
190	17.1262	677.8803	5.2329	3
190.1	17.1205	677.107	5.2333	3
190.2	17.1144	676.318	5.2326	3
190.3	17.108	675.542	5.2167	3
190.4	17.1019	674.6447	5.2165	3
190.5	17.0959	673.7355	5.2219	3
190.6	17.0902	672.9202	5.2341	3
190.7	17.0846	672.0028	5.2469	3
190.8	17.0792	671.2042	5.2442	3
190.9	17.0738	670.3154	5.2404	3
191	17.0687	669.393	5.234	3
191.1	17.0639	668.5359	5.2331	3
191.2	17.0591	667.6517	5.236	3
191.3	17.0543	666.8274	5.2354	3
191.4	17.0496	665.9766	5.2283	3
191.5	17.0448	665.1933	5.229	3
191.6	17.04	664.4035	5.2229	3
191.7	17.0351	663.4972	5.2177	3
191.8	17.0303	662.6513	5.2118	3
191.9	17.0253	661.9204	5.2161	3
192	17.0202	661.0992	5.2157	3
192.1	17.0152	660.1628	5.2126	3
192.2	17.0106	659.3578	5.2133	3
192.3	17.0059	658.5125	5.2211	3
192.4	17.0009	657.7395	5.2229	3
192.5	16.9959	656.9905	5.2313	3
192.6	16.9906	656.1283	5.2304	3
192.7	16.9855	655.3204	5.2202	3
192.8	16.9801	654.5053	5.2291	3
192.9	16.9745	653.6582	5.2326	3
193	16.969	652.8162	5.2483	3
193.1	16.9636	652.0295	5.2548	3
193.2	16.958	651.1786	5.2323	3
193.3	16.9526	650.3075	5.2265	3
193.4	16.9474	649.4619	5.2372	3
193.5	16.9421	648.6535	5.2374	3
193.6	16.9365	647.8317	5.2331	3
193.7	16.931	646.9684	5.2143	3
193.8	16.9257	646.1641	5.2124	3
193.9	16.9202	645.3532	5.2041	3
194	16.9147	644.434	5.2063	3
194.1	16.9094	643.5816	5.2164	3
194.2	16.9041	642.8012	5.2154	3
194.3	16.899	641.9207	5.2121	3
194.4	16.8938	641.1168	5.2063	3
194.5	16.8885	640.3488	5.2081	3
194.6	16.8829	639.5613	5.21	3
194.7	16.8769	638.7628	5.2178	3
194.8	16.8706	638.0232	5.2166	3
194.9	16.8642	637.1583	5.2085	3
195	16.8576	636.3829	5.2035	3
195.1	16.8513	635.5245	5.1869	3
195.2	16.8446	634.7335	5.1822	3
195.3	16.8379	633.9889	5.1966	3
195.4	16.831	633.0465	5.1932	3
195.5	16.8245	632.1731	5.1776	3
195.6	16.8182	631.3019	5.1746	3
195.7	16.8116	630.5287	5.1787	3
195.8	16.8051	629.7477	5.181	3
195.9	16.7988	628.8946	5.1969	3
196	16.7926	627.9995	5.1958	3
196.1	16.786	627.2497	5.1943	3
196.2	16.7794	626.3106	5.1933	3
196.3	16.7731	625.4824	5.1882	3
196.4	16.767	624.6283	5.1947	3
196.5	16.7606	623.8099	5.1938	3
196.6	16.7544	622.9851	5.2032	3
196.7	16.7483	622.1559	5.1885	3
196.8	16.7421	621.3109	5.1732	3
196.9	16.7359	620.5115	5.1916	3
197	16.7298	619.6332	5.1924	3
197.1	16.7241	618.7384	5.1982	3
197.2	16.7188	617.7307	5.1899	3
197.3	16.7139	616.7331	5.1791	3
197.4	16.7095	615.9475	5.1837	3
197.5	16.705	615.1744	5.1757	3
197.6	16.7002	614.3617	5.1777	3
197.7	16.6954	613.4703	5.1894	3
197.8	16.6908	612.7087	5.2077	3
197.9	16.6861	611.8158	5.211	3
198	16.6813	611.0088	5.2039	3
198.1	16.6766	610.1511	5.1949	3
198.2	16.6715	609.3923	5.1859	3
198.3	16.6665	608.5902	5.19	3
198.4	16.6613	607.8375	5.2002	3
198.5	16.656	606.9565	5.1936	3
198.6	16.6509	606.032	5.1891	3
198.7	16.6459	605.2553	5.2003	3
198.8	16.6407	604.5196	5.211	3
198.9	16.635	603.7118	5.2176	3
199	16.6294	602.8195	5.202	3
199.1	16.6239	602.0239	5.1841	3
199.2	16.6183	601.2029	5.1741	3
199.3	16.6126	600.4329	5.1861	3
199.4	16.6067	599.5401	5.1909	3
199.5	16.6009	598.7306	5.1797	3
199.6	16.5952	597.9057	5.1791	3
199.7	16.5895	597.0236	5.1871	3
199.8	16.584	596.116	5.2093	3
199.9	16.579	595.2722	5.2226	3
200	16.5736	594.5152	5.219	3
200.1	16.5681	593.6747	5.2042	3
200.2	16.5625	592.7738	5.2014	3
200.3	16.557	591.9766	5.2011	3
200.4	16.5516	591.1197	5.1985	3
200.5	16.5461	590.4229	5.1833	3
200.6	16.5405	589.4418	5.1734	3
200.7	16.5351	588.5518	5.1794	3
200.8	16.5301	587.8406	5.1937	3
200.9	16.5245	587.0181	5.2031	3
201	16.5187	586.2566	5.1961	3
201.1	16.5128	585.4025	5.1827	3
201.2	16.5068	584.6159	5.1752	3
201.3	16.5011	583.7422	5.1868	3
201.4	16.4953	582.8632	5.211	3
201.5	16.4896	582.0398	5.2167	3
201.6	16.4839	581.2207	5.2038	3
201.7	16.4782	580.4508	5.2026	3
201.8	16.4725	579.5446	5.2019	3
201.9	16.4665	578.714	5.1909	3
202	16.4605	577.9161	5.1894	3
202.1	16.4548	577.1223	5.1874	3
202.2	16.4488	576.2303	5.1816	3
202.3	16.4429	575.3938	5.1843	3
202.4	16.4369	574.6455	5.1812	3
202.5	16.4308	573.8855	5.2019	3
202.6	16.4243	573.0142	5.208	3
202.7	16.4177	572.2248	5.2034	3
202.8	16.4112	571.3827	5.2097	3
202.9	16.4047	570.5043	5.2039	3
203	16.3982	569.7688	5.1894	3
203.1	16.3916	568.9074	5.2011	3
203.2	16.3849	568.0448	5.2126	3
203.3	16.3782	567.2626	5.2076	3
203.4	16.3713	566.4993	5.2018	3
203.5	16.3638	565.775	5.2062	3
203.6	16.3564	564.8927	5.203	3
203.7	16.3491	563.9957	5.2026	3
203.8	16.342	563.1198	5.2084	3
203.9	16.3351	562.3351	5.2067	3
204	16.3279	561.6001	5.2047	3
204.1	16.3207	560.6006	5.2013	3
204.2	16.3136	559.8075	5.2008	3
204.3	16.3067	559.0199	5.2011	3
204.4	16.2997	558.1577	5.1808	3
204.5	16.2928	557.2902	5.1669	3
204.6	16.2861	556.403	5.1817	3
204.7	16.2793	555.6071	5.1911	3
204.8	16.2723	554.7905	5.2086	3
204.9	16.2654	553.9747	5.2204	3
205	16.2586	553.0329	5.1996	3
205.1	16.2518	552.2487	5.2019	3
205.2	16.245	551.4461	5.1986	3
205.3	16.2379	550.6495	5.1754	3
205.4	16.231	549.8242	5.1894	3
205.5	16.2242	548.9545	5.2039	3
205.6	16.2174	548.1038	5.2114	3
205.7	16.2106	547.2586	5.2085	3
205.8	16.2038	546.4537	5.1984	3
205.9	16.197	545.5771	5.1888	3
206	16.1903	544.753	5.1899	3
206.1	16.1836	544.009	5.2077	3
206.2	16.1767	543.0687	5.2104	3
206.3	16.17	542.208	5.2132	3
206.4	16.1636	541.3173	5.2181	3
206.5	16.1572	540.4441	5.2127	3
206.6	16.1508	539.679	5.1913	3
206.7	16.1442	538.9167	5.1678	3
206.8	16.1376	538.1244	5.1783	3
206.9	16.1309	537.2865	5.1946	3
207	16.1243	536.4268	5.2098	3
207.1	16.1178	535.4564	5.2115	3
207.2	16.1113	534.61	5.2039	3
207.3	16.1051	533.8764	5.2049	3
207.4	16.0989	533.0271	5.2175	3
207.5	16.0925	532.119	5.2214	3
207.6	16.0864	531.2563	5.2097	3
207.7	16.0803	530.4802	5.2091	3
207.8	16.0741	529.6121	5.2151	3
207.9	16.068	528.7509	5.2223	3
208	16.0619	528.0469	5.2208	3
208.1	16.0554	527.1841	5.2196	3
208.2	16.049	526.2773	5.2093	3
208.3	16.0429	525.3967	5.2108	3
208.4	16.0368	524.6458	5.2145	3
208.5	16.0303	523.9142	5.2148	3
208.6	16.0235	523.0854	5.2087	3
208.7	16.0169	522.2095	5.2175	3
208.8	16.0103	521.3161	5.2232	3
208.9	16.0037	520.5738	5.2088	3
209	15.9969	519.8427	5.1906	3
209.1	15.9898	519.0185	5.1973	3
209.2	15.9828	518.1718	5.2007	3
209.3	15.9756	517.3353	5.2046	3
209.4	15.9683	516.571	5.2086	3
209.5	15.9609	515.7592	5.2145	3
209.6	15.9535	514.9019	5.2137	3
209.7	15.9462	513.9775	5.2132	3
209.8	15.939	513.1942	5.2172	3
209.9	15.9315	512.3826	5.204	3
210	15.9242	511.494	5.1919	3
210.1	15.9172	510.5868	5.2032	3
210.2	15.9105	509.828	5.2264	3
210.3	15.9037	508.9508	5.2163	3
210.4	15.8969	508.0697	5.222	3
210.5	15.89	507.2539	5.2299	3
210.6	15.8833	506.4094	5.2133	3
210.7	15.8767	505.5899	5.2054	3
210.8	15.87	504.7008	5.206	3
210.9	15.8633	503.8719	5.21	3
211	15.8568	502.9559	5.204	3
211.1	15.8504	502.155	5.1961	3
211.2	15.8443	501.316	5.2023	3
211.3	15.838	500.5247	5.2114	3
211.4	15.8318	499.5733	5.2142	3
211.5	15.8256	498.7719	5.2074	3
211.6	15.8195	497.9672	5.2019	3
211.7	15.8131	497.108	5.1975	3
211.8	15.8068	496.3243	5.1995	3
211.9	15.8009	495.3857	5.2146	3
212	15.7951	494.5319	5.2234	3
212.1	15.7892	493.6945	5.221	3
212.2	15.7833	492.9109	5.2181	3
212.3	15.7773	492.0473	5.2236	3
212.4	15.7716	491.2004	5.2138	3
212.5	15.766	490.3365	5.2041	3
212.6	15.7603	489.5122	5.1962	3
212.7	15.7545	488.7457	5.1967	3
212.8	15.7485	487.9021	5.1921	3
212.9	15.7423	487.1578	5.1905	3
213	15.736	486.3699	5.2056	3
213.1	15.7294	485.5196	5.2169	3
213.2	15.7228	484.7579	5.2169	3
213.3	15.7161	483.9159	5.2225	3
213.4	15.7093	483.0029	5.2066	3
213.5	15.7029	482.1914	5.1892	3
213.6	15.6965	481.3855	5.2009	3
213.7	15.6901	480.5257	5.2015	3
213.8	15.6839	479.6592	5.1883	3
213.9	15.6777	478.8025	5.1971	3
214	15.6714	477.9795	5.2057	3
214.1	15.6652	477.0923	5.2015	3
214.2	15.6591	476.2997	5.1963	3
214.3	15.653	475.4667	5.2094	3
214.4	15.6466	474.6893	5.2099	3
214.5	15.6401	473.8591	5.2044	3
214.6	15.6337	473.0012	5.2124	3
214.7	15.6273	472.2518	5.2064	3
214.8	15.6207	471.4533	5.1868	3
214.9	15.614	470.5394	5.1866	3
215	15.6073	469.7932	5.1913	3
215.1	15.6005	468.9338	5.1862	3
215.2	15.5936	468.063	5.1805	3
215.3	15.5869	467.2695	5.1878	3
215.4	15.5802	466.4228	5.1947	3
215.5	15.5734	465.6171	5.1895	3
215.6	15.5663	464.8321	5.1819	3
215.7	15.559	463.9731	5.1804	3
215.8	15.552	463.0891	5.193	3
215.9	15.5453	462.2886	5.1965	3
216	15.5384	461.4104	5.1956	3
216.1	15.5315	460.568	5.1945	3
216.2	15.5246	459.7649	5.1893	3
216.3	15.518	458.8978	5.1833	3
216.4	15.5112	458.1147	5.184	3
216.5	15.5041	457.2801	5.1923	3
216.6	15.4974	456.4471	5.1895	3
216.7	15.4906	455.6563	5.1872	3
216.8	15.4836	454.7416	5.1767	3
216.9	15.4768	453.9296	5.1843	3
217	15.47	453.1954	5.1884	3
217.1	15.4627	452.4033	5.2001	3
217.2	15.4549	451.6234	5.2079	3
217.3	15.4472	450.7656	5.1962	3
217.4	15.4394	449.9345	5.1935	3
217.5	15.4317	449.1647	5.2055	3
217.6	15.4239	448.272	5.2183	3
217.7	15.4164	447.4325	5.2204	3
217.8	15.4087	446.6034	5.2133	3
217.9	15.4009	445.8214	5.214	3
218	15.393	444.9835	5.2271	3
218.1	15.3853	444.1607	5.2366	3
218.2	15.3775	443.2817	5.2223	3
218.3	15.3698	442.4423	5.2181	3
218.4	15.3619	441.5876	5.2312	3
218.5	15.3543	440.7278	5.2287	3
218.6	15.3472	439.8678	5.2025	3
218.7	15.3399	439.0412	5.2073	3
218.8	15.3326	438.1731	5.219	3
218.9	15.3254	437.2828	5.2166	3
219	15.3183	436.5101	5.2309	3
219.1	15.3111	435.6868	5.2308	3
219.2	15.3038	434.8267	5.2292	3
219.3	15.2969	434.0032	5.2292	3
219.4	15.2903	433.052	5.23	3
219.5	15.2839	432.2204	5.2264	3
219.6	15.2774	431.4157	5.2215	3
219.7	15.2708	430.5404	5.2252	3
219.8	15.2644	429.6686	5.2308	3
219.9	15.2579	428.7928	5.224	3
220	15.2516	427.93	5.2159	3
220.1	15.2456	427.098	5.2284	3
220.2	15.2395	426.2929	5.2277	3
220.3	15.2333	425.5278	5.2153	3
220.4	15.227	424.6579	5.2131	3
220.5	15.2207	423.8006	5.2185	3
220.6	15.2144	422.959	5.2124	3
220.7	15.2081	422.1324	5.2253	3
220.8	15.2018	421.3061	5.237	3
220.9	15.1955	420.5288	5.2457	3
221	15.189	419.7021	5.2408	3
221.1	15.1826	418.9098	5.2272	3
221.2	15.1761	418.0382	5.221	3
221.3	15.1694	417.2341	5.2184	3
221.4	15.1627	416.3564	5.2198	3
221.5	15.1563	415.5609	5.2083	3
221.6	15.1497	414.7203	5.2043	3
221.7	15.143	413.8816	5.211	3
221.8	15.1363	413.1009	5.2087	3
221.9	15.1296	412.2492	5.2273	3
222	15.1227	411.4118	5.2304	3
222.1	15.1158	410.6162	5.2224	3
222.2	15.109	409.7357	5.2124	3
222.3	15.1021	408.9511	5.2121	3
222.4	15.0952	408.1224	5.2079	3
222.5	15.088	407.4166	5.1966	3
222.6	15.0809	406.4918	5.2039	3
222.7	15.0737	405.672	5.2114	3
222.8	15.0665	404.8752	5.205	3
222.9	15.059	403.9637	5.2076	3
223	15.0521	403.1497	5.2134	3
223.1	15.0452	402.3325	5.2135	3
223.2	15.038	401.469	5.2255	3
223.3	15.0307	400.6175	5.2416	3
223.4	15.024	399.7094	5.2302	3
223.5	15.0175	398.8209	5.2283	3
223.6	15.0112	398.0831	5.2352	3
223.7	15.0044	397.261	5.2345	3
223.8	14.9974	396.4196	5.2419	3
223.9	14.9907	395.5776	5.2355	3
224	14.984	394.6678	5.2349	3
224.1	14.9773	393.9827	5.2352	3
224.2	14.9706	393.1517	5.2324	3
224.3	14.9634	392.3274	5.2206	3
224.4	14.9562	391.5403	5.2289	3
224.5	14.9492	390.6077	5.224	3
224.6	14.9423	389.7396	5.2126	3
224.7	14.9354	388.9319	5.2247	3
224.8	14.9284	388.1208	5.2401	3
224.9	14.9212	387.3986	5.2376	3
225	14.9141	386.5546	5.2293	3
225.1	14.9067	385.6136	5.2382	3
225.2	14.8995	384.8704	5.2319	3
225.3	14.892	384.0514	5.2081	3
225.4	14.8846	383.1526	5.2061	3
225.5	14.877	382.47	5.2096	3
225.6	14.8694	381.6769	5.2121	3
225.7	14.8614	380.8265	5.2056	3
225.8	14.8536	380.0142	5.2149	3
225.9	14.846	379.1312	5.2228	3
226	14.8381	378.3014	5.2177	3
226.1	14.8303	377.4793	5.2177	3
226.2	14.8223	376.6749	5.2134	3
226.3	14.8144	375.8359	5.1996	3
226.4	14.8066	375.0066	5.1968	3
226.5	14.7985	374.1467	5.2101	3
226.6	14.7905	373.3677	5.2334	3
226.7	14.7822	372.5782	5.2432	3
226.8	14.7738	371.6961	5.2338	3
226.9	14.7656	370.8444	5.2288	3
227	14.7575	370.0767	5.2109	3
227.1	14.7491	369.2522	5.2074	3
227.2	14.7406	368.428	5.2181	3
227.3	14.7321	367.5751	5.2259	3
227.4	14.7238	366.7089	5.2217	3
227.5	14.7155	365.784	5.223	3
227.6	14.7073	365.0684	5.2161	3
227.7	14.6993	364.2587	5.2184	3
227.8	14.6909	363.3873	5.212	3
227.9	14.6827	362.593	5.2026	3
228	14.6744	361.66	5.2095	3
228.1	14.6663	360.8312	5.2179	3
228.2	14.6584	359.9939	5.221	3
228.3	14.6502	359.1474	5.22	3
228.4	14.6423	358.3497	5.2189	3
228.5	14.6343	357.4706	5.2277	3
228.6	14.6265	356.5942	5.2273	3
228.7	14.6189	355.7429	5.2092	3
228.8	14.611	355.0019	5.2207	3
228.9	14.6029	354.2255	5.2256	3
229	14.5946	353.378	5.2187	3
229.1	14.5864	352.5326	5.2242	3
229.2	14.5782	351.736	5.2289	3
229.3	14.5697	350.8895	5.2436	3
229.4	14.561	350.1122	5.2398	3
229.5	14.5521	349.3838	5.2404	3
229.6	14.5428	348.5892	5.2378	3
229.7	14.5334	347.7828	5.2343	3
229.8	14.5239	346.9222	5.2336	3
229.9	14.5146	346.1158	5.2258	3
230	14.5053	345.3256	5.2297	3
230.1	14.4959	344.4233	5.23	3
230.2	14.4866	343.5297	5.231	3
230.3	14.4777	342.6118	5.2392	3
230.4	14.4689	341.845	5.248	3
230.5	14.4601	341.0488	5.2452	3
230.6	14.4512	340.2209	5.238	3
230.7	14.4423	339.3637	5.2411	3
230.8	14.4332	338.4837	5.2358	3
230.9	14.4241	337.6321	5.2259	3
231	14.4155	336.8108	5.2292	3
231.1	14.407	335.887	5.2409	3
231.2	14.3985	335.0675	5.2308	3
231.3	14.3901	334.2362	5.2196	3
231.4	14.3817	333.4256	5.2091	3
231.5	14.3733	332.571	5.2094	3
231.6	14.3648	331.685	5.2222	3
231.7	14.3562	330.9306	5.2207	3
231.8	14.3475	330.1495	5.2258	3
231.9	14.3389	329.2815	5.2162	3
232	14.3304	328.369	5.2056	3
232.1	14.3222	327.6092	5.2197	3
232.2	14.3138	326.7843	5.2136	3
232.3	14.3051	325.9364	5.2091	3
232.4	14.2965	325.1072	5.2187	3
232.5	14.2881	324.1808	5.2234	3
232.6	14.2797	323.4498	5.2229	3
232.7	14.2715	322.5406	5.2251	3
232.8	14.2631	321.7726	5.2196	3
232.9	14.2548	320.9221	5.2266	3
233	14.2463	320.0495	5.2304	3
233.1	14.2377	319.2672	5.2318	3
233.2	14.2294	318.3998	5.2367	3
233.3	14.2212	317.5201	5.2288	3
233.4	14.213	316.6767	5.223	3
233.5	14.2047	315.833	5.2277	3
233.6	14.1961	315.0902	5.2297	3
233.7	14.1877	314.2127	5.2243	3
233.8	14.1793	313.3892	5.2347	3
233.9	14.1709	312.6101	5.2411	3
234	14.1624	311.7429	5.2389	3
234.1	14.1539	310.881	5.2462	3
234.2	14.1456	310.0713	5.2412	3
234.3	14.1376	309.1568	5.2234	3
234.4	14.1295	308.3439	5.2169	3
234.5	14.1214	307.5168	5.222	3
234.6	14.1131	306.6854	5.2291	3
234.7	14.1047	305.879	5.2258	3
234.8	14.0965	304.985	5.2177	3
234.9	14.0885	304.1681	5.243	3
235	14.0806	303.3286	5.2528	3
235.1	14.0723	302.5075	5.2419	3
235.2	14.0641	301.6751	5.229	3
235.3	14.056	300.8579	5.2438	3
235.4	14.0479	300.0204	5.2519	3
235.5	14.0395	299.2702	5.226	3
235.6	14.0312	298.3957	5.2185	3
235.7	14.0225	297.5102	5.2244	3
235.8	14.0137	296.8166	5.2143	3
235.9	14.0051	295.9578	5.2133	3
236	13.9962	295.2121	5.214	3
236.1	13.9874	294.306	5.2058	3
236.2	13.9784	293.5235	5.2006	3
236.3	13.9696	292.6962	5.2092	3
236.4	13.9603	291.8808	5.2163	3
236.5	13.9509	291.1565	5.2201	3
236.6	13.9415	290.2408	5.2138	3
236.7	13.9321	289.4713	5.209	3
236.8	13.9228	288.597	5.2187	3
236.9	13.9133	287.8018	5.2307	3
237	13.9038	286.9775	5.2294	3
237.1	13.8943	286.0652	5.2244	3
237.2	13.8847	285.3638	5.2232	3
237.3	13.8749	284.502	5.2264	3
237.4	13.8652	283.6694	5.2316	3
237.5	13.8556	282.8113	5.2358	3
237.6	13.8459	281.8872	5.2337	3
237.7	13.8365	281.1207	5.2108	3
237.8	13.8271	280.2997	5.2067	3
237.9	13.8175	279.5	5.2099	3
238	13.808	278.6149	5.221	3
238.1	13.7982	277.8598	5.2185	3
238.2	13.7885	276.9731	5.2067	3
238.3	13.7789	276.0625	5.2049	3
238.4	13.7694	275.2888	5.2042	3
238.5	13.7597	274.4828	5.209	3
238.6	13.7497	273.7573	5.2129	3
238.7	13.7401	272.7936	5.2076	3
238.8	13.7307	271.8752	5.1967	3
238.9	13.7212	271.1784	5.1985	3
239	13.7114	270.3418	5.2019	3
239.1	13.7015	269.5644	5.2126	3
239.2	13.6914	268.7148	5.2177	3
239.3	13.6814	267.8944	5.2141	3
239.4	13.6713	267.0684	5.2044	3
239.5	13.6612	266.2253	5.1911	3
239.6	13.6513	265.3227	5.1844	3
239.7	13.6413	264.5523	5.1814	3
239.8	13.6313	263.7983	5.1866	3
239.9	13.6212	262.8866	5.2045	3
240	13.6111	262.07	5.1998	3
240.1	13.6009	261.223	5.208	3
240.2	13.5907	260.4366	5.2204	3
240.3	13.5806	259.6275	5.221	3
240.4	13.5704	258.6911	5.2191	3
240.5	13.5601	257.9065	5.2161	3
240.6	13.5502	256.9971	5.2241	3
240.7	13.5404	256.189	5.2281	3
240.8	13.5307	255.3876	5.2188	3
240.9	13.5205	254.5688	5.2078	3
241	13.5102	253.7344	5.2202	3
241.1	13.5004	252.8218	5.2248	3
241.2	13.4906	252.0212	5.2233	3
241.3	13.4806	251.1835	5.2202	3
241.4	13.4706	250.3856	5.2097	3
241.5	13.4608	249.5606	5.2058	3
241.6	13.4506	248.677	5.2227	3
241.7	13.4405	247.975	5.2283	3
241.8	13.4301	247.1375	5.2194	3
241.9	13.4198	246.2196	5.2125	3
242	13.4097	245.4297	5.2142	3
242.1	13.3994	244.585	5.218	3
242.2	13.3892	243.8044	5.223	3
242.3	13.3788	242.9759	5.2276	3
242.4	13.3681	242.1319	5.2335	3
242.5	13.3575	241.4083	5.2353	3
242.6	13.3469	240.4971	5.2337	3
242.7	13.3363	239.7014	5.2218	3
242.8	13.3257	238.7782	5.2204	3
242.9	13.3151	238.0029	5.2137	3
243	13.3045	237.157	5.2079	3
243.1	13.294	236.268	5.212	3
243.2	13.2833	235.4458	5.2132	3
243.3	13.2727	234.6943	5.2123	3
243.4	13.262	233.8051	5.2158	3
243.5	13.2517	232.855	5.2255	3
243.6	13.2418	231.9977	5.2239	3
243.7	13.2318	231.1527	5.2128	3
243.8	13.2219	230.3401	5.196	3
243.9	13.2119	229.5248	5.2076	3
244	13.202	228.6872	5.2084	3
244.1	13.1921	227.8187	5.2037	3
244.2	13.1824	227.023	5.2101	3
244.3	13.1726	226.1498	5.201	3
244.4	13.1626	225.3268	5.2055	3
244.5	13.1526	224.5561	5.2188	3
244.6	13.1426	223.707	5.2163	3
244.7	13.1325	222.8936	5.208	3
244.8	13.1223	222.0829	5.2083	3
244.9	13.112	221.2738	5.2011	3
245	13.102	220.4048	5.2106	3
245.1	13.0919	219.5951	5.2087	3
245.2	13.0821	218.6421	5.2061	3
245.3	13.0724	217.8264	5.2077	3
245.4	13.0626	217.0264	5.2116	3
245.5	13.0526	216.1684	5.2147	3
245.6	13.0426	215.3766	5.2209	3
245.7	13.0327	214.484	5.207	3
245.8	13.0226	213.724	5.201	3
245.9	13.0122	212.8907	5.2047	3
246	13.002	212.1042	5.206	3
246.1	12.9916	211.2779	5.209	3
246.2	12.9811	210.4361	5.1982	3
246.3	12.9707	209.5962	5.2059	3
246.4	12.9602	208.7139	5.2218	3
246.5	12.95	207.9339	5.2311	3
246.6	12.9398	207.1356	5.2245	3
246.7	12.9294	206.3242	5.2073	3
246.8	12.9189	205.4604	5.2001	3
246.9	12.9085	204.6307	5.2047	3
247	12.8983	203.8074	5.2101	3
247.1	12.8876	202.9006	5.2162	3
247.2	12.8772	202.1789	5.2206	3
247.3	12.8666	201.3487	5.2272	3
247.4	12.8559	200.4952	5.2275	3
247.5	12.8453	199.6287	5.2355	3
247.6	12.8349	198.8129	5.2279	3
247.7	12.8245	197.9375	5.2145	3
247.8	12.8138	197.1269	5.2047	3
247.9	12.8032	196.2658	5.2071	3
248	12.7926	195.4277	5.2123	3
248.1	12.7824	194.7069	5.2189	3
248.2	12.7718	193.7904	5.2393	3
248.3	12.7609	192.9871	5.2417	3
248.4	12.7502	192.1801	5.22	3
248.5	12.7395	191.3433	5.2056	3
248.6	12.7286	190.4969	5.2082	3
248.7	12.7179	189.709	5.212	3
248.8	12.7071	188.9345	5.2182	3
248.9	12.696	188.1022	5.2105	3
249	12.6847	187.3366	5.2146	3
249.1	12.6733	186.4977	5.2163	3
249.2	12.6618	185.628	5.2113	3
249.3	12.6506	184.8246	5.2162	3
249.4	12.6391	183.9953	5.2176	3
249.5	12.6275	183.204	5.2256	3
249.6	12.6159	182.3829	5.2197	3
249.7	12.6041	181.5998	5.218	3
249.8	12.5922	180.751	5.2128	3
249.9	12.5801	179.9202	5.2113	3
250	12.5681	179.1687	5.2199	3
250.1	12.5556	178.3255	5.2253	3
250.2	12.5432	177.5741	5.237	3
250.3	12.5312	176.5946	5.2233	3
250.4	12.5191	175.7451	5.2157	3
250.5	12.5068	174.9305	5.2198	3
250.6	12.4944	174.1281	5.223	3
250.7	12.4826	173.2528	5.228	3
250.8	12.4706	172.3856	5.2224	3
250.9	12.4585	171.7103	5.2055	3
251	12.4461	170.8707	5.2056	3
251.1	12.4335	170.0032	5.2249	3
251.2	12.4213	169.1478	5.2247	3
251.3	12.4091	168.3055	5.2237	3
251.4	12.3971	167.4162	5.2294	3
251.5	12.3851	166.5397	5.218	3
251.6	12.3734	165.7417	5.209	3
251.7	12.3619	164.778	5.2194	3
251.8	12.3503	163.886	5.2225	3
251.9	12.339	163.0866	5.2065	3
252	12.3278	162.321	5.1999	3
252.1	12.3163	161.4714	5.2112	3
252.2	12.305	160.5987	5.2174	3
252.3	12.2937	159.8366	5.2191	3
252.4	12.2822	158.9786	5.2268	3
252.5	12.2705	158.1824	5.2368	3
252.6	12.2586	157.4074	5.2224	3
252.7	12.2467	156.5503	5.2066	3
252.8	12.2349	155.7084	5.2291	3
252.9	12.2231	154.9413	5.2389	3
253	12.2109	154.1263	5.2312	3
253.1	12.1987	153.3337	5.2468	3
253.2	12.1863	152.5072	5.2613	3
253.3	12.1739	151.6986	5.2378	3
253.4	12.1615	150.8158	5.2237	3
253.5	12.149	149.9271	5.2331	3
253.6	12.1365	149.1623	5.2325	3
253.7	12.1239	148.4318	5.2324	3
253.8	12.1114	147.5349	5.2255	3
253.9	12.0988	146.7625	5.2224	3
254	12.0859	145.9491	5.2283	3
254.1	12.0732	145.0989	5.2273	3
254.2	12.0605	144.2013	5.2309	3
254.3	12.0475	143.4816	5.2301	3
254.4	12.0345	142.7197	5.2252	3
254.5	12.0213	141.7689	5.2222	3
254.6	12.008	140.9373	5.2219	3
254.7	11.9947	140.2425	5.2323	3
254.8	11.9811	139.3849	5.2358	3
254.9	11.9676	138.4986	5.2334	3
255	11.9543	137.671	5.2278	3
255.1	11.9409	136.8586	5.2289	3
255.2	11.9275	136.0835	5.2232	3
255.3	11.9139	135.1744	5.222	3
255.4	11.9004	134.3749	5.2211	3
255.5	11.887	133.5891	5.216	3
255.6	11.8733	132.7661	5.2227	3
255.7	11.8596	131.889	5.2305	3
255.8	11.8461	131.0388	5.2243	3
255.9	11.8323	130.254	5.2217	3
256	11.8183	129.4309	5.2198	3
256.1	11.8043	128.6168	5.2056	3
256.2	11.7905	127.8495	5.2119	3
256.3	11.7766	126.9997	5.2228	3
256.4	11.7623	126.1674	5.205	3
256.5	11.7479	125.3256	5.2045	3
256.6	11.7336	124.5014	5.2281	3
256.7	11.7193	123.738	5.2285	3
256.8	11.705	122.9326	5.2235	3
256.9	11.6903	122.1267	5.2178	3
257	11.6754	121.2568	5.214	3
257.1	11.6607	120.4016	5.2187	3
257.2	11.6461	119.6521	5.2216	3
257.3	11.6313	118.8418	5.2162	3
257.4	11.6162	118.0156	5.2174	3
257.5	11.6012	117.1534	5.2184	3
257.6	11.5861	116.3405	5.2058	3
257.7	11.571	115.5697	5.2064	3
257.8	11.5556	114.7264	5.2122	3
257.9	11.5402	113.9348	5.2101	3
258	11.5248	113.0615	5.2107	3
258.1	11.5091	112.2701	5.2221	3
258.2	11.4932	111.4845	5.2334	3
258.3	11.4775	110.6084	5.2431	3
258.4	11.462	109.8145	5.2482	3
258.5	11.4461	108.9627	5.2429	3
258.6	11.4303	108.0985	5.231	3
258.7	11.4147	107.2937	5.224	3
258.8	11.399	106.5127	5.2181	3
258.9	11.3828	105.7704	5.2124	3
259	11.3664	104.908	5.2087	3
259.1	11.3502	104.0219	5.2029	3
259.2	11.3341	103.2623	5.2066	3
259.3	11.3174	102.4351	5.2133	3
259.4	11.3008	101.6755	5.2282	3
259.5	11.2842	100.8319	5.231	3
259.6	11.2677	100.0168	5.2294	3
259.7	11.2515	99.2014	5.2244	3
259.8	11.2352	98.3133	5.2139	3
259.9	11.2184	97.5215	5.2139	3
260	11.2014	96.6954	5.2251	3
260.1	11.1842	95.8713	5.2259	3
260.2	11.167	95.0599	5.2369	3
260.3	11.1499	94.2112	5.2412	3
260.4	11.1327	93.4631	5.2264	3
260.5	11.1153	92.6271	5.2312	3
260.6	11.0979	91.8151	5.2231	3
260.7	11.0802	90.9714	5.214	3
260.8	11.0626	90.1324	5.2196	3
260.9	11.0451	89.3017	5.2128	3
261	11.0275	88.4631	5.2104	3
261.1	11.0097	87.639	5.2158	3
261.2	10.992	86.8107	5.2127	3
261.3	10.9744	86.0169	5.2277	3
261.4	10.9567	85.1922	5.2268	3
261.5	10.9389	84.3559	5.2252	3
261.6	10.9211	83.5476	5.2384	3
261.7	10.9031	82.7139	5.2298	3
261.8	10.8852	81.8856	5.2275	3
261.9	10.8673	81.0745	5.234	3
262	10.8492	80.2422	5.2455	3
262.1	10.831	79.3779	5.2381	3
262.2	10.8127	78.548	5.2307	3
262.3	10.7944	77.819	5.2477	3
262.4	10.7759	76.9202	5.2405	3
262.5	10.7575	76.1294	5.2276	3
262.6	10.739	75.3312	5.2349	3
262.7	10.7205	74.4905	5.2309	3
262.8	10.7019	73.6893	5.2323	3
262.9	10.683	72.8652	5.2408	3
263	10.664	72.0688	5.2433	3
263.1	10.6452	71.1959	5.2375	3
263.2	10.6262	70.4066	5.2354	3
263.3	10.6068	69.6679	5.2292	3
263.4	10.5872	68.8342	5.2317	3
263.5	10.5677	67.9877	5.2302	3
263.6	10.5481	67.1701	5.2311	3
263.7	10.5287	66.4082	5.2379	3
263.8	10.5089	65.5231	5.2389	3
263.9	10.489	64.6945	5.2276	3
264	10.4691	63.9176	5.2204	3
264.1	10.4489	63.1196	5.2274	3
264.2	10.4288	62.3456	5.2333	3
264.3	10.4085	61.4223	5.2357	3
264.4	10.3882	60.6224	5.2335	3
264.5	10.368	59.8071	5.2232	3
264.6	10.3478	59.0119	5.2081	3
264.7	10.3271	58.2027	5.204	3
264.8	10.3062	57.4252	5.1991	3
264.9	10.2854	56.6014	5.194	3
265	10.2647	55.833	5.2044	3
265.1	10.2437	54.9996	5.2051	3
265.2	10.2225	54.1352	5.2084	3
265.3	10.2012	53.3958	5.2154	3
265.4	10.1794	52.5786	5.2114	3
265.5	10.1577	51.7218	5.2103	3
265.6	10.1359	50.9067	5.2146	3
265.7	10.114	50.1544	5.2139	3
265.8	10.0921	49.2893	5.21	3
265.9	10.0698	48.5901	5.2185	3
266	10.0473	47.7413	5.2232	3
266.1	10.0247	46.9439	5.2244	3
266.2	10.0018	46.0726	5.225	3
266.3	9.9789	45.263	5.2199	3
266.4	9.9561	44.4673	5.2138	3
266.5	9.9332	43.6562	5.2035	3
266.6	9.9102	42.8758	5.2041	3
266.7	9.8869	42.0223	5.2152	3
266.8	9.8635	41.2556	5.2245	3
266.9	9.8401	40.454	5.2255	3
267	9.8163	39.6215	5.2254	3
267.1	9.7923	38.8079	5.2119	3
267.2	9.7681	38.0571	5.2072	3
267.3	9.7437	37.3234	5.2082	3
267.4	9.719	36.394	5.2132	3
267.5	9.6945	35.5845	5.2177	3
267.6	9.6698	34.8637	5.2141	3
267.7	9.645	34.0188	5.2119	3
267.8	9.62	33.238	5.2099	3
267.9	9.595	32.4026	5.2014	3
268	9.5697	31.6722	5.2109	3
268.1	9.5438	30.8591	5.2129	3
268.2	9.5176	30.0376	5.2125	3
268.3	9.4915	29.227	5.2231	3
268.4	9.4651	28.4616	5.2421	3
268.5	9.4382	27.707	5.2488	3
268.6	9.4115	26.833	5.2307	3
268.7	9.385	26.1076	5.2251	3
268.8	9.3577	25.3171	5.2423	3
268.9	9.3301	24.5109	5.2487	3
269	9.3023	23.6826	5.2364	3
269.1	9.2746	22.847	5.2236	3
269.2	9.2467	22.0657	5.2112	3
269.3	9.2187	21.263	5.218	3
269.4	9.1906	20.4597	5.2215	3
269.5	9.1621	19.7124	5.2135	3
269.6	9.1333	18.9307	5.2167	3
269.7	9.1043	18.1831	5.226	3
269.8	9.0747	17.4316	5.2163	3
269.9	9.045	16.6344	5.2157	3
270	9.0151	15.8378	5.2206	3
270.1	8.9847	15.0685	5.2086	3
270.2	8.9539	14.2954	5.2018	3
270.3	8.9228	13.4974	5.2046	3
270.4	8.8914	12.8222	5.2006	3
270.5	8.8594	12.0842	5.1934	4
270.6	8.827	11.2908	5.1918	4
270.7	8.7947	10.6751	5.1947	4
270.8	8.7588	8.8799	5.205	4
270.9	8.631	-7.3548	5.2111	4
271	8.3008	-35.1709	5.2185	4
271.1	7.8658	-50.696	5.2113	4
271.2	7.4033	-56.96	5.2195	4
271.3	6.9267	-59.5215	5.2175	4
271.4	6.4415	-59.9513	5.2101	4
271.5	5.9509	-58.9513	5.21	4
271.6	5.4561	-57.0981	5.2075	4
271.7	4.9581	-54.376	5.209	4
271.8	4.4577	-51.1184	5.2149	4
271.9	3.9559	-48.0635	5.2097	4
272	3.4528	-45.4031	5.2037	4
272.1	2.9489	-42.9709	5.1986	4
272.2	2.4431	-40.6956	5.2048	4
272.3	1.9363	-38.6806	5.2181	4
272.4	1.428	-36.3971	5.2145	4
272.5	0.9182	-33.4383	5.2054	4
272.6	0.4082	-30.7792	5.2142	4
272.7	-0.1025	-28.496	5.2215	4
272.8	-0.6134	-26.2915	5.2106	4
272.9	-1.1246	-24.7621	5.2018	4
273	-1.6364	-23.5212	5.1982	4
273.1	-2.1488	-22.3052	5.1963	4
273.2	-2.6611	-21.3881	5.1896	4
273.3	-3.1735	-20.6316	5.1991	4
273.4	-3.686	-20.0319	5.1956	4
273.5	-4.1984	-19.5152	5.1998	4
273.6	-4.7106	-19.1265	5.2096	4
273.7	-5.2243	-18.6105	5.2076	4
273.8	-5.7045	-17.9341	5.1998	4
273.9	-6.0345	-17.1894	5.2014	4
274	-6.24	-16.7677	5.2052	4
274.1	-6.4189	-16.5352	5.2117	4
274.2	-6.5906	-16.4331	5.2159	4
274.3	-6.7579	-16.2299	5.2164	4
274.4	-6.9225	-16.1437	5.2162	4
274.5	-7.0852	-15.9716	5.2204	4
274.6	-7.2467	-15.8899	5.2316	4
274.7	-7.4076	-15.7647	5.2437	4
274.8	-7.5677	-15.6682	5.2423	4
274.9	-7.7275	-15.6755	5.2421	4
275	-7.8867	-15.6618	5.2356	4
275.1	-8.0453	-15.5813	5.2355	4
275.2	-8.2038	-15.5376	5.2392	4
275.3	-8.3625	-15.4836	5.2358	4
275.4	-8.5211	-15.4506	5.2294	4
