Indentation

 + Advanced

+ Advanced
   Acquisition rate :	10.0 [Hz]
   Linear loading
   Max load :	1000.00 	µN
   Loading rate :	500.00 	µN/min
   Unloading rate :	500.00 	µN/min
   Pause :	30.0 s

+ TTX - UNHT Bio S/N: 1000136751 settings
   Fn contact : 25 µN
   Approach distance : 20 µm
   Approach speed : 100 µm/min
   Retract speed : 200 µm/min
   Retract time : 5 sec
   Dz sensor in large range
   Load in fine range
   FnRef in fine range
   FnRef contactload :500.000 µN
   Stiffness threshold : 1 µN/µm

   X Position :8879.40 µm
   Y Position :36804.57 µm
   Z Position :7458.31 µm

Date :6/9/2026
Time :12:02:03 PM

Analysis n # 1

   Method :	Hertz

 + Parameters

  Load Fit [10%,98%]

 + Main results

   EHz=	798.9 	kPa

 + Hypothesis


 + Additional results

   ErHz=	877.90 kPa
   h offset=	2.94 µm
   R2=	1.00

Analysis n # 2

   Method :	Oliver & Pharr

 + Parameters

  Unload Fit [40%,98%]

 + Main results

   HIT=	27.218 	kPa
   EIT=	983.72 	kPa
   E*=	1081 	kPa

 + Hypothesis

   !!! Indenter not calibrated !!!
   m out of O&P hypothesis
   Poisson's ratio(nu)=	0.30 

 + Additional results

   HVIT=	0.0027745 	 Vickers
   CIT 0.001/120/30=	4.23 	%
   nIT=	63.96 %
   Fmax=	997.00 	µN
   hmax=	14.90 	µm
   S=	233.4576 	µN/µm
   F/S²=	0.0183 	µm²/µN
   hc=	11.80 	µm
   hr=	10.63 	µm
   hp=	-145.49 	µm
   m=	37.5567 
   Epsilon=	0.73 
   R2=	1.025
   Ap=	36630.72 	µm²
   Welast=	3267.63 pJ
   Wplast=	1841.30 pJ
   Wtotal=	5108.93 pJ
   Er=	1081 	kPa

Measured values
Time (s)	Pd (µm)	Fn (µN)	FnRef (µN)	SegmentID

0	0	0	5.1669	0
0.1	0.1809	0.3012	5.1697	0
0.2	0.3608	0.6369	5.1757	1
0.3	0.54	1.1972	5.1688	1
0.4	0.7186	1.8292	5.1586	1
0.5	0.8945	2.6266	5.1663	1
0.6	1.0347	3.061	5.1575	1
0.7	1.1099	3.2346	5.1497	1
0.8	1.1606	3.4229	5.1625	1
0.9	1.2084	3.752	5.154	1
1	1.2555	3.9697	5.1345	1
1.1	1.3033	4.1197	5.1443	1
1.2	1.3517	4.4491	5.1466	1
1.3	1.4013	4.8368	5.1516	1
1.4	1.4529	5.1905	5.1423	1
1.5	1.5056	5.6135	5.1543	1
1.6	1.5599	6.05	5.1794	1
1.7	1.6154	6.4874	5.1782	1
1.8	1.6722	7.0735	5.156	1
1.9	1.7303	7.5869	5.151	1
2	1.7896	8.1897	5.1478	1
2.1	1.8503	8.8437	5.147	1
2.2	1.9118	9.5162	5.1507	1
2.3	1.9739	10.2148	5.1513	1
2.4	2.0365	11.0031	5.1602	1
2.5	2.0994	11.848	5.1472	1
2.6	2.1624	12.6475	5.1346	1
2.7	2.2253	13.5431	5.128	1
2.8	2.2877	14.4862	5.1348	1
2.9	2.3497	15.4282	5.1351	1
3	2.4117	16.4223	5.1209	1
3.1	2.4726	17.4771	5.1307	1
3.2	2.5324	18.4979	5.1437	1
3.3	2.5914	19.5523	5.1388	1
3.4	2.6489	20.604	5.1428	1
3.5	2.7053	21.6114	5.1459	1
3.6	2.7607	22.6581	5.1438	1
3.7	2.8152	23.678	5.1424	1
3.8	2.869	24.6644	5.1434	1
3.9	2.9216	25.8525	5.1604	1
4	2.9725	26.9008	5.1612	1
4.1	3.0222	27.9048	5.1515	1
4.2	3.0709	28.9231	5.1564	1
4.3	3.1185	29.9734	5.1548	1
4.4	3.165	31.0633	5.1491	1
4.5	3.2099	32.1209	5.142	1
4.6	3.2538	33.1448	5.1493	1
4.7	3.2967	34.1366	5.1505	1
4.8	3.3385	35.1646	5.1617	1
4.9	3.3791	36.188	5.1507	1
5	3.4191	37.2041	5.1368	1
5.1	3.4577	38.2651	5.1342	1
5.2	3.4953	39.1874	5.1288	1
5.3	3.5325	40.116	5.135	1
5.4	3.5684	41.1649	5.1427	1
5.5	3.603	42.1559	5.1546	1
5.6	3.6371	43.1223	5.1565	1
5.7	3.6702	44.0115	5.1443	1
5.8	3.7032	44.9488	5.1505	1
5.9	3.7354	45.9407	5.1518	1
6	3.7668	46.8514	5.1563	1
6.1	3.798	47.6996	5.1574	1
6.2	3.8285	48.6795	5.1758	1
6.3	3.8586	49.5646	5.1856	1
6.4	3.8884	50.4451	5.1679	1
6.5	3.9174	51.3295	5.154	1
6.6	3.9464	52.2173	5.1561	1
6.7	3.9751	53.0034	5.1559	1
6.8	4.0037	53.8564	5.1546	1
6.9	4.032	54.7086	5.1524	1
7	4.0602	55.6175	5.1509	1
7.1	4.0881	56.5455	5.1479	1
7.2	4.1153	57.448	5.1495	1
7.3	4.1421	58.3285	5.1529	1
7.4	4.1688	59.2293	5.1514	1
7.5	4.1949	60.129	5.1594	1
7.6	4.2205	60.9587	5.174	1
7.7	4.2461	61.8666	5.1691	1
7.8	4.2712	62.7809	5.1394	1
7.9	4.2961	63.6267	5.1281	1
8	4.3206	64.512	5.1538	1
8.1	4.3449	65.3656	5.1609	1
8.2	4.3691	66.2512	5.1582	1
8.3	4.3931	67.0941	5.159	1
8.4	4.4168	67.9758	5.1496	1
8.5	4.4403	68.8242	5.1502	1
8.6	4.4634	69.766	5.1572	1
8.7	4.4865	70.6118	5.1735	1
8.8	4.5093	71.4373	5.1672	1
8.9	4.532	72.2624	5.1548	1
9	4.5545	73.1223	5.1499	1
9.1	4.5769	74.0286	5.1538	1
9.2	4.5992	74.9223	5.1544	1
9.3	4.6211	75.7861	5.1436	1
9.4	4.6427	76.6075	5.1323	1
9.5	4.6641	77.4864	5.1314	1
9.6	4.6855	78.3168	5.1295	1
9.7	4.7067	79.1989	5.1381	1
9.8	4.7277	79.9966	5.1458	1
9.9	4.7489	80.7817	5.1424	1
10	4.7703	81.5939	5.142	1
10.1	4.7917	82.479	5.1525	1
10.2	4.8124	83.3995	5.1564	1
10.3	4.833	84.2638	5.1533	1
10.4	4.8534	85.147	5.1548	1
10.5	4.8736	85.999	5.1528	1
10.6	4.8937	86.8875	5.1601	1
10.7	4.9135	87.7681	5.167	1
10.8	4.9331	88.5969	5.1693	1
10.9	4.9526	89.4266	5.1558	1
11	4.9719	90.2784	5.1605	1
11.1	4.9909	91.151	5.1638	1
11.2	5.0099	92.0281	5.1617	1
11.3	5.0286	92.9173	5.1513	1
11.4	5.0472	93.7394	5.1571	1
11.5	5.0659	94.5104	5.1585	1
11.6	5.0849	95.342	5.1566	1
11.7	5.1038	96.1949	5.1727	1
11.8	5.1227	97.0142	5.1762	1
11.9	5.1415	97.8827	5.1671	1
12	5.1599	98.77	5.1486	1
12.1	5.1782	99.5771	5.1475	1
12.2	5.1964	100.4528	5.1649	1
12.3	5.2145	101.3242	5.173	1
12.4	5.2324	102.2013	5.1747	1
12.5	5.2501	103.0667	5.1807	1
12.6	5.2676	103.8614	5.1714	1
12.7	5.2848	104.7421	5.1674	1
12.8	5.3019	105.6721	5.1678	1
12.9	5.3192	106.4272	5.1727	1
13	5.3364	107.3221	5.1687	1
13.1	5.3535	108.1783	5.1587	1
13.2	5.3705	109.0442	5.1629	1
13.3	5.3872	109.8292	5.1555	1
13.4	5.4038	110.6757	5.1544	1
13.5	5.4204	111.4844	5.1654	1
13.6	5.437	112.3223	5.1731	1
13.7	5.4538	113.163	5.1702	1
13.8	5.4704	114.0465	5.1571	1
13.9	5.4867	114.8861	5.1632	1
14	5.5028	115.8454	5.1598	1
14.1	5.5189	116.6578	5.1543	1
14.2	5.5347	117.4524	5.1524	1
14.3	5.5507	118.3721	5.1471	1
14.4	5.5662	119.2864	5.1371	1
14.5	5.5814	120.1181	5.1345	1
14.6	5.5961	121.0196	5.1377	1
14.7	5.6108	121.8366	5.1429	1
14.8	5.6257	122.7189	5.1417	1
14.9	5.6404	123.5401	5.1352	1
15	5.6551	124.3392	5.1329	1
15.1	5.6697	125.1607	5.133	1
15.2	5.6843	125.9716	5.139	1
15.3	5.6992	126.8123	5.1363	1
15.4	5.7139	127.6813	5.1313	1
15.5	5.7284	128.5251	5.1333	1
15.6	5.7427	129.4154	5.1413	1
15.7	5.7571	130.2563	5.1513	1
15.8	5.7714	131.0863	5.1437	1
15.9	5.7856	131.905	5.1257	1
16	5.7997	132.7476	5.1316	1
16.1	5.8137	133.5704	5.1315	1
16.2	5.8276	134.4594	5.1308	1
16.3	5.8414	135.3495	5.1381	1
16.4	5.8549	136.2136	5.1451	1
16.5	5.8687	137.0159	5.1451	1
16.6	5.8826	137.7923	5.1496	1
16.7	5.8963	138.638	5.1532	1
16.8	5.9099	139.4881	5.1464	1
16.9	5.9234	140.4302	5.1394	1
17	5.9368	141.2646	5.144	1
17.1	5.9501	142.1197	5.1532	1
17.2	5.9632	142.9339	5.1502	1
17.3	5.9765	143.6586	5.1572	1
17.4	5.99	144.4557	5.1671	1
17.5	6.0037	145.2691	5.1572	1
17.6	6.0177	145.9995	5.1504	1
17.7	6.0323	146.7901	5.1439	1
17.8	6.047	147.6323	5.154	1
17.9	6.0612	148.5101	5.1654	1
18	6.0752	149.3783	5.1534	1
18.1	6.0889	150.2883	5.153	1
18.2	6.1027	151.0947	5.1538	1
18.3	6.1165	152.0153	5.1509	1
18.4	6.13	152.8718	5.1535	1
18.5	6.1435	153.6688	5.1448	1
18.6	6.1568	154.544	5.1499	1
18.7	6.1698	155.4256	5.1566	1
18.8	6.183	156.2637	5.159	1
18.9	6.1961	157.1164	5.1682	1
19	6.2089	157.9421	5.1741	1
19.1	6.2215	158.7875	5.1661	1
19.2	6.2343	159.6637	5.1533	1
19.3	6.2469	160.4606	5.153	1
19.4	6.2593	161.3589	5.1492	1
19.5	6.2718	162.1642	5.1467	1
19.6	6.2844	162.9707	5.1532	1
19.7	6.297	163.8253	5.1668	1
19.8	6.3094	164.7004	5.1716	1
19.9	6.3215	165.566	5.1764	1
20	6.3338	166.3468	5.1801	1
20.1	6.3463	167.1513	5.1717	1
20.2	6.3592	167.9866	5.1848	1
20.3	6.3718	168.8254	5.1879	1
20.4	6.3843	169.6063	5.1751	1
20.5	6.397	170.4077	5.163	1
20.6	6.4097	171.2447	5.1493	1
20.7	6.4225	172.0318	5.1489	1
20.8	6.4353	172.8997	5.1576	1
20.9	6.4481	173.7222	5.1634	1
21	6.461	174.5743	5.1644	1
21.1	6.4739	175.3779	5.1672	1
21.2	6.4868	176.2526	5.1576	1
21.3	6.4996	177.1301	5.1507	1
21.4	6.512	177.9256	5.1528	1
21.5	6.5244	178.8629	5.1463	1
21.6	6.5368	179.6638	5.1388	1
21.7	6.549	180.592	5.1254	1
21.8	6.561	181.396	5.1165	1
21.9	6.5729	182.2225	5.119	1
22	6.5849	183.0377	5.1467	1
22.1	6.5964	183.8081	5.1561	1
22.2	6.6081	184.6711	5.1501	1
22.3	6.6201	185.488	5.1399	1
22.4	6.6322	186.3757	5.1398	1
22.5	6.6445	187.2094	5.1574	1
22.6	6.6568	187.997	5.1571	1
22.7	6.669	188.823	5.15	1
22.8	6.6812	189.7117	5.1517	1
22.9	6.6932	190.615	5.1501	1
23	6.7049	191.41	5.1442	1
23.1	6.7168	192.2376	5.14	1
23.2	6.7289	193.0729	5.1431	1
23.3	6.7409	193.8898	5.1536	1
23.4	6.753	194.7135	5.1532	1
23.5	6.7649	195.545	5.1593	1
23.6	6.7767	196.4112	5.1558	1
23.7	6.7888	197.2728	5.1536	1
23.8	6.8004	198.1287	5.1439	1
23.9	6.8119	198.9273	5.1354	1
24	6.8237	199.6977	5.1443	1
24.1	6.8357	200.5513	5.1576	1
24.2	6.8478	201.4209	5.1567	1
24.3	6.8598	202.2607	5.1511	1
24.4	6.8717	203.1151	5.1489	1
24.5	6.8834	203.8474	5.1437	1
24.6	6.8953	204.6779	5.1474	1
24.7	6.9073	205.4999	5.1448	1
24.8	6.9192	206.3216	5.1405	1
24.9	6.9312	207.1731	5.1375	1
25	6.9433	207.9627	5.1441	1
25.1	6.9558	208.7937	5.157	1
25.2	6.9682	209.6555	5.146	1
25.3	6.9804	210.469	5.141	1
25.4	6.9926	211.361	5.155	1
25.5	7.0047	212.2044	5.1436	1
25.6	7.0167	213.0683	5.1412	1
25.7	7.0285	213.9351	5.1641	1
25.8	7.0401	214.7931	5.1709	1
25.9	7.0516	215.6389	5.1684	1
26	7.0633	216.3914	5.1585	1
26.1	7.0749	217.2502	5.1592	1
26.2	7.0865	218.1173	5.1631	1
26.3	7.0982	218.967	5.1578	1
26.4	7.1098	219.8111	5.1655	1
26.5	7.1212	220.6013	5.1631	1
26.6	7.1326	221.5291	5.1574	1
26.7	7.1438	222.3241	5.1591	1
26.8	7.1547	223.2842	5.1572	1
26.9	7.1655	224.1204	5.1462	1
27	7.1763	224.9604	5.149	1
27.1	7.1871	225.8417	5.1571	1
27.2	7.1978	226.6138	5.1504	1
27.3	7.2082	227.4853	5.1437	1
27.4	7.2191	228.2123	5.1486	1
27.5	7.2298	229.0896	5.1518	1
27.6	7.2408	229.8947	5.1499	1
27.7	7.2515	230.7846	5.1547	1
27.8	7.2623	231.6008	5.1614	1
27.9	7.2729	232.4599	5.1528	1
28	7.2833	233.3083	5.14	1
28.1	7.2939	234.0626	5.1352	1
28.2	7.3048	234.8522	5.1353	1
28.3	7.3158	235.6935	5.1382	1
28.4	7.3266	236.5036	5.1371	1
28.5	7.3377	237.4228	5.1549	1
28.6	7.3487	238.2289	5.1686	1
28.7	7.3597	239.0715	5.156	1
28.8	7.3704	239.8995	5.1417	1
28.9	7.381	240.7773	5.1527	1
29	7.3916	241.5905	5.1558	1
29.1	7.4023	242.433	5.15	1
29.2	7.4131	243.2793	5.1471	1
29.3	7.4234	244.1218	5.1512	1
29.4	7.4335	244.9862	5.1527	1
29.5	7.4436	245.8564	5.1522	1
29.6	7.4537	246.7188	5.1612	1
29.7	7.4636	247.5718	5.1603	1
29.8	7.4732	248.4779	5.1668	1
29.9	7.483	249.2607	5.1758	1
30	7.4929	250.0487	5.1678	1
30.1	7.5029	250.8847	5.1536	1
30.2	7.5128	251.7004	5.1469	1
30.3	7.5228	252.5408	5.1553	1
30.4	7.533	253.3821	5.1618	1
30.5	7.5427	254.2989	5.1459	1
30.6	7.5524	255.1612	5.1422	1
30.7	7.562	255.9581	5.1453	1
30.8	7.5716	256.7873	5.1403	1
30.9	7.5813	257.6486	5.1356	1
31	7.5908	258.4886	5.1335	1
31.1	7.6	259.3024	5.1518	1
31.2	7.6095	260.1299	5.1599	1
31.3	7.6188	260.9461	5.1568	1
31.4	7.6282	261.844	5.165	1
31.5	7.6375	262.624	5.1617	1
31.6	7.6471	263.4504	5.1609	1
31.7	7.6565	264.3833	5.1653	1
31.8	7.6654	265.267	5.1616	1
31.9	7.6742	266.1533	5.1748	1
32	7.6831	266.8905	5.1686	1
32.1	7.6924	267.6189	5.1491	1
32.2	7.7021	268.3682	5.154	1
32.3	7.7121	269.0661	5.1702	1
32.4	7.7224	269.8256	5.1674	1
32.5	7.7328	270.7575	5.1491	1
32.6	7.743	271.5922	5.1413	1
32.7	7.7533	272.4773	5.1505	1
32.8	7.7636	273.3369	5.1521	1
32.9	7.7737	274.1779	5.1497	1
33	7.7838	274.9911	5.1522	1
33.1	7.7939	275.7739	5.1472	1
33.2	7.8045	276.5697	5.1528	1
33.3	7.815	277.3942	5.1699	1
33.4	7.8254	278.2258	5.1515	1
33.5	7.8358	279.0542	5.1361	1
33.6	7.8462	279.9295	5.1381	1
33.7	7.8566	280.7977	5.144	1
33.8	7.8668	281.6594	5.1491	1
33.9	7.8768	282.5396	5.1475	1
34	7.8868	283.4028	5.141	1
34.1	7.8964	284.3209	5.1523	1
34.2	7.906	285.1278	5.1611	1
34.3	7.9153	285.9634	5.1623	1
34.4	7.9249	286.8072	5.1935	1
34.5	7.9343	287.5949	5.1923	1
34.6	7.9439	288.4407	5.1701	1
34.7	7.9535	289.2682	5.1733	1
34.8	7.9632	290.0884	5.1725	1
34.9	7.9729	290.8509	5.1763	1
35	7.9827	291.6751	5.1607	1
35.1	7.9924	292.5604	5.1516	1
35.2	8.002	293.4739	5.1594	1
35.3	8.0114	294.3222	5.1675	1
35.4	8.0207	295.1511	5.1614	1
35.5	8.0299	295.9734	5.1639	1
35.6	8.0391	296.8387	5.1769	1
35.7	8.0481	297.6544	5.1701	1
35.8	8.0575	298.4923	5.1732	1
35.9	8.0667	299.335	5.1825	1
36	8.0756	300.2224	5.1736	1
36.1	8.0844	301.071	5.1903	1
36.2	8.0934	301.9023	5.1957	1
36.3	8.1024	302.7908	5.1897	1
36.4	8.111	303.6696	5.1893	1
36.5	8.1195	304.4508	5.1855	1
36.6	8.1279	305.2401	5.1925	1
36.7	8.1367	306.0543	5.2022	1
36.8	8.1458	306.8552	5.1901	1
36.9	8.1551	307.646	5.177	1
37	8.1646	308.3531	5.1719	1
37.1	8.1743	309.2044	5.1757	1
37.2	8.1841	310.0445	5.1855	1
37.3	8.1939	310.881	5.1803	1
37.4	8.2036	311.6485	5.1662	1
37.5	8.2134	312.4621	5.1652	1
37.6	8.2233	313.3666	5.1585	1
37.7	8.2332	314.167	5.1589	1
37.8	8.2429	314.9744	5.1652	1
37.9	8.2524	315.9234	5.1629	1
38	8.2618	316.7466	5.1552	1
38.1	8.2711	317.6288	5.1602	1
38.2	8.2803	318.5519	5.1619	1
38.3	8.2891	319.3934	5.1599	1
38.4	8.2978	320.3216	5.1627	1
38.5	8.3064	321.1358	5.1652	1
38.6	8.315	321.9254	5.159	1
38.7	8.3237	322.7708	5.1586	1
38.8	8.3325	323.5898	5.1565	1
38.9	8.3416	324.3233	5.1599	1
39	8.3507	325.1376	5.1597	1
39.1	8.3597	326.018	5.1478	1
39.2	8.3687	326.7919	5.1555	1
39.3	8.378	327.6819	5.1595	1
39.4	8.387	328.4314	5.1415	1
39.5	8.3959	329.3508	5.1402	1
39.6	8.405	330.153	5.1413	1
39.7	8.4143	330.9457	5.1501	1
39.8	8.4236	331.8505	5.1565	1
39.9	8.4328	332.6296	5.162	1
40	8.4418	333.4344	5.1646	1
40.1	8.4511	334.2796	5.1622	1
40.2	8.4601	335.1653	5.1545	1
40.3	8.4691	336.0173	5.1587	1
40.4	8.478	336.7857	5.1523	1
40.5	8.487	337.6945	5.1593	1
40.6	8.496	338.5852	5.1708	1
40.7	8.5048	339.3528	5.1679	1
40.8	8.514	340.1163	5.1723	1
40.9	8.5231	340.9922	5.1748	1
41	8.5319	341.7941	5.1667	1
41.1	8.5409	342.586	5.1621	1
41.2	8.5501	343.4214	5.1633	1
41.3	8.5595	344.3013	5.1588	1
41.4	8.569	345.0671	5.1632	1
41.5	8.5786	345.7664	5.1582	1
41.6	8.589	346.5705	5.1623	1
41.7	8.5996	347.388	5.1763	1
41.8	8.61	348.2273	5.1819	1
41.9	8.6204	349.0081	5.1679	1
42	8.6306	349.9836	5.1504	1
42.1	8.6405	350.8895	5.1481	1
42.2	8.65	351.7911	5.136	1
42.3	8.6595	352.5387	5.13	1
42.4	8.6692	353.3233	5.1413	1
42.5	8.6789	354.1219	5.1408	1
42.6	8.6885	355.0667	5.1458	1
42.7	8.698	355.9387	5.1441	1
42.8	8.7073	356.8332	5.1416	1
42.9	8.7165	357.6664	5.1449	1
43	8.7256	358.483	5.1377	1
43.1	8.7349	359.3029	5.1377	1
43.2	8.744	360.1385	5.1397	1
43.3	8.7529	361.0187	5.1385	1
43.4	8.762	361.852	5.1343	1
43.5	8.7709	362.7191	5.1484	1
43.6	8.7798	363.5019	5.1621	1
43.7	8.7886	364.3945	5.1433	1
43.8	8.7975	365.2648	5.129	1
43.9	8.8064	366.005	5.1321	1
44	8.8152	366.8881	5.1246	1
44.1	8.8239	367.7143	5.1265	1
44.2	8.8325	368.5415	5.1412	1
44.3	8.8411	369.4916	5.1395	1
44.4	8.8498	370.29	5.1446	1
44.5	8.8581	371.153	5.1547	1
44.6	8.8667	371.9422	5.1653	1
44.7	8.875	372.8322	5.1658	1
44.8	8.8834	373.6628	5.1546	1
44.9	8.8917	374.4086	5.1586	1
45	8.9002	375.2655	5.1477	1
45.1	8.9089	376.1171	5.1472	1
45.2	8.9174	376.9106	5.1533	1
45.3	8.9258	377.7565	5.1516	1
45.4	8.9341	378.6431	5.1553	1
45.5	8.9423	379.4453	5.1577	1
45.6	8.9509	380.2053	5.1545	1
45.7	8.9596	380.9912	5.1529	1
45.8	8.9684	381.9294	5.1649	1
45.9	8.9772	382.6994	5.158	1
46	8.9858	383.5103	5.1469	1
46.1	8.9947	384.3519	5.1541	1
46.2	9.0037	385.1588	5.1714	1
46.3	9.0127	385.9995	5.1679	1
46.4	9.0215	386.8273	5.1608	1
46.5	9.0302	387.7178	5.1561	1
46.6	9.039	388.5858	5.1456	1
46.7	9.0476	389.3702	5.135	1
46.8	9.0562	390.2155	5.1264	1
46.9	9.0649	391.0758	5.13	1
47	9.0736	391.8225	5.1409	1
47.1	9.0822	392.6969	5.1252	1
47.2	9.0909	393.5592	5.1133	1
47.3	9.0994	394.4658	5.1177	1
47.4	9.108	395.353	5.1245	1
47.5	9.1166	396.0292	5.1509	1
47.6	9.1251	396.8997	5.1535	1
47.7	9.1335	397.7948	5.1347	1
47.8	9.1416	398.6772	5.1422	1
47.9	9.1496	399.5287	5.1599	1
48	9.1577	400.3046	5.1556	1
48.1	9.1659	401.1302	5.1398	1
48.2	9.1742	401.9462	5.1354	1
48.3	9.1826	402.7543	5.1421	1
48.4	9.1909	403.6906	5.1566	1
48.5	9.199	404.5523	5.1448	1
48.6	9.207	405.4043	5.1362	1
48.7	9.2149	406.2287	5.1287	1
48.8	9.2227	407.0259	5.1169	1
48.9	9.2307	407.8745	5.1128	1
49	9.2387	408.5919	5.1295	1
49.1	9.2467	409.4877	5.1352	1
49.2	9.2548	410.3704	5.1401	1
49.3	9.2628	411.179	5.1409	1
49.4	9.271	411.9707	5.1359	1
49.5	9.2792	412.7565	5.1351	1
49.6	9.2876	413.6102	5.1309	1
49.7	9.2962	414.33	5.1258	1
49.8	9.305	415.1207	5.12	1
49.9	9.3135	416.033	5.1169	1
50	9.3221	416.9547	5.124	1
50.1	9.3306	417.7306	5.1425	1
50.2	9.339	418.5854	5.1632	1
50.3	9.3477	419.4326	5.1608	1
50.4	9.3559	420.3517	5.1457	1
50.5	9.3637	421.1866	5.1472	1
50.6	9.3717	421.8969	5.1514	1
50.7	9.3801	422.8425	5.1412	1
50.8	9.388	423.7562	5.1371	1
50.9	9.3955	424.5652	5.1308	1
51	9.4035	425.356	5.1304	1
51.1	9.4113	426.2002	5.1305	1
51.2	9.419	427.0527	5.1291	1
51.3	9.4267	427.857	5.1284	1
51.4	9.4344	428.7068	5.1279	1
51.5	9.4423	429.5029	5.1362	1
51.6	9.4504	430.3511	5.1363	1
51.7	9.4584	431.2298	5.1263	1
51.8	9.4664	431.9609	5.1266	1
51.9	9.4742	432.8682	5.1397	1
52	9.482	433.7	5.1403	1
52.1	9.4896	434.5952	5.1349	1
52.2	9.4973	435.4175	5.1287	1
52.3	9.5047	436.268	5.1349	1
52.4	9.5122	437.1906	5.1332	1
52.5	9.5196	437.939	5.1259	1
52.6	9.5271	438.7933	5.1288	1
52.7	9.5345	439.5487	5.1432	1
52.8	9.5416	440.4992	5.1345	1
52.9	9.5488	441.265	5.1261	1
53	9.5558	442.155	5.1363	1
53.1	9.563	442.981	5.139	1
53.2	9.5705	443.7761	5.1436	1
53.3	9.5778	444.6653	5.1556	1
53.4	9.5848	445.5222	5.1431	1
53.5	9.5918	446.3661	5.1327	1
53.6	9.5988	447.0536	5.1327	1
53.7	9.6059	447.972	5.1221	1
53.8	9.6132	448.916	5.1213	1
53.9	9.6201	449.6282	5.1226	1
54	9.6272	450.5175	5.1231	1
54.1	9.6346	451.2597	5.1164	1
54.2	9.6419	452.1022	5.1059	1
54.3	9.649	452.9291	5.1072	1
54.4	9.656	453.762	5.1135	1
54.5	9.6633	454.7359	5.1201	1
54.6	9.6707	455.4191	5.1125	1
54.7	9.678	456.1786	5.1163	1
54.8	9.6857	457.0505	5.125	1
54.9	9.6931	457.8039	5.1266	1
55	9.7005	458.7908	5.1232	1
55.1	9.708	459.5224	5.1336	1
55.2	9.7156	460.3711	5.1398	1
55.3	9.7237	461.1633	5.1304	1
55.4	9.7315	462.0214	5.1276	1
55.5	9.7392	462.871	5.12	1
55.6	9.747	463.5189	5.1247	1
55.7	9.7551	464.4384	5.1276	1
55.8	9.7633	465.2884	5.1372	1
55.9	9.7715	466.1058	5.1499	1
56	9.7798	466.8698	5.1547	1
56.1	9.788	467.7238	5.1478	1
56.2	9.796	468.5953	5.147	1
56.3	9.8042	469.4049	5.1488	1
56.4	9.8128	470.2924	5.1451	1
56.5	9.821	471.1522	5.1418	1
56.6	9.8288	471.9883	5.1429	1
56.7	9.8367	472.8289	5.1569	1
56.8	9.8447	473.6065	5.1547	1
56.9	9.8528	474.4817	5.1457	1
57	9.8608	475.3349	5.1509	1
57.1	9.8687	476.209	5.1494	1
57.2	9.8763	477.0145	5.148	1
57.3	9.884	477.8256	5.1511	1
57.4	9.8921	478.6604	5.1459	1
57.5	9.9002	479.4507	5.1454	1
57.6	9.9082	480.3037	5.1443	1
57.7	9.9159	481.1897	5.1403	1
57.8	9.9235	482.0365	5.1323	1
57.9	9.9309	482.9519	5.145	1
58	9.9383	483.7023	5.1506	1
58.1	9.9459	484.534	5.1421	1
58.2	9.9536	485.3117	5.1349	1
58.3	9.9614	486.1733	5.1358	1
58.4	9.9693	487.0452	5.1454	1
58.5	9.9771	487.8168	5.1601	1
58.6	9.985	488.7487	5.1637	1
58.7	9.9924	489.5134	5.162	1
58.8	9.9995	490.4104	5.1677	1
58.9	10.0068	491.3486	5.1662	1
59	10.0142	492.1015	5.155	1
59.1	10.0218	492.9347	5.1604	1
59.2	10.0293	493.7469	5.1669	1
59.3	10.0367	494.5287	5.1557	1
59.4	10.0442	495.4049	5.1568	1
59.5	10.0515	496.2835	5.1586	1
59.6	10.0589	497.0963	5.1685	1
59.7	10.0665	497.7934	5.1722	1
59.8	10.0742	498.6727	5.1804	1
59.9	10.0819	499.5182	5.1761	1
60	10.0892	500.383	5.1661	1
60.1	10.0966	501.2557	5.1558	1
60.2	10.1042	502.0774	5.1703	1
60.3	10.1118	502.9604	5.1739	1
60.4	10.1191	503.7675	5.166	1
60.5	10.1264	504.5969	5.1693	1
60.6	10.1338	505.4466	5.1777	1
60.7	10.1409	506.3395	5.1834	1
60.8	10.1481	507.0535	5.1808	1
60.9	10.1553	507.8707	5.169	1
61	10.1625	508.7807	5.1581	1
61.1	10.1701	509.5254	5.1647	1
61.2	10.1777	510.3991	5.16	1
61.3	10.1853	511.1986	5.1482	1
61.4	10.1925	512.0926	5.1478	1
61.5	10.1995	513.0218	5.1472	1
61.6	10.2066	513.759	5.1369	1
61.7	10.2139	514.5725	5.1416	1
61.8	10.2213	515.4111	5.1376	1
61.9	10.2286	516.3103	5.1322	1
62	10.2358	517.052	5.152	1
62.1	10.2434	517.7847	5.161	1
62.2	10.2511	518.678	5.1574	1
62.3	10.2587	519.5654	5.1517	1
62.4	10.2661	520.3089	5.1523	1
62.5	10.274	521.1945	5.1539	1
62.6	10.2818	522.0307	5.136	1
62.7	10.2895	522.7725	5.1264	1
62.8	10.2972	523.6535	5.1256	1
62.9	10.3048	524.5434	5.1412	1
63	10.3127	525.3786	5.1398	1
63.1	10.3204	526.1117	5.1389	1
63.2	10.3281	526.9939	5.1453	1
63.3	10.3357	527.9223	5.1336	1
63.4	10.3431	528.7023	5.1191	1
63.5	10.3507	529.565	5.1401	1
63.6	10.3581	530.3685	5.1509	1
63.7	10.3657	531.2342	5.1421	1
63.8	10.3731	532.0759	5.1432	1
63.9	10.3807	532.9206	5.1374	1
64	10.3882	533.7746	5.1447	1
64.1	10.3955	534.5406	5.155	1
64.2	10.4028	535.373	5.1539	1
64.3	10.4103	536.2752	5.1423	1
64.4	10.4178	537.083	5.142	1
64.5	10.4251	537.9461	5.1568	1
64.6	10.4324	538.746	5.1654	1
64.7	10.44	539.5207	5.1537	1
64.8	10.4475	540.297	5.1409	1
64.9	10.4552	541.108	5.1361	1
65	10.4629	541.9655	5.1372	1
65.1	10.4708	542.7175	5.1275	1
65.2	10.479	543.5996	5.1255	1
65.3	10.4873	544.4775	5.1339	1
65.4	10.4954	545.1679	5.1297	1
65.5	10.5038	545.9975	5.1299	1
65.6	10.5125	546.7631	5.1335	1
65.7	10.5209	547.6365	5.1355	1
65.8	10.5297	548.4544	5.1414	1
65.9	10.5386	549.1814	5.1404	1
66	10.5477	550.0386	5.1405	1
66.1	10.5566	550.9427	5.1369	1
66.2	10.5653	551.8234	5.1456	1
66.3	10.5738	552.7139	5.1485	1
66.4	10.5823	553.53	5.1315	1
66.5	10.5908	554.3072	5.1358	1
66.6	10.5992	555.2137	5.1451	1
66.7	10.6074	556.0446	5.1646	1
66.8	10.6154	556.8879	5.162	1
66.9	10.6237	557.7896	5.1549	1
67	10.6318	558.6478	5.1747	1
67.1	10.6397	559.4523	5.1744	1
67.2	10.6477	560.2671	5.1594	1
67.3	10.6557	561.1543	5.159	1
67.4	10.6636	561.9811	5.1654	1
67.5	10.6714	562.8268	5.1745	1
67.6	10.6794	563.6365	5.1855	1
67.7	10.6875	564.4666	5.1842	1
67.8	10.6952	565.3564	5.1697	1
67.9	10.7029	566.2194	5.1648	1
68	10.7101	567.1156	5.1495	1
68.1	10.7174	567.9647	5.1382	1
68.2	10.7248	568.7746	5.1342	1
68.3	10.732	569.6576	5.1349	1
68.4	10.7391	570.436	5.145	1
68.5	10.7463	571.284	5.1605	1
68.6	10.7536	572.1747	5.1707	1
68.7	10.7605	573.0877	5.1723	1
68.8	10.7676	573.8032	5.1741	1
68.9	10.7746	574.6667	5.1795	1
69	10.7819	575.4852	5.1812	1
69.1	10.7893	576.2029	5.1722	1
69.2	10.7968	576.975	5.1635	1
69.3	10.8047	577.8027	5.1593	1
69.4	10.8126	578.6382	5.1677	1
69.5	10.8207	579.4697	5.1751	1
69.6	10.8289	580.3115	5.1758	1
69.7	10.8369	581.0929	5.1766	1
69.8	10.8447	581.9217	5.1708	1
69.9	10.8533	582.6379	5.1863	1
70	10.8622	583.4569	5.1976	1
70.1	10.8708	584.4357	5.1843	1
70.2	10.879	585.1684	5.182	1
70.3	10.8875	585.9504	5.1621	1
70.4	10.8961	586.8446	5.1517	1
70.5	10.9043	587.8088	5.1521	1
70.6	10.9122	588.7084	5.1513	1
70.7	10.9201	589.4922	5.1516	1
70.8	10.9279	590.2991	5.1452	1
70.9	10.9356	591.2332	5.1456	1
71	10.9431	592.0628	5.1516	1
71.1	10.9504	592.9917	5.1507	1
71.2	10.9577	593.8121	5.1485	1
71.3	10.9647	594.622	5.154	1
71.4	10.9715	595.5409	5.1526	1
71.5	10.9787	596.3047	5.1555	1
71.6	10.9861	597.0807	5.1647	1
71.7	10.9931	598.0411	5.1649	1
71.8	10.9998	598.8852	5.155	1
71.9	11.0068	599.6123	5.1535	1
72	11.0139	600.4785	5.1552	1
72.1	11.0209	601.3534	5.1604	1
72.2	11.0278	602.218	5.1601	1
72.3	11.0343	603.067	5.1516	1
72.4	11.0409	603.8871	5.1547	1
72.5	11.0474	604.7174	5.1537	1
72.6	11.0543	605.4542	5.1506	1
72.7	11.0614	606.2504	5.1524	1
72.8	11.0687	607.1472	5.1536	1
72.9	11.0756	608.021	5.1489	1
73	11.0824	608.8542	5.1393	1
73.1	11.0893	609.6747	5.129	1
73.2	11.0963	610.4838	5.1263	1
73.3	11.1034	611.1751	5.1282	1
73.4	11.1109	612.12	5.1305	1
73.5	11.1185	612.931	5.1335	1
73.6	11.1259	613.734	5.134	1
73.7	11.1332	614.5285	5.1375	1
73.8	11.1406	615.405	5.1534	1
73.9	11.1482	616.186	5.1481	1
74	11.1557	616.9361	5.1349	1
74.1	11.1634	617.8059	5.1463	1
74.2	11.1713	618.6212	5.1559	1
74.3	11.179	619.5151	5.1426	1
74.4	11.1866	620.3344	5.1469	1
74.5	11.1944	621.1098	5.1697	1
74.6	11.2019	622.0379	5.1772	1
74.7	11.2094	622.9423	5.1865	1
74.8	11.2165	623.7805	5.1747	1
74.9	11.2238	624.6006	5.1665	1
75	11.2311	625.3947	5.1678	1
75.1	11.2385	626.2048	5.1522	1
75.2	11.2459	627.025	5.1428	1
75.3	11.2532	627.9445	5.1541	1
75.4	11.2603	628.8427	5.1518	1
75.5	11.2675	629.5048	5.1379	1
75.6	11.2753	630.2666	5.1352	1
75.7	11.2835	630.9951	5.1346	1
75.8	11.2918	631.9131	5.1433	1
75.9	11.3	632.7346	5.1485	1
76	11.3079	633.5974	5.1439	1
76.1	11.3159	634.4357	5.1409	1
76.2	11.3242	635.2314	5.1391	1
76.3	11.3327	636.0358	5.1301	1
76.4	11.341	636.8156	5.1241	1
76.5	11.3492	637.7056	5.1258	1
76.6	11.3575	638.5875	5.1308	1
76.7	11.3656	639.4641	5.1306	1
76.8	11.3735	640.27	5.1265	1
76.9	11.3813	641.1686	5.1315	1
77	11.3892	641.9565	5.1312	1
77.1	11.3971	642.7206	5.1321	1
77.2	11.4053	643.5938	5.138	1
77.3	11.4133	644.4356	5.1413	1
77.4	11.4215	645.2049	5.1389	1
77.5	11.4298	646.0903	5.1412	1
77.6	11.4379	646.9485	5.1466	1
77.7	11.4459	647.7887	5.1446	1
77.8	11.4539	648.5988	5.1414	1
77.9	11.4619	649.4322	5.143	1
78	11.4699	650.268	5.1251	1
78.1	11.4779	651.0626	5.1194	1
78.2	11.4861	651.913	5.1315	1
78.3	11.4942	652.7989	5.1375	1
78.4	11.5022	653.5934	5.1396	1
78.5	11.5103	654.3972	5.134	1
78.6	11.5188	655.1414	5.1288	1
78.7	11.5272	656.0134	5.1283	1
78.8	11.5354	656.9264	5.1329	1
78.9	11.5434	657.7465	5.1488	1
79	11.5517	658.5015	5.1596	1
79.1	11.5604	659.3548	5.1627	1
79.2	11.569	660.2523	5.1576	1
79.3	11.5772	661.1132	5.1524	1
79.4	11.5851	661.9264	5.1484	1
79.5	11.5927	662.8179	5.139	1
79.6	11.6009	663.675	5.132	1
79.7	11.6091	664.3886	5.1385	1
79.8	11.6172	665.2514	5.1384	1
79.9	11.6255	666.0212	5.134	1
80	11.6339	666.8972	5.1427	1
80.1	11.6423	667.7453	5.1386	1
80.2	11.6504	668.502	5.1395	1
80.3	11.659	669.3515	5.1559	1
80.4	11.6677	670.1401	5.1558	1
80.5	11.676	671.0673	5.1567	1
80.6	11.6841	671.9278	5.1662	1
80.7	11.6921	672.6689	5.1638	1
80.8	11.7003	673.6703	5.1716	1
80.9	11.7086	674.4408	5.1935	1
81	11.7168	675.2738	5.1876	1
81.1	11.7248	676.1865	5.1726	1
81.2	11.732	677.12	5.1608	1
81.3	11.7389	678.1662	5.1569	1
81.4	11.7457	678.7928	5.1618	1
81.5	11.7525	679.7061	5.1676	1
81.6	11.7596	680.5621	5.1712	1
81.7	11.7664	681.3469	5.1633	1
81.8	11.7732	682.3095	5.1596	1
81.9	11.7799	682.9877	5.1643	1
82	11.7868	683.7882	5.1644	1
82.1	11.7938	684.6332	5.1607	1
82.2	11.8008	685.4446	5.1582	1
82.3	11.808	686.3923	5.1552	1
82.4	11.8148	687.1941	5.1645	1
82.5	11.8217	688.0002	5.1709	1
82.6	11.8288	688.7619	5.1586	1
82.7	11.8362	689.5689	5.1578	1
82.8	11.8436	690.4086	5.1606	1
82.9	11.8509	691.242	5.1523	1
83	11.8581	692.0873	5.1403	1
83.1	11.8656	692.9178	5.1387	1
83.2	11.8729	693.7676	5.1471	1
83.3	11.8799	694.6155	5.1531	1
83.4	11.8869	695.5164	5.1589	1
83.5	11.8939	696.3018	5.1706	1
83.6	11.9009	697.1445	5.1627	1
83.7	11.908	697.9313	5.1462	1
83.8	11.9148	698.8663	5.1423	1
83.9	11.9216	699.7008	5.1413	1
84	11.9286	700.3878	5.1541	1
84.1	11.9357	701.325	5.149	1
84.2	11.9426	702.1933	5.1443	1
84.3	11.9493	702.9978	5.1455	1
84.4	11.9562	703.8393	5.1381	1
84.5	11.963	704.7019	5.1464	1
84.6	11.9694	705.6412	5.1565	1
84.7	11.976	706.3911	5.1544	1
84.8	11.9828	707.1713	5.15	1
84.9	11.9893	708.0825	5.1451	1
85	11.9959	708.9318	5.1438	1
85.1	12.0023	709.6867	5.146	1
85.2	12.009	710.4597	5.1381	1
85.3	12.0158	711.3618	5.1268	1
85.4	12.0223	712.3277	5.1304	1
85.5	12.0288	713.0521	5.1434	1
85.6	12.0352	713.8408	5.1292	1
85.7	12.042	714.7299	5.1332	1
85.8	12.0488	715.4593	5.1518	1
85.9	12.0554	716.4167	5.1549	1
86	12.0622	717.093	5.1526	1
86.1	12.069	717.9511	5.1398	1
86.2	12.0761	718.8439	5.1365	1
86.3	12.0826	719.697	5.1548	1
86.4	12.0891	720.5281	5.1582	1
86.5	12.096	721.3524	5.1298	1
86.6	12.1029	722.0973	5.1378	1
86.7	12.1095	723.0946	5.1411	1
86.8	12.1159	723.9062	5.1411	1
86.9	12.1224	724.7286	5.1382	1
87	12.1291	725.5449	5.1295	1
87.1	12.1354	726.3647	5.1339	1
87.2	12.1418	727.2477	5.1538	1
87.3	12.1482	728.1025	5.151	1
87.4	12.1547	728.8426	5.141	1
87.5	12.1612	729.6141	5.1502	1
87.6	12.1677	730.5788	5.1604	1
87.7	12.174	731.4123	5.1494	1
87.8	12.1805	732.2311	5.1379	1
87.9	12.1871	732.981	5.1359	1
88	12.1938	733.891	5.1377	1
88.1	12.2002	734.7752	5.1422	1
88.2	12.2065	735.6213	5.1275	1
88.3	12.2126	736.3373	5.126	1
88.4	12.2192	737.2017	5.1299	1
88.5	12.2259	737.9791	5.1262	1
88.6	12.2324	738.8613	5.1326	1
88.7	12.2385	739.8424	5.1346	1
88.8	12.2446	740.712	5.1269	1
88.9	12.2506	741.4058	5.1229	1
89	12.2565	742.3294	5.1292	1
89.1	12.2624	743.1352	5.1336	1
89.2	12.2685	743.8588	5.1391	1
89.3	12.275	744.7125	5.1304	1
89.4	12.2812	745.5901	5.1311	1
89.5	12.2873	746.4358	5.1332	1
89.6	12.2937	747.1394	5.1299	1
89.7	12.3003	748.0006	5.1374	1
89.8	12.307	748.8398	5.1403	1
89.9	12.3137	749.5894	5.1491	1
90	12.3207	750.3926	5.148	1
90.1	12.3278	751.2036	5.1377	1
90.2	12.335	752.1669	5.1329	1
90.3	12.3421	752.8606	5.1337	1
90.4	12.3491	753.6986	5.1447	1
90.5	12.3562	754.6208	5.141	1
90.6	12.363	755.402	5.1329	1
90.7	12.37	756.2662	5.14	1
90.8	12.3772	757.141	5.143	1
90.9	12.3843	757.9313	5.1475	1
91	12.391	758.8626	5.14	1
91.1	12.3978	759.6216	5.1437	1
91.2	12.4049	760.3962	5.1587	1
91.3	12.4119	761.2475	5.1562	1
91.4	12.4187	762.0986	5.1468	1
91.5	12.4257	762.9705	5.1432	1
91.6	12.4328	763.7426	5.1472	1
91.7	12.4399	764.6365	5.1428	1
91.8	12.4467	765.4689	5.1328	1
91.9	12.4535	766.2961	5.1336	1
92	12.4603	767.0671	5.1372	1
92.1	12.4671	767.8844	5.1438	1
92.2	12.4742	768.7939	5.1458	1
92.3	12.4813	769.5764	5.1515	1
92.4	12.4885	770.3787	5.1628	1
92.5	12.4958	771.2228	5.1595	1
92.6	12.5032	771.9668	5.1592	1
92.7	12.5106	772.8116	5.1572	1
92.8	12.518	773.6366	5.1575	1
92.9	12.5252	774.5554	5.1582	1
93	12.5319	775.501	5.1499	1
93.1	12.5383	776.4286	5.1415	1
93.2	12.5446	777.2536	5.14	1
93.3	12.5508	778.152	5.1513	1
93.4	12.5571	778.8668	5.158	1
93.5	12.5633	779.7175	5.1379	1
93.6	12.5695	780.603	5.1319	1
93.7	12.576	781.3195	5.1507	1
93.8	12.5828	782.1904	5.1547	1
93.9	12.5894	782.9895	5.1579	1
94	12.5961	783.8036	5.1434	1
94.1	12.6029	784.6325	5.1288	1
94.2	12.6093	785.4753	5.1352	1
94.3	12.6159	786.4392	5.1425	1
94.4	12.6225	787.2045	5.1443	1
94.5	12.6292	788.0301	5.1541	1
94.6	12.636	788.8957	5.1471	1
94.7	12.6423	789.7064	5.1345	1
94.8	12.6485	790.5915	5.133	1
94.9	12.6549	791.3267	5.1337	1
95	12.6616	792.0958	5.1352	1
95.1	12.6684	793.0007	5.138	1
95.2	12.6749	793.8197	5.1502	1
95.3	12.6814	794.6868	5.1505	1
95.4	12.6881	795.4425	5.136	1
95.5	12.6946	796.3763	5.1359	1
95.6	12.701	797.2558	5.1393	1
95.7	12.7073	798.0737	5.1391	1
95.8	12.7136	798.978	5.1291	1
95.9	12.72	799.6461	5.1329	1
96	12.7264	800.5234	5.1384	1
96.1	12.7328	801.3754	5.1266	1
96.2	12.7391	802.2427	5.1303	1
96.3	12.7452	803.0977	5.14	1
96.4	12.7512	803.9381	5.1312	1
96.5	12.7572	804.7125	5.1206	1
96.6	12.7634	805.56	5.122	1
96.7	12.7697	806.4584	5.1134	1
96.8	12.7756	807.4077	5.1417	1
96.9	12.7811	808.2922	5.1547	1
97	12.7865	809.0521	5.1472	1
97.1	12.792	809.8225	5.1296	1
97.2	12.7978	810.724	5.1212	1
97.3	12.8037	811.4789	5.1444	1
97.4	12.8097	812.2538	5.1386	1
97.5	12.8157	813.1086	5.1391	1
97.6	12.8217	813.8737	5.1582	1
97.7	12.8278	814.8422	5.1601	1
97.8	12.8338	815.6108	5.1511	1
97.9	12.84	816.3672	5.1518	1
98	12.8465	817.1447	5.1443	1
98.1	12.8529	817.9852	5.1244	1
98.2	12.8591	818.9639	5.1192	1
98.3	12.865	819.7164	5.1248	1
98.4	12.8712	820.513	5.1268	1
98.5	12.8778	821.3522	5.1261	1
98.6	12.8842	822.2521	5.1258	1
98.7	12.8908	823.079	5.1196	1
98.8	12.8971	823.853	5.1206	1
98.9	12.9035	824.7375	5.1189	1
99	12.9098	825.5101	5.1219	1
99.1	12.916	826.3839	5.1388	1
99.2	12.922	827.227	5.1448	1
99.3	12.928	828.1942	5.1382	1
99.4	12.9337	828.8862	5.1337	1
99.5	12.9395	829.8466	5.1377	1
99.6	12.9456	830.6754	5.1282	1
99.7	12.9516	831.3301	5.1209	1
99.8	12.9576	832.2846	5.1258	1
99.9	12.9636	833.0791	5.1267	1
100	12.9698	833.8305	5.1356	1
100.1	12.9765	834.5699	5.1316	1
100.2	12.983	835.5863	5.125	1
100.3	12.9887	836.7306	5.1143	1
100.4	12.9922	837.9705	5.1054	1
100.5	12.9945	838.9499	5.1094	1
100.6	12.9987	838.868	5.117	1
100.7	13.0082	838.5154	5.127	1
100.8	13.0205	839.2271	5.122	1
100.9	13.0311	840.7556	5.1167	1
101	13.0386	842.11	5.1015	1
101.1	13.0452	842.9204	5.0904	1
101.2	13.0521	843.7473	5.094	1
101.3	13.0592	844.5393	5.1054	1
101.4	13.0662	845.4219	5.1116	1
101.5	13.073	846.275	5.1139	1
101.6	13.0799	847.0803	5.1165	1
101.7	13.0868	847.936	5.1162	1
101.8	13.0936	848.857	5.1046	1
101.9	13.1001	849.6272	5.1036	1
102	13.1071	850.4512	5.125	1
102.1	13.114	851.2516	5.1211	1
102.2	13.1207	852.1196	5.1158	1
102.3	13.1276	852.9522	5.1236	1
102.4	13.134	853.9066	5.1266	1
102.5	13.1402	854.7551	5.131	1
102.6	13.1466	855.5087	5.1263	1
102.7	13.1531	856.4258	5.1239	1
102.8	13.1596	857.1378	5.1243	1
102.9	13.1661	857.9146	5.1307	1
103	13.1728	858.8499	5.1401	1
103.1	13.1792	859.7079	5.1368	1
103.2	13.1857	860.5027	5.121	1
103.3	13.1924	861.3499	5.1213	1
103.4	13.1986	862.3017	5.1145	1
103.5	13.2047	863.0753	5.1092	1
103.6	13.2109	863.8488	5.0975	1
103.7	13.2172	864.7228	5.1026	1
103.8	13.2233	865.6285	5.117	1
103.9	13.2296	866.4585	5.1214	1
104	13.2359	867.19	5.1244	1
104.1	13.2423	868.0926	5.1213	1
104.2	13.2483	868.9569	5.1322	1
104.3	13.2541	869.7563	5.137	1
104.4	13.2599	870.5482	5.1403	1
104.5	13.266	871.4802	5.1343	1
104.6	13.2719	872.2764	5.1278	1
104.7	13.2781	873.1082	5.1111	1
104.8	13.2842	873.8652	5.1045	1
104.9	13.2903	874.696	5.1133	1
105	13.2969	875.5485	5.1179	1
105.1	13.3032	876.3737	5.1157	1
105.2	13.3092	877.2716	5.1148	1
105.3	13.3152	878.0446	5.1214	1
105.4	13.3215	878.9342	5.1322	1
105.5	13.3277	879.7154	5.1326	1
105.6	13.3337	880.6703	5.1332	1
105.7	13.3396	881.3897	5.1255	1
105.8	13.3455	882.2273	5.1272	1
105.9	13.3517	883.1055	5.1337	1
106	13.3577	883.9663	5.1341	1
106.1	13.3637	884.7908	5.1393	1
106.2	13.3698	885.5118	5.1434	1
106.3	13.376	886.3714	5.1556	1
106.4	13.3821	887.3037	5.1504	1
106.5	13.3879	888.1593	5.1295	1
106.6	13.394	888.9901	5.1224	1
106.7	13.4002	889.6273	5.1339	1
106.8	13.4066	890.5065	5.1396	1
106.9	13.4129	891.4272	5.1361	1
107	13.4189	892.1818	5.1411	1
107.1	13.4252	893.0887	5.1409	1
107.2	13.4316	893.8269	5.1461	1
107.3	13.4377	894.7565	5.1448	1
107.4	13.4437	895.646	5.1401	1
107.5	13.4496	896.3932	5.132	1
107.6	13.4558	897.2334	5.1299	1
107.7	13.4622	897.936	5.1216	1
107.8	13.4685	898.8829	5.1159	1
107.9	13.4749	899.6574	5.1302	1
108	13.4815	900.3918	5.1324	1
108.1	13.4882	901.2861	5.1236	1
108.2	13.4949	902.1514	5.119	1
108.3	13.5015	902.9274	5.1176	1
108.4	13.5081	903.9016	5.1221	1
108.5	13.5146	904.5709	5.1315	1
108.6	13.5215	905.2433	5.1434	1
108.7	13.5293	906.054	5.1381	1
108.8	13.5365	907.1672	5.1222	1
108.9	13.5419	908.4654	5.1196	1
109	13.5456	909.6639	5.1229	1
109.1	13.5476	910.53	5.1289	1
109.2	13.5524	910.5928	5.1439	1
109.3	13.5584	911.3084	5.1468	1
109.4	13.5656	911.9171	5.1481	1
109.5	13.5733	912.6503	5.1295	1
109.6	13.581	913.6691	5.1212	1
109.7	13.5878	914.5202	5.1285	1
109.8	13.5948	915.4283	5.1334	1
109.9	13.6018	916.216	5.1259	1
110	13.6088	917.0875	5.1169	1
110.1	13.6158	917.8723	5.1227	1
110.2	13.6226	918.7488	5.1305	1
110.3	13.6292	919.6299	5.1343	1
110.4	13.6356	920.563	5.1437	1
110.5	13.642	921.3723	5.1425	1
110.6	13.6482	922.1853	5.1395	1
110.7	13.6545	922.9934	5.1498	1
110.8	13.6609	923.7837	5.1623	1
110.9	13.6677	924.5455	5.1503	1
111	13.6747	925.3665	5.1261	1
111.1	13.6816	926.261	5.1379	1
111.2	13.6882	927.2108	5.1311	1
111.3	13.6947	928.0265	5.1213	1
111.4	13.7013	928.7838	5.1305	1
111.5	13.7078	929.6639	5.1244	1
111.6	13.7142	930.4705	5.1247	1
111.7	13.7206	931.3662	5.1351	1
111.8	13.7269	932.1641	5.1422	1
111.9	13.7332	933.0348	5.1508	1
112	13.7396	933.9107	5.1389	1
112.1	13.7459	934.6969	5.1225	1
112.2	13.7518	935.7107	5.1235	1
112.3	13.7577	936.4488	5.1248	1
112.4	13.7633	937.3048	5.1436	1
112.5	13.7689	938.2382	5.1612	1
112.6	13.7744	939.0012	5.1579	1
112.7	13.7799	939.835	5.1623	1
112.8	13.7856	940.626	5.1555	1
112.9	13.7913	941.5358	5.1396	1
113	13.7969	942.3776	5.1409	1
113.1	13.8026	943.1317	5.1341	1
113.2	13.8088	943.8371	5.1499	1
113.3	13.8154	944.6559	5.1556	1
113.4	13.822	945.4886	5.1525	1
113.5	13.8286	946.2682	5.1552	1
113.6	13.8354	947.0169	5.1566	1
113.7	13.8421	947.9114	5.1476	1
113.8	13.8488	948.7794	5.1472	1
113.9	13.8554	949.5664	5.1407	1
114	13.8621	950.5035	5.1468	1
114.1	13.8686	951.252	5.1516	1
114.2	13.8751	952.0803	5.1473	1
114.3	13.8816	953.0799	5.1627	1
114.4	13.8879	953.9157	5.1749	1
114.5	13.8943	954.6545	5.1663	1
114.6	13.9008	955.5419	5.1729	1
114.7	13.9073	956.4176	5.1768	1
114.8	13.9131	957.3285	5.1698	1
114.9	13.9186	958.1855	5.1688	1
115	13.9244	958.9775	5.1589	1
115.1	13.9301	959.8147	5.1613	1
115.2	13.9358	960.7191	5.1804	1
115.3	13.9414	961.4141	5.1702	1
115.4	13.9475	962.2268	5.141	1
115.5	13.9538	963.0509	5.1339	1
115.6	13.9598	963.8953	5.1539	1
115.7	13.9658	964.6829	5.1626	1
115.8	13.9719	965.5958	5.155	1
115.9	13.9779	966.4959	5.1532	1
116	13.9837	967.2279	5.1599	1
116.1	13.9897	968.1204	5.1488	1
116.2	13.9959	968.9693	5.1462	1
116.3	14.002	969.7124	5.1421	1
116.4	14.0079	970.5903	5.1292	1
116.5	14.0137	971.4335	5.1349	1
116.6	14.0196	972.246	5.1469	1
116.7	14.0256	973.1002	5.1469	1
116.8	14.0312	973.9926	5.135	1
116.9	14.0368	974.807	5.1309	1
117	14.0427	975.6184	5.1331	1
117.1	14.0487	976.3975	5.123	1
117.2	14.0546	977.2591	5.1301	1
117.3	14.0604	978.1407	5.1293	1
117.4	14.0663	978.9129	5.1276	1
117.5	14.0722	979.7207	5.1461	1
117.6	14.0785	980.5042	5.1495	1
117.7	14.0848	981.2485	5.15	1
117.8	14.0912	982.231	5.1473	1
117.9	14.0976	982.9932	5.1429	1
118	14.1038	983.847	5.1457	1
118.1	14.1101	984.6822	5.1449	1
118.2	14.1165	985.4393	5.1364	1
118.3	14.123	986.3246	5.1494	1
118.4	14.1294	987.1426	5.1596	1
118.5	14.1358	988.0051	5.1578	1
118.6	14.1423	988.8221	5.1661	1
118.7	14.1489	989.6311	5.1593	1
118.8	14.1557	990.4299	5.148	1
118.9	14.1626	991.1918	5.14	1
119	14.1696	992.0447	5.1376	1
119.1	14.1765	992.8659	5.149	2
119.2	14.1833	993.7501	5.136	2
119.3	14.19	994.599	5.1356	2
119.4	14.1972	995.3403	5.1554	2
119.5	14.2041	996.0252	5.1666	2
119.6	14.2108	996.2725	5.1668	2
119.7	14.2169	996.3422	5.1591	2
119.8	14.2229	996.3783	5.1496	2
119.9	14.2289	996.2997	5.1576	2
120	14.2346	996.4167	5.1584	2
120.1	14.24	996.5046	5.1488	2
120.2	14.2455	996.4797	5.145	2
120.3	14.2507	996.5495	5.1458	2
120.4	14.2558	996.553	5.1423	2
120.5	14.2607	996.5953	5.1493	2
120.6	14.2655	996.6129	5.1656	2
120.7	14.2703	996.6103	5.1765	2
120.8	14.2751	996.6105	5.1701	2
120.9	14.2798	996.5478	5.1687	2
121	14.2848	996.5148	5.1785	2
121.1	14.2902	996.4526	5.1744	2
121.2	14.2955	996.4317	5.1563	2
121.3	14.3007	996.5124	5.156	2
121.4	14.3055	996.6131	5.1558	2
121.5	14.31	996.6719	5.1481	2
121.6	14.3144	996.6394	5.1637	2
121.7	14.3191	996.5865	5.1644	2
121.8	14.3237	996.6395	5.1485	2
121.9	14.3284	996.5695	5.1439	2
122	14.3335	996.422	5.1502	2
122.1	14.3395	996.1951	5.1557	2
122.2	14.3458	996.1998	5.1682	2
122.3	14.3518	996.4149	5.1756	2
122.4	14.3563	996.7912	5.1611	2
122.5	14.3594	997.0937	5.1575	2
122.6	14.3616	997.2036	5.1586	2
122.7	14.3634	997.2154	5.1588	2
122.8	14.3654	997.133	5.1453	2
122.9	14.3679	996.9897	5.1373	2
123	14.3708	996.8524	5.1449	2
123.1	14.3745	996.7439	5.1404	2
123.2	14.3787	996.5907	5.1387	2
123.3	14.3832	996.5317	5.1445	2
123.4	14.3881	996.5047	5.1359	2
123.5	14.3929	996.5488	5.145	2
123.6	14.3976	996.5898	5.1594	2
123.7	14.4022	996.543	5.1461	2
123.8	14.407	996.5572	5.1449	2
123.9	14.4117	996.5727	5.1537	2
124	14.4163	996.5677	5.153	2
124.1	14.421	996.5226	5.1515	2
124.2	14.4252	996.6027	5.1629	2
124.3	14.4293	996.7409	5.159	2
124.4	14.4332	996.7221	5.1452	2
124.5	14.4369	996.7338	5.1491	2
124.6	14.4407	996.7302	5.1482	2
124.7	14.4441	996.8291	5.1501	2
124.8	14.4477	996.8003	5.1493	2
124.9	14.4511	996.7841	5.1451	2
125	14.4544	996.9121	5.1448	2
125.1	14.4575	996.8779	5.1437	2
125.2	14.4607	996.8225	5.145	2
125.3	14.464	996.8708	5.1577	2
125.4	14.4667	996.9897	5.1567	2
125.5	14.4693	997.0249	5.1429	2
125.6	14.4717	997.001	5.1403	2
125.7	14.4741	997.0501	5.1415	2
125.8	14.4763	997.0749	5.1303	2
125.9	14.4783	997.0889	5.12	2
126	14.4802	997.1705	5.1198	2
126.1	14.4816	997.2019	5.1418	2
126.2	14.4828	997.2701	5.1489	2
126.3	14.4838	997.307	5.1505	2
126.4	14.4846	997.3875	5.1575	2
126.5	14.4855	997.3095	5.1566	2
126.6	14.4865	997.1374	5.1592	2
126.7	14.4882	997.1499	5.1527	2
126.8	14.4903	996.944	5.154	2
126.9	14.4927	996.9019	5.1607	2
127	14.4955	996.8916	5.1549	2
127.1	14.4985	996.8209	5.1494	2
127.2	14.5014	996.8824	5.1393	2
127.3	14.5039	996.9689	5.1402	2
127.4	14.5062	996.9394	5.1412	2
127.5	14.5089	996.97	5.1396	2
127.6	14.5113	996.9403	5.1338	2
127.7	14.5133	997.0544	5.1295	2
127.8	14.5152	997.0909	5.119	2
127.9	14.5172	996.9764	5.1302	2
128	14.5197	996.8306	5.1318	2
128.1	14.5234	996.4624	5.1434	2
128.2	14.5277	996.5668	5.1503	2
128.3	14.5307	997.0111	5.1509	2
128.4	14.5322	997.1801	5.1598	2
128.5	14.5334	997.2645	5.1616	2
128.6	14.5345	997.2879	5.1524	2
128.7	14.5353	997.234	5.15	2
128.8	14.5361	997.3303	5.1503	2
128.9	14.5368	997.2708	5.1462	2
129	14.5373	997.2922	5.1359	2
129.1	14.5381	997.3781	5.1328	2
129.2	14.5388	997.2167	5.1411	2
129.3	14.5397	997.2439	5.1564	2
129.4	14.5406	997.2809	5.1561	2
129.5	14.5417	997.2265	5.1491	2
129.6	14.5429	997.1365	5.1606	2
129.7	14.5442	997.0994	5.1611	2
129.8	14.5458	997.0872	5.1682	2
129.9	14.5474	997.0617	5.1673	2
130	14.5491	997.1468	5.1569	2
130.1	14.5511	996.9316	5.1504	2
130.2	14.5529	997.1209	5.1618	2
130.3	14.5548	996.9468	5.1616	2
130.4	14.5567	996.8795	5.1636	2
130.5	14.5593	996.9688	5.1797	2
130.6	14.5617	996.8104	5.166	2
130.7	14.564	996.9891	5.1724	2
130.8	14.5665	996.8482	5.1837	2
130.9	14.5688	996.8763	5.1793	2
131	14.5713	997.0291	5.1721	2
131.1	14.5733	996.9166	5.1711	2
131.2	14.5753	997.0133	5.1761	2
131.3	14.5775	996.9479	5.1689	2
131.4	14.5794	996.9169	5.1632	2
131.5	14.5815	996.9779	5.1707	2
131.6	14.5835	996.9322	5.17	2
131.7	14.5855	996.9625	5.163	2
131.8	14.5875	997.011	5.1723	2
131.9	14.5894	996.9643	5.1715	2
132	14.5913	997.0553	5.164	2
132.1	14.5932	997.0169	5.1722	2
132.2	14.5951	996.9604	5.1768	2
132.3	14.5971	997.0253	5.1697	2
132.4	14.5988	997.059	5.1806	2
132.5	14.6004	997.0401	5.1896	2
132.6	14.6024	996.983	5.189	2
132.7	14.6045	996.8877	5.1814	2
132.8	14.6068	996.8835	5.1864	2
132.9	14.6088	996.91	5.1987	2
133	14.6112	996.9226	5.1964	2
133.1	14.6131	996.9446	5.1867	2
133.2	14.6151	996.983	5.1819	2
133.3	14.6172	996.926	5.1806	2
133.4	14.6193	997.0234	5.1736	2
133.5	14.6212	997.0125	5.1727	2
133.6	14.6226	997.0856	5.1703	2
133.7	14.6239	997.2028	5.1665	2
133.8	14.6252	997.0515	5.1541	2
133.9	14.6265	997.1524	5.1485	2
134	14.6277	997.1127	5.1615	2
134.1	14.629	997.101	5.1646	2
134.2	14.6306	997.1032	5.1629	2
134.3	14.6319	997.0806	5.1685	2
134.4	14.6333	997.1258	5.1699	2
134.5	14.6345	997.0889	5.1711	2
134.6	14.6357	997.188	5.1767	2
134.7	14.6367	997.1618	5.1793	2
134.8	14.6375	997.2646	5.1794	2
134.9	14.6382	997.211	5.1798	2
135	14.639	997.1589	5.1726	2
135.1	14.64	997.2092	5.1644	2
135.2	14.641	997.1098	5.17	2
135.3	14.6417	997.3138	5.164	2
135.4	14.6425	997.2586	5.1566	2
135.5	14.6431	997.194	5.1648	2
135.6	14.6439	997.2228	5.1713	2
135.7	14.6449	997.1216	5.1614	2
135.8	14.6457	997.1927	5.167	2
135.9	14.6468	997.2171	5.1749	2
136	14.6476	997.1338	5.1641	2
136.1	14.6484	997.2322	5.1612	2
136.2	14.6494	997.0983	5.1703	2
136.3	14.6502	997.176	5.1807	2
136.4	14.6513	997.1943	5.1921	2
136.5	14.6521	997.1377	5.1972	2
136.6	14.653	997.2627	5.1916	2
136.7	14.654	997.1227	5.18	2
136.8	14.655	997.1253	5.1742	2
136.9	14.6563	997.1508	5.1714	2
137	14.6573	997.0425	5.177	2
137.1	14.6584	997.1325	5.1739	2
137.2	14.6596	996.9692	5.1651	2
137.3	14.6609	997.0588	5.1695	2
137.4	14.6622	997.0408	5.1656	2
137.5	14.6634	996.977	5.1585	2
137.6	14.6648	997.1486	5.155	2
137.7	14.6665	996.9007	5.1666	2
137.8	14.6679	996.9954	5.1806	2
137.9	14.6696	997.1248	5.1766	2
138	14.6709	997.0209	5.1762	2
138.1	14.672	997.2032	5.185	2
138.2	14.6731	997.0913	5.1875	2
138.3	14.6741	997.0545	5.1802	2
138.4	14.6754	997.1703	5.1676	2
138.5	14.6765	997.0608	5.1665	2
138.6	14.6775	997.1753	5.1713	2
138.7	14.6786	997.1128	5.1782	2
138.8	14.6799	997.0142	5.172	2
138.9	14.6814	997.0689	5.154	2
139	14.683	996.9785	5.1579	2
139.1	14.6842	997.0985	5.167	2
139.2	14.6858	996.9701	5.1761	2
139.3	14.6872	997.0171	5.1775	2
139.4	14.6887	997.0994	5.168	2
139.5	14.69	997.0873	5.1654	2
139.6	14.6908	997.2462	5.1688	2
139.7	14.6916	997.258	5.1762	2
139.8	14.6921	997.1613	5.1736	2
139.9	14.693	997.2152	5.157	2
140	14.6938	997.0018	5.1465	2
140.1	14.6949	997.1547	5.1432	2
140.2	14.6958	997.2333	5.152	2
140.3	14.6963	997.2607	5.1593	2
140.4	14.6965	997.3475	5.1584	2
140.5	14.6967	997.2675	5.1589	2
140.6	14.6966	997.3792	5.1585	2
140.7	14.6968	997.3303	5.1584	2
140.8	14.697	997.2127	5.1594	2
140.9	14.6974	997.324	5.1491	2
141	14.6977	997.2826	5.1561	2
141.1	14.6976	997.3757	5.157	2
141.2	14.6978	997.3003	5.1414	2
141.3	14.6979	997.2238	5.1494	2
141.4	14.6981	997.4062	5.1481	2
141.5	14.6984	997.216	5.1503	2
141.6	14.6984	997.3224	5.1503	2
141.7	14.6988	997.3245	5.1508	2
141.8	14.6987	997.2747	5.1605	2
141.9	14.6987	997.4476	5.163	2
142	14.699	997.2062	5.1471	2
142.1	14.6993	997.1983	5.1451	2
142.2	14.7	997.2674	5.157	2
142.3	14.7	997.1848	5.1485	2
142.4	14.7001	997.4376	5.1419	2
142.5	14.7003	997.2551	5.1463	2
142.6	14.7002	997.3014	5.1408	2
142.7	14.7004	997.299	5.1295	2
142.8	14.7005	997.2235	5.1263	2
142.9	14.701	997.2507	5.1225	2
143	14.7019	997.0153	5.1255	2
143.1	14.7032	997.057	5.1239	2
143.2	14.7047	997.0292	5.1335	2
143.3	14.7059	997.0403	5.135	2
143.4	14.7072	997.0506	5.1263	2
143.5	14.7084	997.0597	5.1329	2
143.6	14.7097	997.0473	5.1257	2
143.7	14.7113	996.9354	5.1134	2
143.8	14.7126	997.1104	5.1149	2
143.9	14.7141	996.9909	5.1278	2
144	14.715	997.1048	5.1364	2
144.1	14.7163	997.1417	5.1391	2
144.2	14.7172	997.0045	5.1431	2
144.3	14.7181	997.2642	5.1502	2
144.4	14.7192	997.0313	5.1377	2
144.5	14.7198	997.1072	5.1301	2
144.6	14.7213	997.1322	5.1363	2
144.7	14.7222	996.958	5.147	2
144.8	14.7233	997.1918	5.1413	2
144.9	14.7245	996.9997	5.1221	2
145	14.7254	997.0892	5.1264	2
145.1	14.7269	997.1245	5.1366	2
145.2	14.7279	996.9675	5.1324	2
145.3	14.7289	997.1955	5.1266	2
145.4	14.73	997.0474	5.1416	2
145.5	14.7308	997.0991	5.1413	2
145.6	14.7321	997.08	5.1282	2
145.7	14.7332	997.0485	5.1307	2
145.8	14.7344	997.1608	5.1214	2
145.9	14.7356	996.9696	5.1264	2
146	14.7369	996.989	5.1495	2
146.1	14.7384	997.0446	5.1476	2
146.2	14.7393	997.1276	5.1332	2
146.3	14.7403	997.0352	5.1281	2
146.4	14.7419	996.9465	5.1274	2
146.5	14.7435	996.954	5.1267	2
146.6	14.7452	996.9866	5.1314	2
146.7	14.7469	996.8739	5.1337	2
146.8	14.7487	996.9055	5.1325	2
146.9	14.7506	996.9845	5.1347	2
147	14.7521	996.9232	5.1299	2
147.1	14.7536	996.9588	5.1242	2
147.2	14.7553	996.9875	5.1236	2
147.3	14.7567	996.9895	5.1324	2
147.4	14.7581	997.0489	5.1408	2
147.5	14.7597	996.9309	5.1371	2
147.6	14.7613	997.0422	5.1311	2
147.7	14.763	996.9196	5.1286	2
147.8	14.7644	997.0508	5.1297	2
147.9	14.7661	996.9968	5.1429	2
148	14.7676	996.8879	5.1331	2
148.1	14.7692	997.0156	5.1317	2
148.2	14.7708	996.9682	5.1423	2
148.3	14.772	997.0058	5.1367	2
148.4	14.7734	997.1269	5.1339	2
148.5	14.7743	996.9987	5.134	2
148.6	14.7753	997.1735	5.138	2
148.7	14.7766	996.9943	5.1333	2
148.8	14.7774	997.1393	5.139	2
148.9	14.7787	997.0969	5.1485	2
149	14.7799	996.9162	5.1491	2
149.1	14.7814	997.0762	5.1554	3
149.2	14.7828	997.0036	5.1632	3
149.3	14.7838	997.0949	5.1612	3
149.4	14.7852	997.0868	5.1543	3
149.5	14.786	996.8428	5.146	3
149.6	14.7867	996.4377	5.1649	3
149.7	14.7874	995.5035	5.1797	3
149.8	14.7875	994.7058	5.1937	3
149.9	14.788	993.9034	5.1953	3
150	14.7882	993.0416	5.1871	3
150.1	14.7879	992.4687	5.1767	3
150.2	14.7876	991.503	5.1758	3
150.3	14.787	990.6802	5.1723	3
150.4	14.7864	989.8371	5.1621	3
150.5	14.7857	988.9411	5.169	3
150.6	14.785	988.3086	5.1674	3
150.7	14.7843	987.4818	5.168	3
150.8	14.7833	986.6784	5.1738	3
150.9	14.7824	985.8261	5.1769	3
151	14.7813	984.9238	5.1603	3
151.1	14.7801	984.2772	5.1577	3
151.2	14.7789	983.405	5.1658	3
151.3	14.7774	982.6358	5.1647	3
151.4	14.776	981.8279	5.168	3
151.5	14.774	980.9901	5.1779	3
151.6	14.7721	980.244	5.1723	3
151.7	14.7701	979.3984	5.1559	3
151.8	14.7679	978.5994	5.1525	3
151.9	14.7656	977.7877	5.1587	3
152	14.7633	976.9097	5.1574	3
152.1	14.7611	976.0808	5.1583	3
152.2	14.7591	975.2481	5.1608	3
152.3	14.7568	974.4149	5.1625	3
152.4	14.7546	973.6567	5.1644	3
152.5	14.7522	972.7875	5.1509	3
152.6	14.7499	971.9841	5.1469	3
152.7	14.7473	971.2132	5.1515	3
152.8	14.7447	970.3329	5.1638	3
152.9	14.742	969.5094	5.173	3
153	14.7394	968.6122	5.1641	3
153.1	14.7369	967.7251	5.1474	3
153.2	14.7347	966.8553	5.1365	3
153.3	14.7326	966.0952	5.1349	3
153.4	14.7306	965.1862	5.1348	3
153.5	14.7286	964.384	5.1499	3
153.6	14.7268	963.4578	5.1562	3
153.7	14.7249	962.6261	5.1451	3
153.8	14.7231	961.8367	5.1421	3
153.9	14.721	961.0344	5.1518	3
154	14.7187	960.3054	5.1462	3
154.1	14.7163	959.4201	5.143	3
154.2	14.7139	958.6071	5.14	3
154.3	14.7117	957.7503	5.1389	3
154.4	14.7091	956.9083	5.1298	3
154.5	14.7066	956.225	5.1273	3
154.6	14.7041	955.2544	5.1276	3
154.7	14.7015	954.4181	5.1301	3
154.8	14.6992	953.6766	5.1355	3
154.9	14.6966	952.8201	5.1288	3
155	14.6939	952.062	5.1314	3
155.1	14.6912	951.1706	5.146	3
155.2	14.6885	950.2764	5.1446	3
155.3	14.6863	949.4436	5.1373	3
155.4	14.6839	948.6108	5.1388	3
155.5	14.6814	947.7758	5.1449	3
155.6	14.679	946.984	5.1536	3
155.7	14.6764	946.2167	5.1521	3
155.8	14.6738	945.3198	5.1556	3
155.9	14.6711	944.4624	5.1496	3
156	14.6681	943.6964	5.1418	3
156.1	14.6651	942.9067	5.1483	3
156.2	14.6623	942.0652	5.1493	3
156.3	14.6599	941.3174	5.1379	3
156.4	14.657	940.421	5.1426	3
156.5	14.6538	939.6205	5.146	3
156.6	14.6504	938.8123	5.1388	3
156.7	14.6469	937.9477	5.1463	3
156.8	14.6438	937.1447	5.1346	3
156.9	14.6405	936.2698	5.131	3
157	14.637	935.5564	5.1308	3
157.1	14.6336	934.6791	5.1411	3
157.2	14.63	933.8493	5.172	3
157.3	14.6264	932.9763	5.1816	3
157.4	14.6227	932.1749	5.1652	3
157.5	14.6191	931.4786	5.1606	3
157.6	14.6154	930.5203	5.163	3
157.7	14.6119	929.6201	5.171	3
157.8	14.6085	928.7282	5.179	3
157.9	14.6051	927.9707	5.174	3
158	14.6018	927.1493	5.1817	3
158.1	14.5987	926.1445	5.1812	3
158.2	14.5958	925.369	5.1777	3
158.3	14.5926	924.5747	5.1743	3
158.4	14.5893	923.7575	5.1722	3
158.5	14.586	922.9914	5.1767	3
158.6	14.5827	922.1419	5.1768	3
158.7	14.5795	921.3146	5.1777	3
158.8	14.5761	920.5399	5.1864	3
158.9	14.5726	919.6302	5.195	3
159	14.569	918.866	5.1813	3
159.1	14.5657	917.9668	5.17	3
159.2	14.5622	917.1042	5.1697	3
159.3	14.5586	916.4737	5.1594	3
159.4	14.5545	915.5856	5.1548	3
159.5	14.5508	914.6574	5.1516	3
159.6	14.5472	913.7939	5.1653	3
159.7	14.5435	913.0496	5.1677	3
159.8	14.5396	912.2312	5.1567	3
159.9	14.5356	911.465	5.1642	3
160	14.5317	910.5501	5.1675	3
160.1	14.5278	909.709	5.1643	3
160.2	14.5239	908.9537	5.1493	3
160.3	14.52	908.0556	5.1399	3
160.4	14.5163	907.213	5.1349	3
160.5	14.5127	906.3295	5.1395	3
160.6	14.509	905.5146	5.1455	3
160.7	14.5054	904.6512	5.1413	3
160.8	14.5019	903.7361	5.1475	3
160.9	14.4983	902.9952	5.1496	3
161	14.4949	902.1697	5.1559	3
161.1	14.4914	901.3074	5.1534	3
161.2	14.4879	900.534	5.1574	3
161.3	14.4841	899.6836	5.1685	3
161.4	14.4806	898.8454	5.1767	3
161.5	14.4771	897.8934	5.1704	3
161.6	14.4737	897.1312	5.1653	3
161.7	14.47	896.4108	5.1755	3
161.8	14.4659	895.6182	5.1727	3
161.9	14.462	894.8535	5.1756	3
162	14.4578	893.9861	5.1684	3
162.1	14.4536	893.0581	5.1689	3
162.2	14.4496	892.1384	5.1728	3
162.3	14.446	891.4091	5.162	3
162.4	14.4423	890.6062	5.1558	3
162.5	14.4385	889.6849	5.1531	3
162.6	14.4348	888.7794	5.1538	3
162.7	14.431	888.0483	5.1585	3
162.8	14.4275	887.2174	5.1526	3
162.9	14.4239	886.3718	5.1507	3
163	14.4203	885.5251	5.1564	3
163.1	14.4168	884.5875	5.1581	3
163.2	14.4137	883.7014	5.1541	3
163.3	14.4104	882.8857	5.165	3
163.4	14.4071	882.0563	5.1556	3
163.5	14.4039	881.2459	5.1497	3
163.6	14.4007	880.4493	5.1606	3
163.7	14.3972	879.6354	5.1577	3
163.8	14.3938	878.7759	5.1606	3
163.9	14.3906	877.9189	5.1655	3
164	14.3874	877.0786	5.1595	3
164.1	14.3841	876.2575	5.1644	3
164.2	14.3808	875.4597	5.1718	3
164.3	14.3776	874.5716	5.1693	3
164.4	14.3743	873.7411	5.1597	3
164.5	14.371	872.9888	5.1467	3
164.6	14.3677	872.0487	5.159	3
164.7	14.3641	871.3373	5.1636	3
164.8	14.3607	870.5157	5.1591	3
164.9	14.357	869.5775	5.1538	3
165	14.3537	868.8821	5.1523	3
165.1	14.3502	867.8408	5.1531	3
165.2	14.3469	867.0737	5.1549	3
165.3	14.3441	866.2398	5.1526	3
165.4	14.3406	865.3981	5.1526	3
165.5	14.3374	864.6817	5.1619	3
165.6	14.3343	863.7104	5.164	3
165.7	14.3307	862.9995	5.1697	3
165.8	14.3271	862.1804	5.1756	3
165.9	14.3233	861.3616	5.1684	3
166	14.3196	860.5646	5.1348	3
166.1	14.3161	859.5636	5.1326	3
166.2	14.3129	858.7296	5.1498	3
166.3	14.3097	858.0376	5.1428	3
166.4	14.306	857.1513	5.1235	3
166.5	14.3025	856.2545	5.129	3
166.6	14.2994	855.308	5.1519	3
166.7	14.2964	854.5106	5.1553	3
166.8	14.2935	853.7553	5.1492	3
166.9	14.2903	852.8373	5.1374	3
167	14.2871	852.0871	5.1478	3
167.1	14.2842	851.1486	5.1534	3
167.2	14.2816	850.2079	5.146	3
167.3	14.2792	849.5601	5.1486	3
167.4	14.2765	848.6203	5.1407	3
167.5	14.2733	847.8782	5.1461	3
167.6	14.2705	847.069	5.1517	3
167.7	14.2673	846.2095	5.1451	3
167.8	14.264	845.495	5.1459	3
167.9	14.2605	844.5461	5.1546	3
168	14.2569	843.7913	5.1441	3
168.1	14.254	842.8981	5.1355	3
168.2	14.2509	841.9838	5.1515	3
168.3	14.2478	841.3162	5.1542	3
168.4	14.2446	840.3254	5.1564	3
168.5	14.2413	839.6511	5.1534	3
168.6	14.2381	838.7309	5.1407	3
168.7	14.2347	837.858	5.1494	3
168.8	14.2315	837.1756	5.1595	3
168.9	14.2282	836.1812	5.1514	3
169	14.2248	835.5263	5.1459	3
169.1	14.2214	834.6466	5.1423	3
169.2	14.2175	833.7895	5.1479	3
169.3	14.2139	833.1212	5.1521	3
169.4	14.21	832.1966	5.1464	3
169.5	14.2055	831.5733	5.1511	3
169.6	14.2009	830.6848	5.157	3
169.7	14.1963	829.7652	5.1497	3
169.8	14.1923	829.0007	5.1473	3
169.9	14.1883	828.0714	5.1611	3
170	14.1841	827.3336	5.1664	3
170.1	14.1799	826.4224	5.167	3
170.2	14.1757	825.6364	5.1656	3
170.3	14.1716	824.8773	5.1692	3
170.4	14.1672	823.8844	5.1568	3
170.5	14.1631	823.1248	5.1446	3
170.6	14.1592	822.1856	5.1464	3
170.7	14.1551	821.3603	5.1585	3
170.8	14.151	820.5556	5.1565	3
170.9	14.1469	819.7645	5.1492	3
171	14.1429	818.9541	5.1447	3
171.1	14.1388	818.0639	5.1376	3
171.2	14.1346	817.264	5.1324	3
171.3	14.1304	816.5099	5.136	3
171.4	14.1262	815.5987	5.1387	3
171.5	14.1223	814.7319	5.1417	3
171.6	14.1186	813.8309	5.1485	3
171.7	14.1147	813.0547	5.153	3
171.8	14.1105	812.309	5.1492	3
171.9	14.1062	811.4512	5.1427	3
172	14.1024	810.6025	5.1526	3
172.1	14.0984	809.7109	5.1504	3
172.2	14.0943	808.8858	5.1447	3
172.3	14.0903	808.0457	5.1379	3
172.4	14.086	807.2272	5.1395	3
172.5	14.0817	806.5369	5.1535	3
172.6	14.0771	805.7422	5.1639	3
172.7	14.0729	804.8372	5.1667	3
172.8	14.0691	803.8355	5.1622	3
172.9	14.0654	802.9706	5.1546	3
173	14.0617	802.1887	5.1627	3
173.1	14.058	801.3435	5.161	3
173.2	14.0544	800.5198	5.1626	3
173.3	14.0506	799.6639	5.1555	3
173.4	14.0468	798.9036	5.1565	3
173.5	14.043	798.0325	5.1555	3
173.6	14.0391	797.2196	5.1557	3
173.7	14.0349	796.4732	5.168	3
173.8	14.0306	795.6069	5.1566	3
173.9	14.0263	794.7701	5.1454	3
174	14.0217	794.0568	5.1608	3
174.1	14.0172	793.1736	5.1683	3
174.2	14.013	792.3263	5.1571	3
174.3	14.0088	791.4791	5.1542	3
174.4	14.0045	790.6749	5.1464	3
174.5	13.9999	789.8691	5.141	3
174.6	13.9954	789.0323	5.1437	3
174.7	13.9907	788.2373	5.1574	3
174.8	13.986	787.3261	5.1638	3
174.9	13.9815	786.4952	5.1535	3
175	13.9771	785.6939	5.1495	3
175.1	13.9727	784.8352	5.1534	3
175.2	13.9683	783.9447	5.1512	3
175.3	13.964	783.1164	5.1576	3
175.4	13.9597	782.2959	5.1665	3
175.5	13.9555	781.4061	5.153	3
175.6	13.9516	780.5469	5.1495	3
175.7	13.9474	779.7277	5.1523	3
175.8	13.9433	779.0141	5.1549	3
175.9	13.9391	778.1394	5.1517	3
176	13.9349	777.2879	5.1524	3
176.1	13.9305	776.4547	5.155	3
176.2	13.9257	775.69	5.1473	3
176.3	13.9214	774.7969	5.1367	3
176.4	13.9175	773.8646	5.1368	3
176.5	13.9134	773.0956	5.1435	3
176.6	13.9092	772.3185	5.1481	3
176.7	13.9048	771.4489	5.1607	3
176.8	13.9006	770.6468	5.1579	3
176.9	13.8957	769.9684	5.1565	3
177	13.8903	769.0961	5.1576	3
177.1	13.8859	768.0084	5.1459	3
177.2	13.8826	767.0762	5.1478	3
177.3	13.8795	766.2122	5.1536	3
177.4	13.8763	765.318	5.1642	3
177.5	13.8733	764.6013	5.1738	3
177.6	13.8702	763.7574	5.186	3
177.7	13.8668	762.9052	5.1867	3
177.8	13.8634	762.0648	5.1721	3
177.9	13.86	761.3288	5.158	3
178	13.8563	760.628	5.1702	3
178.1	13.8524	759.7157	5.1795	3
178.2	13.8482	758.9037	5.1748	3
178.3	13.8438	758.2534	5.1824	3
178.4	13.8392	757.4165	5.1882	3
178.5	13.8345	756.4871	5.1881	3
178.6	13.83	755.6492	5.1728	3
178.7	13.8255	754.8663	5.1642	3
178.8	13.8209	754.0003	5.1661	3
178.9	13.8165	753.1546	5.1708	3
179	13.8123	752.2681	5.1508	3
179.1	13.8078	751.5184	5.1577	3
179.2	13.8033	750.7012	5.1563	3
179.3	13.7988	749.8219	5.1582	3
179.4	13.7947	748.9784	5.1664	3
179.5	13.7906	748.0801	5.1723	3
179.6	13.7861	747.3935	5.1628	3
179.7	13.7814	746.6225	5.1555	3
179.8	13.7765	745.7444	5.1546	3
179.9	13.7718	744.9061	5.1583	3
180	13.7673	743.9769	5.1598	3
180.1	13.763	743.0536	5.1743	3
180.2	13.7589	742.2363	5.1774	3
180.3	13.7549	741.4237	5.1777	3
180.4	13.7507	740.554	5.1661	3
180.5	13.7464	739.8695	5.1646	3
180.6	13.7418	739.0802	5.1605	3
180.7	13.7371	738.1886	5.1516	3
180.8	13.7327	737.3682	5.1386	3
180.9	13.7283	736.5306	5.1366	3
181	13.7233	735.8082	5.1509	3
181.1	13.7182	734.9887	5.1555	3
181.2	13.7133	734.0882	5.1582	3
181.3	13.7087	733.2538	5.166	3
181.4	13.7037	732.3969	5.1671	3
181.5	13.699	731.5835	5.1733	3
181.6	13.6941	730.7217	5.1844	3
181.7	13.6892	729.918	5.1902	3
181.8	13.6845	729.0218	5.1834	3
181.9	13.6798	728.2372	5.1802	3
182	13.675	727.5215	5.1763	3
182.1	13.6698	726.6357	5.1772	3
182.2	13.6645	725.8286	5.1949	3
182.3	13.6595	724.9662	5.1957	3
182.4	13.6545	724.0819	5.183	3
182.5	13.6493	723.35	5.1792	3
182.6	13.6438	722.6168	5.1756	3
182.7	13.6382	721.8263	5.1677	3
182.8	13.6323	720.9895	5.1717	3
182.9	13.6263	720.1537	5.1806	3
183	13.6204	719.2658	5.1749	3
183.1	13.6146	718.4561	5.1748	3
183.2	13.6086	717.7045	5.179	3
183.3	13.6026	716.8102	5.1783	3
183.4	13.5968	715.9457	5.1726	3
183.5	13.5913	714.9485	5.1796	3
183.6	13.5859	714.2405	5.193	3
183.7	13.5804	713.4984	5.1888	3
183.8	13.5747	712.5536	5.1883	3
183.9	13.5692	711.6977	5.1808	3
184	13.5637	710.8994	5.1673	3
184.1	13.5582	710.0921	5.164	3
184.2	13.5526	709.1372	5.1708	3
184.3	13.5473	708.319	5.1597	3
184.4	13.5419	707.5309	5.1435	3
184.5	13.5363	706.685	5.1389	3
184.6	13.5311	705.9164	5.1417	3
184.7	13.5257	705.0231	5.1595	3
184.8	13.5201	704.2668	5.1624	3
184.9	13.5145	703.4001	5.1653	3
185	13.5089	702.579	5.1649	3
185.1	13.5032	701.8334	5.1553	3
185.2	13.4972	701.0107	5.1462	3
185.3	13.4913	700.1357	5.1473	3
185.4	13.4856	699.1868	5.1543	3
185.5	13.4802	698.3951	5.149	3
185.6	13.4745	697.5922	5.1468	3
185.7	13.4686	696.7227	5.1425	3
185.8	13.463	695.9945	5.1468	3
185.9	13.4572	695.1517	5.1649	3
186	13.4511	694.4118	5.1737	3
186.1	13.4449	693.5426	5.1631	3
186.2	13.4388	692.6234	5.1527	3
186.3	13.4331	691.7826	5.1555	3
186.4	13.4274	690.9218	5.1465	3
186.5	13.4216	690.2028	5.1499	3
186.6	13.4158	689.2563	5.1467	3
186.7	13.4099	688.4219	5.1323	3
186.8	13.4041	687.6372	5.1397	3
186.9	13.3981	686.734	5.1467	3
187	13.3921	685.9817	5.1435	3
187.1	13.3866	685.0675	5.1418	3
187.2	13.3808	684.2141	5.1418	3
187.3	13.3752	683.403	5.1393	3
187.4	13.3697	682.5316	5.1401	3
187.5	13.3643	681.7136	5.1582	3
187.6	13.359	680.8304	5.1674	3
187.7	13.3534	680.1354	5.1862	3
187.8	13.3477	679.2792	5.1935	3
187.9	13.3418	678.3841	5.1726	3
188	13.3363	677.6053	5.1726	3
188.1	13.3306	676.7236	5.1872	3
188.2	13.3247	675.9772	5.1785	3
188.3	13.3187	675.213	5.1673	3
188.4	13.3126	674.2878	5.168	3
188.5	13.3066	673.5613	5.1683	3
188.6	13.3005	672.6675	5.1681	3
188.7	13.2945	671.7978	5.1618	3
188.8	13.2884	670.9208	5.1502	3
188.9	13.2823	670.2453	5.1801	3
189	13.2759	669.3469	5.1813	3
189.1	13.2699	668.5242	5.1748	3
189.2	13.2639	667.6792	5.1737	3
189.3	13.2579	666.8127	5.1649	3
189.4	13.2516	665.9889	5.1497	3
189.5	13.2452	665.331	5.1525	3
189.6	13.2387	664.4643	5.1591	3
189.7	13.2323	663.6359	5.16	3
189.8	13.2258	662.6806	5.1656	3
189.9	13.219	661.9939	5.1622	3
190	13.2125	661.1698	5.1554	3
190.1	13.2057	660.2417	5.1511	3
190.2	13.1992	659.4904	5.15	3
190.3	13.1926	658.5942	5.1448	3
190.4	13.1858	657.7404	5.1443	3
190.5	13.1795	656.9884	5.1412	3
190.6	13.1729	656.0123	5.1387	3
190.7	13.1667	655.2035	5.1467	3
190.8	13.1604	654.3741	5.1442	3
190.9	13.1543	653.4861	5.141	3
191	13.1484	652.6011	5.1456	3
191.1	13.1423	651.9146	5.1486	3
191.2	13.1357	651.1115	5.1507	3
191.3	13.1293	650.1507	5.1595	3
191.4	13.1233	649.3076	5.1588	3
191.5	13.1173	648.4731	5.1647	3
191.6	13.1113	647.6418	5.1747	3
191.7	13.1054	646.8624	5.1745	3
191.8	13.0992	646.0076	5.1704	3
191.9	13.093	645.1887	5.1643	3
192	13.0868	644.3413	5.1647	3
192.1	13.0807	643.5534	5.1662	3
192.2	13.0745	642.6554	5.1755	3
192.3	13.0682	641.9346	5.1758	3
192.4	13.0618	641.044	5.1886	3
192.5	13.0554	640.2343	5.1896	3
192.6	13.0491	639.4408	5.1856	3
192.7	13.0425	638.5646	5.177	3
192.8	13.0359	637.8753	5.169	3
192.9	13.0296	636.892	5.1827	3
193	13.023	636.0712	5.1831	3
193.1	13.0165	635.2984	5.1726	3
193.2	13.0098	634.377	5.1654	3
193.3	13.0033	633.5867	5.1624	3
193.4	12.9969	632.7171	5.1655	3
193.5	12.9903	631.9304	5.1767	3
193.6	12.9839	631.0734	5.1874	3
193.7	12.9773	630.1909	5.1838	3
193.8	12.9708	629.4734	5.181	3
193.9	12.9643	628.5788	5.2017	3
194	12.958	627.7114	5.2084	3
194.1	12.9516	626.9227	5.2025	3
194.2	12.9451	626.0708	5.2006	3
194.3	12.9385	625.2669	5.2014	3
194.4	12.932	624.4421	5.202	3
194.5	12.9255	623.6111	5.1878	3
194.6	12.9189	622.811	5.1885	3
194.7	12.9124	621.8553	5.1874	3
194.8	12.906	621.1128	5.1821	3
194.9	12.8994	620.2776	5.182	3
195	12.8925	619.5154	5.1873	3
195.1	12.8856	618.6768	5.1721	3
195.2	12.8786	617.8191	5.165	3
195.3	12.8718	616.9513	5.1713	3
195.4	12.865	616.1572	5.1562	3
195.5	12.8583	615.2423	5.1431	3
195.6	12.8516	614.3913	5.1493	3
195.7	12.845	613.7506	5.1773	3
195.8	12.8379	612.8771	5.1857	3
195.9	12.8309	611.964	5.1972	3
196	12.8241	611.2036	5.1998	3
196.1	12.8169	610.3787	5.1806	3
196.2	12.8097	609.5388	5.1753	3
196.3	12.803	608.6503	5.1784	3
196.4	12.7963	607.7955	5.1723	3
196.5	12.7896	606.9324	5.1726	3
196.6	12.7827	606.1395	5.1771	3
196.7	12.7759	605.303	5.162	3
196.8	12.7691	604.4735	5.1586	3
196.9	12.7625	603.6596	5.1682	3
197	12.7558	602.7874	5.1827	3
197.1	12.7494	601.8876	5.1823	3
197.2	12.7428	601.0379	5.1786	3
197.3	12.7362	600.2906	5.1763	3
197.4	12.7295	599.4439	5.176	3
197.5	12.7227	598.6171	5.189	3
197.6	12.7159	597.786	5.189	3
197.7	12.7093	596.8849	5.1823	3
197.8	12.703	596.0992	5.1861	3
197.9	12.6966	595.218	5.1806	3
198	12.6897	594.5254	5.1882	3
198.1	12.6829	593.6272	5.1953	3
198.2	12.676	592.7354	5.1787	3
198.3	12.6696	591.9168	5.1763	3
198.4	12.6629	591.1344	5.1692	3
198.5	12.6559	590.3735	5.1673	3
198.6	12.6489	589.4717	5.1721	3
198.7	12.6422	588.6183	5.1807	3
198.8	12.6354	587.8212	5.1775	3
198.9	12.6284	586.974	5.1774	3
199	12.6212	586.1842	5.1757	3
199.1	12.6144	585.291	5.1729	3
199.2	12.6078	584.4028	5.1745	3
199.3	12.6013	583.5996	5.1702	3
199.4	12.595	582.6978	5.1576	3
199.5	12.5886	581.8839	5.1696	3
199.6	12.5823	581.0175	5.1691	3
199.7	12.5761	580.1812	5.1697	3
199.8	12.5699	579.3973	5.1789	3
199.9	12.5635	578.579	5.1778	3
200	12.5568	577.8234	5.1724	3
200.1	12.5499	576.9498	5.1778	3
200.2	12.5432	576.0361	5.1798	3
200.3	12.5367	575.244	5.1833	3
200.4	12.5304	574.3566	5.1859	3
200.5	12.524	573.5109	5.1803	3
200.6	12.518	572.698	5.1784	3
200.7	12.5118	571.8856	5.1936	3
200.8	12.5054	571.0275	5.2001	3
200.9	12.499	570.1872	5.1962	3
201	12.4927	569.3348	5.1894	3
201.1	12.4866	568.507	5.1727	3
201.2	12.4807	567.5925	5.1708	3
201.3	12.475	566.7634	5.1607	3
201.4	12.4694	565.8326	5.1629	3
201.5	12.4637	565.0542	5.1752	3
201.6	12.4579	564.2687	5.1815	3
201.7	12.452	563.4429	5.1769	3
201.8	12.446	562.6879	5.1627	3
201.9	12.4399	561.8052	5.1552	3
202	12.4337	561.0528	5.1617	3
202.1	12.4274	560.1629	5.1698	3
202.2	12.421	559.3555	5.1717	3
202.3	12.4144	558.5973	5.1717	3
202.4	12.4079	557.7896	5.1661	3
202.5	12.4014	556.8916	5.1585	3
202.6	12.3949	556.1415	5.1756	3
202.7	12.3883	555.2313	5.1848	3
202.8	12.3817	554.4763	5.1792	3
202.9	12.3751	553.5708	5.1647	3
203	12.3682	552.7729	5.1465	3
203.1	12.3615	552.0097	5.1304	3
203.2	12.3548	551.1229	5.1457	3
203.3	12.348	550.2713	5.1614	3
203.4	12.3412	549.4855	5.179	3
203.5	12.3344	548.6559	5.1764	3
203.6	12.3275	547.816	5.1607	3
203.7	12.3205	547.0308	5.1653	3
203.8	12.3137	546.0822	5.1539	3
203.9	12.3069	545.318	5.1475	3
204	12.3003	544.4934	5.1449	3
204.1	12.2937	543.6146	5.1426	3
204.2	12.287	542.7974	5.1396	3
204.3	12.2802	541.9391	5.1402	3
204.4	12.2734	541.1147	5.1497	3
204.5	12.2669	540.2275	5.1477	3
204.6	12.2605	539.3827	5.1442	3
204.7	12.254	538.5405	5.136	3
204.8	12.2478	537.6345	5.1168	3
204.9	12.2416	536.8186	5.1206	3
205	12.2354	536.019	5.1296	3
205.1	12.2289	535.2308	5.128	3
205.2	12.2226	534.393	5.1272	3
205.3	12.2165	533.5575	5.1239	3
205.4	12.21	532.7769	5.1238	3
205.5	12.2038	531.8269	5.1227	3
205.6	12.1977	530.963	5.1228	3
205.7	12.1915	530.1575	5.1325	3
205.8	12.1854	529.2991	5.1461	3
205.9	12.1796	528.3488	5.1379	3
206	12.1742	527.4755	5.1333	3
206.1	12.1689	526.6729	5.1373	3
206.2	12.1635	525.7844	5.1453	3
206.3	12.1582	524.9219	5.1592	3
206.4	12.1532	524.0935	5.158	3
206.5	12.1481	523.3448	5.1414	3
206.6	12.1428	522.488	5.1449	3
206.7	12.1376	521.602	5.1439	3
206.8	12.1325	520.7378	5.1474	3
206.9	12.1274	519.9631	5.1498	3
207	12.1221	519.1259	5.1468	3
207.1	12.1165	518.2567	5.1435	3
207.2	12.1114	517.5365	5.1301	3
207.3	12.106	516.6935	5.1213	3
207.4	12.1006	515.9053	5.139	3
207.5	12.0949	515.0811	5.1427	3
207.6	12.0889	514.3032	5.1465	3
207.7	12.0829	513.4628	5.1543	3
207.8	12.077	512.5823	5.1483	3
207.9	12.0713	511.835	5.1438	3
208	12.0652	510.9631	5.1608	3
208.1	12.0589	510.2738	5.1658	3
208.2	12.052	509.5533	5.1564	3
208.3	12.0449	508.72	5.1644	3
208.4	12.0377	507.8912	5.17	3
208.5	12.0304	507.0906	5.1574	3
208.6	12.0233	506.2089	5.1529	3
208.7	12.0165	505.3192	5.1567	3
208.8	12.0094	504.5712	5.1641	3
208.9	12.0022	503.756	5.1759	3
209	11.9949	502.961	5.1808	3
209.1	11.9878	502.0543	5.1641	3
209.2	11.9806	501.1224	5.1483	3
209.3	11.9737	500.3263	5.1458	3
209.4	11.9671	499.3668	5.1446	3
209.5	11.9608	498.5775	5.139	3
209.6	11.9545	497.6857	5.1456	3
209.7	11.9481	496.7936	5.1576	3
209.8	11.9422	495.9824	5.1646	3
209.9	11.9361	495.0863	5.1527	3
210	11.93	494.3373	5.1351	3
210.1	11.924	493.5623	5.1387	3
210.2	11.9177	492.6614	5.1549	3
210.3	11.9115	491.8317	5.1633	3
210.4	11.9053	491.0114	5.15	3
210.5	11.8987	490.3167	5.1466	3
210.6	11.8927	489.269	5.1611	3
210.7	11.8865	488.4554	5.1681	3
210.8	11.8803	487.7085	5.1633	3
210.9	11.8736	486.8607	5.1611	3
211	11.867	486.1748	5.164	3
211.1	11.8602	485.2488	5.1763	3
211.2	11.8534	484.4507	5.1681	3
211.3	11.8467	483.6395	5.1515	3
211.4	11.8398	482.7712	5.1491	3
211.5	11.8331	481.9641	5.1614	3
211.6	11.8264	481.0583	5.1643	3
211.7	11.8194	480.4616	5.1482	3
211.8	11.8128	479.4103	5.1388	3
211.9	11.8059	478.6502	5.1437	3
212	11.7994	477.7663	5.1531	3
212.1	11.7927	476.8974	5.1543	3
212.2	11.7866	476.0792	5.1535	3
212.3	11.7801	475.1826	5.1626	3
212.4	11.7736	474.5047	5.1553	3
212.5	11.7668	473.6009	5.1536	3
212.6	11.76	472.8705	5.1592	3
212.7	11.7531	471.9489	5.1533	3
212.8	11.7461	471.1263	5.1596	3
212.9	11.7398	470.2035	5.1565	3
213	11.7336	469.2772	5.1365	3
213.1	11.7273	468.6796	5.1393	3
213.2	11.7209	467.6594	5.1471	3
213.3	11.714	466.8845	5.1438	3
213.4	11.7076	466.1209	5.1358	3
213.5	11.7009	465.1525	5.1362	3
213.6	11.6943	464.5494	5.1453	3
213.7	11.6879	463.4316	5.1477	3
213.8	11.6811	462.8073	5.1516	3
213.9	11.6748	461.9886	5.1524	3
214	11.6679	461.0463	5.1403	3
214.1	11.6612	460.4001	5.1288	3
214.2	11.6546	459.3176	5.1372	3
214.3	11.6477	458.6449	5.151	3
214.4	11.6411	457.9069	5.1585	3
214.5	11.6339	456.979	5.1517	3
214.6	11.6271	456.1971	5.1517	3
214.7	11.6202	455.3072	5.1511	3
214.8	11.6132	454.5103	5.1416	3
214.9	11.6065	453.6598	5.1334	3
215	11.5997	452.6992	5.1318	3
215.1	11.593	451.9805	5.1317	3
215.2	11.5865	451.0792	5.1481	3
215.3	11.5798	450.2197	5.1507	3
215.4	11.573	449.5604	5.1422	3
215.5	11.5661	448.6293	5.1436	3
215.6	11.559	447.8822	5.1337	3
215.7	11.5522	447.0392	5.1395	3
215.8	11.545	446.0972	5.155	3
215.9	11.5382	445.348	5.1603	3
216	11.5314	444.4262	5.1719	3
216.1	11.5245	443.6374	5.1844	3
216.2	11.5179	442.7902	5.1854	3
216.3	11.5115	441.7947	5.1707	3
216.4	11.5054	440.9603	5.1623	3
216.5	11.4994	440.1413	5.1614	3
216.6	11.4928	439.4698	5.16	3
216.7	11.4862	438.5707	5.1611	3
216.8	11.4793	437.7522	5.1593	3
216.9	11.4726	437.0462	5.1544	3
217	11.4657	436.2474	5.1586	3
217.1	11.4585	435.3944	5.1652	3
217.2	11.4512	434.5381	5.1718	3
217.3	11.4442	433.6619	5.1769	3
217.4	11.4374	432.8041	5.1902	3
217.5	11.4305	432.0506	5.1892	3
217.6	11.4232	431.2271	5.1733	3
217.7	11.4158	430.3032	5.162	3
217.8	11.4084	429.6163	5.1491	3
217.9	11.4011	428.7489	5.1527	3
218	11.3939	427.9071	5.1525	3
218.1	11.3868	427.0523	5.1454	3
218.2	11.3797	426.1299	5.1435	3
218.3	11.3725	425.3946	5.1475	3
218.4	11.3652	424.6226	5.1449	3
218.5	11.3576	423.7723	5.1364	3
218.6	11.3501	422.9412	5.1431	3
218.7	11.3428	422.0729	5.1626	3
218.8	11.3354	421.2571	5.157	3
218.9	11.3282	420.4089	5.1459	3
219	11.3207	419.5684	5.145	3
219.1	11.3132	418.8798	5.1564	3
219.2	11.3054	417.9348	5.1372	3
219.3	11.2978	417.1607	5.1363	3
219.4	11.2903	416.3124	5.1376	3
219.5	11.2823	415.4627	5.1581	3
219.6	11.2744	414.7192	5.1747	3
219.7	11.2664	413.7982	5.1625	3
219.8	11.2584	413.1363	5.1505	3
219.9	11.2505	412.2003	5.1329	3
220	11.2426	411.3185	5.1281	3
220.1	11.2349	410.5943	5.1379	3
220.2	11.2265	409.8042	5.1334	3
220.3	11.2179	408.9853	5.1229	3
220.4	11.2096	408.0586	5.1222	3
220.5	11.2015	407.1938	5.1228	3
220.6	11.1936	406.4565	5.137	3
220.7	11.1853	405.5918	5.154	3
220.8	11.1771	404.7484	5.1451	3
220.9	11.1689	403.9295	5.137	3
221	11.1606	403.1222	5.1429	3
221.1	11.1524	402.235	5.1507	3
221.2	11.1444	401.3617	5.1488	3
221.3	11.1367	400.3833	5.1438	3
221.4	11.1291	399.6081	5.1361	3
221.5	11.1213	398.8647	5.1352	3
221.6	11.1132	398.1133	5.1447	3
221.7	11.1047	397.2879	5.1398	3
221.8	11.0964	396.3764	5.1258	3
221.9	11.0884	395.5504	5.1339	3
222	11.0807	394.6476	5.1309	3
222.1	11.0728	393.7823	5.1245	3
222.2	11.0649	393.0595	5.1218	3
222.3	11.057	392.1665	5.1181	3
222.4	11.0489	391.2995	5.1322	3
222.5	11.0412	390.5342	5.1396	3
222.6	11.0331	389.688	5.136	3
222.7	11.0252	388.8856	5.1198	3
222.8	11.0173	387.9848	5.1115	3
222.9	11.0092	387.2907	5.1148	3
223	11.001	386.4198	5.114	3
223.1	10.9929	385.5508	5.124	3
223.2	10.9848	384.7757	5.1332	3
223.3	10.976	383.9596	5.1296	3
223.4	10.9676	383.1564	5.1283	3
223.5	10.9592	382.2152	5.1259	3
223.6	10.9511	381.3849	5.1257	3
223.7	10.9434	380.463	5.1119	3
223.8	10.9357	379.6073	5.1299	3
223.9	10.9282	378.794	5.1462	3
224	10.9203	378.0023	5.1324	3
224.1	10.9123	377.1909	5.1194	3
224.2	10.9046	376.2839	5.1157	3
224.3	10.8972	375.3586	5.1262	3
224.4	10.8899	374.5584	5.1282	3
224.5	10.8825	373.6892	5.1342	3
224.6	10.8749	373.0595	5.1379	3
224.7	10.8674	372.0413	5.1252	3
224.8	10.8601	371.0699	5.1288	3
224.9	10.8532	370.3981	5.1205	3
225	10.846	369.5029	5.1176	3
225.1	10.8387	368.6283	5.1248	3
225.2	10.8318	367.7643	5.1202	3
225.3	10.8251	366.9908	5.1195	3
225.4	10.8183	366.1437	5.1129	3
225.5	10.811	365.2889	5.109	3
225.6	10.8039	364.5255	5.1171	3
225.7	10.7967	363.7178	5.1117	3
225.8	10.7893	362.9397	5.1166	3
225.9	10.7818	362.0973	5.1156	3
226	10.7741	361.3348	5.114	3
226.1	10.7655	360.8312	5.1251	3
226.2	10.7549	360.4179	5.1307	3
226.3	10.7426	359.9736	5.1274	3
226.4	10.7307	358.5992	5.1318	3
226.5	10.7232	356.453	5.1333	3
226.6	10.7207	354.9376	5.1304	3
226.7	10.7179	354.715	5.1306	3
226.8	10.7115	354.6698	5.1442	3
226.9	10.7033	353.9469	5.1495	3
227	10.6952	353.0774	5.1589	3
227.1	10.6871	352.2263	5.1668	3
227.2	10.6784	351.5101	5.1581	3
227.3	10.6694	350.8932	5.1334	3
227.4	10.6604	349.8739	5.1313	3
227.5	10.6514	349.0388	5.1327	3
227.6	10.6426	348.2259	5.1317	3
227.7	10.6336	347.4015	5.1254	3
227.8	10.6248	346.7223	5.1229	3
227.9	10.6156	345.7702	5.1263	3
228	10.6066	344.9208	5.1195	3
228.1	10.5984	343.8782	5.1361	3
228.2	10.5905	342.9989	5.1471	3
228.3	10.5824	342.3162	5.1381	3
228.4	10.5739	341.4947	5.1385	3
228.5	10.5648	340.7612	5.145	3
228.6	10.5559	339.9394	5.1423	3
228.7	10.5472	338.944	5.131	3
228.8	10.5386	338.0952	5.1254	3
228.9	10.5303	337.2433	5.13	3
229	10.5222	336.4219	5.1271	3
229.1	10.514	335.619	5.1365	3
229.2	10.5056	334.6437	5.1433	3
229.3	10.4983	333.651	5.1435	3
229.4	10.4916	332.7056	5.1366	3
229.5	10.4851	331.8113	5.1296	3
229.6	10.4794	330.6898	5.122	3
229.7	10.4742	330.0829	5.1218	3
229.8	10.4655	330.4318	5.1327	3
229.9	10.4523	330.2611	5.1435	3
230	10.4391	328.8529	5.1432	3
230.1	10.4288	327.6527	5.1481	3
230.2	10.4185	326.7404	5.1532	3
230.3	10.4097	325.6411	5.1384	3
230.4	10.4007	324.7695	5.1309	3
230.5	10.3932	323.668	5.1301	3
230.6	10.3856	322.8542	5.141	3
230.7	10.378	322.2923	5.144	3
230.8	10.3695	321.3969	5.1396	3
230.9	10.3612	320.6728	5.1405	3
231	10.3526	319.7211	5.1439	3
231.1	10.3441	318.9613	5.1562	3
231.2	10.3356	318.1524	5.1681	3
231.3	10.3271	317.3284	5.1537	3
231.4	10.3183	316.5521	5.1403	3
231.5	10.3097	315.6695	5.134	3
231.6	10.3011	314.7932	5.1325	3
231.7	10.2924	314.0673	5.131	3
231.8	10.2836	313.1718	5.1273	3
231.9	10.2745	312.3191	5.1262	3
232	10.2658	311.4481	5.1247	3
232.1	10.2574	310.6094	5.1206	3
232.2	10.249	309.86	5.1189	3
232.3	10.2401	309.0477	5.1315	3
232.4	10.2311	308.1739	5.1507	3
232.5	10.2226	307.286	5.1411	3
232.6	10.2141	306.4371	5.1194	3
232.7	10.2055	305.6355	5.1164	3
232.8	10.1971	304.7888	5.1358	3
232.9	10.1886	303.8362	5.1523	3
233	10.1802	303.0434	5.1443	3
233.1	10.1719	302.2587	5.1385	3
233.2	10.1636	301.4643	5.1434	3
233.3	10.1554	300.5308	5.1458	3
233.4	10.1476	299.6879	5.1382	3
233.5	10.1397	298.8406	5.1294	3
233.6	10.1316	297.9936	5.1181	3
233.7	10.1236	297.2094	5.1198	3
233.8	10.1154	296.37	5.1145	3
233.9	10.1073	295.4948	5.1146	3
234	10.0992	294.6831	5.1279	3
234.1	10.0912	293.7452	5.1205	3
234.2	10.0837	292.8417	5.1235	3
234.3	10.0769	291.9505	5.1344	3
234.4	10.0699	291.112	5.1385	3
234.5	10.0629	290.3417	5.1424	3
234.6	10.0556	289.5121	5.1482	3
234.7	10.0482	288.7775	5.1384	3
234.8	10.0407	287.8873	5.1342	3
234.9	10.0328	287.1073	5.1296	3
235	10.025	286.3215	5.1193	3
235.1	10.0171	285.609	5.115	3
235.2	10.0089	284.7382	5.1053	3
235.3	10.0005	283.9834	5.1101	3
235.4	9.992	283.152	5.1116	3
235.5	9.9834	282.3138	5.1049	3
235.6	9.9746	281.6111	5.1111	3
235.7	9.9653	280.7973	5.1161	3
235.8	9.9562	279.9143	5.1048	3
235.9	9.9474	278.9481	5.104	3
236	9.9389	278.1761	5.111	3
236.1	9.9302	277.3413	5.1186	3
236.2	9.9217	276.4719	5.1304	3
236.3	9.9133	275.4798	5.1407	3
236.4	9.905	274.8605	5.1376	3
236.5	9.8964	273.9243	5.1185	3
236.6	9.8876	273.1902	5.1145	3
236.7	9.8789	272.2796	5.1258	3
236.8	9.8699	271.586	5.1341	3
236.9	9.8613	270.7197	5.1433	3
237	9.8524	269.8364	5.1501	3
237.1	9.8436	269.0163	5.1386	3
237.2	9.8348	268.0988	5.1311	3
237.3	9.826	267.3816	5.1326	3
237.4	9.817	266.5805	5.1333	3
237.5	9.8081	265.7502	5.142	3
237.6	9.799	264.8897	5.1254	3
237.7	9.7899	264.0699	5.1122	3
237.8	9.7805	263.2723	5.1198	3
237.9	9.7713	262.5032	5.1181	3
238	9.762	261.6349	5.1253	3
238.1	9.7523	260.833	5.1403	3
238.2	9.7427	260.0016	5.133	3
238.3	9.7333	259.1336	5.1298	3
238.4	9.7239	258.3326	5.1384	3
238.5	9.7143	257.5099	5.1259	3
238.6	9.7047	256.6659	5.1138	3
238.7	9.6954	255.8032	5.1203	3
238.8	9.686	254.9425	5.1238	3
238.9	9.6766	254.1116	5.1203	3
239	9.6674	253.2255	5.1162	3
239.1	9.6582	252.4219	5.1214	3
239.2	9.6491	251.5549	5.1211	3
239.3	9.6402	250.7347	5.1265	3
239.4	9.6312	249.8169	5.1351	3
239.5	9.622	249.1138	5.1245	3
239.6	9.613	248.2464	5.1192	3
239.7	9.6038	247.4116	5.1153	3
239.8	9.5948	246.614	5.1167	3
239.9	9.5856	245.8348	5.123	3
240	9.5761	244.9489	5.1102	3
240.1	9.5667	244.1067	5.1112	3
240.2	9.5575	243.2065	5.1204	3
240.3	9.5486	242.3811	5.1334	3
240.4	9.5396	241.5297	5.1418	3
240.5	9.5306	240.7322	5.1318	3
240.6	9.5217	239.8889	5.1371	3
240.7	9.5124	239.0845	5.1329	3
240.8	9.5032	238.2724	5.1301	3
240.9	9.4939	237.4529	5.1462	3
241	9.4847	236.6687	5.152	3
241.1	9.4753	235.766	5.1601	3
241.2	9.4658	234.9907	5.1595	3
241.3	9.4563	234.077	5.1367	3
241.4	9.4469	233.3215	5.1315	3
241.5	9.4375	232.4813	5.1508	3
241.6	9.428	231.6066	5.1567	3
241.7	9.4186	230.8203	5.1542	3
241.8	9.4091	229.9319	5.1486	3
241.9	9.3996	229.1734	5.1414	3
242	9.39	228.3249	5.1357	3
242.1	9.3804	227.5418	5.1341	3
242.2	9.3707	226.6991	5.131	3
242.3	9.3609	225.8697	5.1355	3
242.4	9.351	225.0441	5.1303	3
242.5	9.3411	224.1675	5.1381	3
242.6	9.3316	223.3461	5.1469	3
242.7	9.322	222.5148	5.1428	3
242.8	9.3124	221.6325	5.1319	3
242.9	9.3031	220.834	5.1197	3
243	9.2936	219.9626	5.1164	3
243.1	9.2839	219.2395	5.1171	3
243.2	9.2739	218.4134	5.1142	3
243.3	9.2639	217.5773	5.1157	3
243.4	9.2541	216.6722	5.128	3
243.5	9.2443	215.8501	5.1154	3
243.6	9.2346	214.9781	5.1142	3
243.7	9.225	214.1972	5.1239	3
243.8	9.2153	213.3646	5.1222	3
243.9	9.2056	212.5138	5.1237	3
244	9.1961	211.6739	5.125	3
244.1	9.1862	210.8451	5.1153	3
244.2	9.1766	210.0594	5.1063	3
244.3	9.1667	209.1999	5.1167	3
244.4	9.1569	208.3587	5.1183	3
244.5	9.1472	207.572	5.1262	3
244.6	9.1374	206.691	5.1254	3
244.7	9.1276	205.8831	5.1234	3
244.8	9.1177	204.9996	5.1247	3
244.9	9.1078	204.2521	5.1212	3
245	9.0981	203.3556	5.1232	3
245.1	9.0882	202.5091	5.1187	3
245.2	9.0782	201.7729	5.1307	3
245.3	9.0679	200.9751	5.1446	3
245.4	9.0577	200.0108	5.1426	3
245.5	9.0476	199.301	5.1362	3
245.6	9.0375	198.4148	5.1319	3
245.7	9.0273	197.6297	5.1232	3
245.8	9.0172	196.7218	5.1158	3
245.9	9.0071	195.9263	5.12	3
246	8.997	195.1093	5.131	3
246.1	8.9867	194.3242	5.1304	3
246.2	8.9765	193.4508	5.1283	3
246.3	8.9661	192.6461	5.1275	3
246.4	8.9557	191.8467	5.1243	3
246.5	8.9453	190.9941	5.1347	3
246.6	8.9349	190.1765	5.1429	3
246.7	8.9243	189.2893	5.1525	3
246.8	8.9138	188.5321	5.1459	3
246.9	8.9033	187.7331	5.1448	3
247	8.8929	186.8662	5.1535	3
247.1	8.8823	186.0036	5.1552	3
247.2	8.8717	185.1687	5.1511	3
247.3	8.8613	184.2772	5.1527	3
247.4	8.8509	183.4699	5.1613	3
247.5	8.8401	182.6976	5.1601	3
247.6	8.8293	181.9486	5.1495	3
247.7	8.8185	181.1028	5.1422	3
247.8	8.8076	180.2824	5.1459	3
247.9	8.7968	179.4438	5.1584	3
248	8.7861	178.5331	5.1658	3
248.1	8.7753	177.6669	5.1628	3
248.2	8.7646	176.893	5.1666	3
248.3	8.7539	176.0721	5.1654	3
248.4	8.743	175.2486	5.1559	3
248.5	8.7323	174.3333	5.1476	3
248.6	8.7216	173.5824	5.1419	3
248.7	8.7108	172.7376	5.1454	3
248.8	8.6999	171.9442	5.151	3
248.9	8.689	171.1011	5.1639	3
249	8.6777	170.2868	5.1675	3
249.1	8.6665	169.5125	5.1637	3
249.2	8.6551	168.7167	5.1807	3
249.3	8.6435	167.9017	5.1783	3
249.4	8.6319	167.0467	5.1573	3
249.5	8.6203	166.262	5.1556	3
249.6	8.6086	165.4058	5.1608	3
249.7	8.5966	164.6018	5.1625	3
249.8	8.5845	163.8295	5.1596	3
249.9	8.5727	162.9908	5.1662	3
250	8.5607	162.1496	5.1677	3
250.1	8.5486	161.2877	5.1764	3
250.2	8.5364	160.4784	5.1781	3
250.3	8.5242	159.6691	5.1753	3
250.4	8.5122	158.8156	5.1676	3
250.5	8.5001	158.0368	5.1528	3
250.6	8.4878	157.1485	5.1491	3
250.7	8.4757	156.2816	5.1418	3
250.8	8.4638	155.456	5.1401	3
250.9	8.4518	154.6661	5.1471	3
251	8.4398	153.8237	5.1475	3
251.1	8.4279	152.9006	5.1475	3
251.2	8.4162	152.0794	5.1494	3
251.3	8.4044	151.233	5.1596	3
251.4	8.3925	150.3843	5.1563	3
251.5	8.381	149.5865	5.1484	3
251.6	8.3692	148.724	5.1347	3
251.7	8.3572	147.8896	5.1369	3
251.8	8.3456	147.0031	5.1474	3
251.9	8.3341	146.1828	5.1622	3
252	8.3226	145.3551	5.1707	3
252.1	8.3111	144.4869	5.1647	3
252.2	8.2996	143.719	5.1661	3
252.3	8.2879	142.8873	5.1743	3
252.4	8.2759	142.1086	5.1701	3
252.5	8.2639	141.2695	5.1463	3
252.6	8.252	140.4355	5.138	3
252.7	8.2403	139.6024	5.1438	3
252.8	8.2284	138.7391	5.139	3
252.9	8.2163	137.9578	5.1493	3
253	8.2045	137.0598	5.1408	3
253.1	8.1926	136.2302	5.1438	3
253.2	8.1809	135.5094	5.1578	3
253.3	8.1689	134.6748	5.164	3
253.4	8.1566	133.8886	5.1688	3
253.5	8.1441	133.0704	5.1589	3
253.6	8.1313	132.3197	5.1449	3
253.7	8.1182	131.5012	5.1398	3
253.8	8.1052	130.6426	5.15	3
253.9	8.0922	129.7955	5.1505	3
254	8.0792	129.0084	5.1463	3
254.1	8.0662	128.1746	5.144	3
254.2	8.0533	127.3273	5.1559	3
254.3	8.0405	126.4524	5.1522	3
254.4	8.0278	125.5525	5.1639	3
254.5	8.0151	124.7367	5.1715	3
254.6	8.0025	123.8874	5.164	3
254.7	7.9902	122.9778	5.1628	3
254.8	7.9783	122.1097	5.1604	3
254.9	7.9666	121.1634	5.1599	3
255	7.9553	120.2678	5.1564	3
255.1	7.9441	119.3713	5.1531	3
255.2	7.9329	118.5734	5.1518	3
255.3	7.9216	117.8318	5.1552	3
255.4	7.9099	117.0668	5.1546	3
255.5	7.8978	116.2622	5.1638	3
255.6	7.8857	115.4831	5.1707	3
255.7	7.8734	114.6631	5.1701	3
255.8	7.8611	113.8344	5.1733	3
255.9	7.8488	113.0827	5.1708	3
256	7.8363	112.2218	5.1814	3
256.1	7.8237	111.3479	5.1747	3
256.2	7.8112	110.5668	5.164	3
256.3	7.7984	109.7759	5.1619	3
256.4	7.7857	108.9334	5.1607	3
256.5	7.773	108.1272	5.1617	3
256.6	7.7599	107.363	5.1681	3
256.7	7.7469	106.4644	5.171	3
256.8	7.734	105.6431	5.1611	3
256.9	7.7207	104.8535	5.1514	3
257	7.7073	104.0201	5.1552	3
257.1	7.6942	103.2041	5.1499	3
257.2	7.6812	102.3418	5.1486	3
257.3	7.6681	101.4823	5.1406	3
257.4	7.6551	100.66	5.1555	3
257.5	7.642	99.8574	5.1579	3
257.6	7.6291	98.9117	5.1511	3
257.7	7.6164	98.0014	5.1549	3
257.8	7.6039	97.2586	5.156	3
257.9	7.5913	96.438	5.1553	3
258	7.5784	95.6306	5.148	3
258.1	7.5653	94.8572	5.1549	3
258.2	7.552	94.0605	5.1748	3
258.3	7.5387	93.2017	5.173	3
258.4	7.5252	92.364	5.1719	3
258.5	7.5119	91.5793	5.1688	3
258.6	7.4983	90.7253	5.176	3
258.7	7.4848	89.9215	5.1812	3
258.8	7.4713	89.1028	5.1774	3
258.9	7.4575	88.2877	5.1657	3
259	7.4436	87.4922	5.1611	3
259.1	7.4296	86.7049	5.172	3
259.2	7.4156	85.8831	5.1788	3
259.3	7.4016	85.0408	5.1806	3
259.4	7.387	84.2487	5.1706	3
259.5	7.3728	83.2975	5.1625	3
259.6	7.3588	82.5792	5.1634	3
259.7	7.3443	81.8032	5.1583	3
259.8	7.3295	80.8845	5.1545	3
259.9	7.3152	80.0758	5.1506	3
260	7.3012	79.1595	5.1676	3
260.1	7.287	78.3145	5.1754	3
260.2	7.273	77.4906	5.1777	3
260.3	7.2592	76.6296	5.1825	3
260.4	7.2452	75.8168	5.1772	3
260.5	7.231	75.0727	5.167	3
260.6	7.2168	74.1714	5.1622	3
260.7	7.2027	73.3189	5.1619	3
260.8	7.1883	72.6181	5.1661	3
260.9	7.1738	71.8103	5.181	3
261	7.1591	70.9485	5.1838	3
261.1	7.1447	70.089	5.1724	3
261.2	7.1299	69.2798	5.1826	3
261.3	7.1151	68.5421	5.1896	3
261.4	7.0999	67.756	5.1896	3
261.5	7.0844	66.9113	5.1865	3
261.6	7.0691	66.0898	5.1868	3
261.7	7.0538	65.2574	5.1938	3
261.8	7.0383	64.4272	5.1893	3
261.9	7.0231	63.589	5.1821	3
262	7.0078	62.828	5.1764	3
262.1	6.9922	62.0287	5.1717	3
262.2	6.9766	61.1167	5.1666	3
262.3	6.961	60.318	5.1593	3
262.4	6.9454	59.5028	5.1575	3
262.5	6.9294	58.6851	5.1537	3
262.6	6.9137	57.9078	5.1595	3
262.7	6.8979	56.9872	5.163	3
262.8	6.8817	56.2905	5.1688	3
262.9	6.8653	55.4209	5.1589	3
263	6.8489	54.6246	5.1504	3
263.1	6.8327	53.8095	5.167	3
263.2	6.8161	52.9678	5.1805	3
263.3	6.7994	52.1449	5.1853	3
263.4	6.7831	51.2168	5.1682	3
263.5	6.767	50.4654	5.1647	3
263.6	6.7505	49.6356	5.185	3
263.7	6.734	48.7634	5.1887	3
263.8	6.7177	47.8983	5.1882	3
263.9	6.7013	47.1456	5.1851	3
264	6.6849	46.3657	5.1924	3
264.1	6.6684	45.4717	5.2007	3
264.2	6.6514	44.663	5.2044	3
264.3	6.6347	43.7892	5.209	3
264.4	6.6179	43.026	5.2045	3
264.5	6.6017	42.1745	5.1831	3
264.6	6.5858	41.3751	5.1822	3
264.7	6.569	40.5831	5.1923	3
264.8	6.5519	39.7544	5.196	3
264.9	6.5347	38.891	5.1862	3
265	6.5176	38.0734	5.184	3
265.1	6.5006	37.241	5.1932	3
265.2	6.4833	36.4047	5.1941	3
265.3	6.4663	35.5902	5.205	3
265.4	6.449	34.7649	5.1975	3
265.5	6.4316	33.9628	5.1819	3
265.6	6.4141	33.2027	5.1667	3
265.7	6.3963	32.434	5.172	3
265.8	6.3783	31.5827	5.1862	3
265.9	6.3603	30.673	5.181	3
266	6.3424	29.9528	5.18	3
266.1	6.3243	29.1424	5.1956	3
266.2	6.3058	28.297	5.1996	3
266.3	6.2876	27.486	5.1797	3
266.4	6.2695	26.6556	5.1667	3
266.5	6.251	25.8435	5.1721	3
266.6	6.2323	25.0458	5.1678	3
266.7	6.2137	24.1862	5.1675	3
266.8	6.1951	23.389	5.1852	3
266.9	6.1763	22.6481	5.1808	3
267	6.1572	21.7729	5.1768	3
267.1	6.138	20.9375	5.1844	3
267.2	6.1187	20.1174	5.1894	3
267.3	6.0992	19.4188	5.1877	3
267.4	6.0796	18.6006	5.1802	3
267.5	6.0598	17.7477	5.1679	3
267.6	6.04	16.9294	5.1705	3
267.7	6.0201	16.1565	5.1844	3
267.8	6	15.3703	5.1835	3
267.9	5.9796	14.5118	5.1703	3
268	5.9592	13.687	5.1736	3
268.1	5.9387	12.8649	5.1773	3
268.2	5.9185	12.0737	5.17	3
268.3	5.898	11.2387	5.1602	3
268.4	5.8772	10.4278	5.1578	3
268.5	5.8562	9.596	5.1726	3
268.6	5.8351	8.8702	5.1827	3
268.7	5.8139	8.0528	5.1689	3
268.8	5.7926	7.1842	5.1616	3
268.9	5.7714	6.3725	5.1558	3
269	5.7502	5.6043	5.1494	3
269.1	5.7287	4.7598	5.1464	4
269.2	5.7069	3.9565	5.147	4
269.3	5.6851	3.1932	5.1672	4
269.4	5.6646	2.6728	5.1712	4
269.5	5.6126	-12.92	5.1624	4
269.6	5.3943	-63.9512	5.1553	4
269.7	5.0035	-98.239	5.1536	4
269.8	4.5552	-104.9225	5.1625	4
269.9	4.0876	-104.4577	5.1695	4
270	3.6087	-99.5699	5.1583	4
270.1	3.1235	-94.3285	5.1597	4
270.2	2.6347	-89.8241	5.16	4
270.3	2.1427	-85.1079	5.1625	4
270.4	1.6473	-79.1057	5.1728	4
270.5	1.149	-71.9863	5.1757	4
270.6	0.6479	-64.2839	5.1749	4
270.7	0.1454	-56.9194	5.1708	4
270.8	-0.357	-51.2125	5.17	4
270.9	-0.8599	-46.2006	5.1715	4
271	-1.3642	-40.8006	5.1743	4
271.1	-1.8692	-36.6118	5.1837	4
271.2	-2.3747	-33.533	5.1778	4
271.3	-2.8806	-31.1855	5.167	4
271.4	-3.3868	-29.8271	5.1713	4
271.5	-3.8938	-28.5021	5.1675	4
271.6	-4.4013	-27.1532	5.1616	4
271.7	-4.9088	-25.8618	5.1638	4
271.8	-5.4169	-24.4511	5.1633	4
271.9	-5.9262	-23.1032	5.1565	4
272	-6.4357	-21.7174	5.1559	4
272.1	-6.9451	-20.9723	5.1662	4
272.2	-7.4543	-20.7819	5.1735	4
272.3	-7.9636	-20.5336	5.1656	4
272.4	-8.4729	-20.1693	5.1564	4
272.5	-8.9817	-19.6474	5.1629	4
272.6	-9.4913	-19.6783	5.1651	4
272.7	-9.9851	-19.5328	5.1617	4
272.8	-10.3557	-18.9768	5.1553	4
272.9	-10.5779	-18.4637	5.1586	4
273	-10.7583	-18.1887	5.1661	4
273.1	-10.9303	-17.7242	5.1725	4
273.2	-11.0974	-17.3106	5.1809	4
273.3	-11.2615	-17.2565	5.1871	4
273.4	-11.4236	-17.0107	5.1869	4
273.5	-11.5845	-16.6108	5.1829	4
273.6	-11.7442	-16.3639	5.1822	4
273.7	-11.9032	-16.2057	5.186	4
273.8	-12.0619	-15.9495	5.1905	4
273.9	-12.2204	-15.5371	5.1758	4
274	-12.3784	-15.0972	5.1659	4
274.1	-12.5357	-14.9724	5.1462	4
