Indentation

 + Advanced

+ Advanced
   Acquisition rate :	10.0 [Hz]
   Linear loading
   Max load :	1000.00 	µN
   Loading rate :	500.00 	µN/min
   Unloading rate :	500.00 	µN/min
   Pause :	30.0 s

+ TTX - UNHT Bio S/N: 1000136751 settings
   Fn contact : 25 µN
   Approach distance : 20 µm
   Approach speed : 100 µm/min
   Retract speed : 200 µm/min
   Retract time : 5 sec
   Dz sensor in large range
   Load in fine range
   FnRef in fine range
   FnRef contactload :500.000 µN
   Stiffness threshold : 1 µN/µm

   X Position :10304.70 µm
   Y Position :40263.90 µm
   Z Position :8767.54 µm

Date :6/9/2026
Time :1:38:11 PM

Analysis n # 1

   Method :	Hertz

 + Parameters

  Load Fit [10%,98%]

 + Main results

   EHz=	1054.9 	kPa

 + Hypothesis


 + Additional results

   ErHz=	1159.24 kPa
   h offset=	26.42 µm
   R2=	0.99

Analysis n # 2

   Method :	Oliver & Pharr

 + Parameters

  Unload Fit [40%,98%]

 + Main results

   HIT=	10.153 	kPa
   EIT=	525.21 	kPa
   E*=	577.15 	kPa

 + Hypothesis

   !!! Indenter not calibrated !!!
   m out of O&P hypothesis
   Poisson's ratio(nu)=	0.30 

 + Additional results

   HVIT=	0.001035 	 Vickers
   CIT 0.001/120/30=	0.43 	%
   nIT=	81.21 %
   Fmax=	997.11 	µN
   hmax=	35.86 	µm
   S=	204.0900 	µN/µm
   F/S²=	0.0239 	µm²/µN
   hc=	32.30 	µm
   hr=	30.97 	µm
   hp=	18.04 	µm
   m=	3.6474 
   Epsilon=	0.73 
   R2=	1.000
   Ap=	98209.24 	µm²
   Welast=	3273.38 pJ
   Wplast=	757.31 pJ
   Wtotal=	4030.70 pJ
   Er=	577.15 	kPa

Measured values
Time (s)	Pd (µm)	Fn (µN)	FnRef (µN)	SegmentID

0	0	0	5.1124	1
0.1	0.0687	-0.1507	5.1072	1
0.2	0.1388	-0.1488	5.1039	1
0.3	0.2038	-0.2875	5.0981	1
0.4	0.249	0.0199	5.104	1
0.5	0.2847	0.0992	5.107	1
0.6	0.321	-0.0621	5.1085	1
0.7	0.358	-0.0911	5.1132	1
0.8	0.396	-0.1821	5.1087	1
0.9	0.4346	0.0727	5.1055	1
1	0.4741	0.1577	5.0898	1
1.1	0.5151	-0.0259	5.0702	1
1.2	0.5573	-0.1298	5.0775	1
1.3	0.6003	-0.087	5.084	1
1.4	0.6444	0.0044	5.0738	1
1.5	0.6894	0.0082	5.0615	1
1.6	0.7357	-0.0502	5.0573	1
1.7	0.7829	-0.1272	5.059	1
1.8	0.8314	-0.1846	5.0697	1
1.9	0.8807	0.0269	5.0839	1
2	0.9309	0.1112	5.0744	1
2.1	0.9826	-0.0538	5.0665	1
2.2	1.0353	-0.0616	5.0735	1
2.3	1.0892	-0.0738	5.0883	1
2.4	1.1442	-0.0431	5.0911	1
2.5	1.2	0.0287	5.0904	1
2.6	1.2571	0.0922	5.0916	1
2.7	1.316	-0.0032	5.0953	1
2.8	1.3756	-0.1258	5.0881	1
2.9	1.4361	0.0035	5.0865	1
3	1.4981	0.0005	5.0961	1
3.1	1.5615	-0.0014	5.1029	1
3.2	1.6254	0.0546	5.0957	1
3.3	1.6906	-0.0572	5.0767	1
3.4	1.7572	-0.0224	5.0817	1
3.5	1.825	0.0989	5.0823	1
3.6	1.8939	0.1333	5.0794	1
3.7	1.9634	0.1333	5.0708	1
3.8	2.0342	0.1274	5.0668	1
3.9	2.1064	0.154	5.0756	1
4	2.1802	0.2169	5.0794	1
4.1	2.2548	0.2597	5.0812	1
4.2	2.3306	0.2498	5.085	1
4.3	2.4075	0.3082	5.0833	1
4.4	2.4853	0.4398	5.0774	1
4.5	2.5646	0.4247	5.0841	1
4.6	2.6455	0.3853	5.0988	1
4.7	2.7274	0.398	5.0922	1
4.8	2.8101	0.4774	5.075	1
4.9	2.8944	0.4304	5.0702	1
5	2.9797	0.4028	5.0667	1
5.1	3.0665	0.4429	5.0637	1
5.2	3.1547	0.4282	5.0536	1
5.3	3.2441	0.4078	5.0544	1
5.4	3.335	0.4761	5.0687	1
5.5	3.4269	0.5153	5.0681	1
5.6	3.5201	0.5067	5.0721	1
5.7	3.6145	0.5595	5.09	1
5.8	3.7101	0.6307	5.1005	1
5.9	3.8073	0.6052	5.0961	1
6	3.9058	0.6232	5.0932	1
6.1	4.0055	0.6909	5.0807	1
6.2	4.1063	0.7019	5.0692	1
6.3	4.2086	0.7217	5.0778	1
6.4	4.312	0.8397	5.0736	1
6.5	4.4167	0.837	5.0687	1
6.6	4.5226	0.9332	5.0757	1
6.7	4.63	0.8891	5.0849	1
6.8	4.7387	0.9831	5.0984	1
6.9	4.8489	0.9477	5.1037	1
7	4.9603	0.9631	5.0902	1
7.1	5.0731	0.9529	5.077	1
7.2	5.1874	0.9547	5.0785	1
7.3	5.3031	1.0504	5.0747	1
7.4	5.4197	1.0454	5.0722	1
7.5	5.5376	0.9516	5.0886	1
7.6	5.6572	1.0557	5.0912	1
7.7	5.7787	0.997	5.0834	1
7.8	5.9014	1.1252	5.079	1
7.9	6.0255	1.1837	5.0706	1
8	6.1511	1.1831	5.0628	1
8.1	6.2782	1.2344	5.0707	1
8.2	6.4067	1.2424	5.084	1
8.3	6.5366	1.3351	5.1011	1
8.4	6.6679	1.3137	5.0975	1
8.5	6.8007	1.3365	5.0971	1
8.6	6.9352	1.3558	5.0854	1
8.7	7.0711	1.3691	5.0724	1
8.8	7.2087	1.4013	5.0667	1
8.9	7.348	1.3639	5.0728	1
9	7.4886	1.4176	5.0826	1
9.1	7.6302	1.5238	5.0894	1
9.2	7.7786	1.5275	5.091	1
9.3	8.0192	1.6082	5.0855	1
9.4	8.4235	1.6965	5.087	1
9.5	8.8932	1.8376	5.0936	1
9.6	9.3774	1.9677	5.0949	1
9.7	9.8722	1.9838	5.0734	1
9.8	10.3768	2.0691	5.0828	1
9.9	10.8905	2.1244	5.0869	1
10	11.412	2.2856	5.0789	1
10.1	11.9413	2.4111	5.0818	1
10.2	12.4789	2.5577	5.0885	1
10.3	13.0249	2.6487	5.0788	1
10.4	13.5807	2.7119	5.0718	1
10.5	14.1456	2.8885	5.0893	1
10.6	14.7194	3.0413	5.0945	1
10.7	15.3016	3.1626	5.0808	1
10.8	15.8923	3.2997	5.0755	1
10.9	16.4916	3.4053	5.0736	1
11	17.0993	3.5722	5.0823	1
11.1	17.7155	3.7879	5.0891	1
11.2	18.3406	3.8689	5.0903	1
11.3	18.9743	4.0343	5.0913	1
11.4	19.6162	4.1439	5.0936	1
11.5	20.2667	4.3099	5.0971	1
11.6	20.9254	4.5823	5.0892	1
11.7	21.5915	5.2674	5.0872	1
11.8	22.2604	7.4358	5.1029	1
11.9	22.9197	12.5529	5.1177	1
12	23.5511	20.8386	5.1096	1
12.1	24.1406	30.6901	5.1011	1
12.2	24.6802	41.3722	5.0899	1
12.3	25.165	52.5666	5.0833	1
12.4	25.593	63.4402	5.0881	1
12.5	25.9671	73.2354	5.081	1
12.6	26.2935	81.7231	5.0843	1
12.7	26.5779	89.2183	5.0974	1
12.8	26.8262	95.6772	5.0902	1
12.9	27.0433	101.2963	5.0889	1
13	27.233	106.2809	5.0914	1
13.1	27.3999	110.5893	5.0874	1
13.2	27.5471	114.3813	5.0933	1
13.3	27.677	117.7119	5.0872	1
13.4	27.7923	120.8125	5.0811	1
13.5	27.8947	123.5355	5.0884	1
13.6	27.9861	125.8686	5.0865	1
13.7	28.0678	128.0861	5.0844	1
13.8	28.1402	130.0987	5.0921	1
13.9	28.2057	132.002	5.076	1
14	28.2657	133.6737	5.0745	1
14.1	28.3203	135.2898	5.0899	1
14.2	28.3698	136.8271	5.0808	1
14.3	28.4152	138.1093	5.0668	1
14.4	28.4573	139.361	5.0705	1
14.5	28.4965	140.6457	5.0935	1
14.6	28.5328	141.859	5.1007	1
14.7	28.5663	143.023	5.1047	1
14.8	28.5979	144.0882	5.1086	1
14.9	28.6278	145.0894	5.1168	1
15	28.656	146.1316	5.111	1
15.1	28.6827	147.0812	5.0989	1
15.2	28.7083	148.0577	5.0956	1
15.3	28.7329	149.0839	5.0912	1
15.4	28.7562	149.9781	5.0919	1
15.5	28.7784	150.9614	5.0969	1
15.6	28.8	151.8002	5.1015	1
15.7	28.8209	152.7056	5.0953	1
15.8	28.8413	153.5263	5.099	1
15.9	28.8616	154.4267	5.0964	1
16	28.8811	155.3502	5.0865	1
16.1	28.9	156.1794	5.0836	1
16.2	28.9186	157.0567	5.0929	1
16.3	28.937	157.8609	5.0879	1
16.4	28.955	158.7442	5.0764	1
16.5	28.9726	159.5907	5.0791	1
16.6	28.9901	160.4413	5.0838	1
16.7	29.0072	161.282	5.0702	1
16.8	29.0241	162.2283	5.0604	1
16.9	29.0404	163.1044	5.0623	1
17	29.0565	163.9132	5.0714	1
17.1	29.0724	164.74	5.0746	1
17.2	29.0882	165.6333	5.1041	1
17.3	29.1035	166.514	5.1149	1
17.4	29.1186	167.3903	5.1108	1
17.5	29.1335	168.1795	5.11	1
17.6	29.1482	169.0713	5.0982	1
17.7	29.1626	169.9222	5.0792	1
17.8	29.1772	170.6707	5.0755	1
17.9	29.1918	171.5126	5.084	1
18	29.2061	172.3686	5.0793	1
18.1	29.2204	173.167	5.0864	1
18.2	29.2345	174.04	5.1145	1
18.3	29.2486	174.9337	5.1091	1
18.4	29.2625	175.7157	5.105	1
18.5	29.2762	176.6087	5.1046	1
18.6	29.2899	177.4086	5.095	1
18.7	29.3037	178.2585	5.1035	1
18.8	29.3171	179.1311	5.1126	1
18.9	29.3305	179.9215	5.1183	1
19	29.344	180.7298	5.1064	1
19.1	29.3574	181.5925	5.1049	1
19.2	29.3707	182.4657	5.1125	1
19.3	29.3839	183.3251	5.1152	1
19.4	29.3969	184.1212	5.1133	1
19.5	29.4099	185.0008	5.1026	1
19.6	29.4226	185.8576	5.0967	1
19.7	29.435	186.7544	5.1041	1
19.8	29.4472	187.5584	5.1157	1
19.9	29.4592	188.492	5.1144	1
20	29.4709	189.4138	5.113	1
20.1	29.4826	190.206	5.1141	1
20.2	29.494	191.0842	5.1211	1
20.3	29.5053	191.967	5.1181	1
20.4	29.5161	192.8661	5.1029	1
20.5	29.5269	193.6676	5.1177	1
20.6	29.5378	194.43	5.1162	1
20.7	29.5486	195.3019	5.0961	1
20.8	29.5592	196.1336	5.0982	1
20.9	29.57	196.8488	5.1143	1
21	29.5811	197.7473	5.1103	1
21.1	29.5922	198.5911	5.0962	1
21.2	29.6032	199.3808	5.1035	1
21.3	29.6144	200.1798	5.1116	1
21.4	29.6259	200.9004	5.105	1
21.5	29.6373	201.8219	5.1112	1
21.6	29.6485	202.6362	5.1274	1
21.7	29.6598	203.4318	5.1251	1
21.8	29.671	204.2862	5.1175	1
21.9	29.6821	205.0949	5.1151	1
22	29.6935	205.8823	5.1011	1
22.1	29.7052	206.6976	5.1128	1
22.2	29.7166	207.5467	5.1315	1
22.3	29.728	208.3977	5.1315	1
22.4	29.7397	209.219	5.1166	1
22.5	29.7515	210.0119	5.1069	1
22.6	29.7631	210.9156	5.1145	1
22.7	29.7743	211.7008	5.1153	1
22.8	29.7856	212.4807	5.118	1
22.9	29.7971	213.3658	5.1069	1
23	29.8088	214.2324	5.1107	1
23.1	29.8202	215.0701	5.1133	1
23.2	29.8315	215.8598	5.1024	1
23.3	29.8427	216.7711	5.1046	1
23.4	29.8538	217.6822	5.1104	1
23.5	29.8648	218.612	5.1207	1
23.6	29.8754	219.4197	5.1227	1
23.7	29.8857	220.2309	5.1166	1
23.8	29.896	221.1378	5.1119	1
23.9	29.9062	221.987	5.1102	1
24	29.9162	222.8312	5.1196	1
24.1	29.9261	223.7045	5.1138	1
24.2	29.9359	224.5282	5.1146	1
24.3	29.9455	225.3831	5.1053	1
24.4	29.9553	226.171	5.1003	1
24.5	29.9652	226.9762	5.0982	1
24.6	29.9751	227.8265	5.0887	1
24.7	29.9849	228.6557	5.0904	1
24.8	29.9947	229.4833	5.1073	1
24.9	30.0045	230.3346	5.1168	1
25	30.0141	231.296	5.1211	1
25.1	30.0234	232.0937	5.1352	1
25.2	30.0328	232.8386	5.1287	1
25.3	30.0428	233.5849	5.1265	1
25.4	30.0525	234.5006	5.1174	1
25.5	30.0619	235.4255	5.1001	1
25.6	30.0713	236.1367	5.0997	1
25.7	30.0809	237.0414	5.1157	1
25.8	30.0903	237.8814	5.1212	1
25.9	30.0994	238.7743	5.1094	1
26	30.1087	239.5981	5.1137	1
26.1	30.1183	240.2942	5.1108	1
26.2	30.1278	241.2474	5.0954	1
26.3	30.1369	242.1189	5.0996	1
26.4	30.1462	242.9476	5.1024	1
26.5	30.1556	243.7642	5.1137	1
26.6	30.1645	244.5604	5.1257	1
26.7	30.1738	245.4004	5.1262	1
26.8	30.183	246.1706	5.1265	1
26.9	30.1924	247.0149	5.1184	1
27	30.2018	247.9114	5.1124	1
27.1	30.211	248.713	5.124	1
27.2	30.2203	249.4935	5.1255	1
27.3	30.2296	250.3642	5.111	1
27.4	30.2385	251.2512	5.1065	1
27.5	30.2479	251.9789	5.1194	1
27.6	30.2576	252.7736	5.1279	1
27.7	30.2674	253.6039	5.1184	1
27.8	30.2771	254.5027	5.1221	1
27.9	30.2865	255.3872	5.1237	1
28	30.2955	256.269	5.1091	1
28.1	30.3043	257.1021	5.1037	1
28.2	30.3131	257.9326	5.104	1
28.3	30.3222	258.781	5.1166	1
28.4	30.3311	259.5514	5.1152	1
28.5	30.3403	260.3416	5.1051	1
28.6	30.3496	261.1905	5.0962	1
28.7	30.3585	262.07	5.1118	1
28.8	30.3679	262.9329	5.1284	1
28.9	30.3774	263.7196	5.1338	1
29	30.3862	264.5507	5.1337	1
29.1	30.3952	265.4027	5.1431	1
29.2	30.4032	266.6134	5.1459	1
29.3	30.4098	267.684	5.1429	1
29.4	30.4158	268.5919	5.1212	1
29.5	30.4213	269.5263	5.1107	1
29.6	30.4276	269.8758	5.1246	1
29.7	30.437	269.7833	5.1344	1
29.8	30.4496	270.2574	5.1254	1
29.9	30.462	271.4772	5.1392	1
30	30.4728	272.6201	5.1332	1
30.1	30.4826	273.5759	5.119	1
30.2	30.4916	274.6276	5.1239	1
30.3	30.4999	275.569	5.1344	1
30.4	30.5079	276.4395	5.1426	1
30.5	30.5158	277.2669	5.1276	1
30.6	30.524	278.0391	5.1191	1
30.7	30.5322	278.8812	5.125	1
30.8	30.5403	279.7137	5.1193	1
30.9	30.5482	280.6518	5.1216	1
31	30.5559	281.5046	5.1305	1
31.1	30.5636	282.3305	5.1392	1
31.2	30.5714	283.13	5.1488	1
31.3	30.5793	283.9118	5.1401	1
31.4	30.587	284.8234	5.1317	1
31.5	30.5947	285.6137	5.1394	1
31.6	30.6024	286.4404	5.1455	1
31.7	30.6103	287.2792	5.1448	1
31.8	30.6184	288.0031	5.1486	1
31.9	30.6265	288.845	5.1463	1
32	30.6347	289.7038	5.1498	1
32.1	30.6428	290.4957	5.1422	1
32.2	30.651	291.3584	5.131	1
32.3	30.6594	292.1539	5.1283	1
32.4	30.6674	293.0129	5.1338	1
32.5	30.6753	293.8965	5.1435	1
32.6	30.6834	294.7093	5.1544	1
32.7	30.6917	295.4885	5.1547	1
32.8	30.7002	296.2139	5.1649	1
32.9	30.7092	296.9867	5.1828	1
33	30.7184	297.7246	5.1827	1
33.1	30.7275	298.5821	5.1539	1
33.2	30.7369	299.4972	5.1386	1
33.3	30.746	300.2928	5.1404	1
33.4	30.7549	301.1003	5.1351	1
33.5	30.7643	301.9029	5.1321	1
33.6	30.774	302.6201	5.1211	1
33.7	30.7838	303.4966	5.1216	1
33.8	30.7936	304.2567	5.1277	1
33.9	30.8036	305.1052	5.1207	1
34	30.8137	306.0745	5.1171	1
34.1	30.8228	307.1302	5.1229	1
34.2	30.8305	308.2011	5.1264	1
34.3	30.8375	309.1489	5.1281	1
34.4	30.8444	309.9087	5.1201	1
34.5	30.8518	310.5917	5.1173	1
34.6	30.8594	311.5213	5.1098	1
34.7	30.8668	312.4042	5.1169	1
34.8	30.8748	313.0712	5.1172	1
34.9	30.8814	314.453	5.1145	1
35	30.8865	315.155	5.123	1
35.1	30.8936	315.5109	5.1182	1
35.2	30.9021	316.2048	5.115	1
35.3	30.9106	317.1267	5.1117	1
35.4	30.9188	317.9675	5.1103	1
35.5	30.9269	318.7605	5.1101	1
35.6	30.935	319.6304	5.109	1
35.7	30.9431	320.505	5.1	1
35.8	30.9513	321.2595	5.1063	1
35.9	30.9596	322.1187	5.1162	1
36	30.9677	323.0279	5.1085	1
36.1	30.9756	323.9426	5.1055	1
36.2	30.9835	324.7109	5.1117	1
36.3	30.9916	325.4677	5.1198	1
36.4	30.9997	326.3032	5.1296	1
36.5	31.0078	327.1629	5.1275	1
36.6	31.0158	328.0728	5.124	1
36.7	31.0235	328.936	5.1224	1
36.8	31.0309	329.7995	5.1195	1
36.9	31.0382	330.664	5.1155	1
37	31.0455	331.4757	5.116	1
37.1	31.0529	332.3161	5.118	1
37.2	31.0605	333.1216	5.122	1
37.3	31.0679	333.9992	5.1235	1
37.4	31.0751	334.8424	5.1223	1
37.5	31.0828	335.5681	5.1226	1
37.6	31.0904	336.3381	5.1144	1
37.7	31.0981	337.2003	5.1138	1
37.8	31.106	338.1147	5.116	1
37.9	31.1134	339.006	5.116	1
38	31.1205	339.8327	5.1368	1
38.1	31.128	340.5754	5.1404	1
38.2	31.1355	341.4271	5.1241	1
38.3	31.1429	342.2914	5.1179	1
38.4	31.1502	343.1154	5.113	1
38.5	31.1575	343.9584	5.119	1
38.6	31.165	344.839	5.1288	1
38.7	31.1722	345.6384	5.129	1
38.8	31.1793	346.4935	5.1164	1
38.9	31.1867	347.2817	5.1195	1
39	31.1943	348.0472	5.1428	1
39.1	31.202	348.8724	5.1499	1
39.2	31.2098	349.6699	5.1363	1
39.3	31.2179	350.4143	5.1235	1
39.4	31.2264	351.2031	5.1276	1
39.5	31.2348	352.0952	5.1317	1
39.6	31.2429	352.95	5.1354	1
39.7	31.2509	353.7667	5.1313	1
39.8	31.2591	354.6161	5.1232	1
39.9	31.2674	355.4059	5.1152	1
40	31.2759	356.1131	5.1068	1
40.1	31.2848	357.0248	5.1233	1
40.2	31.2937	357.7542	5.1427	1
40.3	31.3029	358.6203	5.1583	1
40.4	31.3118	359.452	5.1457	1
40.5	31.3207	360.307	5.1227	1
40.6	31.3296	361.134	5.1152	1
40.7	31.3382	361.9888	5.1003	1
40.8	31.3468	362.8786	5.0882	1
40.9	31.3557	363.6419	5.0976	1
41	31.3648	364.4393	5.1057	1
41.1	31.374	365.352	5.1192	1
41.2	31.3824	366.32	5.1395	1
41.3	31.3902	367.1758	5.1351	1
41.4	31.398	368.0839	5.1338	1
41.5	31.4058	368.8959	5.1266	1
41.6	31.4134	369.7224	5.1301	1
41.7	31.4212	370.5404	5.1293	1
41.8	31.4293	371.3229	5.1252	1
41.9	31.4376	372.0946	5.1249	1
42	31.4457	373.0199	5.1174	1
42.1	31.4536	373.8924	5.1177	1
42.2	31.4614	374.6484	5.1279	1
42.3	31.4695	375.422	5.1238	1
42.4	31.4778	376.3559	5.1313	1
42.5	31.4856	377.181	5.1397	1
42.6	31.4934	377.9721	5.1371	1
42.7	31.5017	378.8075	5.1323	1
42.8	31.5098	379.6889	5.1329	1
42.9	31.5175	380.532	5.1315	1
43	31.5252	381.3895	5.1402	1
43.1	31.5332	382.2195	5.1605	1
43.2	31.541	383.0176	5.1535	1
43.3	31.5482	384.0911	5.1361	1
43.4	31.5542	385.2522	5.1356	1
43.5	31.5589	386.3538	5.1408	1
43.6	31.5636	387.0088	5.1369	1
43.7	31.5693	387.3578	5.1342	1
43.8	31.577	387.8423	5.1387	1
43.9	31.5863	388.374	5.1457	1
44	31.5965	389.0489	5.1447	1
44.1	31.607	390.0318	5.1363	1
44.2	31.6167	391.0013	5.1235	1
44.3	31.6256	392.0623	5.1124	1
44.4	31.6337	393.1616	5.1191	1
44.5	31.6406	394.1873	5.1336	1
44.6	31.6468	395.0469	5.1441	1
44.7	31.6531	395.7929	5.1394	1
44.8	31.6599	396.558	5.1489	1
44.9	31.6664	397.4526	5.138	1
45	31.6724	398.4263	5.1222	1
45.1	31.6784	399.2728	5.1134	1
45.2	31.6847	400.0056	5.1155	1
45.3	31.6909	400.899	5.132	1
45.4	31.6968	401.647	5.1438	1
45.5	31.7032	402.4263	5.1473	1
45.6	31.7098	403.3377	5.1382	1
45.7	31.716	404.179	5.1392	1
45.8	31.722	405.0698	5.1335	1
45.9	31.7282	405.8668	5.1331	1
46	31.7345	406.6771	5.1334	1
46.1	31.7406	407.4617	5.1222	1
46.2	31.7467	408.3362	5.1266	1
46.3	31.7529	409.1731	5.1408	1
46.4	31.7592	409.9341	5.1468	1
46.5	31.7659	410.7314	5.1452	1
46.6	31.7727	411.4902	5.1412	1
46.7	31.7798	412.3051	5.1308	1
46.8	31.787	413.0852	5.1345	1
46.9	31.7944	413.9016	5.1453	1
47	31.8018	414.7235	5.1475	1
47.1	31.8091	415.5915	5.1402	1
47.2	31.8162	416.5007	5.1506	1
47.3	31.8232	417.3681	5.1534	1
47.4	31.8301	418.1441	5.1507	1
47.5	31.8372	418.9592	5.1527	1
47.6	31.8444	419.8116	5.157	1
47.7	31.8514	420.6864	5.152	1
47.8	31.8583	421.4798	5.1369	1
47.9	31.8649	422.4041	5.1231	1
48	31.8715	423.2471	5.117	1
48.1	31.8784	423.933	5.112	1
48.2	31.8858	424.7596	5.1177	1
48.3	31.8928	425.6003	5.1205	1
48.4	31.8994	426.6337	5.1131	1
48.5	31.9057	427.4682	5.1113	1
48.6	31.912	428.2651	5.11	1
48.7	31.9186	429.0632	5.1164	1
48.8	31.9252	429.9208	5.1258	1
48.9	31.9316	430.7316	5.1304	1
49	31.9384	431.5209	5.1296	1
49.1	31.9454	432.3277	5.135	1
49.2	31.9524	433.1307	5.1289	1
49.3	31.9596	433.9427	5.1327	1
49.4	31.9667	434.7617	5.1382	1
49.5	31.974	435.5398	5.146	1
49.6	31.9812	436.3797	5.1486	1
49.7	31.9884	437.2119	5.1459	1
49.8	31.9959	438.0321	5.1356	1
49.9	32.0034	438.9682	5.1416	1
50	32.0103	439.8833	5.1479	1
50.1	32.0164	440.9265	5.1437	1
50.2	32.021	442.1299	5.1387	1
50.3	32.0249	442.9253	5.1514	1
50.4	32.0302	443.4247	5.1659	1
50.5	32.0365	444.1242	5.1594	1
50.6	32.0433	444.769	5.1537	1
50.7	32.0504	445.5393	5.1618	1
50.8	32.0575	446.546	5.159	1
50.9	32.0643	447.3166	5.17	1
51	32.0715	447.9726	5.1811	1
51.1	32.0794	448.6153	5.1723	1
51.2	32.0879	449.4188	5.1527	1
51.3	32.0962	450.524	5.138	1
51.4	32.1033	451.4696	5.1311	1
51.5	32.1099	452.4149	5.1384	1
51.6	32.1166	453.2088	5.1444	1
51.7	32.1234	454.0532	5.1524	1
51.8	32.1297	454.8351	5.1561	1
51.9	32.1361	455.7578	5.1502	1
52	32.1426	456.5623	5.1394	1
52.1	32.1493	457.3051	5.1357	1
52.2	32.1561	458.1706	5.1627	1
52.3	32.1628	459.0797	5.1737	1
52.4	32.1692	459.9069	5.167	1
52.5	32.1758	460.658	5.1657	1
52.6	32.1823	461.6354	5.1701	1
52.7	32.1881	462.5565	5.1742	1
52.8	32.1939	463.3895	5.1658	1
52.9	32.1997	464.2289	5.1601	1
53	32.2052	465.0868	5.1561	1
53.1	32.2106	466.0012	5.1548	1
53.2	32.2161	466.7463	5.1645	1
53.3	32.2219	467.5801	5.1622	1
53.4	32.2276	468.4261	5.1508	1
53.5	32.2329	469.3275	5.1495	1
53.6	32.2382	470.1306	5.1436	1
53.7	32.2435	470.9809	5.1282	1
53.8	32.2485	471.8719	5.1333	1
53.9	32.2535	472.7459	5.1417	1
54	32.2587	473.5024	5.1476	1
54.1	32.2639	474.2817	5.1534	1
54.2	32.2694	475.1005	5.1549	1
54.3	32.275	475.8336	5.1644	1
54.4	32.2806	476.6487	5.168	1
54.5	32.2863	477.561	5.1687	1
54.6	32.2918	478.3747	5.1559	1
54.7	32.2976	479.2132	5.1596	1
54.8	32.3036	479.9047	5.1714	1
54.9	32.3097	480.766	5.1727	1
55	32.3157	481.6477	5.1682	1
55.1	32.3215	482.4824	5.1638	1
55.2	32.3273	483.4189	5.1594	1
55.3	32.3328	484.2308	5.1611	1
55.4	32.3382	485.0815	5.1633	1
55.5	32.3437	485.9395	5.1652	1
55.6	32.3493	486.7173	5.1644	1
55.7	32.3549	487.5985	5.1685	1
55.8	32.3605	488.3641	5.1528	1
55.9	32.3662	489.1207	5.1307	1
56	32.3721	489.915	5.135	1
56.1	32.3781	490.7438	5.1315	1
56.2	32.384	491.6593	5.1312	1
56.3	32.3898	492.5213	5.1322	1
56.4	32.3955	493.3206	5.1176	1
56.5	32.4016	494.0592	5.1152	1
56.6	32.4083	494.819	5.1265	1
56.7	32.4156	495.4555	5.1242	1
56.8	32.4233	496.2076	5.1129	1
56.9	32.4314	496.9965	5.1145	1
57	32.4395	497.8508	5.117	1
57.1	32.4475	498.7498	5.1315	1
57.2	32.4552	499.5897	5.1359	1
57.3	32.4628	500.4652	5.1275	1
57.4	32.4704	501.2598	5.1348	1
57.5	32.4781	502.0561	5.1249	1
57.6	32.4857	503.021	5.1349	1
57.7	32.4932	503.8283	5.1502	1
57.8	32.5008	504.6413	5.1421	1
57.9	32.5085	505.4713	5.1398	1
58	32.5159	506.3782	5.1221	1
58.1	32.5232	507.2253	5.1096	1
58.2	32.5305	507.9655	5.1069	1
58.3	32.5377	508.9207	5.114	1
58.4	32.5447	509.8886	5.1242	1
58.5	32.5516	510.6487	5.1324	1
58.6	32.5586	511.4647	5.1271	1
58.7	32.5656	512.2722	5.1341	1
58.8	32.5725	513.06	5.1382	1
58.9	32.5796	513.9904	5.1362	1
59	32.5868	514.698	5.1389	1
59.1	32.5942	515.4522	5.1446	1
59.2	32.6019	516.3556	5.1529	1
59.3	32.6093	517.1414	5.1516	1
59.4	32.6169	518.025	5.15	1
59.5	32.6245	518.8935	5.1579	1
59.6	32.6316	519.7797	5.1601	1
59.7	32.6387	520.6546	5.1466	1
59.8	32.6458	521.4345	5.1318	1
59.9	32.6529	522.3583	5.1273	1
60	32.6596	523.2811	5.1208	1
60.1	32.6657	524.0964	5.1205	1
60.2	32.6718	524.9641	5.1279	1
60.3	32.678	525.817	5.1359	1
60.4	32.6838	526.5898	5.1272	1
60.5	32.6899	527.4378	5.1188	1
60.6	32.696	528.2812	5.1195	1
60.7	32.7024	529.0717	5.1256	1
60.8	32.7088	529.9185	5.1192	1
60.9	32.7151	530.7323	5.1103	1
61	32.7219	531.4728	5.1218	1
61.1	32.729	532.2088	5.1347	1
61.2	32.7361	533.0549	5.1295	1
61.3	32.7431	533.9478	5.1349	1
61.4	32.7499	534.8154	5.1386	1
61.5	32.7569	535.6174	5.1313	1
61.6	32.7638	536.5243	5.1213	1
61.7	32.7704	537.4157	5.1261	1
61.8	32.7766	538.2706	5.1402	1
61.9	32.7828	539.0386	5.1348	1
62	32.7891	539.9645	5.126	1
62.1	32.7952	540.8147	5.1199	1
62.2	32.8016	541.5989	5.123	1
62.3	32.808	542.4281	5.1302	1
62.4	32.8143	543.2827	5.1387	1
62.5	32.8203	544.0868	5.1417	1
62.6	32.8263	545.0128	5.1216	1
62.7	32.8322	545.908	5.1084	1
62.8	32.8378	546.7559	5.105	1
62.9	32.8435	547.5212	5.1015	1
63	32.8495	548.2342	5.1039	1
63.1	32.8556	549.1308	5.1056	1
63.2	32.8614	549.9994	5.1119	1
63.3	32.8672	550.9299	5.1192	1
63.4	32.8729	551.6425	5.1188	1
63.5	32.8786	552.5497	5.1169	1
63.6	32.8842	553.4657	5.1014	1
63.7	32.8896	554.2508	5.0917	1
63.8	32.8952	555.0931	5.1045	1
63.9	32.9008	555.8986	5.1234	1
64	32.9063	556.7719	5.118	1
64.1	32.9116	557.5981	5.1088	1
64.2	32.9169	558.4316	5.0972	1
64.3	32.9224	559.2937	5.1003	1
64.4	32.9276	560.1327	5.1116	1
64.5	32.9328	560.8987	5.1033	1
64.6	32.9386	561.6163	5.0817	1
64.7	32.9449	562.3801	5.0791	1
64.8	32.9517	563.0464	5.0811	1
64.9	32.9589	563.8101	5.0786	1
65	32.9663	564.6595	5.0968	1
65.1	32.9736	565.5097	5.1069	1
65.2	32.9809	566.3072	5.111	1
65.3	32.9883	567.081	5.1189	1
65.4	32.996	567.9242	5.1096	1
65.5	33.004	568.7069	5.1142	1
65.6	33.0119	569.5414	5.1181	1
65.7	33.0198	570.402	5.0992	1
65.8	33.0275	571.2571	5.1002	1
65.9	33.0353	572.0481	5.0998	1
66	33.0436	572.8379	5.097	1
66.1	33.0518	573.7717	5.1156	1
66.2	33.0593	574.6874	5.119	1
66.3	33.0663	575.5941	5.1066	1
66.4	33.0732	576.3757	5.1038	1
66.5	33.0803	577.218	5.1013	1
66.6	33.0873	578.0886	5.0956	1
66.7	33.0943	579.018	5.1006	1
66.8	33.1008	579.9813	5.1079	1
66.9	33.1068	580.7982	5.1174	1
67	33.1127	581.6902	5.0974	1
67.1	33.1188	582.4644	5.0918	1
67.2	33.1249	583.2591	5.0961	1
67.3	33.1313	584.0877	5.1003	1
67.4	33.1374	584.9577	5.1052	1
67.5	33.1434	585.7642	5.1178	1
67.6	33.1496	586.561	5.1207	1
67.7	33.156	587.3799	5.1131	1
67.8	33.1625	588.1993	5.118	1
67.9	33.1688	589.1601	5.1112	1
68	33.1746	590.1238	5.1178	1
68.1	33.18	590.96	5.1154	1
68.2	33.1854	591.7161	5.1085	1
68.3	33.1909	592.5143	5.1092	1
68.4	33.1966	593.3797	5.1081	1
68.5	33.2023	594.2808	5.1152	1
68.6	33.2077	595.1413	5.117	1
68.7	33.2127	595.9626	5.1029	1
68.8	33.2178	596.8188	5.1066	1
68.9	33.2234	597.5757	5.1188	1
69	33.229	598.3842	5.1115	1
69.1	33.2344	599.2507	5.1044	1
69.2	33.2397	600.0717	5.0947	1
69.3	33.2454	600.8102	5.0988	1
69.4	33.2513	601.6259	5.0966	1
69.5	33.2573	602.4544	5.109	1
69.6	33.2631	603.3232	5.1068	1
69.7	33.2687	604.181	5.1034	1
69.8	33.2742	605.06	5.1143	1
69.9	33.2795	605.9099	5.1204	1
70	33.2851	606.676	5.1184	1
70.1	33.2909	607.463	5.1105	1
70.2	33.2967	608.3888	5.1147	1
70.3	33.3023	609.2662	5.126	1
70.4	33.3075	610.1127	5.1186	1
70.5	33.3124	610.9717	5.1072	1
70.6	33.3173	611.8029	5.0967	1
70.7	33.3222	612.6628	5.0925	1
70.8	33.3275	613.4207	5.1015	1
70.9	33.3329	614.2206	5.1148	1
71	33.3384	615.0438	5.1239	1
71.1	33.3437	615.8871	5.118	1
71.2	33.349	616.747	5.0993	1
71.3	33.3545	617.5886	5.0782	1
71.4	33.3599	618.3927	5.0766	1
71.5	33.3653	619.2881	5.0811	1
71.6	33.3704	620.0367	5.0877	1
71.7	33.3757	620.9157	5.1004	1
71.8	33.3809	621.7864	5.1054	1
71.9	33.3863	622.5634	5.1012	1
72	33.3918	623.352	5.0915	1
72.1	33.3974	624.203	5.0942	1
72.2	33.4027	625.0597	5.1011	1
72.3	33.408	625.9431	5.1024	1
72.4	33.4134	626.7409	5.0976	1
72.5	33.4186	627.6369	5.1002	1
72.6	33.4236	628.4865	5.1065	1
72.7	33.4286	629.2828	5.106	1
72.8	33.4337	630.103	5.0961	1
72.9	33.439	630.8589	5.0786	1
73	33.4443	631.6862	5.0794	1
73.1	33.4494	632.6333	5.0864	1
73.2	33.4544	633.5406	5.0922	1
73.3	33.4591	634.3783	5.1027	1
73.4	33.464	635.1303	5.096	1
73.5	33.4691	635.9273	5.0895	1
73.6	33.4741	636.7798	5.0919	1
73.7	33.4791	637.6919	5.0962	1
73.8	33.4842	638.4403	5.0873	1
73.9	33.4893	639.2131	5.0851	1
74	33.4945	640.0596	5.0856	1
74.1	33.4996	640.9014	5.0926	1
74.2	33.5049	641.7594	5.0935	1
74.3	33.5104	642.5328	5.0959	1
74.4	33.5156	643.3671	5.0924	1
74.5	33.5209	644.1904	5.086	1
74.6	33.5265	644.9879	5.0814	1
74.7	33.5322	645.8539	5.0845	1
74.8	33.5375	646.7387	5.0918	1
74.9	33.5429	647.4869	5.0864	1
75	33.5484	648.2371	5.0852	1
75.1	33.5545	649.1352	5.0944	1
75.2	33.5604	649.975	5.0899	1
75.3	33.5661	650.7422	5.0788	1
75.4	33.5722	651.5209	5.0915	1
75.5	33.5781	652.4588	5.0994	1
75.6	33.5838	653.363	5.0939	1
75.7	33.5891	654.2375	5.0868	1
75.8	33.5946	654.9274	5.0937	1
75.9	33.6003	655.8759	5.1141	1
76	33.6052	656.8247	5.1231	1
76.1	33.61	657.6899	5.1186	1
76.2	33.6147	658.529	5.1129	1
76.3	33.6194	659.4245	5.1094	1
76.4	33.6239	660.2189	5.1018	1
76.5	33.6284	660.9438	5.111	1
76.6	33.6334	661.7639	5.1079	1
76.7	33.6387	662.6166	5.098	1
76.8	33.6438	663.4257	5.092	1
76.9	33.6489	664.2382	5.092	1
77	33.6544	665.0473	5.0981	1
77.1	33.6598	665.8757	5.0963	1
77.2	33.665	666.7585	5.0933	1
77.3	33.67	667.6206	5.089	1
77.4	33.6751	668.4136	5.0803	1
77.5	33.6802	669.2801	5.0882	1
77.6	33.685	670.2194	5.0932	1
77.7	33.6897	670.9895	5.0956	1
77.8	33.6943	671.7906	5.0949	1
77.9	33.6991	672.6348	5.0881	1
78	33.7042	673.4238	5.0881	1
78.1	33.7092	674.2514	5.1091	1
78.2	33.7142	675.1291	5.1153	1
78.3	33.7191	675.9716	5.1024	1
78.4	33.724	676.8361	5.0995	1
78.5	33.7289	677.5702	5.1079	1
78.6	33.734	678.384	5.1044	1
78.7	33.739	679.3677	5.1161	1
78.8	33.7434	680.2203	5.1213	1
78.9	33.7477	681.0807	5.1236	1
79	33.7519	682.0309	5.1306	1
79.1	33.7559	682.8504	5.1289	1
79.2	33.7598	683.6081	5.1195	1
79.3	33.764	684.4849	5.1098	1
79.4	33.768	685.3322	5.1064	1
79.5	33.7717	686.1904	5.1007	1
79.6	33.7753	687.0832	5.0911	1
79.7	33.7789	687.8726	5.1007	1
79.8	33.7824	688.7347	5.1069	1
79.9	33.7859	689.6303	5.0929	1
80	33.7894	690.3678	5.0931	1
80.1	33.7931	691.2214	5.1085	1
80.2	33.7968	691.9695	5.1086	1
80.3	33.8005	692.7432	5.1043	1
80.4	33.8047	693.5473	5.0964	1
80.5	33.8089	694.3407	5.0711	1
80.6	33.813	695.3503	5.0861	1
80.7	33.8169	696.1256	5.0813	1
80.8	33.8209	696.9319	5.0816	1
80.9	33.825	697.7881	5.0933	1
81	33.829	698.6289	5.1049	1
81.1	33.833	699.4201	5.109	1
81.2	33.8373	700.1419	5.0974	1
81.3	33.8419	700.9784	5.0922	1
81.4	33.8459	701.9088	5.0885	1
81.5	33.8499	702.7903	5.0973	1
81.6	33.8542	703.5648	5.1042	1
81.7	33.8585	704.4032	5.1042	1
81.8	33.8625	705.2659	5.1164	1
81.9	33.8665	706.1379	5.1209	1
82	33.8706	706.8295	5.115	1
82.1	33.8749	707.7446	5.1027	1
82.2	33.8793	708.6038	5.0989	1
82.3	33.8832	709.4433	5.1057	1
82.4	33.8872	710.2972	5.0947	1
82.5	33.8916	710.9863	5.086	1
82.6	33.896	711.8665	5.0992	1
82.7	33.9004	712.7284	5.0999	1
82.8	33.9045	713.5526	5.0992	1
82.9	33.9086	714.4192	5.097	1
83	33.9129	715.2314	5.0897	1
83.1	33.9168	716.064	5.087	1
83.2	33.9211	716.8886	5.0816	1
83.3	33.9255	717.6376	5.0763	1
83.4	33.93	718.4576	5.0836	1
83.5	33.9348	719.2779	5.0851	1
83.6	33.9396	720.1128	5.09	1
83.7	33.9442	720.9287	5.1022	1
83.8	33.9488	721.7414	5.1024	1
83.9	33.9537	722.6095	5.0814	1
84	33.9586	723.4406	5.0703	1
84.1	33.9632	724.3058	5.0724	1
84.2	33.9679	725.1424	5.0755	1
84.3	33.9727	725.9762	5.0841	1
84.4	33.9774	726.7024	5.0903	1
84.5	33.9821	727.5284	5.095	1
84.6	33.9871	728.4671	5.0956	1
84.7	33.9918	729.26	5.0847	1
84.8	33.9968	730.0139	5.0773	1
84.9	34.0017	730.8799	5.0715	1
85	34.0066	731.7847	5.0752	1
85.1	34.0113	732.708	5.0859	1
85.2	34.0158	733.5151	5.1007	1
85.3	34.0201	734.3487	5.1	1
85.4	34.0245	735.1266	5.0933	1
85.5	34.0294	735.8955	5.0941	1
85.6	34.034	736.7817	5.0872	1
85.7	34.0387	737.7167	5.0869	1
85.8	34.0429	738.4787	5.0926	1
85.9	34.0474	739.2672	5.0922	1
86	34.0524	740.111	5.0898	1
86.1	34.0572	741.0191	5.0926	1
86.2	34.0618	741.829	5.0895	1
86.3	34.0663	742.5905	5.0951	1
86.4	34.0711	743.4861	5.114	1
86.5	34.0761	744.1123	5.1159	1
86.6	34.0816	744.8604	5.1109	1
86.7	34.0871	745.8266	5.1042	1
86.8	34.0924	746.744	5.0916	1
86.9	34.0975	747.458	5.0993	1
87	34.1031	748.2223	5.1075	1
87.1	34.1088	749.1608	5.1066	1
87.2	34.1141	750.072	5.1055	1
87.3	34.119	750.8475	5.0988	1
87.4	34.1241	751.6685	5.0856	1
87.5	34.1293	752.5339	5.0955	1
87.6	34.1341	753.4251	5.0997	1
87.7	34.1389	754.3183	5.0927	1
87.8	34.1438	754.9822	5.0988	1
87.9	34.149	755.8347	5.1062	1
88	34.1543	756.7474	5.1148	1
88.1	34.1594	757.6008	5.1058	1
88.2	34.1642	758.4008	5.0978	1
88.3	34.1693	759.2156	5.1021	1
88.4	34.1742	760.0472	5.1087	1
88.5	34.1792	760.9022	5.1205	1
88.6	34.1846	761.5798	5.1272	1
88.7	34.1903	762.3721	5.1228	1
88.8	34.1962	763.1807	5.1107	1
88.9	34.2018	764.0451	5.1139	1
89	34.2073	765.0157	5.1206	1
89.1	34.2128	765.8169	5.1232	1
89.2	34.2181	766.643	5.1171	1
89.3	34.2236	767.4603	5.1065	1
89.4	34.2291	768.3418	5.1077	1
89.5	34.2343	769.1234	5.1146	1
89.6	34.2398	770.0124	5.1184	1
89.7	34.245	770.8916	5.1188	1
89.8	34.2497	771.8031	5.1134	1
89.9	34.2543	772.646	5.1079	1
90	34.2592	773.4185	5.1031	1
90.1	34.2644	774.1404	5.1028	1
90.2	34.2699	774.9198	5.1009	1
90.3	34.2755	775.7975	5.1097	1
90.4	34.2811	776.6415	5.1181	1
90.5	34.2867	777.3938	5.1142	1
90.6	34.292	778.2814	5.103	1
90.7	34.2971	779.2653	5.1083	1
90.8	34.302	780.1955	5.1185	1
90.9	34.3065	781.0993	5.1245	1
91	34.3107	781.9027	5.1203	1
91.1	34.3151	782.646	5.1191	1
91.2	34.3204	783.1864	5.1166	1
91.3	34.3269	783.8183	5.1135	1
91.4	34.3341	784.5879	5.1183	1
91.5	34.3414	785.4142	5.116	1
91.6	34.3487	786.326	5.1073	1
91.7	34.3557	787.1494	5.0924	1
91.8	34.3625	787.9866	5.0892	1
91.9	34.3695	788.8587	5.1052	1
92	34.3763	789.6881	5.103	1
92.1	34.3828	790.5773	5.0834	1
92.2	34.3891	791.4506	5.0788	1
92.3	34.3956	792.3213	5.0855	1
92.4	34.4021	793.0928	5.0822	1
92.5	34.4092	793.7473	5.0828	1
92.6	34.4165	794.5637	5.1008	1
92.7	34.4238	795.5083	5.1014	1
92.8	34.4309	796.3459	5.0981	1
92.9	34.4376	797.2486	5.1019	1
93	34.4443	798.1346	5.0925	1
93.1	34.4509	798.895	5.0931	1
93.2	34.4576	799.686	5.0958	1
93.3	34.4646	800.4776	5.0925	1
93.4	34.4717	801.2924	5.0904	1
93.5	34.4786	802.2068	5.0943	1
93.6	34.4855	803.0963	5.0838	1
93.7	34.4923	803.9571	5.0892	1
93.8	34.4992	804.7058	5.1008	1
93.9	34.5063	805.4798	5.1146	1
94	34.5133	806.3946	5.1055	1
94.1	34.5202	807.2431	5.0949	1
94.2	34.5268	808.1412	5.0927	1
94.3	34.5331	809.042	5.0958	1
94.4	34.539	809.942	5.0926	1
94.5	34.5448	810.7172	5.0868	1
94.6	34.5508	811.6248	5.0877	1
94.7	34.5567	812.4745	5.0979	1
94.8	34.5625	813.3186	5.096	1
94.9	34.5681	814.2226	5.085	1
95	34.5733	815.0378	5.0887	1
95.1	34.5785	815.9744	5.1065	1
95.2	34.5836	816.7681	5.1069	1
95.3	34.5885	817.5683	5.0888	1
95.4	34.5935	818.4366	5.0802	1
95.5	34.5986	819.2145	5.0785	1
95.6	34.604	820.0128	5.0745	1
95.7	34.6096	820.8393	5.0623	1
95.8	34.6152	821.7754	5.0728	1
95.9	34.6206	822.5808	5.0845	1
96	34.6256	823.3499	5.0879	1
96.1	34.6309	824.2051	5.087	1
96.2	34.6363	825.045	5.0916	1
96.3	34.6415	825.9352	5.096	1
96.4	34.6466	826.797	5.0914	1
96.5	34.6514	827.6774	5.0957	1
96.6	34.6561	828.5076	5.0952	1
96.7	34.6609	829.3015	5.1017	1
96.8	34.6656	830.153	5.1016	1
96.9	34.6704	831.0376	5.1148	1
97	34.675	831.7996	5.1256	1
97.1	34.6797	832.64	5.1293	1
97.2	34.6842	833.4426	5.1155	1
97.3	34.6886	834.3459	5.1058	1
97.4	34.6934	835.2178	5.1076	1
97.5	34.6981	835.944	5.1113	1
97.6	34.703	836.8114	5.1181	1
97.7	34.7082	837.6026	5.116	1
97.8	34.7131	838.4125	5.1194	1
97.9	34.7182	839.2563	5.1386	1
98	34.7232	840.084	5.1369	1
98.1	34.728	840.9637	5.1473	1
98.2	34.733	841.7552	5.1542	1
98.3	34.7383	842.4427	5.1407	1
98.4	34.7439	843.2651	5.1303	1
98.5	34.7495	844.1309	5.1219	1
98.6	34.7549	845.0704	5.1175	1
98.7	34.7601	845.825	5.1149	1
98.8	34.7653	846.7194	5.1092	1
98.9	34.7704	847.5914	5.1105	1
99	34.7752	848.4525	5.1152	1
99.1	34.7802	849.3036	5.1111	1
99.2	34.785	850.0376	5.1241	1
99.3	34.7898	850.9769	5.1329	1
99.4	34.7948	851.6932	5.1239	1
99.5	34.7999	852.6031	5.1164	1
99.6	34.8051	853.4018	5.1134	1
99.7	34.8101	854.2034	5.1181	1
99.8	34.8152	855.1615	5.1231	1
99.9	34.8202	855.9258	5.1276	1
100	34.8251	856.7906	5.1288	1
100.1	34.8304	857.521	5.1351	1
100.2	34.8356	858.2918	5.1405	1
100.3	34.8409	859.1539	5.1334	1
100.4	34.8462	860.0412	5.1353	1
100.5	34.8512	860.9276	5.1363	1
100.6	34.8563	861.7537	5.138	1
100.7	34.8612	862.5603	5.1352	1
100.8	34.8663	863.3464	5.1267	1
100.9	34.8719	864.0603	5.1245	1
101	34.8776	864.8923	5.1178	1
101.1	34.8833	865.7376	5.1155	1
101.2	34.8888	866.5911	5.1178	1
101.3	34.8945	867.3952	5.1241	1
101.4	34.9007	868.2397	5.1332	1
101.5	34.907	868.9798	5.1365	1
101.6	34.9135	869.7279	5.1233	1
101.7	34.9201	870.611	5.1215	1
101.8	34.9262	871.5398	5.1174	1
101.9	34.932	872.4378	5.1332	1
102	34.9376	873.308	5.1481	1
102.1	34.9431	874.2331	5.1333	1
102.2	34.9483	875.0169	5.109	1
102.3	34.9533	875.8905	5.1046	1
102.4	34.9584	876.69	5.107	1
102.5	34.9636	877.5401	5.1212	1
102.6	34.9689	878.3134	5.126	1
102.7	34.9748	879.0648	5.1338	1
102.8	34.9804	879.8985	5.13	1
102.9	34.986	880.8061	5.1262	1
103	34.9915	881.6227	5.1445	1
103.1	34.9969	882.5171	5.136	1
103.2	35.002	883.4859	5.1418	1
103.3	35.007	884.3341	5.142	1
103.4	35.0122	884.9546	5.1356	1
103.5	35.0177	885.7632	5.1497	1
103.6	35.0233	886.6756	5.157	1
103.7	35.0287	887.5314	5.147	1
103.8	35.034	888.3945	5.1314	1
103.9	35.0391	889.2632	5.1292	1
104	35.0438	890.1791	5.1311	1
104.1	35.0481	891.1206	5.1189	1
104.2	35.0523	891.9346	5.119	1
104.3	35.0566	892.7095	5.1269	1
104.4	35.0608	893.591	5.1302	1
104.5	35.0648	894.4144	5.1213	1
104.6	35.0691	895.1952	5.1231	1
104.7	35.0736	895.961	5.1181	1
104.8	35.078	896.9084	5.1105	1
104.9	35.082	897.6939	5.1252	1
105	35.0862	898.5168	5.1245	1
105.1	35.0908	899.3264	5.1252	1
105.2	35.0951	900.1767	5.1301	1
105.3	35.0994	901.1255	5.1205	1
105.4	35.104	901.7356	5.1218	1
105.5	35.1089	902.5598	5.1232	1
105.6	35.1138	903.4898	5.1264	1
105.7	35.1183	904.3232	5.1238	1
105.8	35.1231	905.1915	5.1058	1
105.9	35.1278	905.8868	5.1075	1
106	35.1321	906.9033	5.1152	1
106.1	35.1362	907.743	5.1187	1
106.2	35.1405	908.4722	5.115	1
106.3	35.1452	909.3485	5.1001	1
106.4	35.1496	910.2097	5.087	1
106.5	35.1539	911.0308	5.0863	1
106.6	35.1583	911.773	5.0814	1
106.7	35.1629	912.643	5.0907	1
106.8	35.1675	913.5037	5.1063	1
106.9	35.1718	914.2759	5.0933	1
107	35.1765	915.171	5.0974	1
107.1	35.1808	915.978	5.1056	1
107.2	35.1849	916.8611	5.1073	1
107.3	35.1894	917.6487	5.1246	1
107.4	35.1941	918.4094	5.1231	1
107.5	35.199	919.2948	5.1086	1
107.6	35.2036	920.1427	5.1177	1
107.7	35.2081	921.011	5.1226	1
107.8	35.2126	921.8418	5.1153	1
107.9	35.2169	922.6361	5.112	1
108	35.2212	923.6148	5.1106	1
108.1	35.2251	924.4236	5.1152	1
108.2	35.2288	925.3394	5.1175	1
108.3	35.2327	926.1687	5.1083	1
108.4	35.2364	926.9614	5.1174	1
108.5	35.2401	927.7676	5.1243	1
108.6	35.244	928.5956	5.1188	1
108.7	35.2478	929.5002	5.1163	1
108.8	35.2518	930.2513	5.1161	1
108.9	35.2557	931.0641	5.1188	1
109	35.2597	931.9474	5.1123	1
109.1	35.2634	932.783	5.1084	1
109.2	35.2672	933.6009	5.1075	1
109.3	35.271	934.4689	5.1092	1
109.4	35.2751	935.2316	5.1179	1
109.5	35.2792	936.0326	5.1168	1
109.6	35.2835	936.8653	5.1244	1
109.7	35.2877	937.6014	5.1334	1
109.8	35.2924	938.4381	5.1392	1
109.9	35.2969	939.2945	5.1327	1
110	35.3012	940.1958	5.1297	1
110.1	35.3054	941.0098	5.1273	1
110.2	35.31	941.6822	5.1293	1
110.3	35.3149	942.6107	5.1232	1
110.4	35.3196	943.4167	5.1293	1
110.5	35.3242	944.2352	5.1338	1
110.6	35.329	945.1155	5.1237	1
110.7	35.3337	945.8966	5.1142	1
110.8	35.3385	946.7346	5.1061	1
110.9	35.3433	947.5475	5.1031	1
111	35.3483	948.3137	5.0973	1
111.1	35.3535	949.2185	5.0849	1
111.2	35.3585	949.9864	5.097	1
111.3	35.3637	950.7936	5.1019	1
111.4	35.369	951.624	5.0936	1
111.5	35.3741	952.5456	5.0889	1
111.6	35.3787	953.49	5.0867	1
111.7	35.383	954.4283	5.094	1
111.8	35.3872	955.1227	5.1027	1
111.9	35.3917	955.8473	5.0993	1
112	35.3967	956.7325	5.1004	1
112.1	35.4017	957.6295	5.1177	1
112.2	35.4065	958.4294	5.12	1
112.3	35.4112	959.2326	5.1195	1
112.4	35.4161	960.1089	5.1078	1
112.5	35.4213	960.7775	5.0984	1
112.6	35.4267	961.6014	5.0989	1
112.7	35.4321	962.4196	5.1022	1
112.8	35.4371	963.3492	5.1121	1
112.9	35.4422	964.2472	5.1023	1
113	35.4471	964.9941	5.103	1
113.1	35.4522	965.9172	5.1095	1
113.2	35.4572	966.7141	5.1017	1
113.3	35.462	967.6042	5.0904	1
113.4	35.4665	968.5354	5.0949	1
113.5	35.4705	969.4039	5.1063	1
113.6	35.4746	970.1467	5.0927	1
113.7	35.4789	970.9368	5.0866	1
113.8	35.4834	971.7888	5.0983	1
113.9	35.4876	972.6803	5.0898	1
114	35.4918	973.5733	5.1003	1
114.1	35.496	974.3657	5.1125	1
114.2	35.5	975.2737	5.0967	1
114.3	35.504	976.0332	5.0901	1
114.4	35.508	976.9725	5.0965	1
114.5	35.512	977.8527	5.1101	1
114.6	35.5157	978.6005	5.1057	1
114.7	35.5195	979.5175	5.1117	1
114.8	35.5235	980.2643	5.1243	1
114.9	35.5275	981.059	5.1211	1
115	35.5316	981.8919	5.1145	1
115.1	35.5355	982.7178	5.1129	1
115.2	35.5394	983.6591	5.1192	1
115.3	35.543	984.4041	5.1217	1
115.4	35.5466	985.2472	5.122	1
115.5	35.5504	986.2139	5.109	1
115.6	35.554	987.0165	5.1034	1
115.7	35.5575	987.8055	5.1126	1
115.8	35.5612	988.6405	5.1267	1
115.9	35.565	989.366	5.15	1
116	35.5689	990.3006	5.1482	1
116.1	35.5725	991.177	5.1381	1
116.2	35.5761	991.9244	5.1544	1
116.3	35.5802	992.6884	5.1677	1
116.4	35.5844	993.5241	5.1579	2
116.5	35.588	994.5027	5.1524	2
116.6	35.5913	995.3734	5.1329	2
116.7	35.5946	996.0553	5.1254	2
116.8	35.5983	996.4757	5.1291	2
116.9	35.6023	996.6774	5.1224	2
117	35.6057	996.7674	5.1278	2
117.1	35.6085	996.8544	5.1344	2
117.2	35.6111	996.8113	5.1364	2
117.3	35.6137	996.7554	5.1366	2
117.4	35.6168	996.8217	5.1298	2
117.5	35.6199	996.6471	5.1131	2
117.6	35.6232	996.6872	5.1183	2
117.7	35.6266	996.6876	5.1254	2
117.8	35.6294	996.7537	5.1057	2
117.9	35.6323	996.8106	5.0946	2
118	35.6351	996.7033	5.1166	2
118.1	35.6379	996.8907	5.1327	2
118.2	35.6402	996.9781	5.126	2
118.3	35.642	997.0414	5.1076	2
118.4	35.6438	996.959	5.1128	2
118.5	35.6458	996.92	5.1255	2
118.6	35.6478	997.0311	5.1197	2
118.7	35.6496	996.9296	5.116	2
118.8	35.6516	996.8616	5.1243	2
118.9	35.6536	996.9369	5.1214	2
119	35.6553	997.0823	5.1251	2
119.1	35.657	997.0239	5.1196	2
119.2	35.6587	996.9468	5.1007	2
119.3	35.6606	996.9717	5.1119	2
119.4	35.662	997.0486	5.1178	2
119.5	35.6634	997.0865	5.1206	2
119.6	35.6647	996.989	5.1337	2
119.7	35.6661	997.1437	5.1239	2
119.8	35.6672	997.1791	5.118	2
119.9	35.6682	997.0942	5.1196	2
120	35.6695	997.061	5.1181	2
120.1	35.6708	997.0689	5.1177	2
120.2	35.672	997.0412	5.1232	2
120.3	35.6733	997.0397	5.127	2
120.4	35.6746	997.0774	5.1314	2
120.5	35.6761	997.0284	5.1294	2
120.6	35.6775	997.0336	5.1237	2
120.7	35.6787	997.0873	5.1273	2
120.8	35.6797	997.099	5.1248	2
120.9	35.6806	997.1453	5.1126	2
121	35.6819	997.1309	5.1166	2
121.1	35.6826	997.1407	5.1259	2
121.2	35.6831	997.2006	5.1136	2
121.3	35.6836	997.1639	5.1077	2
121.4	35.6844	997.0611	5.0987	2
121.5	35.6856	997.0454	5.1061	2
121.6	35.6865	997.0772	5.1182	2
121.7	35.6874	997.1609	5.1186	2
121.8	35.6882	997.1781	5.1191	2
121.9	35.6886	997.2063	5.1233	2
122	35.6893	997.1304	5.1241	2
122.1	35.6901	997.0956	5.1172	2
122.2	35.6909	997.1112	5.1125	2
122.3	35.6915	997.2181	5.1006	2
122.4	35.6917	997.2465	5.1024	2
122.5	35.692	997.2266	5.1092	2
122.6	35.6925	997.1757	5.1139	2
122.7	35.693	997.1564	5.1191	2
122.8	35.6933	997.2241	5.1184	2
122.9	35.6936	997.1594	5.1347	2
123	35.6942	997.2225	5.1449	2
123.1	35.6947	997.2003	5.1353	2
123.2	35.6949	997.2017	5.1242	2
123.3	35.6952	997.2546	5.1226	2
123.4	35.6951	997.2749	5.1194	2
123.5	35.695	997.323	5.1112	2
123.6	35.6951	997.2422	5.1161	2
123.7	35.6953	997.1517	5.127	2
123.8	35.6957	997.1834	5.1265	2
123.9	35.6959	997.2804	5.1293	2
124	35.6959	997.3443	5.1293	2
124.1	35.6956	997.3518	5.1292	2
124.2	35.6953	997.2315	5.1259	2
124.3	35.6954	997.2249	5.1161	2
124.4	35.6955	997.2404	5.1123	2
124.5	35.6953	997.2937	5.1055	2
124.6	35.6951	997.245	5.1083	2
124.7	35.6953	997.2102	5.1146	2
124.8	35.6955	997.1893	5.1054	2
124.9	35.6956	997.2723	5.1063	2
125	35.6955	997.2493	5.1079	2
125.1	35.6956	997.1883	5.1006	2
125.2	35.696	997.1454	5.1004	2
125.3	35.6968	997.0389	5.0977	2
125.4	35.6978	997.0141	5.0962	2
125.5	35.6993	996.937	5.0907	2
125.6	35.7006	996.9454	5.0848	2
125.7	35.7021	996.9849	5.0795	2
125.8	35.7035	996.8898	5.0768	2
125.9	35.7049	996.8936	5.0831	2
126	35.7062	996.9827	5.0794	2
126.1	35.7073	997.0627	5.0827	2
126.2	35.7084	996.9991	5.0869	2
126.3	35.7095	996.9674	5.085	2
126.4	35.7105	997.0643	5.1013	2
126.5	35.7111	997.118	5.1254	2
126.6	35.7116	997.1648	5.1093	2
126.7	35.7119	997.1337	5.0965	2
126.8	35.7122	997.1361	5.0963	2
126.9	35.7125	997.2077	5.0991	2
127	35.7126	997.2163	5.1004	2
127.1	35.7126	997.2223	5.1033	2
127.2	35.7124	997.3013	5.1092	2
127.3	35.7121	997.2991	5.1223	2
127.4	35.7118	997.3447	5.1228	2
127.5	35.7113	997.3442	5.1144	2
127.6	35.7105	997.4221	5.1069	2
127.7	35.7096	997.4398	5.1149	2
127.8	35.7088	997.4178	5.1236	2
127.9	35.7079	997.424	5.122	2
128	35.7075	997.3242	5.1193	2
128.1	35.7074	997.1869	5.1199	2
128.2	35.7077	997.0538	5.1243	2
128.3	35.7083	997.1479	5.1258	2
128.4	35.7084	997.2141	5.1265	2
128.5	35.7082	997.294	5.1207	2
128.6	35.7079	997.2597	5.1105	2
128.7	35.7082	997.0746	5.106	2
128.8	35.7089	997.0396	5.1224	2
128.9	35.7094	997.0911	5.1254	2
129	35.7099	996.9887	5.1039	2
129.1	35.7109	997.1098	5.101	2
129.2	35.7117	997.083	5.1049	2
129.3	35.7118	997.1677	5.1084	2
129.4	35.7119	997.2228	5.1001	2
129.5	35.7121	997.1428	5.0956	2
129.6	35.7127	997.1058	5.0996	2
129.7	35.7133	997.0657	5.0992	2
129.8	35.7137	997.1192	5.0968	2
129.9	35.7139	997.154	5.0863	2
130	35.7138	997.1368	5.0832	2
130.1	35.7142	997.1173	5.0884	2
130.2	35.7147	997.1167	5.0951	2
130.3	35.7154	997.0792	5.0893	2
130.4	35.7159	997.1254	5.0824	2
130.5	35.7161	997.2201	5.0894	2
130.6	35.7161	997.1263	5.0955	2
130.7	35.7163	997.1125	5.0899	2
130.8	35.7168	997.1341	5.088	2
130.9	35.7172	997.1455	5.0851	2
131	35.7174	997.1714	5.0915	2
131.1	35.7174	997.1948	5.0914	2
131.2	35.7175	997.1467	5.0928	2
131.3	35.7179	997.0933	5.0948	2
131.4	35.7185	997.1067	5.0983	2
131.5	35.7187	997.1766	5.0975	2
131.6	35.7188	997.1358	5.1051	2
131.7	35.7191	997.1011	5.1159	2
131.8	35.7196	997.1695	5.1243	2
131.9	35.7198	997.1577	5.1456	2
132	35.7197	997.207	5.1385	2
132.1	35.7201	997.0953	5.1225	2
132.2	35.7207	997.0958	5.1198	2
132.3	35.7209	997.228	5.1234	2
132.4	35.7207	997.1999	5.1265	2
132.5	35.7205	997.2231	5.1191	2
132.6	35.7203	997.2504	5.1192	2
132.7	35.7197	997.3643	5.1175	2
132.8	35.7187	997.3964	5.1095	2
132.9	35.718	997.3918	5.1051	2
133	35.7172	997.3402	5.1184	2
133.1	35.7166	997.2861	5.1085	2
133.2	35.716	997.3629	5.1	2
133.3	35.7153	997.3497	5.1107	2
133.4	35.7145	997.3347	5.1202	2
133.5	35.7138	997.395	5.1184	2
133.6	35.713	997.3857	5.1212	2
133.7	35.7121	997.2142	5.1145	2
133.8	35.7115	997.2738	5.1139	2
133.9	35.7111	997.3685	5.1159	2
134	35.7105	997.3205	5.1068	2
134.1	35.7098	997.2124	5.0948	2
134.2	35.7097	997.2223	5.1036	2
134.3	35.7095	997.2794	5.1253	2
134.4	35.7092	997.2217	5.1239	2
134.5	35.7087	997.2109	5.1164	2
134.6	35.7083	997.3052	5.1131	2
134.7	35.7079	997.237	5.1114	2
134.8	35.7076	997.2423	5.1174	2
134.9	35.7076	997.1764	5.1109	2
135	35.7077	997.0856	5.1017	2
135.1	35.7085	997.0327	5.1035	2
135.2	35.7094	996.907	5.0931	2
135.3	35.7103	997.0387	5.1029	2
135.4	35.7109	997.0575	5.126	2
135.5	35.7112	997.1439	5.1348	2
135.6	35.7111	997.2634	5.1287	2
135.7	35.7105	997.3019	5.113	2
135.8	35.71	997.3866	5.1088	2
135.9	35.7092	997.3024	5.1198	2
136	35.7085	997.3049	5.1202	2
136.1	35.708	997.317	5.1202	2
136.2	35.7073	997.218	5.1229	2
136.3	35.7068	997.2807	5.1251	2
136.4	35.7065	997.1996	5.1289	2
136.5	35.7061	997.1764	5.1177	2
136.6	35.7062	997.1227	5.0983	2
136.7	35.7066	997.1203	5.0947	2
136.8	35.7069	997.1877	5.0897	2
136.9	35.707	997.0993	5.0947	2
137	35.7071	997.1545	5.0991	2
137.1	35.7074	997.0435	5.1082	2
137.2	35.7079	997.0696	5.1124	2
137.3	35.7083	997.076	5.1095	2
137.4	35.7087	997.0397	5.1119	2
137.5	35.709	997.0058	5.1204	2
137.6	35.7095	997.1033	5.1249	2
137.7	35.7098	997.1332	5.1226	2
137.8	35.7102	997.1013	5.1175	2
137.9	35.711	996.9019	5.1291	2
138	35.7122	996.9646	5.1274	2
138.1	35.7131	996.9969	5.1354	2
138.2	35.7139	996.9216	5.1452	2
138.3	35.7148	997.0254	5.1455	2
138.4	35.7153	997.0793	5.1344	2
138.5	35.7156	997.0642	5.1281	2
138.6	35.7157	997.1337	5.1334	2
138.7	35.7159	997.192	5.1298	2
138.8	35.7155	997.2492	5.1194	2
138.9	35.715	997.2557	5.1254	2
139	35.7147	997.1616	5.1302	2
139.1	35.7145	997.2082	5.1384	2
139.2	35.7145	997.2209	5.136	2
139.3	35.7142	997.2079	5.1399	2
139.4	35.7139	997.2469	5.1442	2
139.5	35.7136	997.2549	5.1518	2
139.6	35.7131	997.3312	5.1469	2
139.7	35.7126	997.2809	5.1388	2
139.8	35.7121	997.2188	5.1368	2
139.9	35.7118	997.2602	5.1338	2
140	35.7113	997.2614	5.144	2
140.1	35.7107	997.253	5.148	2
140.2	35.7102	997.2984	5.1524	2
140.3	35.7096	997.254	5.1714	2
140.4	35.709	997.3646	5.1754	2
140.5	35.7083	997.3288	5.1563	2
140.6	35.7077	997.2232	5.1453	2
140.7	35.7075	997.0977	5.1357	2
140.8	35.7079	997.0289	5.132	2
140.9	35.7086	996.933	5.138	2
141	35.7098	996.8764	5.126	2
141.1	35.7108	996.94	5.1242	2
141.2	35.712	996.8545	5.1239	2
141.3	35.714	996.6438	5.1285	2
141.4	35.7162	996.6601	5.1296	2
141.5	35.7182	996.8363	5.1389	2
141.6	35.7199	996.8071	5.1421	2
141.7	35.7214	996.8447	5.1439	2
141.8	35.7227	996.8636	5.1394	2
141.9	35.7237	996.8751	5.1344	2
142	35.725	996.8532	5.13	2
142.1	35.7263	996.782	5.1331	2
142.2	35.7279	996.8819	5.1182	2
142.3	35.7292	996.921	5.1125	2
142.4	35.73	997.0235	5.1246	2
142.5	35.7308	997.0244	5.1197	2
142.6	35.7317	996.8944	5.1287	2
142.7	35.7329	996.8672	5.1364	2
142.8	35.7341	996.935	5.1419	2
142.9	35.7352	997.0274	5.1477	2
143	35.7362	996.9019	5.1447	2
143.1	35.7372	996.8178	5.1594	2
143.2	35.7383	996.933	5.1542	2
143.3	35.7394	996.9607	5.1285	2
143.4	35.7403	996.9932	5.1251	2
143.5	35.7411	996.9431	5.1216	2
143.6	35.742	996.9724	5.1229	2
143.7	35.7426	997.0401	5.1266	2
143.8	35.743	997.1451	5.1332	2
143.9	35.7431	997.1028	5.1286	2
144	35.7434	997.0957	5.1355	2
144.1	35.7436	997.0714	5.1354	2
144.2	35.7438	997.1475	5.1282	2
144.3	35.7439	997.1579	5.1226	2
144.4	35.744	997.1475	5.1123	2
144.5	35.7441	997.1333	5.1179	2
144.6	35.744	997.1333	5.1255	2
144.7	35.7438	997.1807	5.124	2
144.8	35.7438	997.1707	5.1083	2
144.9	35.7439	997.163	5.1076	2
145	35.7439	997.1485	5.1024	2
145.1	35.7437	997.2213	5.1054	2
145.2	35.7436	997.1705	5.1139	2
145.3	35.7434	997.1372	5.1105	2
145.4	35.7434	997.156	5.108	2
145.5	35.7433	997.1637	5.1064	2
145.6	35.7431	997.2076	5.0993	2
145.7	35.7431	997.1591	5.1059	2
145.8	35.7428	997.1975	5.1027	2
145.9	35.7426	997.2308	5.095	2
146	35.7424	997.2246	5.1073	2
146.1	35.7422	997.1703	5.1111	2
146.2	35.7422	997.1019	5.1146	2
146.3	35.7422	997.1641	5.116	2
146.4	35.7422	997.1169	5.1123	3
146.5	35.7423	997.1054	5.1098	3
146.6	35.7425	997.1424	5.1127	3
146.7	35.7427	997.0628	5.1116	3
146.8	35.7427	996.8232	5.1118	3
146.9	35.7425	996.1169	5.1148	3
147	35.742	995.3618	5.1162	3
147.1	35.7413	994.5025	5.1094	3
147.2	35.7405	993.6192	5.113	3
147.3	35.7399	992.7658	5.1128	3
147.4	35.7394	992.0165	5.1049	3
147.5	35.7387	991.2275	5.1029	3
147.6	35.7378	990.4022	5.1037	3
147.7	35.7368	989.5421	5.11	3
147.8	35.7356	988.787	5.0985	3
147.9	35.7345	988.0275	5.0915	3
148	35.733	987.1164	5.0916	3
148.1	35.7315	986.3606	5.095	3
148.2	35.7302	985.548	5.1005	3
148.3	35.7288	984.6614	5.0945	3
148.4	35.7272	983.8847	5.0972	3
148.5	35.7254	983.0511	5.0961	3
148.6	35.7236	982.2425	5.0825	3
148.7	35.7217	981.4421	5.0747	3
148.8	35.7195	980.7276	5.0751	3
148.9	35.717	979.8933	5.0863	3
149	35.7145	979.1178	5.0886	3
149.1	35.7119	978.2441	5.0863	3
149.2	35.7092	977.4067	5.0868	3
149.3	35.7066	976.6191	5.0879	3
149.4	35.7041	975.7758	5.0891	3
149.5	35.702	974.8127	5.0807	3
149.6	35.7	973.9695	5.0836	3
149.7	35.6981	973.0952	5.0887	3
149.8	35.6963	972.181	5.0876	3
149.9	35.6947	971.4583	5.0889	3
150	35.6926	970.6995	5.087	3
150.1	35.69	969.9045	5.0885	3
150.2	35.6872	969.1253	5.1026	3
150.3	35.6843	968.2596	5.1038	3
150.4	35.6816	967.4374	5.0944	3
150.5	35.6787	966.6822	5.0997	3
150.6	35.6756	965.7945	5.0975	3
150.7	35.6724	965.0064	5.1021	3
150.8	35.6692	964.259	5.0944	3
150.9	35.6659	963.3924	5.0921	3
151	35.6629	962.4999	5.0948	3
151.1	35.6598	961.6896	5.0967	3
151.2	35.6564	960.9298	5.0959	3
151.3	35.6527	960.1389	5.0974	3
151.4	35.6492	959.3057	5.1094	3
151.5	35.6458	958.4958	5.1093	3
151.6	35.642	957.6697	5.0972	3
151.7	35.6382	956.7498	5.107	3
151.8	35.6347	955.9558	5.1239	3
151.9	35.631	955.2271	5.12	3
152	35.6269	954.337	5.1044	3
152.1	35.6231	953.4631	5.1046	3
152.2	35.6194	952.5756	5.1078	3
152.3	35.6159	951.8813	5.1082	3
152.4	35.612	951.018	5.1001	3
152.5	35.6079	950.2075	5.0915	3
152.6	35.6039	949.4497	5.0971	3
152.7	35.5994	948.699	5.0967	3
152.8	35.5949	947.8235	5.0984	3
152.9	35.5906	946.8925	5.0957	3
153	35.5865	946.1362	5.1073	3
153.1	35.5824	945.2775	5.1174	3
153.2	35.5783	944.3445	5.1299	3
153.3	35.5744	943.5436	5.114	3
153.4	35.5704	942.7099	5.109	3
153.5	35.5662	941.8814	5.12	3
153.6	35.5622	941.0395	5.1158	3
153.7	35.5585	940.0701	5.104	3
153.8	35.5547	939.3677	5.102	3
153.9	35.5508	938.4915	5.1148	3
154	35.5472	937.6578	5.1161	3
154.1	35.5437	936.7654	5.1186	3
154.2	35.5402	935.845	5.1186	3
154.3	35.5366	935.173	5.1093	3
154.4	35.533	934.3146	5.1043	3
154.5	35.5293	933.4959	5.1089	3
154.6	35.5253	932.6807	5.0998	3
154.7	35.5211	931.8982	5.1013	3
154.8	35.5171	931.0096	5.1163	3
154.9	35.5135	930.1533	5.1111	3
155	35.5097	929.3348	5.11	3
155.1	35.5056	928.4883	5.1104	3
155.2	35.5018	927.5656	5.1148	3
155.3	35.4983	926.746	5.1204	3
155.4	35.4951	925.8922	5.1206	3
155.5	35.4916	925.0697	5.1173	3
155.6	35.4884	924.2239	5.1141	3
155.7	35.4853	923.2851	5.1115	3
155.8	35.4821	922.6096	5.1053	3
155.9	35.4787	921.7102	5.1087	3
156	35.4751	920.9507	5.1051	3
156.1	35.4716	920.0328	5.0935	3
156.2	35.4681	919.2124	5.0798	3
156.3	35.4646	918.4676	5.079	3
156.4	35.4606	917.676	5.0984	3
156.5	35.4567	916.8027	5.106	3
156.6	35.4529	915.9846	5.0977	3
156.7	35.449	915.2068	5.1022	3
156.8	35.4452	914.3754	5.118	3
156.9	35.441	913.5391	5.1259	3
157	35.4373	912.5779	5.1208	3
157.1	35.4335	911.777	5.1111	3
157.2	35.4295	911.0697	5.1007	3
157.3	35.4255	910.1967	5.1006	3
157.4	35.4214	909.3855	5.1108	3
157.5	35.4174	908.5115	5.1181	3
157.6	35.4133	907.6599	5.1186	3
157.7	35.4093	906.8935	5.1147	3
157.8	35.4054	905.9614	5.1163	3
157.9	35.4013	905.2624	5.1264	3
158	35.3969	904.5084	5.1201	3
158.1	35.3922	903.6713	5.101	3
158.2	35.3875	902.7847	5.093	3
158.3	35.3831	901.875	5.0941	3
158.4	35.3787	901.1392	5.0972	3
158.5	35.3745	900.168	5.104	3
158.6	35.3707	899.324	5.0976	3
158.7	35.3671	898.4157	5.09	3
158.8	35.3635	897.6397	5.0977	3
158.9	35.36	896.8002	5.0926	3
159	35.3566	895.8226	5.0844	3
159.1	35.3539	894.849	5.0684	3
159.2	35.3514	893.9725	5.0613	3
159.3	35.3493	893.123	5.0633	3
159.4	35.3472	892.3128	5.0738	3
159.5	35.3446	891.5809	5.0847	3
159.6	35.3416	890.8244	5.0821	3
159.7	35.3384	889.9967	5.08	3
159.8	35.335	889.2361	5.0888	3
159.9	35.3314	888.4498	5.0897	3
160	35.3279	887.6178	5.0953	3
160.1	35.3244	886.6661	5.0891	3
160.2	35.3214	885.7701	5.0835	3
160.3	35.3189	884.8552	5.09	3
160.4	35.3164	884.0741	5.0969	3
160.5	35.3134	883.2665	5.1034	3
160.6	35.3103	882.474	5.1151	3
160.7	35.3075	881.5639	5.1067	3
160.8	35.3047	880.7717	5.0923	3
160.9	35.3016	880.0286	5.0969	3
161	35.2981	879.27	5.093	3
161.1	35.2946	878.4535	5.0746	3
161.2	35.2909	877.7422	5.0945	3
161.3	35.2866	876.9008	5.1172	3
161.4	35.2819	876.1733	5.0991	3
161.5	35.2771	875.4139	5.0858	3
161.6	35.2721	874.5418	5.0794	3
161.7	35.2673	873.7136	5.0788	3
161.8	35.2622	872.9692	5.0874	3
161.9	35.2572	872.1295	5.0934	3
162	35.2519	871.2314	5.081	3
162.1	35.2466	870.4574	5.0714	3
162.2	35.2414	869.6503	5.0764	3
162.3	35.2361	868.7857	5.082	3
162.4	35.2309	868.0221	5.0854	3
162.5	35.2256	867.2075	5.0894	3
162.6	35.2201	866.2453	5.0979	3
162.7	35.2151	865.4388	5.0915	3
162.8	35.21	864.6012	5.0813	3
162.9	35.2046	863.8338	5.088	3
163	35.1989	863.0255	5.0795	3
163.1	35.1933	862.1763	5.0745	3
163.2	35.188	861.328	5.081	3
163.3	35.1828	860.4241	5.0835	3
163.4	35.1773	859.6526	5.1001	3
163.5	35.1717	858.8448	5.0996	3
163.6	35.1663	858.0244	5.0894	3
163.7	35.1611	857.1906	5.0928	3
163.8	35.1558	856.2871	5.0915	3
163.9	35.1504	855.4981	5.0943	3
164	35.1452	854.6482	5.1024	3
164.1	35.1397	853.8024	5.1009	3
164.2	35.1341	853.0716	5.1079	3
164.3	35.1283	852.2137	5.0942	3
164.4	35.1226	851.3401	5.0825	3
164.5	35.1173	850.4887	5.0754	3
164.6	35.1118	849.631	5.0878	3
164.7	35.1063	848.8144	5.0951	3
164.8	35.101	847.8994	5.0971	3
164.9	35.0958	847.1932	5.0924	3
165	35.0903	846.3525	5.0778	3
165.1	35.0845	845.5812	5.0888	3
165.2	35.0786	844.7676	5.0904	3
165.3	35.0724	844.017	5.0834	3
165.4	35.0659	843.2295	5.0932	3
165.5	35.0595	842.332	5.1004	3
165.6	35.0535	841.4379	5.0992	3
165.7	35.0476	840.6072	5.1011	3
165.8	35.0414	839.8035	5.1039	3
165.9	35.0356	838.925	5.0843	3
166	35.0296	838.03	5.0852	3
166.1	35.0241	837.1811	5.0981	3
166.2	35.0187	836.3609	5.1069	3
166.3	35.0128	835.5498	5.1144	3
166.4	35.0072	834.7069	5.1142	3
166.5	35.0014	833.8527	5.107	3
166.6	34.9957	833.0871	5.1149	3
166.7	34.9902	832.1666	5.1308	3
166.8	34.9848	831.3267	5.1235	3
166.9	34.9792	830.4978	5.0957	3
167	34.9735	829.721	5.078	3
167.1	34.9677	828.8728	5.0743	3
167.2	34.962	828.0589	5.0986	3
167.3	34.9563	827.3004	5.1212	3
167.4	34.9504	826.394	5.1103	3
167.5	34.9447	825.4594	5.1039	3
167.6	34.9393	824.6095	5.1067	3
167.7	34.934	823.7861	5.1061	3
167.8	34.9288	822.9825	5.097	3
167.9	34.9236	822.0277	5.0968	3
168	34.9189	821.1801	5.0957	3
168.1	34.9142	820.2653	5.087	3
168.2	34.9094	819.3034	5.0869	3
168.3	34.9053	818.4182	5.0915	3
168.4	34.9015	817.5947	5.0957	3
168.5	34.8976	816.8595	5.1017	3
168.6	34.8939	815.9241	5.1029	3
168.7	34.8901	815.2327	5.0957	3
168.8	34.8858	814.5011	5.0882	3
168.9	34.8808	813.743	5.0849	3
169	34.8752	813.0783	5.0878	3
169.1	34.8695	812.2497	5.1044	3
169.2	34.8643	811.1353	5.107	3
169.3	34.8606	809.8917	5.1038	3
169.4	34.8584	808.8804	5.1031	3
169.5	34.8569	807.8312	5.1059	3
169.6	34.8556	807.0846	5.0929	3
169.7	34.8544	806.2686	5.085	3
169.8	34.8526	805.6177	5.0812	3
169.9	34.8499	805.0062	5.0916	3
170	34.8461	804.3158	5.0992	3
170.1	34.8418	803.6156	5.1013	3
170.2	34.8371	802.9238	5.0994	3
170.3	34.8318	802.0958	5.0931	3
170.4	34.8263	801.2989	5.0963	3
170.5	34.8209	800.5877	5.0972	3
170.6	34.8154	799.6779	5.0997	3
170.7	34.8103	798.6727	5.0998	3
170.8	34.8054	797.8856	5.0971	3
170.9	34.8004	797.0895	5.0971	3
171	34.7956	796.0773	5.0972	3
171.1	34.7912	795.2657	5.1001	3
171.2	34.7867	794.4545	5.1048	3
171.3	34.7819	793.7055	5.1012	3
171.4	34.7771	792.8807	5.0928	3
171.5	34.7724	791.8929	5.0964	3
171.6	34.7681	791.0536	5.1054	3
171.7	34.7637	790.2831	5.1062	3
171.8	34.7588	789.572	5.1044	3
171.9	34.7539	788.6932	5.1023	3
172	34.7492	787.85	5.0978	3
172.1	34.7446	787.0037	5.1096	3
172.2	34.7399	786.1387	5.1124	3
172.3	34.7351	785.3541	5.1072	3
172.4	34.7302	784.5407	5.0972	3
172.5	34.7252	783.64	5.0892	3
172.6	34.7206	782.7884	5.0923	3
172.7	34.7162	781.9269	5.1078	3
172.8	34.7115	781.1998	5.1247	3
172.9	34.7061	780.5414	5.1334	3
173	34.7005	779.6218	5.125	3
173.1	34.6952	778.714	5.1141	3
173.2	34.6907	777.8351	5.1134	3
173.3	34.6859	777.0974	5.1108	3
173.4	34.6806	776.3294	5.1075	3
173.5	34.6752	775.3867	5.1038	3
173.6	34.6702	774.5663	5.1075	3
173.7	34.6651	773.7976	5.1162	3
173.8	34.6593	773.1136	5.1071	3
173.9	34.6524	772.5769	5.0971	3
174	34.6444	771.8658	5.1035	3
174.1	34.6368	770.8426	5.1139	3
174.2	34.6301	769.8716	5.0998	3
174.3	34.6236	768.9739	5.0929	3
174.4	34.6176	768.1202	5.0983	3
174.5	34.6118	767.2099	5.1049	3
174.6	34.6061	766.3839	5.109	3
174.7	34.6003	765.5644	5.1081	3
174.8	34.5944	764.7155	5.1134	3
174.9	34.5886	763.8486	5.1103	3
175	34.583	763.0319	5.1049	3
175.1	34.5775	762.1283	5.1165	3
175.2	34.5721	761.2939	5.1233	3
175.3	34.5666	760.4554	5.1198	3
175.4	34.5612	759.5774	5.1255	3
175.5	34.556	758.7475	5.1245	3
175.6	34.5509	757.9016	5.1145	3
175.7	34.5456	757.1416	5.1123	3
175.8	34.5404	756.2629	5.1154	3
175.9	34.5352	755.3821	5.1079	3
176	34.5302	754.6212	5.1071	3
176.1	34.5251	753.7205	5.0984	3
176.2	34.5197	752.9419	5.1083	3
176.3	34.5142	752.1907	5.0962	3
176.4	34.5083	751.4182	5.0908	3
176.5	34.5023	750.5977	5.0929	3
176.6	34.4966	749.6598	5.1011	3
176.7	34.4909	748.8559	5.1013	3
176.8	34.4852	748.0697	5.0961	3
176.9	34.4793	747.2534	5.1019	3
177	34.4732	746.4536	5.0866	3
177.1	34.4673	745.571	5.08	3
177.2	34.4614	744.6826	5.0904	3
177.3	34.4558	743.8937	5.0996	3
177.4	34.4502	743.0555	5.1122	3
177.5	34.4443	742.234	5.1126	3
177.6	34.4384	741.4073	5.1135	3
177.7	34.4324	740.5147	5.1063	3
177.8	34.4268	739.6388	5.09	3
177.9	34.4215	738.7269	5.0892	3
178	34.4165	737.8605	5.0927	3
178.1	34.4118	737.0117	5.0939	3
178.2	34.4071	736.1437	5.0997	3
178.3	34.4021	735.3003	5.101	3
178.4	34.3972	734.5128	5.1009	3
178.5	34.3923	733.67	5.1133	3
178.6	34.3874	732.8635	5.1203	3
178.7	34.3823	732.1447	5.1179	3
178.8	34.3772	731.202	5.1279	3
178.9	34.3723	730.2755	5.1318	3
179	34.3676	729.4965	5.1349	3
179.1	34.3622	728.8766	5.1342	3
179.2	34.3563	728.0745	5.1311	3
179.3	34.3505	727.1722	5.141	3
179.4	34.345	726.3036	5.148	3
179.5	34.3398	725.4391	5.1404	3
179.6	34.3344	724.5864	5.1277	3
179.7	34.3292	723.7259	5.1189	3
179.8	34.324	722.9002	5.1179	3
179.9	34.3187	722.1123	5.1171	3
180	34.3135	721.2734	5.1269	3
180.1	34.3082	720.4177	5.1319	3
180.2	34.3028	719.611	5.1192	3
180.3	34.2974	718.8346	5.1189	3
180.4	34.2917	718.1092	5.1311	3
180.5	34.2852	717.4184	5.1306	3
180.6	34.2779	716.8329	5.1275	3
180.7	34.2687	716.6388	5.1335	3
180.8	34.2562	716.51	5.1395	3
180.9	34.2431	715.1527	5.1199	3
181	34.2364	712.2593	5.1085	3
181.1	34.2379	710.2286	5.1161	3
181.2	34.2399	709.8994	5.1282	3
181.3	34.2389	709.5427	5.1328	3
181.4	34.2372	708.9675	5.132	3
181.5	34.2323	708.9847	5.1345	3
181.6	34.2262	708.0268	5.1371	3
181.7	34.2215	706.9417	5.1251	3
181.8	34.217	705.9962	5.1218	3
181.9	34.213	705.0682	5.1192	3
182	34.2095	704.2661	5.1101	3
182.1	34.2054	703.5863	5.1097	3
182.2	34.201	702.7628	5.1138	3
182.3	34.1964	701.8964	5.1184	3
182.4	34.1917	701.1675	5.1188	3
182.5	34.1869	700.3412	5.1037	3
182.6	34.1822	699.4464	5.1085	3
182.7	34.1781	698.5935	5.1047	3
182.8	34.1738	697.658	5.0916	3
182.9	34.1696	696.8431	5.0986	3
183	34.1655	695.9988	5.0982	3
183.1	34.1616	695.112	5.0917	3
183.2	34.1577	694.3272	5.0899	3
183.3	34.1533	693.6218	5.0972	3
183.4	34.1485	692.8295	5.0865	3
183.5	34.1438	691.888	5.0767	3
183.6	34.1394	691.0386	5.0915	3
183.7	34.1348	690.353	5.0898	3
183.8	34.13	689.5403	5.0814	3
183.9	34.1247	688.7063	5.0755	3
184	34.1198	687.9568	5.0645	3
184.1	34.1146	687.1516	5.0671	3
184.2	34.1091	686.3099	5.0803	3
184.3	34.1038	685.4786	5.0878	3
184.4	34.0987	684.4977	5.0848	3
184.5	34.0943	683.5236	5.0759	3
184.6	34.0902	682.6299	5.072	3
184.7	34.0861	681.7937	5.0712	3
184.8	34.0827	680.8297	5.0765	3
184.9	34.0794	679.9803	5.0779	3
185	34.076	679.2595	5.0789	3
185.1	34.0717	678.6831	5.073	3
185.2	34.0656	678.3239	5.0729	3
185.3	34.0584	677.5485	5.0769	3
185.4	34.052	676.4014	5.0814	3
185.5	34.0469	675.4189	5.0868	3
185.6	34.0411	674.9522	5.0908	3
185.7	34.0336	674.1678	5.0855	3
185.8	34.0284	672.6254	5.0769	3
185.9	34.0246	671.811	5.0712	3
186	34.02	671.175	5.0682	3
186.1	34.0157	670.0998	5.0689	3
186.2	34.0115	669.5191	5.0912	3
186.3	34.0068	668.6292	5.0941	3
186.4	34.0019	667.8623	5.1025	3
186.5	33.9969	666.9696	5.0973	3
186.6	33.9925	666.007	5.0941	3
186.7	33.9885	665.1754	5.0951	3
186.8	33.9841	664.4604	5.0841	3
186.9	33.9791	663.7267	5.0851	3
187	33.974	662.9176	5.0963	3
187.1	33.9692	661.9533	5.0846	3
187.2	33.9646	661.1513	5.0712	3
187.3	33.9597	660.3437	5.0783	3
187.4	33.9546	659.4764	5.0837	3
187.5	33.95	658.6454	5.0971	3
187.6	33.9453	657.8547	5.1151	3
187.7	33.9401	657.1063	5.1162	3
187.8	33.9347	656.3682	5.1083	3
187.9	33.9296	655.3511	5.1134	3
188	33.9247	654.5137	5.0974	3
188.1	33.9198	653.6786	5.091	3
188.2	33.9147	652.8378	5.1061	3
188.3	33.9094	652.1255	5.1033	3
188.4	33.9043	651.2791	5.1005	3
188.5	33.8991	650.3321	5.0972	3
188.6	33.894	649.5474	5.0892	3
188.7	33.889	648.6409	5.0891	3
188.8	33.8838	647.9304	5.0955	3
188.9	33.8789	647.1286	5.1038	3
189	33.8733	646.3563	5.1149	3
189.1	33.8677	645.5299	5.1085	3
189.2	33.8621	644.59	5.097	3
189.3	33.8564	643.8995	5.1005	3
189.4	33.8508	643.0048	5.1065	3
189.5	33.845	642.1587	5.1075	3
189.6	33.8395	641.3378	5.0961	3
189.7	33.8341	640.3969	5.0894	3
189.8	33.8288	639.6398	5.0868	3
189.9	33.8233	638.8788	5.083	3
190	33.8179	637.9411	5.0853	3
190.1	33.8127	637.1142	5.0937	3
190.2	33.8072	636.3438	5.0885	3
190.3	33.8013	635.6953	5.077	3
190.4	33.7951	634.8626	5.0683	3
190.5	33.7887	633.9573	5.0677	3
190.6	33.7826	633.1369	5.0656	3
190.7	33.7763	632.3103	5.0576	3
190.8	33.7698	631.5729	5.0555	3
190.9	33.7631	630.7453	5.0692	3
191	33.7563	629.99	5.0731	3
191.1	33.7495	629.071	5.0645	3
191.2	33.7429	628.2071	5.064	3
191.3	33.7363	627.3582	5.062	3
191.4	33.7298	626.5044	5.058	3
191.5	33.7234	625.6428	5.0633	3
191.6	33.7174	624.6931	5.0604	3
191.7	33.7116	623.831	5.0564	3
191.8	33.7061	622.9716	5.0707	3
191.9	33.7011	621.9415	5.0782	3
192	33.6969	621.0697	5.0749	3
192.1	33.6926	620.2078	5.0839	3
192.2	33.6877	619.5333	5.0784	3
192.3	33.6829	618.6843	5.0732	3
192.4	33.6782	617.7624	5.0844	3
192.5	33.6737	617.0044	5.0978	3
192.6	33.669	616.1397	5.0995	3
192.7	33.6638	615.3624	5.0925	3
192.8	33.6587	614.6586	5.0833	3
192.9	33.653	613.8873	5.0917	3
193	33.647	613.1649	5.1093	3
193.1	33.6407	612.2305	5.1039	3
193.2	33.6348	611.3431	5.086	3
193.3	33.6294	610.4739	5.0894	3
193.4	33.6237	609.741	5.0913	3
193.5	33.6179	608.8913	5.0814	3
193.6	33.6121	608.0425	5.0818	3
193.7	33.6063	607.1833	5.0897	3
193.8	33.6008	606.2728	5.0885	3
193.9	33.5955	605.4718	5.0865	3
194	33.5903	604.5848	5.0967	3
194.1	33.5848	603.8175	5.0919	3
194.2	33.579	603.0158	5.0853	3
194.3	33.5733	602.1634	5.0826	3
194.4	33.5678	601.3319	5.0818	3
194.5	33.5622	600.5942	5.0748	3
194.6	33.5559	599.8308	5.0823	3
194.7	33.5495	599.0037	5.0865	3
194.8	33.5432	598.0621	5.0835	3
194.9	33.5373	597.1994	5.082	3
195	33.5321	596.2575	5.0769	3
195.1	33.5267	595.4774	5.0759	3
195.2	33.5209	594.7044	5.0831	3
195.3	33.5147	593.9935	5.0828	3
195.4	33.508	593.2912	5.0949	3
195.5	33.5016	592.344	5.1	3
195.6	33.4955	591.4263	5.088	3
195.7	33.4897	590.5739	5.0942	3
195.8	33.4838	589.6511	5.1002	3
195.9	33.4777	588.9846	5.1106	3
196	33.4713	588.1932	5.118	3
196.1	33.4649	587.3356	5.1176	3
196.2	33.4585	586.5423	5.113	3
196.3	33.4523	585.6183	5.107	3
196.4	33.4461	584.7656	5.1147	3
196.5	33.4399	583.9934	5.1266	3
196.6	33.4337	583.0775	5.1143	3
196.7	33.4278	582.2186	5.1046	3
196.8	33.4223	581.375	5.114	3
196.9	33.4165	580.4519	5.1129	3
197	33.4108	579.6445	5.1071	3
197.1	33.4052	578.8938	5.1068	3
197.2	33.3992	578.1542	5.1029	3
197.3	33.3925	577.3581	5.1017	3
197.4	33.3858	576.5345	5.1154	3
197.5	33.3792	575.7707	5.1275	3
197.6	33.3726	574.82	5.126	3
197.7	33.3663	573.9434	5.1243	3
197.8	33.3603	573.1054	5.1169	3
197.9	33.3545	572.2123	5.1149	3
198	33.3486	571.3768	5.1112	3
198.1	33.3426	570.5473	5.1123	3
198.2	33.3367	569.7222	5.1043	3
198.3	33.3306	568.8624	5.0897	3
198.4	33.3248	568.0899	5.0866	3
198.5	33.3189	567.2289	5.0805	3
198.6	33.313	566.4283	5.0816	3
198.7	33.3071	565.5601	5.0982	3
198.8	33.3009	564.7459	5.1079	3
198.9	33.2949	563.9356	5.0931	3
199	33.2886	563.1515	5.0923	3
199.1	33.282	562.3592	5.104	3
199.2	33.2754	561.5641	5.1111	3
199.3	33.2686	560.7748	5.0998	3
199.4	33.2619	559.9265	5.0947	3
199.5	33.2555	559.0367	5.1093	3
199.6	33.2489	558.1363	5.1224	3
199.7	33.2425	557.2991	5.126	3
199.8	33.2363	556.4199	5.1135	3
199.9	33.2301	555.5516	5.1114	3
200	33.2236	554.8894	5.1056	3
200.1	33.2168	554.0989	5.098	3
200.2	33.2101	553.1858	5.1074	3
200.3	33.2035	552.4276	5.099	3
200.4	33.1968	551.6284	5.0862	3
200.5	33.19	550.607	5.0855	3
200.6	33.1837	549.7623	5.0854	3
200.7	33.1774	549.0214	5.0934	3
200.8	33.1704	548.363	5.0993	3
200.9	33.1634	547.4512	5.097	3
201	33.1566	546.5985	5.1079	3
201.1	33.1497	545.8036	5.1155	3
201.2	33.1427	544.9968	5.1175	3
201.3	33.1356	544.1828	5.1251	3
201.4	33.1286	543.2803	5.1216	3
201.5	33.1216	542.3844	5.1145	3
201.6	33.1146	541.6409	5.1224	3
201.7	33.1078	540.7249	5.1177	3
201.8	33.1011	539.9208	5.1188	3
201.9	33.0946	539.0326	5.1166	3
202	33.0879	538.2031	5.1087	3
202.1	33.0814	537.3407	5.1114	3
202.2	33.075	536.5326	5.1068	3
202.3	33.0683	535.6926	5.1128	3
202.4	33.0617	534.8335	5.1198	3
202.5	33.0551	534.0351	5.1158	3
202.6	33.0485	533.1571	5.1118	3
202.7	33.0419	532.347	5.1019	3
202.8	33.0353	531.5476	5.1054	3
202.9	33.0288	530.7878	5.1031	3
203	33.0219	529.9546	5.1024	3
203.1	33.0149	529.0871	5.098	3
203.2	33.0079	528.2349	5.0931	3
203.3	33.0009	527.514	5.1036	3
203.4	32.9939	526.6408	5.1076	3
203.5	32.9869	525.8368	5.1091	3
203.6	32.9798	524.9363	5.1104	3
203.7	32.9726	524.1841	5.1177	3
203.8	32.9651	523.4152	5.114	3
203.9	32.9575	522.633	5.1171	3
204	32.95	521.7058	5.1082	3
204.1	32.9427	520.8942	5.109	3
204.2	32.9354	519.9966	5.1105	3
204.3	32.9281	519.1212	5.114	3
204.4	32.9212	518.3041	5.1136	3
204.5	32.9145	517.3961	5.1092	3
204.6	32.9075	516.6397	5.1209	3
204.7	32.9006	515.6237	5.1263	3
204.8	32.8941	514.7293	5.1113	3
204.9	32.8879	514.0005	5.0956	3
205	32.8813	513.2373	5.096	3
205.1	32.8745	512.3674	5.1013	3
205.2	32.8682	511.4421	5.1101	3
205.3	32.8617	510.6799	5.1102	3
205.4	32.8548	509.9852	5.1092	3
205.5	32.8476	509.0838	5.1185	3
205.6	32.8406	508.249	5.1216	3
205.7	32.8336	507.5155	5.1216	3
205.8	32.8261	506.7007	5.1116	3
205.9	32.8191	505.7863	5.1094	3
206	32.8122	504.8828	5.1194	3
206.1	32.8053	504.167	5.1215	3
206.2	32.7981	503.3129	5.142	3
206.3	32.7912	502.3398	5.1443	3
206.4	32.7845	501.4979	5.143	3
206.5	32.7778	500.7404	5.1377	3
206.6	32.771	499.92	5.1199	3
206.7	32.7643	498.9916	5.1257	3
206.8	32.758	498.1605	5.1249	3
206.9	32.7512	497.3565	5.1193	3
207	32.7443	496.5385	5.1153	3
207.1	32.7375	495.8003	5.126	3
207.2	32.7306	494.9493	5.1291	3
207.3	32.7237	494.1298	5.1267	3
207.4	32.7167	493.2451	5.1205	3
207.5	32.7097	492.4263	5.1173	3
207.6	32.7028	491.6247	5.1232	3
207.7	32.6956	490.8072	5.1305	3
207.8	32.6886	489.9118	5.1124	3
207.9	32.6819	489.0453	5.1075	3
208	32.6754	488.2496	5.1144	3
208.1	32.6684	487.4833	5.1145	3
208.2	32.6612	486.6758	5.1136	3
208.3	32.6544	485.6854	5.1156	3
208.4	32.648	484.8327	5.1282	3
208.5	32.6414	483.9931	5.1189	3
208.6	32.6347	483.1903	5.1077	3
208.7	32.6281	482.2815	5.1242	3
208.8	32.6218	481.4888	5.131	3
208.9	32.6154	480.6605	5.127	3
209	32.6087	479.8643	5.1261	3
209.1	32.6021	479.0224	5.1305	3
209.2	32.5953	478.2581	5.1221	3
209.3	32.5883	477.519	5.1105	3
209.4	32.5811	476.6698	5.1157	3
209.5	32.574	475.7548	5.1167	3
209.6	32.5671	474.9466	5.1186	3
209.7	32.5598	474.1241	5.1162	3
209.8	32.5528	473.2348	5.1158	3
209.9	32.5458	472.4892	5.1248	3
210	32.5385	471.7111	5.1295	3
210.1	32.531	470.8806	5.1169	3
210.2	32.5238	469.9839	5.112	3
210.3	32.5166	469.166	5.1179	3
210.4	32.5092	468.4267	5.1269	3
210.5	32.5017	467.5488	5.1184	3
210.6	32.4945	466.7129	5.1317	3
210.7	32.4872	465.8439	5.1417	3
210.8	32.4799	464.9919	5.1422	3
210.9	32.4723	464.2771	5.1475	3
211	32.4649	463.3306	5.1434	3
211.1	32.4574	462.5344	5.1427	3
211.2	32.4497	461.7519	5.131	3
211.3	32.442	460.8669	5.1374	3
211.4	32.4345	460.1062	5.1537	3
211.5	32.4272	459.1683	5.1583	3
211.6	32.4198	458.2351	5.1421	3
211.7	32.4128	457.4387	5.1395	3
211.8	32.406	456.5186	5.1443	3
211.9	32.3993	455.796	5.1447	3
212	32.3924	454.961	5.14	3
212.1	32.385	454.1118	5.1482	3
212.2	32.378	453.2417	5.1483	3
212.3	32.371	452.5105	5.1365	3
212.4	32.3638	451.6688	5.1364	3
212.5	32.3562	450.7909	5.136	3
212.6	32.3491	450.0058	5.1323	3
212.7	32.3418	449.218	5.137	3
212.8	32.334	448.4396	5.1297	3
212.9	32.3265	447.5269	5.1294	3
213	32.3191	446.6187	5.1356	3
213.1	32.3118	445.8724	5.1387	3
213.2	32.3044	445.0107	5.1353	3
213.3	32.2973	444.1155	5.1329	3
213.4	32.2906	443.2162	5.1465	3
213.5	32.2837	442.4824	5.152	3
213.6	32.2762	441.7522	5.1551	3
213.7	32.2684	440.9304	5.156	3
213.8	32.2606	440.1737	5.159	3
213.9	32.2527	439.26	5.1562	3
214	32.2449	438.4307	5.153	3
214.1	32.2376	437.5218	5.1468	3
214.2	32.2301	436.6339	5.1406	3
214.3	32.2229	435.8392	5.1422	3
214.4	32.2154	435.0128	5.1529	3
214.5	32.2084	434.1469	5.1618	3
214.6	32.2019	433.1019	5.1514	3
214.7	32.1961	432.1179	5.1552	3
214.8	32.19	431.5105	5.1667	3
214.9	32.1835	430.7122	5.1642	3
215	32.1767	429.9646	5.1509	3
215.1	32.1695	429.1726	5.1477	3
215.2	32.1622	428.3819	5.1598	3
215.3	32.1548	427.4559	5.1664	3
215.4	32.1478	426.5073	5.1664	3
215.5	32.141	425.7468	5.1461	3
215.6	32.1344	424.8312	5.1384	3
215.7	32.128	424.0641	5.1501	3
215.8	32.1216	423.233	5.1398	3
215.9	32.1148	422.3834	5.1289	3
216	32.1082	421.56	5.1354	3
216.1	32.101	420.7506	5.1369	3
216.2	32.0942	419.8625	5.1427	3
216.3	32.0878	418.889	5.1504	3
216.4	32.0818	418.0668	5.1326	3
216.5	32.0759	417.179	5.1212	3
216.6	32.0703	416.3008	5.1246	3
216.7	32.0649	415.3781	5.1373	3
216.8	32.0596	414.6029	5.1472	3
216.9	32.0545	413.7116	5.1386	3
217	32.0493	412.8289	5.1378	3
217.1	32.0446	411.9689	5.1276	3
217.2	32.0399	411.1155	5.1281	3
217.3	32.035	410.3603	5.1578	3
217.4	32.0297	409.5183	5.1551	3
217.5	32.0245	408.6609	5.1423	3
217.6	32.0194	407.9004	5.1341	3
217.7	32.0141	407.1457	5.1312	3
217.8	32.0087	406.2167	5.1359	3
217.9	32.0033	405.366	5.1414	3
218	31.998	404.5451	5.1512	3
218.1	31.9929	403.7003	5.1545	3
218.2	31.9878	402.9182	5.1447	3
218.3	31.9826	402.083	5.1361	3
218.4	31.977	401.3515	5.1346	3
218.5	31.9711	400.6459	5.1293	3
218.6	31.9646	399.8846	5.1251	3
218.7	31.9577	399.1528	5.1267	3
218.8	31.9507	398.3501	5.1364	3
218.9	31.9437	397.4441	5.1277	3
219	31.9368	396.5407	5.1363	3
219.1	31.9305	395.657	5.146	3
219.2	31.9244	394.6904	5.1334	3
219.3	31.9182	393.9269	5.1378	3
219.4	31.9119	393.1248	5.147	3
219.5	31.9056	392.3105	5.1487	3
219.6	31.8994	391.5242	5.1533	3
219.7	31.8931	390.6257	5.1657	3
219.8	31.8867	389.8588	5.1617	3
219.9	31.88	389.0044	5.1448	3
220	31.8731	388.1714	5.137	3
220.1	31.8665	387.3768	5.1398	3
220.2	31.8599	386.5398	5.1322	3
220.3	31.8531	385.7227	5.1326	3
220.4	31.8464	384.8317	5.1475	3
220.5	31.8399	383.9579	5.1536	3
220.6	31.8337	383.0816	5.1482	3
220.7	31.8276	382.2888	5.1307	3
220.8	31.8214	381.5461	5.1292	3
220.9	31.815	380.6204	5.1473	3
221	31.8089	379.7518	5.1485	3
221.1	31.8027	378.9252	5.1399	3
221.2	31.7964	378.147	5.1516	3
221.3	31.7899	377.3761	5.1535	3
221.4	31.7838	376.2987	5.1495	3
221.5	31.7798	374.7582	5.1539	3
221.6	31.7791	373.3078	5.1631	3
221.7	31.7784	373.0392	5.1592	3
221.8	31.7713	374.2094	5.1562	3
221.9	31.7587	373.6814	5.1592	3
222	31.7493	371.8516	5.1482	3
222.1	31.7409	371.2132	5.1413	3
222.2	31.732	370.3041	5.1458	3
222.3	31.7236	369.4194	5.1517	3
222.4	31.7153	368.5192	5.1608	3
222.5	31.7071	367.7598	5.1691	3
222.6	31.699	366.8109	5.1705	3
222.7	31.6908	365.9924	5.1625	3
222.8	31.6826	365.1582	5.1656	3
222.9	31.6749	364.2454	5.1586	3
223	31.6674	363.4107	5.161	3
223.1	31.6599	362.476	5.1606	3
223.2	31.6528	361.6235	5.1584	3
223.3	31.6457	360.7894	5.1738	3
223.4	31.6388	359.9317	5.1868	3
223.5	31.6322	358.9262	5.1753	3
223.6	31.6262	357.9651	5.1669	3
223.7	31.6202	357.111	5.1621	3
223.8	31.6143	356.4	5.1455	3
223.9	31.6086	355.4428	5.1409	3
224	31.6031	354.6444	5.1521	3
224.1	31.5976	353.7802	5.1592	3
224.2	31.5919	352.992	5.1638	3
224.3	31.5859	352.1841	5.1564	3
224.4	31.58	351.3591	5.1445	3
224.5	31.5743	350.4535	5.1451	3
224.6	31.5687	349.6773	5.1356	3
224.7	31.5628	348.9414	5.1406	3
224.8	31.5567	348.0674	5.1617	3
224.9	31.5507	347.217	5.158	3
225	31.5445	346.3478	5.1389	3
225.1	31.5384	345.5824	5.1201	3
225.2	31.5321	344.8708	5.1284	3
225.3	31.5257	344.0467	5.134	3
225.4	31.5191	343.299	5.1319	3
225.5	31.512	342.536	5.1411	3
225.6	31.5046	341.6028	5.1462	3
225.7	31.4975	340.7103	5.1361	3
225.8	31.4911	339.7399	5.1267	3
225.9	31.4854	338.8226	5.1275	3
226	31.4799	338.0504	5.1205	3
226.1	31.474	337.2216	5.114	3
226.2	31.468	336.3328	5.1201	3
226.3	31.4622	335.489	5.1136	3
226.4	31.4562	334.7448	5.1237	3
226.5	31.45	334.0183	5.1363	3
226.6	31.4436	333.1004	5.1427	3
226.7	31.4372	332.2753	5.1419	3
226.8	31.4308	331.5427	5.1398	3
226.9	31.4239	330.7775	5.1475	3
227	31.4169	329.9329	5.1446	3
227.1	31.4103	329.0474	5.1373	3
227.2	31.4033	328.295	5.1347	3
227.3	31.3961	327.5118	5.1224	3
227.4	31.3891	326.5545	5.1184	3
227.5	31.3821	325.7391	5.1191	3
227.6	31.375	325.013	5.114	3
227.7	31.3673	324.2586	5.1229	3
227.8	31.3597	323.4549	5.1311	3
227.9	31.352	322.6211	5.1238	3
228	31.344	321.8067	5.11	3
228.1	31.3356	321.1217	5.1122	3
228.2	31.3272	320.1978	5.1228	3
228.3	31.3192	319.3292	5.1275	3
228.4	31.3116	318.3716	5.1327	3
228.5	31.3043	317.3732	5.1255	3
228.6	31.2976	316.5669	5.1191	3
228.7	31.2908	315.788	5.1285	3
228.8	31.2838	314.9133	5.1283	3
228.9	31.2771	314.0252	5.1172	3
229	31.2709	313.0734	5.118	3
229.1	31.265	312.1672	5.115	3
229.2	31.2589	311.4177	5.1088	3
229.3	31.2526	310.6766	5.1127	3
229.4	31.2457	309.972	5.126	3
229.5	31.2384	309.17	5.1337	3
229.6	31.2306	308.4117	5.1241	3
229.7	31.2228	307.5587	5.1163	3
229.8	31.2153	306.7101	5.1194	3
229.9	31.208	305.8234	5.1311	3
230	31.2009	304.9968	5.1352	3
230.1	31.1939	304.0837	5.1356	3
230.2	31.1871	303.1797	5.1352	3
230.3	31.1804	302.4373	5.1511	3
230.4	31.1733	301.5431	5.1631	3
230.5	31.1668	300.646	5.1591	3
230.6	31.1603	299.8716	5.1363	3
230.7	31.1535	299.0751	5.1184	3
230.8	31.1469	298.1026	5.1294	3
230.9	31.1407	297.2515	5.136	3
231	31.1347	296.4301	5.1182	3
231.1	31.128	295.7333	5.1162	3
231.2	31.1212	294.9249	5.1253	3
231.3	31.1146	294.0163	5.1397	3
231.4	31.1076	293.2277	5.145	3
231.5	31.1005	292.4669	5.1389	3
231.6	31.0933	291.6613	5.1403	3
231.7	31.086	290.8602	5.1415	3
231.8	31.0785	290.0906	5.1382	3
231.9	31.0708	289.2656	5.1218	3
232	31.0629	288.3897	5.1345	3
232.1	31.0556	287.5266	5.1388	3
232.2	31.0485	286.6157	5.1455	3
232.3	31.0417	285.761	5.1402	3
232.4	31.0346	284.887	5.1312	3
232.5	31.0275	284.12	5.1416	3
232.6	31.0203	283.3427	5.1539	3
232.7	31.0131	282.421	5.146	3
232.8	31.0057	281.6923	5.1233	3
232.9	30.9982	280.8678	5.1246	3
233	30.9905	280.0533	5.1211	3
233.1	30.9829	279.2588	5.1208	3
233.2	30.9755	278.3559	5.1241	3
233.3	30.968	277.5159	5.1304	3
233.4	30.9606	276.6653	5.1391	3
233.5	30.9534	275.7705	5.1501	3
233.6	30.9463	274.911	5.1644	3
233.7	30.9391	274.1074	5.1535	3
233.8	30.932	273.3687	5.1383	3
233.9	30.9246	272.4945	5.1433	3
234	30.9171	271.7112	5.1495	3
234.1	30.9095	270.9789	5.1383	3
234.2	30.9017	270.086	5.122	3
234.3	30.8942	269.1227	5.1118	3
234.4	30.8872	268.29	5.1239	3
234.5	30.8804	267.3985	5.1181	3
234.6	30.8733	266.5478	5.106	3
234.7	30.8664	265.7446	5.115	3
234.8	30.8599	264.8209	5.1175	3
234.9	30.8534	264.0063	5.1162	3
235	30.8466	263.2343	5.1308	3
235.1	30.8396	262.4656	5.1288	3
235.2	30.8322	261.6821	5.1185	3
235.3	30.8249	260.8373	5.1062	3
235.4	30.8177	260.0077	5.0992	3
235.5	30.8104	259.1991	5.1037	3
235.6	30.8031	258.3288	5.1059	3
235.7	30.7959	257.4467	5.099	3
235.8	30.7887	256.6664	5.0995	3
235.9	30.7817	255.7118	5.106	3
236	30.7747	254.9001	5.1125	3
236.1	30.7676	254.1347	5.1246	3
236.2	30.7603	253.3057	5.128	3
236.3	30.7528	252.5115	5.124	3
236.4	30.7453	251.7973	5.1099	3
236.5	30.7373	251.0473	5.11	3
236.6	30.729	250.1831	5.1269	3
236.7	30.7207	249.3642	5.1249	3
236.8	30.7124	248.5497	5.1178	3
236.9	30.7041	247.6802	5.1106	3
237	30.6958	246.8786	5.115	3
237.1	30.6881	245.9566	5.1241	3
237.2	30.6801	245.0797	5.1173	3
237.3	30.6722	244.3481	5.1099	3
237.4	30.6644	243.4023	5.1161	3
237.5	30.6564	242.7142	5.1212	3
237.6	30.6485	241.8256	5.1315	3
237.7	30.6403	240.9933	5.142	3
237.8	30.6323	240.1137	5.143	3
237.9	30.6243	239.2905	5.1376	3
238	30.6163	238.3909	5.1377	3
238.1	30.6085	237.5173	5.1427	3
238.2	30.6011	236.7069	5.1325	3
238.3	30.5935	235.8286	5.1226	3
238.4	30.5863	234.9997	5.12	3
238.5	30.5785	234.2804	5.1311	3
238.6	30.5707	233.4028	5.1286	3
238.7	30.5633	232.5222	5.1298	3
238.8	30.5559	231.715	5.129	3
238.9	30.548	230.9409	5.1283	3
239	30.5397	230.1515	5.1285	3
239.1	30.5317	229.2414	5.1371	3
239.2	30.5238	228.5203	5.1478	3
239.3	30.5157	227.6182	5.1371	3
239.4	30.5076	226.866	5.1248	3
239.5	30.4995	226.0074	5.1243	3
239.6	30.4913	225.1324	5.132	3
239.7	30.483	224.4215	5.1389	3
239.8	30.4744	223.5004	5.1388	3
239.9	30.4661	222.8002	5.1391	3
240	30.4577	221.831	5.1437	3
240.1	30.4494	221.0824	5.137	3
240.2	30.441	220.2417	5.1321	3
240.3	30.4322	219.483	5.1248	3
240.4	30.4233	218.688	5.1173	3
240.5	30.4142	217.8258	5.1318	3
240.6	30.405	217.0086	5.1357	3
240.7	30.3958	216.2978	5.1409	3
240.8	30.3867	215.3968	5.1446	3
240.9	30.3777	214.5276	5.145	3
241	30.3683	213.6814	5.143	3
241.1	30.359	212.8288	5.1347	3
241.2	30.3502	212.0149	5.1522	3
241.3	30.3416	211.0983	5.1611	3
241.4	30.3327	210.2454	5.1545	3
241.5	30.3237	209.4998	5.1397	3
241.6	30.3148	208.6976	5.1316	3
241.7	30.3057	207.7878	5.133	3
241.8	30.2967	206.9373	5.125	3
241.9	30.2881	206.1047	5.1317	3
242	30.2796	205.2194	5.1589	3
242.1	30.2707	204.5231	5.1786	3
242.2	30.2619	203.6103	5.1707	3
242.3	30.2532	202.7397	5.1495	3
242.4	30.2447	201.914	5.1514	3
242.5	30.2359	201.1204	5.1501	3
242.6	30.227	200.3241	5.1494	3
242.7	30.2183	199.3497	5.137	3
242.8	30.2098	198.4323	5.1354	3
242.9	30.2016	197.7442	5.1459	3
243	30.1932	196.8246	5.1489	3
243.1	30.1847	196.0856	5.1438	3
243.2	30.176	195.2393	5.1303	3
243.3	30.167	194.4715	5.1263	3
243.4	30.1581	193.6375	5.1441	3
243.5	30.1493	192.78	5.1554	3
243.6	30.1404	192.0117	5.1589	3
243.7	30.1312	191.1744	5.1581	3
243.8	30.1221	190.4037	5.1588	3
243.9	30.1127	189.4971	5.1544	3
244	30.1032	188.7295	5.1443	3
244.1	30.094	187.9288	5.1266	3
244.2	30.0847	186.9795	5.1252	3
244.3	30.0762	186.0744	5.1387	3
244.4	30.0681	185.1196	5.1408	3
244.5	30.0601	184.2381	5.122	3
244.6	30.0523	183.3553	5.1194	3
244.7	30.0444	182.6233	5.1356	3
244.8	30.0362	181.8756	5.1409	3
244.9	30.0278	181.0905	5.143	3
245	30.0188	180.279	5.1442	3
245.1	30.0101	179.4956	5.1407	3
245.2	30.0012	178.5226	5.1337	3
245.3	29.9926	177.8468	5.1453	3
245.4	29.9842	176.862	5.1473	3
245.5	29.9755	176.0303	5.1489	3
245.6	29.9671	175.194	5.1433	3
245.7	29.9587	174.4471	5.1257	3
245.8	29.9502	173.5929	5.133	3
245.9	29.9415	172.7511	5.1397	3
246	29.9331	171.8483	5.1434	3
246.1	29.9245	171.0721	5.136	3
246.2	29.9157	170.353	5.1381	3
246.3	29.9068	169.3869	5.1455	3
246.4	29.8979	168.6301	5.1353	3
246.5	29.8889	167.8711	5.1284	3
246.6	29.8793	167.088	5.133	3
246.7	29.8696	166.3752	5.139	3
246.8	29.86	165.3842	5.1338	3
246.9	29.8507	164.5518	5.1356	3
247	29.8415	163.7307	5.1349	3
247.1	29.8321	162.9043	5.1255	3
247.2	29.8225	162.0951	5.1176	3
247.3	29.813	161.2942	5.1117	3
247.4	29.8036	160.416	5.1084	3
247.5	29.7943	159.6463	5.1305	3
247.6	29.7849	158.6932	5.1437	3
247.7	29.7754	157.8745	5.1341	3
247.8	29.766	157.1029	5.1356	3
247.9	29.7563	156.3412	5.1402	3
248	29.7464	155.553	5.1444	3
248.1	29.7361	154.7096	5.148	3
248.2	29.7258	154.0347	5.1263	3
248.3	29.7153	153.1453	5.1121	3
248.4	29.7047	152.2699	5.1198	3
248.5	29.6943	151.4478	5.1383	3
248.6	29.6841	150.5301	5.1456	3
248.7	29.6742	149.7303	5.1387	3
248.8	29.6642	148.8583	5.1444	3
248.9	29.6541	147.9895	5.1548	3
249	29.644	147.1887	5.1465	3
249.1	29.6338	146.409	5.1347	3
249.2	29.6236	145.5196	5.1451	3
249.3	29.6133	144.7261	5.1511	3
249.4	29.6029	143.9655	5.1654	3
249.5	29.5923	143.1763	5.1699	3
249.6	29.5815	142.2855	5.1752	3
249.7	29.5711	141.4499	5.1751	3
249.8	29.5605	140.63	5.1721	3
249.9	29.55	139.8486	5.1675	3
250	29.5393	139.0251	5.1632	3
250.1	29.5288	138.1011	5.1678	3
250.2	29.5181	137.3423	5.1586	3
250.3	29.5075	136.511	5.1599	3
250.4	29.4965	135.6555	5.1727	3
250.5	29.4858	134.8637	5.172	3
250.6	29.4752	133.9662	5.168	3
250.7	29.4648	133.1357	5.1607	3
250.8	29.4542	132.2841	5.1603	3
250.9	29.4434	131.5069	5.1545	3
251	29.4325	130.6498	5.1578	3
251.1	29.4216	129.8737	5.1614	3
251.2	29.4108	129.0433	5.1617	3
251.3	29.3999	128.1322	5.1705	3
251.4	29.3891	127.3048	5.1728	3
251.5	29.3784	126.5714	5.1746	3
251.6	29.3672	125.8145	5.1748	3
251.7	29.3558	124.9119	5.1676	3
251.8	29.3445	123.9667	5.1578	3
251.9	29.3336	123.1594	5.1494	3
252	29.3228	122.3777	5.1548	3
252.1	29.3119	121.6198	5.1491	3
252.2	29.3008	120.8414	5.1443	3
252.3	29.2888	120.1487	5.1455	3
252.4	29.2758	119.5569	5.1417	3
252.5	29.2626	118.6361	5.1438	3
252.6	29.2501	117.621	5.157	3
252.7	29.2388	116.4197	5.1342	3
252.8	29.2288	115.3741	5.1366	3
252.9	29.2198	114.463	5.1458	3
253	29.2108	113.5164	5.1561	3
253.1	29.2021	112.6698	5.1504	3
253.2	29.1933	111.9126	5.1519	3
253.3	29.1838	111.2227	5.164	3
253.4	29.1739	110.473	5.163	3
253.5	29.1636	109.7265	5.1615	3
253.6	29.1531	109.0713	5.1507	3
253.7	29.1417	108.3116	5.1596	3
253.8	29.1301	107.5785	5.1631	3
253.9	29.1183	106.7949	5.1578	3
254	29.1061	105.994	5.1446	3
254.1	29.0937	105.1791	5.144	3
254.2	29.0815	104.326	5.1491	3
254.3	29.0692	103.5539	5.1472	3
254.4	29.0567	102.6907	5.1536	3
254.5	29.0439	101.8484	5.1547	3
254.6	29.0314	101.0646	5.1508	3
254.7	29.0187	100.2223	5.1423	3
254.8	29.0061	99.3845	5.1289	3
254.9	28.9936	98.5283	5.1226	3
255	28.981	97.6601	5.1335	3
255.1	28.9687	96.7919	5.1367	3
255.2	28.9566	95.8842	5.1285	3
255.3	28.9446	95.069	5.136	3
255.4	28.9322	94.354	5.1396	3
255.5	28.9199	93.547	5.1354	3
255.6	28.9075	92.6568	5.1508	3
255.7	28.8951	91.7291	5.1684	3
255.8	28.8828	90.9155	5.158	3
255.9	28.8704	90.1696	5.1439	3
256	28.8577	89.3407	5.1303	3
256.1	28.8451	88.4967	5.1227	3
256.2	28.8323	87.7087	5.1264	3
256.3	28.8197	86.8739	5.1373	3
256.4	28.8069	86.0811	5.144	3
256.5	28.794	85.265	5.1424	3
256.6	28.7811	84.4735	5.1397	3
256.7	28.7682	83.5351	5.1373	3
256.8	28.7554	82.7804	5.1361	3
256.9	28.7424	81.8926	5.1438	3
257	28.7297	81.0119	5.1452	3
257.1	28.7171	80.25	5.1461	3
257.2	28.7043	79.404	5.1586	3
257.3	28.6911	78.6184	5.1609	3
257.4	28.6776	77.8997	5.1618	3
257.5	28.6642	77.0216	5.1668	3
257.6	28.6507	76.2039	5.1728	3
257.7	28.6373	75.3283	5.1726	3
257.8	28.6239	74.5196	5.1608	3
257.9	28.6102	73.6638	5.1572	3
258	28.5965	72.8215	5.155	3
258.1	28.5829	72.0855	5.1402	3
258.2	28.5688	71.4631	5.1403	3
258.3	28.5536	70.9073	5.1435	3
258.4	28.5376	70.0275	5.1542	3
258.5	28.5219	69.1098	5.1537	3
258.6	28.5068	68.1507	5.1332	3
258.7	28.4916	67.3142	5.1291	3
258.8	28.477	66.3641	5.1426	3
258.9	28.4628	65.4167	5.136	3
259	28.4489	64.6757	5.1233	3
259.1	28.435	63.7246	5.1248	3
259.2	28.4208	63.0401	5.1215	3
259.3	28.4066	62.1774	5.128	3
259.4	28.392	61.3564	5.1288	3
259.5	28.3774	60.5771	5.1328	3
259.6	28.3624	59.719	5.1305	3
259.7	28.3476	58.9802	5.1271	3
259.8	28.3328	58.1268	5.1248	3
259.9	28.3181	57.3484	5.1287	3
260	28.3031	56.4653	5.1315	3
260.1	28.2879	55.6673	5.1242	3
260.2	28.2726	54.8027	5.1168	3
260.3	28.2576	54.0463	5.1261	3
260.4	28.2424	53.1922	5.1412	3
260.5	28.2271	52.3411	5.1362	3
260.6	28.2119	51.497	5.1304	3
260.7	28.1966	50.6397	5.1221	3
260.8	28.1813	49.9003	5.1231	3
260.9	28.1661	48.9788	5.128	3
261	28.1508	48.2097	5.1415	3
261.1	28.1357	47.3813	5.1444	3
261.2	28.1209	46.5855	5.1458	3
261.3	28.1061	45.6907	5.1485	3
261.4	28.0912	44.8139	5.1454	3
261.5	28.0761	44.003	5.1392	3
261.6	28.0608	43.1504	5.1484	3
261.7	28.0454	42.3392	5.1534	3
261.8	28.0304	41.4126	5.1416	3
261.9	28.0151	40.7572	5.1277	3
262	27.9997	39.8671	5.1329	3
262.1	27.9842	39.1414	5.146	3
262.2	27.9684	38.3421	5.1435	3
262.3	27.9522	37.5087	5.1327	3
262.4	27.9361	36.7017	5.1325	3
262.5	27.9198	35.9311	5.1336	3
262.6	27.9034	35.1016	5.1223	3
262.7	27.8869	34.1569	5.1284	3
262.8	27.8704	33.4707	5.1182	3
262.9	27.8534	32.6463	5.1137	3
263	27.8361	31.9664	5.1188	3
263.1	27.8186	31.1837	5.1218	3
263.2	27.8011	30.34	5.1332	3
263.3	27.7834	29.5501	5.1427	3
263.4	27.7655	28.7606	5.1381	3
263.5	27.7471	28.0252	5.1225	3
263.6	27.7287	27.1623	5.1018	3
263.7	27.7105	26.3249	5.1066	3
263.8	27.6918	25.4973	5.1071	3
263.9	27.6731	24.6903	5.1089	3
264	27.6546	23.8767	5.1108	3
264.1	27.6351	23.2652	5.0988	3
264.2	27.6145	22.6498	5.1046	3
264.3	27.5939	21.7479	5.1122	3
264.4	27.5738	20.8816	5.1054	3
264.5	27.5534	19.981	5.0899	3
264.6	27.5332	19.0835	5.0888	3
264.7	27.5132	18.3621	5.102	3
264.8	27.4927	17.6434	5.1053	3
264.9	27.4716	16.8647	5.1155	3
265	27.4502	16.1186	5.1126	3
265.1	27.4288	15.2534	5.1139	3
265.2	27.4072	14.4819	5.1183	3
265.3	27.3852	13.6225	5.1024	3
265.4	27.3632	12.7439	5.1027	3
265.5	27.3416	12.0099	5.1075	3
265.6	27.3192	11.3358	5.1065	3
265.7	27.296	10.691	5.1186	3
265.8	27.2722	9.9406	5.1291	3
265.9	27.2482	9.1159	5.1271	3
266	27.2238	8.349	5.1365	3
266.1	27.1991	7.5803	5.1484	3
266.2	27.1743	6.8071	5.1498	3
266.3	27.1491	6.0163	5.1567	3
266.4	27.1234	5.2813	5.1489	4
266.5	27.0973	4.5843	5.1388	4
266.6	27.0713	3.9192	5.1426	4
266.7	27.0442	1.676	5.1338	4
266.8	26.9469	-28.6585	5.1179	4
266.9	26.6571	-85.6652	5.1249	4
267	26.2379	-110.1477	5.1225	4
267.1	25.7786	-109.2694	5.1032	4
267.2	25.3034	-101.4938	5.1114	4
267.3	24.822	-94.9159	5.1215	4
267.4	24.3368	-90.181	5.1166	4
267.5	23.8477	-84.9186	5.1265	4
267.6	23.3548	-78.6645	5.1337	4
267.7	22.8599	-72.6997	5.1404	4
267.8	22.3636	-68.1291	5.1482	4
267.9	21.8652	-63.372	5.1461	4
268	21.3644	-57.0263	5.1393	4
268.1	20.8626	-51.2522	5.1377	4
268.2	20.3612	-47.8348	5.1273	4
268.3	19.8589	-44.464	5.1277	4
268.4	19.3557	-41.9719	5.1429	4
268.5	18.8523	-40.7614	5.1377	4
268.6	18.3477	-39.5341	5.1402	4
268.7	17.842	-38.6055	5.141	4
268.8	17.3364	-38.3062	5.1347	4
268.9	16.8303	-38.0893	5.1315	4
269	16.3233	-37.245	5.1228	4
269.1	15.8152	-35.8421	5.1073	4
269.2	15.3068	-34.5938	5.1165	4
269.3	14.7978	-33.6564	5.1235	4
269.4	14.2887	-33.0492	5.1251	4
269.5	13.7792	-31.8878	5.1268	4
269.6	13.2687	-29.3657	5.1207	4
269.7	12.759	-27.5787	5.1385	4
269.8	12.2498	-26.9505	5.1421	4
269.9	11.7425	-26.1873	5.1364	4
270	11.3084	-25.4119	5.136	4
270.1	11.0399	-24.6967	5.1249	4
270.2	10.8514	-24.06	5.0976	4
270.3	10.6769	-23.8045	5.0871	4
270.4	10.5086	-23.6509	5.1064	4
270.5	10.3437	-23.5891	5.118	4
270.6	10.1811	-23.6841	5.1116	4
270.7	10.0201	-23.8189	5.0979	4
270.8	9.8603	-23.8976	5.0994	4
270.9	9.7012	-23.9512	5.1208	4
271	9.5425	-23.9575	5.1405	4
271.1	9.3842	-24.0958	5.1356	4
271.2	9.2261	-23.9827	5.1233	4
271.3	9.0686	-23.9454	5.1142	4
271.4	8.9113	-23.7885	5.1173	4
