Indentation

 + Advanced

+ Advanced
   Acquisition rate :	10.0 [Hz]
   Linear loading
   Max load :	1000.00 	µN
   Loading rate :	500.00 	µN/min
   Unloading rate :	500.00 	µN/min
   Pause :	30.0 s

+ TTX - UNHT Bio S/N: 1000136751 settings
   Fn contact : 25 µN
   Approach distance : 20 µm
   Approach speed : 100 µm/min
   Retract speed : 200 µm/min
   Retract time : 5 sec
   Dz sensor in large range
   Load in fine range
   FnRef in fine range
   FnRef contactload :500.000 µN
   Stiffness threshold : 1 µN/µm

   X Position :10523.04 µm
   Y Position :37957.90 µm
   Z Position :8366.64 µm

Date :6/9/2026
Time :9:45:20 AM

Analysis n # 1

   Method :	Hertz

 + Parameters

  Load Fit [10%,98%]

 + Main results

   EHz=	722.97 	kPa

 + Hypothesis


 + Additional results

   ErHz=	794.47 kPa
   h offset=	4.84 µm
   R2=	1.00

Analysis n # 2

   Method :	Oliver & Pharr

 + Parameters

  Unload Fit [40%,98%]

 + Main results

   HIT=	24.99 	kPa
   EIT=	622.68 	kPa
   E*=	684.26 	kPa

 + Hypothesis

   !!! Indenter not calibrated !!!
   m out of O&P hypothesis
   Poisson's ratio(nu)=	0.30 

 + Additional results

   HVIT=	0.0025474 	 Vickers
   CIT 0.001/120/30=	2.36 	%
   nIT=	75.68 %
   Fmax=	1000.66 	µN
   hmax=	17.62 	µm
   S=	154.5038 	µN/µm
   F/S²=	0.0419 	µm²/µN
   hc=	12.91 	µm
   hr=	11.14 	µm
   hp=	2.82 	µm
   m=	2.2848 
   Epsilon=	0.73 
   R2=	0.999
   Ap=	40042.88 	µm²
   Welast=	4071.93 pJ
   Wplast=	1308.40 pJ
   Wtotal=	5380.33 pJ
   Er=	684.26 	kPa

Measured values
Time (s)	Pd (µm)	Fn (µN)	FnRef (µN)	SegmentID

0	0	0	5.1252	0
0.1	0.3165	0.2142	5.1281	0
0.2	0.6231	0.6985	5.1276	0
0.3	0.9212	1.3494	5.1213	0
0.4	1.2111	2.0825	5.1318	1
0.5	1.4932	3.0591	5.1431	1
0.6	1.7679	4.1565	5.1434	1
0.7	2.0359	5.4273	5.1466	1
0.8	2.2737	6.5293	5.1398	1
0.9	2.4116	6.6975	5.1413	1
1	2.4739	6.824	5.1464	1
1.1	2.5235	6.9841	5.1416	1
1.2	2.571	7.2254	5.1363	1
1.3	2.6178	7.4763	5.1372	1
1.4	2.6651	7.7346	5.141	1
1.5	2.7132	8.0769	5.1476	1
1.6	2.7625	8.4621	5.1369	1
1.7	2.8132	8.7254	5.1375	1
1.8	2.8654	9.1182	5.1383	1
1.9	2.9189	9.5657	5.1337	1
2	2.9745	9.9187	5.1339	1
2.1	3.0316	10.4238	5.1212	1
2.2	3.0903	10.8687	5.1236	1
2.3	3.1505	11.3797	5.141	1
2.4	3.2117	11.8798	5.1401	1
2.5	3.2744	12.5236	5.1388	1
2.6	3.3382	13.16	5.1307	1
2.7	3.4033	13.7624	5.1204	1
2.8	3.4696	14.4331	5.1157	1
2.9	3.5364	15.1208	5.1096	1
3	3.6041	15.8539	5.1187	1
3.1	3.6729	16.5751	5.1222	1
3.2	3.7418	17.3174	5.1207	1
3.3	3.8112	18.1602	5.1239	1
3.4	3.8811	18.9608	5.1135	1
3.5	3.9507	19.8534	5.1083	1
3.6	4.02	20.7343	5.1107	1
3.7	4.0892	21.6089	5.1038	1
3.8	4.1583	22.5419	5.1006	1
3.9	4.2267	23.5288	5.1239	1
4	4.2949	24.4703	5.1233	1
4.1	4.3624	25.4364	5.1145	1
4.2	4.43	26.4298	5.119	1
4.3	4.4965	27.3603	5.11	1
4.4	4.5619	28.4065	5.1166	1
4.5	4.6265	29.5371	5.1295	1
4.6	4.6901	30.4698	5.1263	1
4.7	4.7527	31.5392	5.1293	1
4.8	4.8145	32.6625	5.1354	1
4.9	4.8749	33.7328	5.125	1
5	4.9336	34.8531	5.1126	1
5.1	4.9914	35.9074	5.1157	1
5.2	5.0478	36.9611	5.12	1
5.3	5.103	38.1011	5.1129	1
5.4	5.157	39.0992	5.1107	1
5.5	5.2098	40.1607	5.1124	1
5.6	5.2615	41.2723	5.1158	1
5.7	5.3117	42.2491	5.1133	1
5.8	5.3611	43.3509	5.1296	1
5.9	5.4093	44.3394	5.1281	1
6	5.456	45.4607	5.1208	1
6.1	5.5017	46.4642	5.105	1
6.2	5.5467	47.4225	5.1083	1
6.3	5.5908	48.4618	5.1283	1
6.4	5.6337	49.5522	5.1158	1
6.5	5.6753	50.5458	5.1037	1
6.6	5.7159	51.6013	5.1299	1
6.7	5.7556	52.5849	5.1306	1
6.8	5.7944	53.5838	5.1254	1
6.9	5.8323	54.5187	5.1287	1
7	5.8694	55.5166	5.1253	1
7.1	5.9055	56.4315	5.1131	1
7.2	5.9408	57.5301	5.1092	1
7.3	5.9757	58.338	5.1241	1
7.4	6.01	59.3959	5.1159	1
7.5	6.0434	60.3308	5.1069	1
7.6	6.0757	61.2914	5.1262	1
7.7	6.1076	62.2704	5.1416	1
7.8	6.139	63.0968	5.1442	1
7.9	6.17	64.0902	5.1396	1
8	6.2003	65.005	5.14	1
8.1	6.2298	65.952	5.1347	1
8.2	6.2593	66.7985	5.1402	1
8.3	6.2883	67.7811	5.1315	1
8.4	6.3164	68.7611	5.134	1
8.5	6.344	69.622	5.1459	1
8.6	6.3714	70.537	5.1499	1
8.7	6.398	71.4439	5.146	1
8.8	6.4243	72.3205	5.151	1
8.9	6.4508	73.0947	5.1426	1
9	6.4767	74.0409	5.1414	1
9.1	6.5025	74.894	5.1489	1
9.2	6.528	75.7929	5.1453	1
9.3	6.5537	76.6338	5.1471	1
9.4	6.5785	77.534	5.1337	1
9.5	6.6028	78.3877	5.1376	1
9.6	6.627	79.2749	5.1284	1
9.7	6.6512	80.1578	5.1266	1
9.8	6.6751	81.0598	5.135	1
9.9	6.6988	81.8617	5.1552	1
10	6.722	82.786	5.1448	1
10.1	6.7452	83.6863	5.1395	1
10.2	6.7682	84.5761	5.1425	1
10.3	6.7908	85.4559	5.1384	1
10.4	6.8129	86.3889	5.138	1
10.5	6.8342	87.2703	5.1359	1
10.6	6.8555	88.0873	5.1364	1
10.7	6.8772	88.8023	5.1327	1
10.8	6.8989	89.6636	5.1338	1
10.9	6.9201	90.6235	5.1355	1
11	6.9408	91.6328	5.1362	1
11.1	6.961	92.5243	5.1452	1
11.2	6.9813	93.2764	5.1456	1
11.3	7.0014	94.1349	5.1293	1
11.4	7.0207	95.0145	5.1153	1
11.5	7.04	95.9026	5.127	1
11.6	7.0593	96.7723	5.1471	1
11.7	7.0785	97.6711	5.158	1
11.8	7.0972	98.5194	5.1576	1
11.9	7.116	99.3271	5.1418	1
12	7.1345	100.2211	5.1289	1
12.1	7.1533	100.9969	5.1273	1
12.2	7.1721	101.8599	5.1158	1
12.3	7.1909	102.6059	5.1079	1
12.4	7.21	103.428	5.1219	1
12.5	7.2294	104.1588	5.1175	1
12.6	7.2489	104.9143	5.1178	1
12.7	7.2692	105.6519	5.1221	1
12.8	7.2896	106.4019	5.113	1
12.9	7.3102	107.228	5.111	1
13	7.3305	108.1433	5.1245	1
13.1	7.3508	109.0188	5.1397	1
13.2	7.3712	109.7538	5.1372	1
13.3	7.3917	110.5659	5.1163	1
13.4	7.4123	111.4153	5.1064	1
13.5	7.4327	112.2652	5.1165	1
13.6	7.453	113.167	5.1272	1
13.7	7.4727	114.1305	5.1392	1
13.8	7.4921	115.0084	5.154	1
13.9	7.511	115.9444	5.1633	1
14	7.5297	116.864	5.1567	1
14.1	7.5481	117.7367	5.1772	1
14.2	7.5665	118.5443	5.1736	1
14.3	7.585	119.3531	5.1574	1
14.4	7.6032	120.2502	5.1621	1
14.5	7.6214	121.0949	5.1543	1
14.6	7.639	122.0321	5.1417	1
14.7	7.6563	122.9058	5.1416	1
14.8	7.6737	123.6929	5.1317	1
14.9	7.6911	124.4798	5.1364	1
15	7.7088	125.355	5.1411	1
15.1	7.7262	126.1779	5.1376	1
15.2	7.7434	127.0816	5.1289	1
15.3	7.7606	127.9138	5.1362	1
15.4	7.7776	128.782	5.1483	1
15.5	7.7946	129.5758	5.151	1
15.6	7.8112	130.5091	5.1588	1
15.7	7.8276	131.3763	5.1554	1
15.8	7.8441	132.2182	5.1488	1
15.9	7.8604	133.0573	5.1495	1
16	7.8766	133.8604	5.149	1
16.1	7.893	134.7033	5.1468	1
16.2	7.9099	135.4988	5.1499	1
16.3	7.9268	136.2671	5.1609	1
16.4	7.9436	137.0974	5.1708	1
16.5	7.9601	137.9771	5.1801	1
16.6	7.9764	138.8292	5.1877	1
16.7	7.9929	139.7287	5.1886	1
16.8	8.0093	140.5907	5.1791	1
16.9	8.0251	141.494	5.1726	1
17	8.0406	142.2988	5.1803	1
17.1	8.0562	143.1006	5.1784	1
17.2	8.0715	144.0639	5.1756	1
17.3	8.0866	145.0046	5.1809	1
17.4	8.1014	145.8343	5.1752	1
17.5	8.1162	146.6733	5.176	1
17.6	8.1309	147.4564	5.1839	1
17.7	8.1461	148.3272	5.1846	1
17.8	8.1613	149.0669	5.1835	1
17.9	8.1763	149.9452	5.1837	1
18	8.1914	150.8657	5.1738	1
18.1	8.2059	151.7053	5.165	1
18.2	8.2204	152.5661	5.1705	1
18.3	8.2353	153.3235	5.1664	1
18.4	8.2503	154.1102	5.1633	1
18.5	8.2649	154.9309	5.1614	1
18.6	8.2796	155.862	5.1619	1
18.7	8.2944	156.6033	5.1642	1
18.8	8.3093	157.471	5.1581	1
18.9	8.3242	158.3098	5.1645	1
19	8.3385	159.1993	5.1641	1
19.1	8.3529	159.9353	5.1714	1
19.2	8.3675	160.7949	5.1772	1
19.3	8.382	161.7387	5.1869	1
19.4	8.3962	162.5538	5.1849	1
19.5	8.4105	163.3863	5.1709	1
19.6	8.4249	164.2319	5.1713	1
19.7	8.4388	165.1104	5.1577	1
19.8	8.4531	165.8697	5.1621	1
19.9	8.4674	166.6969	5.1631	1
20	8.4817	167.6367	5.1574	1
20.1	8.4959	168.4237	5.1587	1
20.2	8.5097	169.2778	5.1576	1
20.3	8.5235	170.1237	5.1617	1
20.4	8.5373	170.9038	5.1577	1
20.5	8.5512	171.7736	5.1522	1
20.6	8.5655	172.5192	5.1452	1
20.7	8.5799	173.3763	5.1488	1
20.8	8.594	174.1664	5.1434	1
20.9	8.6079	175.0249	5.1518	1
21	8.6221	175.8717	5.1503	1
21.1	8.6363	176.7262	5.144	1
21.2	8.65	177.6191	5.1457	1
21.3	8.6638	178.4937	5.1466	1
21.4	8.6775	179.2685	5.1487	1
21.5	8.691	180.1702	5.1496	1
21.6	8.7044	181.0666	5.1422	1
21.7	8.7178	181.9192	5.1429	1
21.8	8.7313	182.726	5.1529	1
21.9	8.7446	183.5347	5.1436	1
22	8.7576	184.4582	5.1257	1
22.1	8.7707	185.2837	5.1201	1
22.2	8.7839	186.0369	5.1257	1
22.3	8.7971	186.9171	5.1386	1
22.4	8.8099	187.8287	5.1338	1
22.5	8.8221	188.7318	5.1393	1
22.6	8.8345	189.4998	5.1523	1
22.7	8.8474	190.2847	5.1631	1
22.8	8.8602	191.1652	5.153	1
22.9	8.8731	191.9864	5.1478	1
23	8.8858	192.8121	5.1332	1
23.1	8.8984	193.58	5.1323	1
23.2	8.9111	194.4722	5.1321	1
23.3	8.9239	195.362	5.1374	1
23.4	8.9362	196.2084	5.1284	1
23.5	8.9486	197.0023	5.1197	1
23.6	8.9615	197.8126	5.1302	1
23.7	8.9742	198.7568	5.1459	1
23.8	8.9863	199.6108	5.1527	1
23.9	8.9985	200.4641	5.1529	1
24	9.0105	201.3091	5.1503	1
24.1	9.0222	202.2388	5.1446	1
24.2	9.0336	203.162	5.1446	1
24.3	9.0446	203.9554	5.1352	1
24.4	9.0559	204.7217	5.1294	1
24.5	9.0674	205.5196	5.1357	1
24.6	9.0794	206.1321	5.1385	1
24.7	9.0921	206.8408	5.136	1
24.8	9.1055	207.6288	5.1331	1
24.9	9.1189	208.4446	5.1316	1
25	9.1324	209.3491	5.1486	1
25.1	9.1455	210.1218	5.1582	1
25.2	9.1586	210.9479	5.1368	1
25.3	9.1723	211.7347	5.1165	1
25.4	9.1861	212.5922	5.1051	1
25.5	9.1998	213.4996	5.1071	1
25.6	9.213	214.3218	5.1205	1
25.7	9.226	215.2459	5.1254	1
25.8	9.239	216.0605	5.1202	1
25.9	9.2518	216.9604	5.1252	1
26	9.2648	217.7331	5.1231	1
26.1	9.2776	218.5613	5.125	1
26.2	9.2906	219.3836	5.1247	1
26.3	9.3037	220.2139	5.1122	1
26.4	9.3164	221.1297	5.1065	1
26.5	9.3288	221.9571	5.1147	1
26.6	9.3413	222.7599	5.1162	1
26.7	9.354	223.6735	5.1193	1
26.8	9.3666	224.5222	5.1189	1
26.9	9.3788	225.4141	5.1076	1
27	9.391	226.2881	5.109	1
27.1	9.4031	227.0743	5.1231	1
27.2	9.415	227.9245	5.1263	1
27.3	9.4269	228.8	5.1219	1
27.4	9.4388	229.6007	5.1196	1
27.5	9.4511	230.3614	5.1288	1
27.6	9.4636	231.2113	5.1157	1
27.7	9.4757	232.0549	5.1053	1
27.8	9.488	232.8419	5.1228	1
27.9	9.5006	233.6386	5.1207	1
28	9.5133	234.4633	5.1084	1
28.1	9.5256	235.355	5.1158	1
28.2	9.5378	236.2208	5.1264	1
28.3	9.55	237.0244	5.1268	1
28.4	9.5622	237.8278	5.1138	1
28.5	9.5746	238.6423	5.12	1
28.6	9.5872	239.4546	5.1241	1
28.7	9.5997	240.3346	5.1168	1
28.8	9.612	241.1801	5.1149	1
28.9	9.624	242.0435	5.1225	1
29	9.6361	242.9139	5.1204	1
29.1	9.648	243.7697	5.1094	1
29.2	9.6597	244.6759	5.113	1
29.3	9.6713	245.4981	5.1133	1
29.4	9.6829	246.4413	5.1161	1
29.5	9.694	247.2891	5.1214	1
29.6	9.705	248.1565	5.1314	1
29.7	9.7159	248.9733	5.1345	1
29.8	9.7269	249.7061	5.1315	1
29.9	9.7381	250.6098	5.1234	1
30	9.7492	251.4693	5.1256	1
30.1	9.7602	252.2472	5.1263	1
30.2	9.7713	253.1194	5.1226	1
30.3	9.7824	253.9571	5.1311	1
30.4	9.7932	254.806	5.1321	1
30.5	9.8041	255.6751	5.1271	1
30.6	9.8147	256.4548	5.1234	1
30.7	9.8255	257.3062	5.129	1
30.8	9.8363	258.1696	5.1365	1
30.9	9.8469	258.9817	5.1307	1
31	9.8578	259.8435	5.1085	1
31.1	9.8684	260.6819	5.1131	1
31.2	9.8788	261.566	5.1202	1
31.3	9.8893	262.3766	5.118	1
31.4	9.8999	263.1761	5.1322	1
31.5	9.9103	263.9728	5.1443	1
31.6	9.9207	264.7793	5.1349	1
31.7	9.9313	265.6521	5.1252	1
31.8	9.9423	266.4009	5.1227	1
31.9	9.9532	267.2948	5.1298	1
32	9.9637	268.1827	5.1272	1
32.1	9.974	269.0697	5.1101	1
32.2	9.9844	269.8637	5.1044	1
32.3	9.9948	270.6618	5.1023	1
32.4	10.0053	271.4694	5.1219	1
32.5	10.0158	272.2905	5.1272	1
32.6	10.0265	273.2223	5.1223	1
32.7	10.037	274.0281	5.1211	1
32.8	10.0474	274.83	5.1182	1
32.9	10.0578	275.6303	5.1051	1
33	10.0686	276.4064	5.0996	1
33.1	10.0793	277.3298	5.1091	1
33.2	10.0897	278.2969	5.1077	1
33.3	10.0995	279.1733	5.1037	1
33.4	10.1093	279.9716	5.1062	1
33.5	10.1193	280.7449	5.119	1
33.6	10.1295	281.5841	5.1273	1
33.7	10.1396	282.4047	5.1338	1
33.8	10.1498	283.271	5.1333	1
33.9	10.1599	284.0641	5.1279	1
34	10.1699	284.9476	5.1246	1
34.1	10.1798	285.8433	5.1374	1
34.2	10.1896	286.6089	5.1472	1
34.3	10.1996	287.4171	5.1418	1
34.4	10.2093	288.2379	5.126	1
34.5	10.2189	289.1371	5.124	1
34.6	10.2287	289.9751	5.1385	1
34.7	10.2385	290.8086	5.1557	1
34.8	10.2485	291.6074	5.1562	1
34.9	10.2585	292.4182	5.1474	1
35	10.2685	293.3339	5.1328	1
35.1	10.2782	294.1467	5.1314	1
35.2	10.2878	294.94	5.1351	1
35.3	10.2976	295.7511	5.1293	1
35.4	10.3072	296.6257	5.1187	1
35.5	10.3165	297.6861	5.1233	1
35.6	10.3259	298.3006	5.1193	1
35.7	10.3362	298.9369	5.1115	1
35.8	10.3466	299.7963	5.1135	1
35.9	10.3574	300.537	5.1136	1
36	10.3681	301.4407	5.1077	1
36.1	10.3787	302.2094	5.1041	1
36.2	10.3891	303.2202	5.1152	1
36.3	10.3991	304.0919	5.1286	1
36.4	10.4091	304.9546	5.1378	1
36.5	10.4193	305.7127	5.1363	1
36.6	10.4296	306.5404	5.1186	1
36.7	10.4399	307.3529	5.0952	1
36.8	10.4501	308.1974	5.1165	1
36.9	10.4603	308.9375	5.1241	1
37	10.4705	309.7761	5.1105	1
37.1	10.481	310.6779	5.1015	1
37.2	10.4913	311.5106	5.1107	1
37.3	10.5014	312.3538	5.1153	1
37.4	10.5113	313.2994	5.1113	1
37.5	10.5212	314.1629	5.1199	1
37.6	10.531	314.9637	5.1211	1
37.7	10.5408	315.7461	5.1257	1
37.8	10.5511	316.5012	5.1247	1
37.9	10.5615	317.2344	5.1337	1
38	10.572	318.1128	5.1333	1
38.1	10.5824	318.9699	5.1347	1
38.2	10.5925	319.878	5.1331	1
38.3	10.6025	320.8611	5.1337	1
38.4	10.6123	321.7016	5.1416	1
38.5	10.6219	322.4796	5.1393	1
38.6	10.6311	323.3898	5.1499	1
38.7	10.6404	324.2677	5.1469	1
38.8	10.6496	325.1459	5.1286	1
38.9	10.6585	325.9722	5.1217	1
39	10.6674	326.8255	5.1292	1
39.1	10.6761	327.7333	5.1266	1
39.2	10.6847	328.4554	5.129	1
39.3	10.6936	329.2788	5.1202	1
39.4	10.7026	330.0751	5.1168	1
39.5	10.7115	330.9573	5.1287	1
39.6	10.7202	331.7776	5.1323	1
39.7	10.7292	332.5886	5.1224	1
39.8	10.7382	333.4373	5.1287	1
39.9	10.747	334.3444	5.1391	1
40	10.7559	335.0989	5.1384	1
40.1	10.765	335.9656	5.1242	1
40.2	10.7741	336.7964	5.1164	1
40.3	10.7829	337.6164	5.1125	1
40.4	10.7915	338.5117	5.1135	1
40.5	10.8	339.3818	5.117	1
40.6	10.8085	340.1421	5.1222	1
40.7	10.8172	340.9956	5.1242	1
40.8	10.8261	341.847	5.1185	1
40.9	10.8347	342.5934	5.1215	1
41	10.8436	343.4587	5.1343	1
41.1	10.8527	344.2049	5.1385	1
41.2	10.8618	345.0733	5.1373	1
41.3	10.8706	345.9099	5.1403	1
41.4	10.8797	346.7132	5.1435	1
41.5	10.8887	347.5292	5.1251	1
41.6	10.8977	348.381	5.1127	1
41.7	10.907	349.1914	5.121	1
41.8	10.9163	350.0679	5.1243	1
41.9	10.9253	350.8956	5.1271	1
42	10.934	351.7735	5.1297	1
42.1	10.9427	352.6323	5.1266	1
42.2	10.9515	353.458	5.1172	1
42.3	10.9602	354.3013	5.1055	1
42.4	10.9692	355.1187	5.1179	1
42.5	10.9782	355.9221	5.1314	1
42.6	10.9868	356.8637	5.1329	1
42.7	10.9953	357.6524	5.1296	1
42.8	11.0039	358.4531	5.1137	1
42.9	11.0126	359.3481	5.1141	1
43	11.0209	360.243	5.1173	1
43.1	11.0288	361.0741	5.1053	1
43.2	11.0371	361.9518	5.1085	1
43.3	11.0454	362.7344	5.1098	1
43.4	11.0536	363.4769	5.1115	1
43.5	11.062	364.2963	5.1242	1
43.6	11.0703	365.1536	5.1201	1
43.7	11.0788	365.9588	5.1269	1
43.8	11.0877	366.7723	5.1332	1
43.9	11.0965	367.5615	5.1287	1
44	11.1058	368.2287	5.1161	1
44.1	11.1157	368.9702	5.1085	1
44.2	11.1258	369.8088	5.1168	1
44.3	11.1358	370.7172	5.1399	1
44.4	11.1454	371.5813	5.1299	1
44.5	11.1552	372.2845	5.1154	1
44.6	11.1654	373.1392	5.1266	1
44.7	11.1758	373.9962	5.1308	1
44.8	11.186	374.8448	5.1301	1
44.9	11.1961	375.6837	5.1397	1
45	11.206	376.467	5.1427	1
45.1	11.2162	377.3825	5.1351	1
45.2	11.2261	378.2203	5.1365	1
45.3	11.2358	379.0216	5.1363	1
45.4	11.246	379.8886	5.1288	1
45.5	11.256	380.7152	5.1317	1
45.6	11.2657	381.5933	5.1526	1
45.7	11.2756	382.4129	5.1488	1
45.8	11.2854	383.2499	5.1445	1
45.9	11.2951	384.1355	5.1446	1
46	11.3046	384.9429	5.1478	1
46.1	11.314	385.7813	5.1401	1
46.2	11.3234	386.6624	5.1218	1
46.3	11.3325	387.5702	5.1256	1
46.4	11.3416	388.3616	5.1359	1
46.5	11.351	389.1363	5.1524	1
46.6	11.3606	389.9887	5.1521	1
46.7	11.3699	390.871	5.1384	1
46.8	11.379	391.7323	5.1491	1
46.9	11.3885	392.5486	5.1662	1
47	11.3977	393.3476	5.1657	1
47.1	11.4071	394.2072	5.1479	1
47.2	11.4165	395.0762	5.1434	1
47.3	11.4255	395.9211	5.1416	1
47.4	11.4345	396.7515	5.1402	1
47.5	11.4433	397.5795	5.1426	1
47.6	11.4521	398.4072	5.14	1
47.7	11.461	399.2709	5.1358	1
47.8	11.4698	400.0967	5.1267	1
47.9	11.4788	400.8911	5.1284	1
48	11.4878	401.7596	5.1287	1
48.1	11.4971	402.5249	5.1199	1
48.2	11.5065	403.2177	5.1108	1
48.3	11.5162	404.1045	5.1088	1
48.4	11.5259	404.9102	5.1149	1
48.5	11.5356	405.7253	5.1153	1
48.6	11.5453	406.5276	5.1319	1
48.7	11.5548	407.5144	5.1403	1
48.8	11.5643	408.3338	5.1413	1
48.9	11.5736	409.1224	5.1324	1
49	11.5831	410.0288	5.1272	1
49.1	11.5925	410.8072	5.1226	1
49.2	11.6018	411.6056	5.113	1
49.3	11.6111	412.5244	5.1214	1
49.4	11.6204	413.3742	5.1244	1
49.5	11.6292	414.3384	5.1207	1
49.6	11.6379	415.1645	5.1193	1
49.7	11.6469	415.8609	5.1306	1
49.8	11.6559	416.7584	5.1486	1
49.9	11.665	417.5989	5.1328	1
50	11.6739	418.4771	5.1232	1
50.1	11.6829	419.1978	5.127	1
50.2	11.692	419.9429	5.1301	1
50.3	11.7014	420.8504	5.1169	1
50.4	11.7107	421.7251	5.1206	1
50.5	11.7198	422.5668	5.1222	1
50.6	11.7287	423.4564	5.1223	1
50.7	11.7377	424.2884	5.1386	1
50.8	11.7465	425.0491	5.1303	1
50.9	11.7555	425.9323	5.1309	1
51	11.7643	426.7975	5.1416	1
51.1	11.7732	427.5814	5.135	1
51.2	11.7823	428.3549	5.1299	1
51.3	11.7917	429.114	5.1405	1
51.4	11.8013	429.9386	5.1421	1
51.5	11.8111	430.7224	5.1369	1
51.6	11.8213	431.4501	5.1316	1
51.7	11.8318	432.2648	5.1249	1
51.8	11.8422	433.0542	5.1318	1
51.9	11.8524	433.9369	5.1368	1
52	11.8627	434.8271	5.1277	1
52.1	11.8728	435.6789	5.1163	1
52.2	11.8826	436.5732	5.1166	1
52.3	11.8927	437.3672	5.1198	1
52.4	11.9026	438.1673	5.122	1
52.5	11.9127	438.9528	5.1344	1
52.6	11.923	439.7919	5.1423	1
52.7	11.9337	440.5188	5.1338	1
52.8	11.9446	441.2877	5.1335	1
52.9	11.9554	442.3138	5.1333	1
53	11.9656	443.2556	5.133	1
53.1	11.9753	444.0576	5.1339	1
53.2	11.985	444.9125	5.1364	1
53.3	11.9949	445.8188	5.1327	1
53.4	12.0045	446.6371	5.1316	1
53.5	12.014	447.5211	5.1348	1
53.6	12.0235	448.3514	5.1338	1
53.7	12.0329	449.1314	5.131	1
53.8	12.0424	449.9752	5.13	1
53.9	12.0518	450.8744	5.1201	1
54	12.0609	451.7706	5.1117	1
54.1	12.0697	452.5746	5.1223	1
54.2	12.0788	453.3899	5.1214	1
54.3	12.088	454.2732	5.0988	1
54.4	12.0969	455.0706	5.099	1
54.5	12.1058	455.9617	5.1151	1
54.6	12.1146	456.788	5.1081	1
54.7	12.1236	457.5655	5.1092	1
54.8	12.1325	458.4338	5.1155	1
54.9	12.1413	459.2701	5.1261	1
55	12.1504	460.1703	5.127	1
55.1	12.1592	460.9717	5.1375	1
55.2	12.1677	461.7814	5.1343	1
55.3	12.1761	462.6756	5.1287	1
55.4	12.1844	463.5267	5.1324	1
55.5	12.1928	464.4023	5.129	1
55.6	12.2013	465.2748	5.1272	1
55.7	12.2097	466.0818	5.1286	1
55.8	12.218	466.8646	5.1206	1
55.9	12.2261	467.7389	5.1155	1
56	12.2341	468.6598	5.1228	1
56.1	12.2419	469.5336	5.1315	1
56.2	12.25	470.3003	5.1222	1
56.3	12.2581	471.1461	5.1211	1
56.4	12.2657	471.9472	5.1271	1
56.5	12.2735	472.7831	5.1367	1
56.6	12.2815	473.6257	5.1446	1
56.7	12.2895	474.4783	5.1391	1
56.8	12.2975	475.3008	5.1368	1
56.9	12.305	476.1795	5.1517	1
57	12.3124	477.01	5.1553	1
57.1	12.3202	477.8102	5.1568	1
57.2	12.328	478.6445	5.1539	1
57.3	12.3359	479.5302	5.1597	1
57.4	12.3436	480.3267	5.1585	1
57.5	12.3514	481.0778	5.1675	1
57.6	12.3595	481.9178	5.1599	1
57.7	12.3678	482.7204	5.1524	1
57.8	12.3757	483.594	5.1523	1
57.9	12.3834	484.472	5.1604	1
58	12.3911	485.2796	5.1522	1
58.1	12.3992	486.1239	5.1285	1
58.2	12.4072	486.9512	5.1309	1
58.3	12.415	487.6989	5.1374	1
58.4	12.4231	488.5328	5.1371	1
58.5	12.4312	489.3934	5.1383	1
58.6	12.4393	490.2346	5.1416	1
58.7	12.4475	490.961	5.1293	1
58.8	12.4559	491.8482	5.124	1
58.9	12.4639	492.8249	5.1382	1
59	12.4718	493.6761	5.1422	1
59.1	12.4794	494.4637	5.1386	1
59.2	12.4871	495.3912	5.135	1
59.3	12.4947	496.14	5.1387	1
59.4	12.5024	496.9453	5.1473	1
59.5	12.5098	497.8353	5.1322	1
59.6	12.5169	498.6956	5.1129	1
59.7	12.5242	499.5406	5.1226	1
59.8	12.5317	500.3794	5.1443	1
59.9	12.539	501.258	5.1524	1
60	12.5463	502.0536	5.1522	1
60.1	12.5535	502.9675	5.1659	1
60.2	12.5605	503.7847	5.1612	1
60.3	12.5677	504.5221	5.1536	1
60.4	12.5747	505.3949	5.1553	1
60.5	12.5819	506.2911	5.1513	1
60.6	12.5891	507.0882	5.1587	1
60.7	12.596	507.8839	5.1591	1
60.8	12.603	508.8297	5.1625	1
60.9	12.6098	509.6517	5.1516	1
61	12.6165	510.4696	5.14	1
61.1	12.6234	511.271	5.1542	1
61.2	12.6302	512.1317	5.1751	1
61.3	12.637	512.9619	5.1713	1
61.4	12.6442	513.778	5.1599	1
61.5	12.6513	514.6207	5.1676	1
61.6	12.6581	515.493	5.1753	1
61.7	12.665	516.3389	5.1618	1
61.8	12.6717	517.127	5.1551	1
61.9	12.6782	517.9555	5.1469	1
62	12.6846	518.8908	5.1409	1
62.1	12.6912	519.6173	5.145	1
62.2	12.6983	520.3995	5.1441	1
62.3	12.7053	521.1923	5.135	1
62.4	12.7123	522.1155	5.1341	1
62.5	12.7193	522.8329	5.1286	1
62.6	12.7265	523.6619	5.1264	1
62.7	12.7339	524.5329	5.1316	1
62.8	12.7413	525.2871	5.1237	1
62.9	12.7489	526.0914	5.1306	1
63	12.7568	526.8585	5.138	1
63.1	12.7645	527.7395	5.1286	1
63.2	12.7721	528.6777	5.1206	1
63.3	12.7797	529.4215	5.1274	1
63.4	12.7872	530.2712	5.124	1
63.5	12.7946	531.1546	5.1176	1
63.6	12.8018	532.0035	5.1195	1
63.7	12.8093	532.8495	5.1046	1
63.8	12.8164	533.6713	5.0936	1
63.9	12.8235	534.6372	5.1051	1
64	12.8302	535.5109	5.1162	1
64.1	12.8368	536.234	5.1339	1
64.2	12.8443	536.819	5.1499	1
64.3	12.8526	537.5827	5.1521	1
64.4	12.861	538.3982	5.1567	1
64.5	12.8694	539.2633	5.1504	1
64.6	12.878	540.0858	5.1532	1
64.7	12.8868	540.9363	5.1472	1
64.8	12.8955	541.7927	5.1242	1
64.9	12.904	542.5545	5.1327	1
65	12.9124	543.4951	5.1315	1
65.1	12.9206	544.2965	5.1325	1
65.2	12.9286	545.1813	5.1447	1
65.3	12.9366	546.0943	5.1386	1
65.4	12.9443	546.9372	5.1447	1
65.5	12.952	547.8552	5.1506	1
65.6	12.959	548.7215	5.1487	1
65.7	12.9659	549.5953	5.1385	1
65.8	12.9726	550.388	5.1152	1
65.9	12.9797	551.256	5.1101	1
66	12.9869	552.13	5.1238	1
66.1	12.9941	552.883	5.1383	1
66.2	13.0012	553.685	5.1335	1
66.3	13.0083	554.5241	5.1164	1
66.4	13.0156	555.3523	5.1204	1
66.5	13.0229	556.2219	5.1265	1
66.6	13.0303	556.9388	5.1363	1
66.7	13.0377	557.8307	5.1368	1
66.8	13.0453	558.5569	5.1339	1
66.9	13.0532	559.3477	5.1246	1
67	13.0612	560.1982	5.1252	1
67.1	13.069	561.0697	5.1323	1
67.2	13.077	561.9251	5.131	1
67.3	13.0847	562.7573	5.1279	1
67.4	13.0922	563.6572	5.1404	1
67.5	13.0997	564.369	5.1418	1
67.6	13.1074	565.2633	5.134	1
67.7	13.1153	566.0962	5.1239	1
67.8	13.123	566.8708	5.1324	1
67.9	13.131	567.7125	5.1282	1
68	13.1391	568.4342	5.1167	1
68.1	13.1475	569.3919	5.1283	1
68.2	13.1553	570.1971	5.124	1
68.3	13.1633	571.0773	5.1181	1
68.4	13.1714	571.856	5.1237	1
68.5	13.1794	572.7026	5.1229	1
68.6	13.1874	573.4894	5.1231	1
68.7	13.1955	574.3234	5.1218	1
68.8	13.2041	575.1281	5.1187	1
68.9	13.2125	575.8913	5.1124	1
69	13.2208	576.8081	5.1059	1
69.1	13.2289	577.6422	5.1012	1
69.2	13.2372	578.4964	5.1045	1
69.3	13.2456	579.2286	5.1151	1
69.4	13.2539	580.0817	5.1274	1
69.5	13.2626	580.9693	5.1207	1
69.6	13.271	581.8162	5.1218	1
69.7	13.2791	582.7299	5.1236	1
69.8	13.2869	583.5687	5.117	1
69.9	13.2944	584.4697	5.1157	1
70	13.3018	585.4451	5.1255	1
70.1	13.309	586.2247	5.1352	1
70.2	13.3161	587.0619	5.1291	1
70.3	13.3231	587.9615	5.1283	1
70.4	13.3298	588.8671	5.1236	1
70.5	13.3364	589.6745	5.1246	1
70.6	13.343	590.5187	5.1146	1
70.7	13.3498	591.2811	5.1177	1
70.8	13.3565	592.1485	5.1212	1
70.9	13.3634	592.851	5.1061	1
71	13.3707	593.6256	5.1008	1
71.1	13.3782	594.55	5.1203	1
71.2	13.3854	595.4731	5.1211	1
71.3	13.392	596.3348	5.1098	1
71.4	13.3984	597.2097	5.1309	1
71.5	13.405	597.9431	5.1369	1
71.6	13.4116	598.7879	5.1266	1
71.7	13.4187	599.571	5.1369	1
71.8	13.426	600.2368	5.1334	1
71.9	13.4337	600.9884	5.131	1
72	13.4416	601.7989	5.1405	1
72.1	13.4499	602.6428	5.1392	1
72.2	13.4589	603.3031	5.1254	1
72.3	13.4685	603.8796	5.1297	1
72.4	13.4784	604.6482	5.1412	1
72.5	13.4887	605.5072	5.1426	1
72.6	13.4987	606.4923	5.1548	1
72.7	13.5085	607.3125	5.1537	1
72.8	13.5178	608.3157	5.1565	1
72.9	13.5268	609.1665	5.158	1
73	13.5356	609.9623	5.1553	1
73.1	13.5448	610.8086	5.1652	1
73.2	13.5539	611.6796	5.1596	1
73.3	13.5627	612.5195	5.1515	1
73.4	13.5715	613.4081	5.1415	1
73.5	13.58	614.2972	5.1342	1
73.6	13.5881	615.3068	5.155	1
73.7	13.5958	616.1736	5.1582	1
73.8	13.6032	617.0158	5.1454	1
73.9	13.6108	617.8208	5.1419	1
74	13.6184	618.7109	5.144	1
74.1	13.6258	619.5088	5.1618	1
74.2	13.6335	620.3399	5.1816	1
74.3	13.6411	621.2121	5.1919	1
74.4	13.6484	622.0516	5.1978	1
74.5	13.6559	622.8365	5.1833	1
74.6	13.6633	623.5892	5.1664	1
74.7	13.6712	624.4496	5.1574	1
74.8	13.6788	625.2746	5.1529	1
74.9	13.6861	626.2746	5.1485	1
75	13.693	627.1134	5.1408	1
75.1	13.6999	628.0263	5.1482	1
75.2	13.7066	628.9247	5.1547	1
75.3	13.7127	629.7812	5.15	1
75.4	13.7187	630.582	5.151	1
75.5	13.7252	631.3957	5.1432	1
75.6	13.7317	632.1925	5.1497	1
75.7	13.7383	632.9703	5.1521	1
75.8	13.7447	633.7722	5.1499	1
75.9	13.7514	634.64	5.1509	1
76	13.7583	635.4686	5.1521	1
76.1	13.7651	636.3398	5.1533	1
76.2	13.772	636.9527	5.1584	1
76.3	13.7792	637.8461	5.162	1
76.4	13.7867	638.6471	5.162	1
76.5	13.7941	639.4137	5.1566	1
76.6	13.8018	640.2688	5.149	1
76.7	13.8093	641.1316	5.1505	1
76.8	13.8168	641.8827	5.1495	1
76.9	13.8247	642.7161	5.14	1
77	13.8326	643.5199	5.1361	1
77.1	13.8402	644.4221	5.1362	1
77.2	13.8478	645.2983	5.1331	1
77.3	13.8552	646.1421	5.1353	1
77.4	13.8627	646.9709	5.1354	1
77.5	13.8699	647.8152	5.1324	1
77.6	13.8772	648.7347	5.1336	1
77.7	13.8841	649.4917	5.132	1
77.8	13.8913	650.3915	5.1372	1
77.9	13.8987	651.0175	5.1351	1
78	13.9063	651.9576	5.1374	1
78.1	13.9142	652.7894	5.1427	1
78.2	13.9217	653.6335	5.1287	1
78.3	13.9288	654.5432	5.1258	1
78.4	13.936	655.3605	5.129	1
78.5	13.9434	656.0673	5.1339	1
78.6	13.9508	656.99	5.1404	1
78.7	13.9583	657.8477	5.1567	1
78.8	13.9656	658.6306	5.154	1
78.9	13.973	659.5231	5.157	1
79	13.9803	660.2851	5.1617	1
79.1	13.9877	661.1871	5.1603	1
79.2	13.995	661.9678	5.1633	1
79.3	14.0022	662.8743	5.1509	1
79.4	14.0096	663.6833	5.1319	1
79.5	14.0172	664.4957	5.1222	1
79.6	14.0246	665.2457	5.1348	1
79.7	14.0321	666.0437	5.1449	1
79.8	14.0398	666.8919	5.1438	1
79.9	14.0474	667.7986	5.1361	1
80	14.0549	668.5644	5.1408	1
80.1	14.0625	669.4103	5.1437	1
80.2	14.0702	670.2442	5.1404	1
80.3	14.0777	671.0942	5.138	1
80.4	14.0851	671.9946	5.1463	1
80.5	14.0925	672.83	5.1418	1
80.6	14.1001	673.6334	5.133	1
80.7	14.1079	674.3419	5.1363	1
80.8	14.1159	675.1236	5.1452	1
80.9	14.1244	675.9722	5.1391	1
81	14.1327	676.7713	5.1188	1
81.1	14.1417	677.5476	5.121	1
81.2	14.1501	678.4135	5.1367	1
81.3	14.1585	679.2703	5.1401	1
81.4	14.1667	680.1336	5.1459	1
81.5	14.1747	681.1348	5.1432	1
81.6	14.1819	681.9501	5.1388	1
81.7	14.1896	682.7848	5.1481	1
81.8	14.1979	683.4482	5.1537	1
81.9	14.2068	684.1596	5.1449	1
82	14.2156	685.0492	5.1417	1
82.1	14.2245	685.7623	5.1421	1
82.2	14.2334	686.6967	5.1428	1
82.3	14.2419	687.5971	5.1595	1
82.4	14.2504	688.4142	5.1675	1
82.5	14.2587	689.2859	5.1538	1
82.6	14.2671	690.1211	5.1416	1
82.7	14.2753	691.0138	5.1325	1
82.8	14.2836	691.8041	5.1352	1
82.9	14.292	692.6883	5.1445	1
83	14.3001	693.5317	5.1502	1
83.1	14.3081	694.3749	5.1591	1
83.2	14.3163	695.1463	5.1591	1
83.3	14.3246	696.0537	5.1597	1
83.4	14.3327	696.8597	5.1477	1
83.5	14.3409	697.6139	5.1378	1
83.6	14.349	698.4646	5.1395	1
83.7	14.3572	699.4294	5.1316	1
83.8	14.3648	700.2768	5.1306	1
83.9	14.3723	701.1485	5.1221	1
84	14.3801	701.9149	5.1062	1
84.1	14.3884	702.7063	5.1198	1
84.2	14.3965	703.6168	5.1374	1
84.3	14.4042	704.4281	5.1447	1
84.4	14.4116	705.343	5.1598	1
84.5	14.419	706.186	5.1578	1
84.6	14.4261	707.0848	5.149	1
84.7	14.4332	707.8912	5.1488	1
84.8	14.4403	708.7259	5.1473	1
84.9	14.4472	709.5897	5.132	1
85	14.4542	710.3951	5.1368	1
85.1	14.4611	711.2803	5.1364	1
85.2	14.4684	712.0328	5.1284	1
85.3	14.4759	712.8346	5.1199	1
85.4	14.4831	713.7192	5.1147	1
85.5	14.4903	714.5811	5.1189	1
85.6	14.4971	715.4627	5.1209	1
85.7	14.5041	716.2279	5.1193	1
85.8	14.5112	717.108	5.1174	1
85.9	14.5181	717.9413	5.1321	1
86	14.5248	718.7618	5.1438	1
86.1	14.5317	719.6097	5.1403	1
86.2	14.5386	720.3933	5.1433	1
86.3	14.5455	721.2546	5.1491	1
86.4	14.5524	722.024	5.142	1
86.5	14.5593	722.9086	5.1473	1
86.6	14.5663	723.6378	5.1427	1
86.7	14.5733	724.6271	5.127	1
86.8	14.5805	725.3677	5.1201	1
86.9	14.5877	726.1555	5.1426	1
87	14.5953	726.9923	5.1617	1
87.1	14.6027	727.7605	5.1697	1
87.2	14.6103	728.5618	5.1589	1
87.3	14.6179	729.4584	5.1463	1
87.4	14.6253	730.2482	5.1439	1
87.5	14.633	731.1602	5.1486	1
87.6	14.6404	732.0217	5.1512	1
87.7	14.6475	732.8561	5.1488	1
87.8	14.6548	733.5737	5.1562	1
87.9	14.6625	734.4147	5.1492	1
88	14.6702	735.2937	5.1487	1
88.1	14.6774	736.1839	5.1526	1
88.2	14.6848	736.9493	5.1554	1
88.3	14.6921	737.8057	5.168	1
88.4	14.6995	738.6931	5.1556	1
88.5	14.7069	739.4265	5.1459	1
88.6	14.7147	740.184	5.1394	1
88.7	14.7229	740.9361	5.138	1
88.8	14.731	741.8374	5.1392	1
88.9	14.739	742.6796	5.142	1
89	14.747	743.4463	5.1326	1
89.1	14.7552	744.2704	5.1426	1
89.2	14.7634	745.1276	5.1402	1
89.3	14.7715	746.0252	5.128	1
89.4	14.7795	746.8843	5.1236	1
89.5	14.7871	747.7286	5.1319	1
89.6	14.7946	748.6913	5.1312	1
89.7	14.8019	749.5275	5.1346	1
89.8	14.8093	750.3345	5.1518	1
89.9	14.8164	751.1806	5.1456	1
90	14.8234	752.0905	5.1432	1
90.1	14.8304	752.8601	5.1373	1
90.2	14.8375	753.6524	5.1347	1
90.3	14.8447	754.4957	5.1418	1
90.4	14.8519	755.3345	5.1395	1
90.5	14.8589	756.193	5.1266	1
90.6	14.8657	757.0662	5.1296	1
90.7	14.8726	757.9173	5.133	1
90.8	14.8791	758.8079	5.1319	1
90.9	14.8857	759.5003	5.1267	1
91	14.893	760.2958	5.1244	1
91.1	14.9004	761.1568	5.1239	1
91.2	14.9076	762.0265	5.131	1
91.3	14.9147	762.8737	5.1222	1
91.4	14.9215	763.7379	5.1236	1
91.5	14.9284	764.6019	5.1313	1
91.6	14.9351	765.4083	5.1188	1
91.7	14.9418	766.3482	5.1266	1
91.8	14.9483	767.1374	5.1404	1
91.9	14.9545	768.0651	5.1254	1
92	14.961	768.8391	5.1248	1
92.1	14.9676	769.5939	5.1463	1
92.2	14.9742	770.4406	5.1599	1
92.3	14.981	771.2786	5.1535	1
92.4	14.9877	772.0663	5.148	1
92.5	14.9943	773.004	5.1425	1
92.6	15.0008	773.8001	5.1567	1
92.7	15.0076	774.5884	5.1513	1
92.8	15.0145	775.5065	5.1502	1
92.9	15.0211	776.2226	5.1437	1
93	15.0276	777.1275	5.1494	1
93.1	15.0343	777.9386	5.1665	1
93.2	15.0408	778.7535	5.1815	1
93.3	15.0474	779.6257	5.1785	1
93.4	15.054	780.4559	5.1535	1
93.5	15.0605	781.2856	5.139	1
93.6	15.0671	782.1262	5.1426	1
93.7	15.0738	782.936	5.1531	1
93.8	15.0806	783.7901	5.1378	1
93.9	15.0875	784.6174	5.141	1
94	15.0942	785.4814	5.141	1
94.1	15.1007	786.2943	5.1347	1
94.2	15.1073	787.1827	5.1425	1
94.3	15.1137	787.8994	5.143	1
94.4	15.1205	788.7377	5.1463	1
94.5	15.1274	789.5908	5.1594	1
94.6	15.1343	790.4078	5.1667	1
94.7	15.1411	791.234	5.1559	1
94.8	15.1479	792.08	5.1516	1
94.9	15.1548	792.9078	5.1462	1
95	15.1615	793.8087	5.1584	1
95.1	15.168	794.671	5.1679	1
95.2	15.1745	795.4258	5.1694	1
95.3	15.181	796.2823	5.1628	1
95.4	15.1877	797.0093	5.1533	1
95.5	15.1946	797.861	5.1575	1
95.6	15.2019	798.6206	5.1556	1
95.7	15.2091	799.4092	5.1492	1
95.8	15.2164	800.2983	5.1508	1
95.9	15.2241	801.0404	5.1433	1
96	15.2322	801.7889	5.1295	1
96.1	15.24	802.7111	5.127	1
96.2	15.2474	803.5578	5.1331	1
96.3	15.255	804.3545	5.1418	1
96.4	15.2629	805.2205	5.1582	1
96.5	15.2706	806.0901	5.1422	1
96.6	15.2783	806.8701	5.1436	1
96.7	15.2862	807.7132	5.1423	1
96.8	15.294	808.5849	5.1339	1
96.9	15.3011	809.5378	5.1418	1
97	15.3082	810.3595	5.1608	1
97.1	15.3152	811.1598	5.1678	1
97.2	15.3226	811.988	5.155	1
97.3	15.3296	812.8299	5.1479	1
97.4	15.3365	813.7767	5.1464	1
97.5	15.3433	814.5805	5.1493	1
97.6	15.3499	815.414	5.15	1
97.7	15.3562	816.3896	5.1486	1
97.8	15.3628	817.1157	5.1415	1
97.9	15.3694	817.9731	5.1494	1
98	15.376	818.8197	5.1563	1
98.1	15.3825	819.7406	5.1556	1
98.2	15.389	820.5323	5.157	1
98.3	15.3954	821.2817	5.1579	1
98.4	15.4019	822.1328	5.1594	1
98.5	15.4087	822.877	5.1489	1
98.6	15.4157	823.5702	5.1459	1
98.7	15.4232	824.3871	5.1592	1
98.8	15.4308	825.2106	5.1625	1
98.9	15.4388	825.8998	5.1509	1
99	15.4473	826.7711	5.1462	1
99.1	15.4561	827.4539	5.1404	1
99.2	15.465	828.2946	5.1581	1
99.3	15.4737	829.1567	5.164	1
99.4	15.4823	829.9901	5.1694	1
99.5	15.4907	830.9542	5.1707	1
99.6	15.499	831.8428	5.1686	1
99.7	15.507	832.6873	5.1599	1
99.8	15.515	833.5261	5.1479	1
99.9	15.5228	834.3877	5.1497	1
100	15.5301	835.3324	5.1636	1
100.1	15.5371	836.2004	5.1756	1
100.2	15.5442	837.0531	5.1642	1
100.3	15.5514	837.8829	5.1544	1
100.4	15.5585	838.6213	5.171	1
100.5	15.5661	839.3826	5.1821	1
100.6	15.5742	840.1457	5.1769	1
100.7	15.5823	840.9952	5.1634	1
100.8	15.5907	841.8071	5.1552	1
100.9	15.599	842.5763	5.1447	1
101	15.6076	843.3822	5.1437	1
101.1	15.616	844.2158	5.1492	1
101.2	15.6241	845.1398	5.158	1
101.3	15.6323	846.0277	5.182	1
101.4	15.6405	846.7771	5.1903	1
101.5	15.6487	847.7012	5.1703	1
101.6	15.6568	848.5407	5.1672	1
101.7	15.6644	849.4169	5.1641	1
101.8	15.6724	850.1305	5.1716	1
101.9	15.6806	850.9244	5.1703	1
102	15.6891	851.8408	5.157	1
102.1	15.6976	852.65	5.155	1
102.2	15.7056	853.4811	5.1623	1
102.3	15.7134	854.3374	5.169	1
102.4	15.7214	855.1744	5.1771	1
102.5	15.7294	856.0537	5.1937	1
102.6	15.7373	856.9292	5.1834	1
102.7	15.7451	857.6832	5.1768	1
102.8	15.7527	858.5954	5.1711	1
102.9	15.7604	859.4462	5.1611	1
103	15.768	860.2346	5.1464	1
103.1	15.7755	861.1604	5.1562	1
103.2	15.7829	861.991	5.1686	1
103.3	15.7905	862.7507	5.1761	1
103.4	15.7982	863.5914	5.1655	1
103.5	15.806	864.4031	5.157	1
103.6	15.8137	865.1838	5.1557	1
103.7	15.8216	866.0262	5.1705	1
103.8	15.8297	866.8527	5.18	1
103.9	15.8378	867.6946	5.1702	1
104	15.8456	868.4977	5.1632	1
104.1	15.8534	869.3992	5.1621	1
104.2	15.8616	870.1155	5.1627	1
104.3	15.8705	870.8018	5.1695	1
104.4	15.8794	871.6824	5.1668	1
104.5	15.8882	872.5414	5.1539	1
104.6	15.897	873.2484	5.1478	1
104.7	15.9063	874.0336	5.1494	1
104.8	15.9159	874.877	5.1525	1
104.9	15.9256	875.6769	5.1444	1
105	15.9354	876.5041	5.1418	1
105.1	15.9451	877.3848	5.1481	1
105.2	15.9544	878.255	5.1531	1
105.3	15.9634	879.1733	5.1711	1
105.4	15.9725	880.0371	5.1788	1
105.5	15.9816	880.8654	5.1649	1
105.6	15.9902	881.7275	5.1719	1
105.7	15.9987	882.5287	5.1935	1
105.8	16.0077	883.2979	5.1799	1
105.9	16.0167	884.178	5.1567	1
106	16.0255	885.1329	5.1637	1
106.1	16.0338	886.055	5.1652	1
106.2	16.0415	887.0284	5.1566	1
106.3	16.0493	887.821	5.1517	1
106.4	16.0571	888.5739	5.1491	1
106.5	16.0651	889.3029	5.1531	1
106.6	16.0731	890.2237	5.1511	1
106.7	16.0811	891.1632	5.1473	1
106.8	16.0888	891.9791	5.1529	1
106.9	16.0962	892.8783	5.149	1
107	16.1034	893.6685	5.1437	1
107.1	16.1108	894.5024	5.1477	1
107.2	16.1183	895.3066	5.1561	1
107.3	16.126	896.1331	5.1512	1
107.4	16.1335	897.0852	5.1397	1
107.5	16.1408	897.8833	5.1361	1
107.6	16.1484	898.6025	5.1392	1
107.7	16.1564	899.2458	5.1447	1
107.8	16.1648	900.1077	5.1404	1
107.9	16.1733	900.9636	5.1322	1
108	16.1815	901.7708	5.1283	1
108.1	16.19	902.6082	5.1348	1
108.2	16.1986	903.3997	5.1328	1
108.3	16.207	904.2003	5.1289	1
108.4	16.2153	905.1824	5.1369	1
108.5	16.2235	905.9753	5.1326	1
108.6	16.2318	906.8124	5.1366	1
108.7	16.2399	907.7616	5.1314	1
108.8	16.2475	908.6883	5.1285	1
108.9	16.2546	909.6091	5.1313	1
109	16.2616	910.4846	5.1364	1
109.1	16.2681	911.4444	5.1437	1
109.2	16.2745	912.1595	5.1437	1
109.3	16.2812	912.9198	5.1353	1
109.4	16.2884	913.7074	5.1228	1
109.5	16.2957	914.5257	5.1316	1
109.6	16.303	915.3437	5.1394	1
109.7	16.3104	916.0982	5.1382	1
109.8	16.318	916.8696	5.1204	1
109.9	16.3256	917.7745	5.1175	1
110	16.3331	918.6749	5.1298	1
110.1	16.3403	919.4625	5.1355	1
110.2	16.3477	920.3378	5.1284	1
110.3	16.3552	921.1597	5.1264	1
110.4	16.3627	921.9766	5.1138	1
110.5	16.3701	922.7836	5.1179	1
110.6	16.3778	923.6271	5.1261	1
110.7	16.3851	924.6309	5.1252	1
110.8	16.3918	925.5604	5.1272	1
110.9	16.3977	926.5063	5.1312	1
111	16.403	927.4088	5.1357	1
111.1	16.4084	928.3079	5.1323	1
111.2	16.4138	929.0105	5.1259	1
111.3	16.4192	929.9133	5.1218	1
111.4	16.4251	930.5971	5.124	1
111.5	16.4314	931.2753	5.1196	1
111.6	16.438	932.0954	5.1141	1
111.7	16.4446	932.9653	5.1065	1
111.8	16.4511	933.8298	5.1006	1
111.9	16.4578	934.5362	5.0961	1
112	16.4647	935.4135	5.0872	1
112.1	16.4716	936.2735	5.0866	1
112.2	16.4782	937.1056	5.1041	1
112.3	16.4849	937.9483	5.1069	1
112.4	16.4913	938.7826	5.1001	1
112.5	16.4975	939.6476	5.0983	1
112.6	16.5038	940.5688	5.1124	1
112.7	16.5102	941.3544	5.1161	1
112.8	16.5163	942.1949	5.1051	1
112.9	16.5225	942.9916	5.0999	1
113	16.5287	943.8485	5.1107	1
113.1	16.535	944.73	5.1059	1
113.2	16.5409	945.6104	5.1046	1
113.3	16.547	946.3318	5.1087	1
113.4	16.5532	947.196	5.1119	1
113.5	16.5595	948.038	5.1156	1
113.6	16.5656	948.8856	5.1165	1
113.7	16.5717	949.761	5.1105	1
113.8	16.5779	950.5143	5.1224	1
113.9	16.5841	951.3237	5.1215	1
114	16.5902	952.1876	5.123	1
114.1	16.5965	952.9832	5.1367	1
114.2	16.6033	953.7207	5.1373	1
114.3	16.6105	954.3864	5.1388	1
114.4	16.6181	955.1776	5.1437	1
114.5	16.6258	955.9651	5.1387	1
114.6	16.6337	956.7615	5.1226	1
114.7	16.6416	957.7067	5.1225	1
114.8	16.6491	958.566	5.1325	1
114.9	16.6563	959.4339	5.1312	1
115	16.6639	960.1829	5.124	1
115.1	16.6718	961.0446	5.1221	1
115.2	16.6794	961.938	5.1022	1
115.3	16.6864	962.8347	5.0872	1
115.4	16.6938	963.55	5.0768	1
115.5	16.7015	964.3519	5.0889	1
115.6	16.7092	965.2001	5.083	1
115.7	16.7169	966.0024	5.0894	1
115.8	16.7243	966.9542	5.0969	1
115.9	16.7318	967.7954	5.0942	1
116	16.7391	968.5977	5.0903	1
116.1	16.7467	969.4405	5.0739	1
116.2	16.7543	970.1916	5.0804	1
116.3	16.762	971.0745	5.1025	1
116.4	16.7696	971.948	5.1103	1
116.5	16.7769	972.8319	5.1117	1
116.6	16.7841	973.7195	5.1223	1
116.7	16.791	974.5221	5.1222	1
116.8	16.7981	975.3334	5.1139	1
116.9	16.8052	976.1907	5.1207	1
117	16.8121	977.0886	5.1268	1
117.1	16.8188	977.9743	5.1255	1
117.2	16.8254	978.8198	5.1264	1
117.3	16.8321	979.5574	5.117	1
117.4	16.8386	980.4954	5.123	1
117.5	16.8448	981.3778	5.1316	1
117.6	16.8511	982.1031	5.1384	1
117.7	16.8575	982.9165	5.1254	1
117.8	16.864	983.857	5.1034	1
117.9	16.8705	984.6843	5.1043	1
118	16.8769	985.5354	5.1063	1
118.1	16.8835	986.336	5.1151	1
118.2	16.8901	987.0746	5.1113	1
118.3	16.8966	987.9768	5.1133	1
118.4	16.9033	988.6924	5.115	1
118.5	16.9102	989.4961	5.1124	1
118.6	16.9173	990.3774	5.1132	1
118.7	16.9243	991.2085	5.1191	1
118.8	16.9314	991.988	5.1022	1
118.9	16.9389	992.6691	5.0999	1
119	16.9463	993.5198	5.1174	1
119.1	16.954	994.4193	5.1098	1
119.2	16.9617	995.1621	5.1176	1
119.3	16.9696	996.0164	5.132	2
119.4	16.9776	996.796	5.1267	2
119.5	16.9855	997.6949	5.1306	2
119.6	16.9926	998.7007	5.1212	2
119.7	16.9989	999.5902	5.0977	2
119.8	17.0046	999.9266	5.0833	2
119.9	17.0101	999.9378	5.0978	2
120	17.0155	999.9997	5.1017	2
120.1	17.0205	1000.0608	5.0987	2
120.2	17.0253	1000.1406	5.1059	2
120.3	17.0299	1000.1049	5.1282	2
120.4	17.0345	1000.091	5.1389	2
120.5	17.039	1000.1671	5.134	2
120.6	17.0434	1000.1424	5.1405	2
120.7	17.048	1000.0287	5.1461	2
120.8	17.0528	1000.1434	5.1552	2
120.9	17.0564	1000.4796	5.1615	2
121	17.0595	1000.4039	5.1482	2
121.1	17.0628	1000.4038	5.1296	2
121.2	17.0661	1000.2989	5.1413	2
121.3	17.0694	1000.3106	5.1494	2
121.4	17.073	1000.3204	5.151	2
121.5	17.0765	1000.2516	5.1552	2
121.6	17.0803	1000.1671	5.1421	2
121.7	17.0847	1000.0815	5.1348	2
121.8	17.089	1000.0698	5.1436	2
121.9	17.0936	1000.0604	5.1459	2
122	17.0981	1000.1009	5.1366	2
122.1	17.1025	1000.1675	5.1349	2
122.2	17.1064	1000.1848	5.1381	2
122.3	17.1102	1000.2138	5.1447	2
122.4	17.1141	1000.1507	5.1503	2
122.5	17.1182	1000.0541	5.1504	2
122.6	17.1225	1000.0886	5.1595	2
122.7	17.1271	999.9833	5.1436	2
122.8	17.1315	1000.1129	5.1357	2
122.9	17.1355	1000.2698	5.1429	2
123	17.1387	1000.2379	5.145	2
123.1	17.1419	1000.3442	5.1389	2
123.2	17.1451	1000.3584	5.1433	2
123.3	17.1482	1000.2962	5.1416	2
123.4	17.1512	1000.2977	5.1461	2
123.5	17.1544	1000.341	5.1448	2
123.6	17.1575	1000.3545	5.1528	2
123.7	17.1602	1000.443	5.1496	2
123.8	17.1627	1000.4612	5.1412	2
123.9	17.1651	1000.4326	5.1374	2
124	17.1674	1000.5564	5.1388	2
124.1	17.1693	1000.6162	5.1385	2
124.2	17.1708	1000.6035	5.1349	2
124.3	17.1732	1000.3096	5.1277	2
124.4	17.1757	1000.4961	5.117	2
124.5	17.1781	1000.4499	5.1176	2
124.6	17.1807	1000.3441	5.124	2
124.7	17.1834	1000.4131	5.1273	2
124.8	17.1858	1000.5084	5.122	2
124.9	17.1881	1000.4861	5.132	2
125	17.1903	1000.4813	5.1389	2
125.1	17.1924	1000.4943	5.1369	2
125.2	17.1945	1000.5459	5.1362	2
125.3	17.1965	1000.4493	5.148	2
125.4	17.1987	1000.4736	5.1466	2
125.5	17.2009	1000.456	5.1381	2
125.6	17.2032	1000.425	5.131	2
125.7	17.206	1000.2825	5.1272	2
125.8	17.2091	1000.1975	5.123	2
125.9	17.2125	1000.2304	5.1249	2
126	17.2156	1000.1716	5.1218	2
126.1	17.2186	1000.3047	5.123	2
126.2	17.2215	1000.3616	5.1182	2
126.3	17.2238	1000.4449	5.1168	2
126.4	17.226	1000.5112	5.1223	2
126.5	17.2281	1000.4818	5.1292	2
126.6	17.2301	1000.5164	5.142	2
126.7	17.232	1000.5102	5.1448	2
126.8	17.234	1000.4524	5.1469	2
126.9	17.2364	1000.3635	5.1448	2
127	17.2389	1000.332	5.1226	2
127.1	17.2415	1000.2889	5.1119	2
127.2	17.2442	1000.2978	5.1298	2
127.3	17.2472	1000.2896	5.1378	2
127.4	17.25	1000.3391	5.132	2
127.5	17.2525	1000.3838	5.1162	2
127.6	17.2551	1000.3765	5.127	2
127.7	17.2576	1000.3952	5.1199	2
127.8	17.2599	1000.4158	5.1217	2
127.9	17.2618	1000.4712	5.1249	2
128	17.2636	1000.4933	5.1201	2
128.1	17.2652	1000.6516	5.1188	2
128.2	17.2666	1000.6265	5.1241	2
128.3	17.2677	1000.6863	5.1337	2
128.4	17.2687	1000.6968	5.1269	2
128.5	17.2698	1000.6371	5.1223	2
128.6	17.2712	1000.553	5.1256	2
128.7	17.2731	1000.3347	5.1318	2
128.8	17.2757	1000.2828	5.136	2
128.9	17.279	1000.1728	5.1458	2
129	17.2826	1000.0665	5.139	2
129.1	17.286	1000.1143	5.1342	2
129.2	17.2894	1000.1543	5.1126	2
129.3	17.2927	1000.1656	5.1096	2
129.4	17.2957	1000.2224	5.104	2
129.5	17.2983	1000.3555	5.091	2
129.6	17.3007	1000.4166	5.1027	2
129.7	17.3029	1000.3877	5.1044	2
129.8	17.3052	1000.3276	5.089	2
129.9	17.3076	1000.3719	5.0828	2
130	17.3099	1000.4049	5.0948	2
130.1	17.3121	1000.3957	5.0894	2
130.2	17.3142	1000.3489	5.0849	2
130.3	17.3163	1000.4003	5.0943	2
130.4	17.3188	1000.4374	5.1037	2
130.5	17.3208	1000.5167	5.1142	2
130.6	17.3223	1000.629	5.1199	2
130.7	17.3234	1000.5091	5.1076	2
130.8	17.3248	1000.5172	5.1083	2
130.9	17.3265	1000.5112	5.1085	2
131	17.328	1000.5492	5.1097	2
131.1	17.3294	1000.6194	5.1226	2
131.2	17.3308	1000.5386	5.117	2
131.3	17.3326	1000.3999	5.1186	2
131.4	17.3344	1000.6232	5.1315	2
131.5	17.3358	1000.6186	5.1362	2
131.6	17.3369	1000.5659	5.137	2
131.7	17.3385	1000.5018	5.1293	2
131.8	17.34	1000.4962	5.1351	2
131.9	17.3415	1000.6295	5.1353	2
132	17.3428	1000.5625	5.1241	2
132.1	17.3442	1000.5647	5.1255	2
132.2	17.3456	1000.4635	5.1352	2
132.3	17.3473	1000.4645	5.1398	2
132.4	17.3492	1000.463	5.1362	2
132.5	17.3513	1000.4191	5.1159	2
132.6	17.3535	1000.2995	5.0935	2
132.7	17.3559	1000.3409	5.0995	2
132.8	17.358	1000.4571	5.1168	2
132.9	17.3597	1000.4333	5.118	2
133	17.3613	1000.4895	5.1167	2
133.1	17.3628	1000.5352	5.1129	2
133.2	17.364	1000.6427	5.1056	2
133.3	17.3649	1000.7113	5.1046	2
133.4	17.3656	1000.7306	5.1102	2
133.5	17.3663	1000.6969	5.1078	2
133.6	17.3671	1000.6677	5.1155	2
133.7	17.3677	1000.7432	5.1108	2
133.8	17.3683	1000.7664	5.0987	2
133.9	17.369	1000.6361	5.1061	2
134	17.3698	1000.6229	5.1174	2
134.1	17.3704	1000.5775	5.1261	2
134.2	17.3712	1000.7281	5.1165	2
134.3	17.3718	1000.7485	5.1136	2
134.4	17.3724	1000.7385	5.1114	2
134.5	17.3727	1000.7533	5.1142	2
134.6	17.3733	1000.684	5.1208	2
134.7	17.3737	1000.6601	5.1269	2
134.8	17.3744	1000.6834	5.1313	2
134.9	17.375	1000.7063	5.123	2
135	17.3758	1000.5781	5.1063	2
135.1	17.3766	1000.6458	5.0986	2
135.2	17.3776	1000.6664	5.1171	2
135.3	17.3783	1000.7671	5.1278	2
135.4	17.3781	1000.9796	5.1212	2
135.5	17.3771	1000.9926	5.1088	2
135.6	17.3766	1000.9548	5.1123	2
135.7	17.376	1000.9563	5.1039	2
135.8	17.3758	1000.8615	5.1029	2
135.9	17.3753	1000.8947	5.1067	2
136	17.3751	1000.7323	5.11	2
136.1	17.3754	1000.7432	5.1205	2
136.2	17.3758	1000.8126	5.1212	2
136.3	17.376	1000.6704	5.1016	2
136.4	17.3763	1000.8571	5.0996	2
136.5	17.3761	1000.8732	5.104	2
136.6	17.3758	1000.8744	5.1035	2
136.7	17.3757	1000.8563	5.1169	2
136.8	17.3755	1000.8205	5.1227	2
136.9	17.3752	1000.9214	5.119	2
137	17.3746	1000.9437	5.1124	2
137.1	17.374	1000.9536	5.1233	2
137.2	17.3735	1000.9276	5.1278	2
137.3	17.3732	1000.8429	5.1295	2
137.4	17.3729	1000.8845	5.1335	2
137.5	17.3721	1000.9569	5.1343	2
137.6	17.3716	1000.8942	5.1206	2
137.7	17.3712	1000.8367	5.1061	2
137.8	17.3713	1000.7934	5.116	2
137.9	17.3713	1000.7948	5.1172	2
138	17.3715	1000.7025	5.1119	2
138.1	17.3715	1000.763	5.1217	2
138.2	17.3711	1000.915	5.1129	2
138.3	17.3701	1001.0118	5.0961	2
138.4	17.3694	1000.9683	5.0893	2
138.5	17.3693	1000.74	5.0918	2
138.6	17.3697	1000.6725	5.0931	2
138.7	17.3702	1000.6622	5.0929	2
138.8	17.3711	1000.524	5.097	2
138.9	17.3725	1000.3152	5.0975	2
139	17.3745	1000.3194	5.0943	2
139.1	17.3762	1000.4046	5.0944	2
139.2	17.3776	1000.5482	5.096	2
139.3	17.3787	1000.5848	5.0984	2
139.4	17.3796	1000.646	5.1059	2
139.5	17.38	1000.689	5.1095	2
139.6	17.3799	1000.6994	5.1065	2
139.7	17.3801	1000.7665	5.1098	2
139.8	17.3807	1000.6808	5.1031	2
139.9	17.3811	1000.6411	5.1001	2
140	17.3815	1000.7062	5.114	2
140.1	17.3818	1000.7679	5.1121	2
140.2	17.3819	1000.7505	5.1021	2
140.3	17.3821	1000.6748	5.0968	2
140.4	17.3823	1000.7377	5.0943	2
140.5	17.3824	1000.7648	5.0922	2
140.6	17.3825	1000.6817	5.0967	2
140.7	17.3829	1000.6677	5.1059	2
140.8	17.3835	1000.6536	5.1002	2
140.9	17.3839	1000.7196	5.105	2
141	17.3841	1000.7549	5.1034	2
141.1	17.3843	1000.726	5.104	2
141.2	17.3841	1000.8154	5.0979	2
141.3	17.3838	1000.8762	5.0955	2
141.4	17.3834	1000.8386	5.1042	2
141.5	17.3833	1000.8003	5.0947	2
141.6	17.3833	1000.7616	5.1005	2
141.7	17.3831	1000.7952	5.1062	2
141.8	17.383	1000.7747	5.1118	2
141.9	17.3828	1000.738	5.1227	2
142	17.3827	1000.8171	5.1128	2
142.1	17.3825	1000.8627	5.1119	2
142.2	17.3823	1000.7747	5.1199	2
142.3	17.3822	1000.7169	5.108	2
142.4	17.3824	1000.8072	5.0967	2
142.5	17.382	1000.8514	5.1017	2
142.6	17.3814	1000.8314	5.1097	2
142.7	17.3812	1000.7591	5.0991	2
142.8	17.3811	1000.7814	5.1019	2
142.9	17.381	1000.8183	5.1063	2
143	17.3807	1000.7815	5.1024	2
143.1	17.3807	1000.7626	5.0923	2
143.2	17.3807	1000.7829	5.088	2
143.3	17.3806	1000.7372	5.1027	2
143.4	17.3808	1000.7042	5.096	2
143.5	17.381	1000.7166	5.0921	2
143.6	17.3811	1000.7351	5.0887	2
143.7	17.381	1000.7471	5.0978	2
143.8	17.3813	1000.723	5.1111	2
143.9	17.3815	1000.7268	5.1183	2
144	17.3815	1000.7134	5.0976	2
144.1	17.3815	1000.7191	5.0791	2
144.2	17.3816	1000.7025	5.0814	2
144.3	17.3816	1000.7509	5.1039	2
144.4	17.3815	1000.8018	5.1204	2
144.5	17.3815	1000.7564	5.1297	2
144.6	17.3816	1000.7742	5.1193	2
144.7	17.3819	1000.6905	5.1155	2
144.8	17.382	1000.6683	5.1065	2
144.9	17.3818	1000.7477	5.1043	2
145	17.3818	1000.7223	5.1123	2
145.1	17.3818	1000.7537	5.1108	2
145.2	17.3819	1000.7554	5.121	2
145.3	17.3818	1000.8432	5.1254	2
145.4	17.3816	1000.7689	5.1218	2
145.5	17.3813	1000.7921	5.1257	2
145.6	17.381	1000.858	5.1095	2
145.7	17.3802	1001.0011	5.1151	2
145.8	17.3788	1001.0995	5.1214	2
145.9	17.3773	1000.994	5.1321	2
146	17.3763	1000.9018	5.1292	2
146.1	17.3759	1000.8657	5.1034	2
146.2	17.3754	1000.8094	5.096	2
146.3	17.3748	1000.9047	5.1096	2
146.4	17.374	1000.8955	5.1099	2
146.5	17.3732	1000.8452	5.1039	2
146.6	17.3728	1000.8587	5.1144	2
146.7	17.3725	1000.7678	5.1269	2
146.8	17.3722	1000.8344	5.1256	2
146.9	17.3719	1000.7657	5.124	2
147	17.3718	1000.7687	5.1133	2
147.1	17.372	1000.5987	5.101	2
147.2	17.3727	1000.4785	5.1022	2
147.3	17.3735	1000.5861	5.1182	2
147.4	17.3741	1000.5563	5.1224	2
147.5	17.3748	1000.6166	5.1175	2
147.6	17.3756	1000.5764	5.1237	2
147.7	17.3762	1000.6187	5.1304	2
147.8	17.3763	1000.7561	5.126	2
147.9	17.3757	1000.9125	5.1247	2
148	17.375	1000.8442	5.1261	2
148.1	17.3744	1000.9998	5.1346	2
148.2	17.3734	1000.837	5.1248	2
148.3	17.3729	1000.7924	5.107	2
148.4	17.3728	1000.7225	5.1051	2
148.5	17.3731	1000.6435	5.1042	2
148.6	17.3734	1000.5959	5.1076	2
148.7	17.3738	1000.6069	5.1093	2
148.8	17.3745	1000.6065	5.1028	2
148.9	17.3752	1000.5754	5.1134	2
149	17.3758	1000.5708	5.1265	2
149.1	17.3762	1000.5471	5.123	2
149.2	17.3768	1000.6924	5.1099	2
149.3	17.3772	1000.6127	5.1002	3
149.4	17.3774	1000.6586	5.0972	3
149.5	17.3777	1000.713	5.0907	3
149.6	17.378	1000.6614	5.1038	3
149.7	17.3783	1000.5422	5.1061	3
149.8	17.3784	999.9876	5.0955	3
149.9	17.3782	999.2642	5.0912	3
150	17.3778	998.4208	5.0956	3
150.1	17.3779	997.4971	5.0945	3
150.2	17.3779	996.7153	5.0921	3
150.3	17.3778	995.8573	5.0938	3
150.4	17.3775	995.0673	5.0986	3
150.5	17.377	994.3142	5.0978	3
150.6	17.3768	993.4744	5.0987	3
150.7	17.3763	992.5783	5.0964	3
150.8	17.3761	991.7879	5.0967	3
150.9	17.3755	991.0021	5.0968	3
151	17.3748	990.306	5.0909	3
151.1	17.3737	989.4526	5.0834	3
151.2	17.3725	988.669	5.0823	3
151.3	17.371	987.8498	5.0989	3
151.4	17.3693	987.0832	5.1135	3
151.5	17.3675	986.2782	5.1145	3
151.6	17.3656	985.3771	5.1023	3
151.7	17.3636	984.6482	5.0931	3
151.8	17.3614	983.8683	5.0981	3
151.9	17.3589	983.0777	5.1218	3
152	17.3565	982.2481	5.1211	3
152.1	17.3542	981.3539	5.1127	3
152.2	17.3517	980.542	5.1128	3
152.3	17.3494	979.7217	5.116	3
152.4	17.3471	978.9099	5.0985	3
152.5	17.3447	978.0901	5.0954	3
152.6	17.3421	977.2158	5.1028	3
152.7	17.3394	976.4487	5.1161	3
152.8	17.3367	975.6653	5.1349	3
152.9	17.3334	974.9155	5.1291	3
153	17.3303	974.0861	5.1284	3
153.1	17.327	973.16	5.1392	3
153.2	17.324	972.3853	5.1294	3
153.3	17.3212	971.4625	5.1379	3
153.4	17.3183	970.6698	5.1357	3
153.5	17.3157	969.7095	5.1336	3
153.6	17.3131	968.8598	5.1333	3
153.7	17.3107	968.0276	5.1115	3
153.8	17.3084	967.1638	5.1163	3
153.9	17.3065	966.2922	5.1183	3
154	17.3044	965.5527	5.1137	3
154.1	17.3018	964.7181	5.1166	3
154.2	17.2994	963.8254	5.1049	3
154.3	17.297	963.0672	5.1128	3
154.4	17.2942	962.3385	5.12	3
154.5	17.2909	961.5726	5.1121	3
154.6	17.2871	960.7598	5.1135	3
154.7	17.2838	959.9731	5.1181	3
154.8	17.2804	959.1069	5.1057	3
154.9	17.2769	958.2447	5.0924	3
155	17.2735	957.372	5.1011	3
155.1	17.2701	956.6138	5.1127	3
155.2	17.2667	955.8307	5.1072	3
155.3	17.2635	954.8802	5.1151	3
155.4	17.2601	954.0449	5.1	3
155.5	17.2567	953.2154	5.0913	3
155.6	17.2533	952.4649	5.089	3
155.7	17.2498	951.6652	5.1023	3
155.8	17.2458	950.8723	5.1154	3
155.9	17.2418	950.061	5.1222	3
156	17.2378	949.2326	5.1081	3
156.1	17.2337	948.3951	5.1073	3
156.2	17.2295	947.6118	5.1088	3
156.3	17.2253	946.6951	5.1128	3
156.4	17.2212	945.9337	5.1152	3
156.5	17.2172	945.1124	5.1126	3
156.6	17.213	944.2124	5.1095	3
156.7	17.2091	943.3901	5.1076	3
156.8	17.2051	942.5588	5.1186	3
156.9	17.2007	941.846	5.1216	3
157	17.1964	940.9475	5.116	3
157.1	17.1919	940.1701	5.1109	3
157.2	17.1876	939.314	5.1196	3
157.3	17.1832	938.4668	5.1151	3
157.4	17.1784	937.6956	5.1057	3
157.5	17.1744	936.6584	5.109	3
157.6	17.1703	935.9308	5.1146	3
157.7	17.1661	935.1164	5.1008	3
157.8	17.1618	934.1898	5.0837	3
157.9	17.1577	933.3639	5.0824	3
158	17.1537	932.4824	5.0901	3
158.1	17.1496	931.7842	5.0894	3
158.2	17.1456	930.945	5.0882	3
158.3	17.1415	930.0545	5.1109	3
158.4	17.1373	929.2663	5.1182	3
158.5	17.1326	928.4916	5.1172	3
158.6	17.1281	927.6165	5.1136	3
158.7	17.1238	926.7591	5.1068	3
158.8	17.1198	925.8841	5.1191	3
158.9	17.1159	925.0341	5.1359	3
159	17.1118	924.2133	5.1342	3
159.1	17.1077	923.289	5.1262	3
159.2	17.1036	922.5431	5.111	3
159.3	17.0997	921.6641	5.1119	3
159.4	17.096	920.7318	5.1031	3
159.5	17.0925	919.9419	5.1061	3
159.6	17.0889	919.1185	5.1127	3
159.7	17.085	918.4654	5.115	3
159.8	17.0809	917.6047	5.1264	3
159.9	17.0763	916.8258	5.1134	3
160	17.0716	916.0858	5.1128	3
160.1	17.0668	915.1584	5.1218	3
160.2	17.0619	914.4445	5.1222	3
160.3	17.0573	913.506	5.1157	3
160.4	17.0524	912.6866	5.1178	3
160.5	17.0476	911.9689	5.1191	3
160.6	17.0423	911.0469	5.1054	3
160.7	17.0372	910.344	5.107	3
160.8	17.032	909.49	5.1136	3
160.9	17.0262	908.7836	5.1015	3
161	17.0207	907.8954	5.0954	3
161.1	17.0151	906.9597	5.0907	3
161.2	17.0094	906.406	5.0903	3
161.3	17.0036	905.3802	5.094	3
161.4	16.9978	904.6101	5.0997	3
161.5	16.9924	903.6561	5.0932	3
161.6	16.987	902.6676	5.0876	3
161.7	16.9821	902.0045	5.0945	3
161.8	16.9771	901.0651	5.0899	3
161.9	16.9722	900.1552	5.0856	3
162	16.9678	899.3197	5.0827	3
162.1	16.9631	898.4607	5.0879	3
162.2	16.9583	897.775	5.0723	3
162.3	16.9533	896.8339	5.0776	3
162.4	16.9482	896.0842	5.103	3
162.5	16.9434	895.2439	5.1113	3
162.6	16.9384	894.3713	5.1026	3
162.7	16.9335	893.6339	5.1046	3
162.8	16.9287	892.7096	5.1121	3
162.9	16.9239	891.8399	5.1212	3
163	16.9192	891.0248	5.113	3
163.1	16.9146	890.1525	5.1071	3
163.2	16.9099	889.2526	5.1157	3
163.3	16.9058	888.3476	5.1198	3
163.4	16.9023	887.3638	5.1167	3
163.5	16.899	886.5952	5.1179	3
163.6	16.8954	885.779	5.1102	3
163.7	16.8914	884.9145	5.0992	3
163.8	16.8875	884.2056	5.0857	3
163.9	16.8836	883.2064	5.0971	3
164	16.8795	882.4792	5.0987	3
164.1	16.876	881.5803	5.0988	3
164.2	16.8721	880.7717	5.1038	3
164.3	16.8685	880.1306	5.1031	3
164.4	16.8644	879.1318	5.1065	3
164.5	16.8601	878.507	5.1212	3
164.6	16.8556	877.6275	5.1194	3
164.7	16.8507	876.852	5.11	3
164.8	16.8459	876.1389	5.1195	3
164.9	16.8408	875.1698	5.117	3
165	16.8356	874.6762	5.105	3
165.1	16.8302	873.6316	5.1139	3
165.2	16.8243	872.8433	5.1068	3
165.3	16.8189	872.0702	5.1085	3
165.4	16.8133	871.2222	5.1156	3
165.5	16.8073	870.5348	5.1028	3
165.6	16.8012	869.6171	5.1151	3
165.7	16.795	868.8031	5.1297	3
165.8	16.7892	867.9971	5.1338	3
165.9	16.7832	866.9858	5.1367	3
166	16.7773	866.2985	5.1301	3
166.1	16.772	865.3564	5.1204	3
166.2	16.7662	864.5157	5.1211	3
166.3	16.7604	863.8682	5.1273	3
166.4	16.7545	862.8957	5.1335	3
166.5	16.7484	862.2729	5.1338	3
166.6	16.7426	861.285	5.1147	3
166.7	16.7367	860.3265	5.1041	3
166.8	16.7309	859.6566	5.1076	3
166.9	16.7253	858.6684	5.1231	3
167	16.7192	857.9078	5.1332	3
167.1	16.7139	857.1745	5.1392	3
167.2	16.708	856.0317	5.1461	3
167.3	16.7025	855.5048	5.1398	3
167.4	16.697	854.4148	5.1253	3
167.5	16.6909	853.7443	5.1253	3
167.6	16.6854	852.9372	5.132	3
167.7	16.6794	852.0097	5.1191	3
167.8	16.6738	851.3483	5.113	3
167.9	16.668	850.3552	5.1174	3
168	16.662	849.6359	5.1248	3
168.1	16.6562	848.7902	5.1332	3
168.2	16.6499	847.9191	5.1192	3
168.3	16.6438	847.2761	5.1153	3
168.4	16.6374	846.3484	5.1061	3
168.5	16.6305	845.6305	5.0968	3
168.6	16.6238	844.7581	5.101	3
168.7	16.6172	843.9102	5.0888	3
168.8	16.6106	843.1111	5.0789	3
168.9	16.6039	842.2769	5.0866	3
169	16.5973	841.3217	5.1036	3
169.1	16.5908	840.7013	5.1202	3
169.2	16.5841	839.7163	5.1214	3
169.3	16.5772	838.9599	5.1099	3
169.4	16.5707	838.134	5.1048	3
169.5	16.5641	837.1496	5.1133	3
169.6	16.5578	836.4387	5.1109	3
169.7	16.5511	835.5945	5.1027	3
169.8	16.5442	834.7543	5.1048	3
169.9	16.5375	833.9983	5.0991	3
170	16.5308	833.0975	5.0941	3
170.1	16.524	832.3419	5.092	3
170.2	16.5173	831.4693	5.0899	3
170.3	16.5106	830.5063	5.0926	3
170.4	16.5038	829.8113	5.0914	3
170.5	16.4971	828.9394	5.0906	3
170.6	16.4903	828.1528	5.086	3
170.7	16.4838	827.2638	5.0802	3
170.8	16.4768	826.4591	5.0893	3
170.9	16.4699	825.6536	5.0913	3
171	16.463	824.784	5.0899	3
171.1	16.4563	824.0131	5.0876	3
171.2	16.4496	823.0638	5.0883	3
171.3	16.4428	822.2865	5.0857	3
171.4	16.4357	821.5181	5.0852	3
171.5	16.4288	820.6741	5.0912	3
171.6	16.4218	819.8427	5.0943	3
171.7	16.4147	819.0103	5.0805	3
171.8	16.4077	818.0526	5.0831	3
171.9	16.4006	817.3892	5.0855	3
172	16.3938	816.4989	5.091	3
172.1	16.3866	815.661	5.097	3
172.2	16.3796	814.8071	5.0938	3
172.3	16.3725	813.9887	5.089	3
172.4	16.3654	813.1716	5.0896	3
172.5	16.3586	812.3055	5.095	3
172.6	16.3516	811.3747	5.1063	3
172.7	16.3448	810.6109	5.1044	3
172.8	16.338	809.7785	5.1017	3
172.9	16.3312	808.9662	5.1032	3
173	16.3248	808.0784	5.0967	3
173.1	16.3181	807.2463	5.091	3
173.2	16.3114	806.4882	5.0926	3
173.3	16.3048	805.4867	5.0867	3
173.4	16.2983	804.7058	5.0892	3
173.5	16.292	803.8834	5.1001	3
173.6	16.2854	803.0341	5.1018	3
173.7	16.2788	802.1795	5.0931	3
173.8	16.2722	801.4119	5.093	3
173.9	16.2656	800.5088	5.1011	3
174	16.2593	799.7096	5.1126	3
174.1	16.2531	798.8536	5.1186	3
174.2	16.2469	797.9717	5.1137	3
174.3	16.2407	797.0629	5.1234	3
174.4	16.2345	796.3309	5.1246	3
174.5	16.2284	795.4583	5.1255	3
174.6	16.2221	794.6644	5.1291	3
174.7	16.2158	793.7769	5.1227	3
174.8	16.2094	792.9823	5.1188	3
174.9	16.2029	792.2287	5.1181	3
175	16.1962	791.4346	5.108	3
175.1	16.1897	790.5568	5.1009	3
175.2	16.183	789.7665	5.104	3
175.3	16.1764	788.9198	5.1058	3
175.4	16.1702	787.998	5.1254	3
175.5	16.1641	787.1415	5.1171	3
175.6	16.158	786.264	5.1124	3
175.7	16.1519	785.4096	5.1331	3
175.8	16.146	784.5391	5.135	3
175.9	16.1402	783.7704	5.121	3
176	16.1343	782.9139	5.1186	3
176.1	16.128	782.0571	5.1276	3
176.2	16.1221	781.2285	5.1213	3
176.3	16.116	780.4093	5.1066	3
176.4	16.1102	779.5963	5.1106	3
176.5	16.1043	778.7297	5.1017	3
176.6	16.0985	777.8807	5.0899	3
176.7	16.0926	777.0522	5.079	3
176.8	16.0866	776.2751	5.0899	3
176.9	16.0806	775.4268	5.0899	3
177	16.0748	774.4505	5.0884	3
177.1	16.069	773.8104	5.0919	3
177.2	16.0629	772.8638	5.0876	3
177.3	16.057	772.1497	5.0845	3
177.4	16.0514	771.2109	5.0981	3
177.5	16.0456	770.359	5.1105	3
177.6	16.0397	769.5729	5.1123	3
177.7	16.0338	768.727	5.0975	3
177.8	16.0278	767.9707	5.0764	3
177.9	16.0218	767.1105	5.0765	3
178	16.0157	766.2574	5.0808	3
178.1	16.0096	765.4309	5.0719	3
178.2	16.0037	764.5175	5.0821	3
178.3	15.9976	763.838	5.0986	3
178.4	15.9913	763.0276	5.1036	3
178.5	15.9849	762.2148	5.0936	3
178.6	15.9785	761.3803	5.1018	3
178.7	15.9722	760.515	5.1002	3
178.8	15.9655	759.7199	5.0885	3
178.9	15.9591	758.9013	5.0768	3
179	15.9525	758.0883	5.0823	3
179.1	15.946	757.2319	5.0993	3
179.2	15.9391	756.382	5.0989	3
179.3	15.9322	755.643	5.092	3
179.4	15.9253	754.8576	5.093	3
179.5	15.9182	753.9878	5.0924	3
179.6	15.911	753.2255	5.0942	3
179.7	15.9037	752.3565	5.088	3
179.8	15.8965	751.4664	5.0874	3
179.9	15.8898	750.5521	5.0951	3
180	15.8835	749.6553	5.1151	3
180.1	15.8776	748.7638	5.1169	3
180.2	15.8719	747.8825	5.1163	3
180.3	15.8662	747.0591	5.1225	3
180.4	15.8603	746.1807	5.1158	3
180.5	15.8544	745.4157	5.1128	3
180.6	15.8482	744.6265	5.1009	3
180.7	15.8418	743.8401	5.0957	3
180.8	15.8355	743.0894	5.111	3
180.9	15.8291	742.1902	5.1102	3
181	15.8226	741.3429	5.1016	3
181.1	15.8158	740.5912	5.0979	3
181.2	15.8092	739.6786	5.0929	3
181.3	15.8023	739.0136	5.105	3
181.4	15.7953	738.1268	5.1117	3
181.5	15.788	737.3097	5.1097	3
181.6	15.7811	736.5078	5.109	3
181.7	15.7741	735.7039	5.1113	3
181.8	15.7671	734.8138	5.1077	3
181.9	15.7598	734.104	5.1132	3
182	15.7527	733.2065	5.1235	3
182.1	15.7452	732.4037	5.1265	3
182.2	15.7379	731.5255	5.1147	3
182.3	15.7305	730.746	5.1187	3
182.4	15.7231	729.8584	5.1275	3
182.5	15.7159	729.0478	5.1266	3
182.6	15.7087	728.142	5.1196	3
182.7	15.7015	727.3357	5.1103	3
182.8	15.6945	726.4984	5.115	3
182.9	15.6873	725.6852	5.1244	3
183	15.6799	724.9208	5.132	3
183.1	15.6729	723.9576	5.1378	3
183.2	15.6659	723.1281	5.1407	3
183.3	15.659	722.3767	5.1339	3
183.4	15.6519	721.4782	5.122	3
183.5	15.6448	720.5804	5.1099	3
183.6	15.6381	719.7339	5.102	3
183.7	15.6312	718.9456	5.1013	3
183.8	15.6239	718.2537	5.0972	3
183.9	15.6165	717.3335	5.0947	3
184	15.6095	716.4191	5.0906	3
184.1	15.6028	715.5885	5.1003	3
184.2	15.5959	714.8858	5.1027	3
184.3	15.5887	713.9472	5.1012	3
184.4	15.5818	713.1109	5.1056	3
184.5	15.5747	712.3357	5.1034	3
184.6	15.5673	711.5068	5.1051	3
184.7	15.5599	710.6977	5.093	3
184.8	15.5531	709.8056	5.0724	3
184.9	15.546	709.0525	5.0741	3
185	15.5388	708.1271	5.083	3
185.1	15.5318	707.246	5.0768	3
185.2	15.5252	706.2973	5.0699	3
185.3	15.5188	705.4781	5.0808	3
185.4	15.5124	704.7415	5.0764	3
185.5	15.5059	703.7888	5.0768	3
185.6	15.4996	702.9387	5.079	3
185.7	15.4933	702.1266	5.0656	3
185.8	15.4868	701.3859	5.0652	3
185.9	15.4803	700.6028	5.0723	3
186	15.4733	699.7467	5.0839	3
186.1	15.4664	698.9894	5.083	3
186.2	15.4593	698.1303	5.076	3
186.3	15.4522	697.3021	5.0711	3
186.4	15.4453	696.4324	5.0824	3
186.5	15.4382	695.6593	5.0821	3
186.6	15.4314	694.8076	5.0973	3
186.7	15.4242	693.9321	5.0933	3
186.8	15.4172	693.122	5.0867	3
186.9	15.4104	692.3384	5.1023	3
187	15.4035	691.4911	5.0995	3
187.1	15.3967	690.5997	5.0982	3
187.2	15.3897	689.8228	5.1068	3
187.3	15.3825	689.0159	5.1097	3
187.4	15.375	688.1626	5.1113	3
187.5	15.3681	687.2603	5.0955	3
187.6	15.361	686.4589	5.0801	3
187.7	15.3537	685.7368	5.077	3
187.8	15.3466	684.76	5.0962	3
187.9	15.3397	683.9531	5.0933	3
188	15.3328	683.157	5.0788	3
188.1	15.3255	682.3369	5.0815	3
188.2	15.3185	681.4335	5.0984	3
188.3	15.312	680.4729	5.1075	3
188.4	15.3055	679.7228	5.1016	3
188.5	15.2988	678.8843	5.0971	3
188.6	15.2919	678.0608	5.0949	3
188.7	15.2854	677.2068	5.0947	3
188.8	15.2787	676.383	5.0952	3
188.9	15.2719	675.5937	5.0901	3
189	15.2653	674.6518	5.1026	3
189.1	15.2588	673.8392	5.1087	3
189.2	15.2523	673.0573	5.1015	3
189.3	15.2451	672.2996	5.0933	3
189.4	15.238	671.4709	5.0924	3
189.5	15.2313	670.5166	5.1021	3
189.6	15.2246	669.72	5.1036	3
189.7	15.2179	668.9784	5.1177	3
189.8	15.2106	668.1074	5.1161	3
189.9	15.2039	667.3013	5.1009	3
190	15.1971	666.4178	5.1007	3
190.1	15.1901	665.7057	5.0934	3
190.2	15.1831	664.7785	5.0781	3
190.3	15.1758	664.0397	5.0767	3
190.4	15.1686	663.1772	5.0898	3
190.5	15.1611	662.3482	5.0826	3
190.6	15.1538	661.574	5.069	3
190.7	15.1464	660.712	5.0739	3
190.8	15.1389	659.8641	5.0762	3
190.9	15.1312	659.0312	5.0881	3
191	15.1236	658.256	5.0939	3
191.1	15.1161	657.4076	5.0968	3
191.2	15.1085	656.6293	5.0942	3
191.3	15.1011	655.7305	5.0958	3
191.4	15.0934	654.8826	5.1038	3
191.5	15.0859	654.0973	5.1089	3
191.6	15.0784	653.2379	5.1028	3
191.7	15.0706	652.4614	5.0882	3
191.8	15.063	651.5663	5.0889	3
191.9	15.0552	650.802	5.0946	3
192	15.0472	650.1047	5.0948	3
192.1	15.039	649.2005	5.0955	3
192.2	15.0313	648.217	5.0908	3
192.3	15.0238	647.3867	5.0853	3
192.4	15.0163	646.5964	5.0852	3
192.5	15.0086	645.7547	5.0785	3
192.6	15.0013	644.897	5.0813	3
192.7	14.9941	643.9913	5.0938	3
192.8	14.9868	643.1067	5.0849	3
192.9	14.9797	642.3194	5.0824	3
193	14.9729	641.316	5.0832	3
193.1	14.9666	640.4631	5.0749	3
193.2	14.9605	639.6422	5.0709	3
193.3	14.9541	638.8346	5.0655	3
193.4	14.9477	637.9	5.0673	3
193.5	14.9418	636.9409	5.0737	3
193.6	14.9363	636.1876	5.0777	3
193.7	14.9306	635.3282	5.0753	3
193.8	14.9245	634.5606	5.078	3
193.9	14.9185	633.7899	5.0741	3
194	14.9123	632.8946	5.075	3
194.1	14.9061	632.0957	5.0858	3
194.2	14.9002	631.254	5.0851	3
194.3	14.8943	630.4734	5.0855	3
194.4	14.8882	629.6529	5.0869	3
194.5	14.8819	628.9051	5.089	3
194.6	14.8756	628.1208	5.0946	3
194.7	14.8688	627.2927	5.0838	3
194.8	14.8617	626.5733	5.0799	3
194.9	14.8543	625.7469	5.0731	3
195	14.8465	624.8854	5.081	3
195.1	14.8388	624.1141	5.0834	3
195.2	14.8311	623.2714	5.0937	3
195.3	14.8232	622.5574	5.1048	3
195.4	14.8153	621.656	5.0944	3
195.5	14.8073	620.8183	5.0791	3
195.6	14.7997	619.9526	5.0821	3
195.7	14.792	619.0849	5.0987	3
195.8	14.7843	618.2803	5.0894	3
195.9	14.7762	617.5153	5.0797	3
196	14.768	616.7684	5.081	3
196.1	14.7598	615.9401	5.095	3
196.2	14.7513	615.1636	5.0947	3
196.3	14.7428	614.2674	5.0881	3
196.4	14.7343	613.4341	5.0923	3
196.5	14.7259	612.5774	5.0866	3
196.6	14.718	611.6364	5.0717	3
196.7	14.7102	610.7638	5.0741	3
196.8	14.7027	609.8839	5.0788	3
196.9	14.6951	609.0141	5.0731	3
197	14.6877	608.1832	5.0703	3
197.1	14.6803	607.3561	5.0801	3
197.2	14.6729	606.5352	5.0918	3
197.3	14.6655	605.7021	5.0922	3
197.4	14.6577	604.984	5.0828	3
197.5	14.6497	604.117	5.0813	3
197.6	14.642	603.3405	5.0771	3
197.7	14.6341	602.552	5.0738	3
197.8	14.626	601.6028	5.0788	3
197.9	14.6183	600.7575	5.0803	3
198	14.6104	599.9851	5.0839	3
198.1	14.6019	599.2489	5.0919	3
198.2	14.5936	598.3224	5.0942	3
198.3	14.5857	597.5161	5.0816	3
198.4	14.5779	596.6238	5.0938	3
198.5	14.5698	595.8208	5.1057	3
198.6	14.5618	595.0578	5.0911	3
198.7	14.5538	594.2273	5.0832	3
198.8	14.5454	593.3631	5.0754	3
198.9	14.5373	592.5184	5.0752	3
199	14.529	591.6882	5.0938	3
199.1	14.521	590.8841	5.0875	3
199.2	14.5128	590.0264	5.0973	3
199.3	14.5045	589.2332	5.0937	3
199.4	14.4962	588.4169	5.0759	3
199.5	14.4881	587.588	5.0734	3
199.6	14.48	586.6608	5.0845	3
199.7	14.4722	585.6658	5.0985	3
199.8	14.4649	584.7254	5.0975	3
199.9	14.4581	583.9	5.0922	3
200	14.4514	583.0445	5.0808	3
200.1	14.4448	582.1553	5.0759	3
200.2	14.4386	581.1998	5.0657	3
200.3	14.4326	580.3571	5.0639	3
200.4	14.4264	579.5997	5.0638	3
200.5	14.42	578.8544	5.0622	3
200.6	14.4137	577.9314	5.0695	3
200.7	14.4074	577.1201	5.0705	3
200.8	14.401	576.2486	5.0661	3
200.9	14.3947	575.4972	5.0754	3
201	14.3881	574.6578	5.0856	3
201.1	14.3811	573.8508	5.0738	3
201.2	14.3744	573.0906	5.0649	3
201.3	14.3677	572.2631	5.0747	3
201.4	14.3608	571.4949	5.083	3
201.5	14.3537	570.628	5.0759	3
201.6	14.3465	569.8231	5.0681	3
201.7	14.3393	568.9362	5.0653	3
201.8	14.3319	568.1277	5.0633	3
201.9	14.3248	567.2597	5.0669	3
202	14.3176	566.551	5.0688	3
202.1	14.3099	565.8095	5.0762	3
202.2	14.3024	565.007	5.076	3
202.3	14.2946	564.1308	5.0796	3
202.4	14.2866	563.2578	5.0741	3
202.5	14.2787	562.4402	5.0834	3
202.6	14.2708	561.75	5.0898	3
202.7	14.2626	560.7838	5.0863	3
202.8	14.2545	559.9431	5.0758	3
202.9	14.2466	559.177	5.0779	3
203	14.2387	558.3206	5.0752	3
203.1	14.2306	557.6175	5.0578	3
203.2	14.2221	556.7531	5.0587	3
203.3	14.2137	555.9094	5.0736	3
203.4	14.2054	554.9576	5.0834	3
203.5	14.1972	554.3298	5.0724	3
203.6	14.1886	553.4336	5.0684	3
203.7	14.18	552.5685	5.0764	3
203.8	14.1719	551.6927	5.0832	3
203.9	14.1638	550.8622	5.0827	3
204	14.1552	550.1757	5.097	3
204.1	14.1469	549.212	5.1045	3
204.2	14.1388	548.2583	5.1012	3
204.3	14.1309	547.4282	5.0822	3
204.4	14.123	546.6143	5.0717	3
204.5	14.115	545.7994	5.0788	3
204.6	14.1071	544.96	5.0799	3
204.7	14.0991	544.0393	5.0887	3
204.8	14.0914	543.2426	5.0914	3
204.9	14.0835	542.6054	5.0765	3
205	14.0753	541.6451	5.0837	3
205.1	14.0678	540.659	5.1	3
205.2	14.0607	539.836	5.1045	3
205.3	14.0526	539.1979	5.1006	3
205.4	14.0441	538.4189	5.1086	3
205.5	14.0361	537.448	5.1014	3
205.6	14.0284	536.6326	5.1029	3
205.7	14.0202	535.8608	5.1016	3
205.8	14.0121	535.01	5.1014	3
205.9	14.0046	534.0652	5.0945	3
206	13.9971	533.2031	5.0962	3
206.1	13.9894	532.4478	5.1151	3
206.2	13.9816	531.5814	5.1098	3
206.3	13.9738	530.6962	5.1046	3
206.4	13.9662	529.783	5.1028	3
206.5	13.9589	528.9529	5.1089	3
206.6	13.9518	528.134	5.1157	3
206.7	13.9448	527.2066	5.1163	3
206.8	13.9378	526.4418	5.1106	3
206.9	13.9311	525.5395	5.1086	3
207	13.9246	524.6074	5.1014	3
207.1	13.9182	523.8118	5.0971	3
207.2	13.9118	523.002	5.1073	3
207.3	13.9051	522.2206	5.1249	3
207.4	13.8983	521.3958	5.1089	3
207.5	13.8916	520.4753	5.0899	3
207.6	13.8854	519.58	5.0832	3
207.7	13.8797	518.5725	5.082	3
207.8	13.8744	517.6739	5.0723	3
207.9	13.8691	517.0451	5.0652	3
208	13.8633	516.2567	5.0888	3
208.1	13.8574	515.3347	5.1111	3
208.2	13.8516	514.4754	5.1032	3
208.3	13.846	513.6307	5.0968	3
208.4	13.8406	512.7582	5.1028	3
208.5	13.8359	511.7144	5.0935	3
208.6	13.8313	510.8893	5.0893	3
208.7	13.8264	510.1736	5.0936	3
208.8	13.821	509.4643	5.099	3
208.9	13.8158	508.5655	5.0979	3
209	13.8108	507.6901	5.108	3
209.1	13.8056	506.9136	5.1246	3
209.2	13.8	506.1025	5.1161	3
209.3	13.7946	505.3089	5.1069	3
209.4	13.7887	504.5921	5.1055	3
209.5	13.7826	503.7863	5.1027	3
209.6	13.7765	502.9337	5.1024	3
209.7	13.7706	502.0819	5.0993	3
209.8	13.7642	501.3495	5.0979	3
209.9	13.7574	500.5874	5.1061	3
210	13.7505	499.7573	5.1003	3
210.1	13.7439	498.8224	5.0994	3
210.2	13.7374	498.0077	5.1048	3
210.3	13.7308	497.218	5.1038	3
210.4	13.7244	496.3037	5.1157	3
210.5	13.7179	495.517	5.1297	3
210.6	13.7112	494.8009	5.1173	3
210.7	13.7043	493.9295	5.1133	3
210.8	13.6973	493.0997	5.1174	3
210.9	13.6907	492.2146	5.1235	3
211	13.6836	491.4387	5.1269	3
211.1	13.6764	490.6441	5.133	3
211.2	13.6694	489.7856	5.1308	3
211.3	13.6624	488.9593	5.1221	3
211.4	13.6552	488.1574	5.1171	3
211.5	13.6479	487.2727	5.112	3
211.6	13.6406	486.5123	5.1124	3
211.7	13.6337	485.5906	5.1132	3
211.8	13.626	484.8582	5.1161	3
211.9	13.6184	484.1763	5.1208	3
212	13.6108	483.1659	5.1165	3
212.1	13.6035	482.3995	5.1166	3
212.2	13.5959	481.574	5.102	3
212.3	13.5881	480.7572	5.0941	3
212.4	13.5804	479.9861	5.1029	3
212.5	13.5726	479.0482	5.1135	3
212.6	13.5648	478.3247	5.1097	3
212.7	13.5568	477.5225	5.1095	3
212.8	13.5488	476.5924	5.1106	3
212.9	13.5409	475.849	5.1057	3
213	13.533	474.9096	5.1082	3
213.1	13.5252	474.1035	5.1078	3
213.2	13.5171	473.3628	5.1064	3
213.3	13.5093	472.4886	5.0995	3
213.4	13.5012	471.5575	5.1008	3
213.5	13.4936	470.7541	5.1095	3
213.6	13.486	469.9019	5.1106	3
213.7	13.4782	469.114	5.1181	3
213.8	13.4706	468.2753	5.1059	3
213.9	13.4629	467.3992	5.0942	3
214	13.4549	466.6487	5.0994	3
214.1	13.4472	465.7058	5.1082	3
214.2	13.4392	464.8906	5.1016	3
214.3	13.4322	463.9687	5.1002	3
214.4	13.4249	463.1965	5.097	3
214.5	13.4171	462.5401	5.09	3
214.6	13.4091	461.6678	5.0929	3
214.7	13.4012	460.7574	5.0992	3
214.8	13.3933	459.9497	5.0968	3
214.9	13.3849	459.217	5.0785	3
215	13.3766	458.3868	5.0715	3
215.1	13.3685	457.4814	5.0744	3
215.2	13.3606	456.5487	5.0757	3
215.3	13.3524	455.7729	5.0777	3
215.4	13.3441	455.0827	5.0804	3
215.5	13.3362	454.0881	5.0842	3
215.6	13.3284	453.2119	5.0885	3
215.7	13.3206	452.5293	5.0963	3
215.8	13.3124	451.6784	5.1111	3
215.9	13.3039	450.9868	5.1102	3
216	13.2954	450.0569	5.1034	3
216.1	13.2867	449.2628	5.1043	3
216.2	13.2785	448.3713	5.0972	3
216.3	13.2704	447.4294	5.093	3
216.4	13.2623	446.7169	5.0979	3
216.5	13.2541	445.8375	5.0966	3
216.6	13.246	444.9849	5.093	3
216.7	13.238	444.1506	5.1018	3
216.8	13.2297	443.3495	5.104	3
216.9	13.2211	442.712	5.0937	3
217	13.2124	441.8433	5.0971	3
217.1	13.2036	440.9665	5.1	3
217.2	13.1952	440.0505	5.0943	3
217.3	13.1866	439.3105	5.0874	3
217.4	13.1777	438.5127	5.08	3
217.5	13.1688	437.6424	5.0863	3
217.6	13.1603	436.808	5.089	3
217.7	13.1515	436.0051	5.0854	3
217.8	13.1426	435.2028	5.0806	3
217.9	13.1339	434.2322	5.0587	3
218	13.1251	433.4027	5.0664	3
218.1	13.1166	432.5709	5.0822	3
218.2	13.1081	431.7301	5.0783	3
218.3	13.0998	430.8557	5.0746	3
218.4	13.0915	430.0794	5.0781	3
218.5	13.0829	429.2383	5.0913	3
218.6	13.0743	428.409	5.0965	3
218.7	13.0658	427.5487	5.0972	3
218.8	13.0573	426.7518	5.1081	3
218.9	13.0487	425.91	5.1023	3
219	13.04	425.0692	5.104	3
219.1	13.0314	424.2017	5.1038	3
219.2	13.0229	423.442	5.0917	3
219.3	13.0144	422.6175	5.0953	3
219.4	13.0058	421.8223	5.0982	3
219.5	12.9969	420.9823	5.1001	3
219.6	12.9881	420.0931	5.1199	3
219.7	12.9795	419.2705	5.1302	3
219.8	12.971	418.359	5.1143	3
219.9	12.9626	417.5342	5.1085	3
220	12.954	416.7648	5.1	3
220.1	12.9453	415.9461	5.0994	3
220.2	12.9369	415.0694	5.1031	3
220.3	12.9287	414.1516	5.1056	3
220.4	12.9205	413.3619	5.0949	3
220.5	12.9117	412.6523	5.1008	3
220.6	12.9031	411.6956	5.1076	3
220.7	12.8944	410.7985	5.0968	3
220.8	12.886	410.0367	5.0927	3
220.9	12.8773	409.2839	5.0982	3
221	12.8686	408.4744	5.0986	3
221.1	12.8599	407.6549	5.1017	3
221.2	12.8509	406.8825	5.1138	3
221.3	12.8414	406.0982	5.1157	3
221.4	12.8319	405.3368	5.1018	3
221.5	12.8223	404.4975	5.1043	3
221.6	12.8124	403.671	5.1099	3
221.7	12.8026	402.8505	5.1194	3
221.8	12.7929	402.0052	5.1247	3
221.9	12.7832	401.2033	5.1069	3
222	12.7733	400.4008	5.1006	3
222.1	12.7634	399.5429	5.1058	3
222.2	12.7534	398.7308	5.1054	3
222.3	12.7434	397.8798	5.094	3
222.4	12.7336	396.9626	5.0923	3
222.5	12.7242	396.0752	5.1024	3
222.6	12.715	395.1866	5.1052	3
222.7	12.7061	394.2325	5.101	3
222.8	12.6975	393.3595	5.1033	3
222.9	12.6892	392.5223	5.1042	3
223	12.6809	391.7522	5.1222	3
223.1	12.6726	390.8268	5.1191	3
223.2	12.6645	389.8684	5.1186	3
223.3	12.6568	389.1143	5.1086	3
223.4	12.6487	388.2767	5.0978	3
223.5	12.6402	387.5629	5.1004	3
223.6	12.6318	386.6966	5.1114	3
223.7	12.6236	385.8292	5.113	3
223.8	12.6156	384.9653	5.112	3
223.9	12.6077	384.0865	5.1125	3
224	12.5997	383.2423	5.0991	3
224.1	12.5917	382.4628	5.1044	3
224.2	12.5839	381.6093	5.1222	3
224.3	12.5759	380.7473	5.1237	3
224.4	12.568	379.9597	5.1144	3
224.5	12.56	379.1632	5.1036	3
224.6	12.5521	378.2716	5.1035	3
224.7	12.5439	377.4725	5.113	3
224.8	12.5358	376.7296	5.1251	3
224.9	12.5276	375.8426	5.1276	3
225	12.5194	375.0115	5.1319	3
225.1	12.511	374.1903	5.125	3
225.2	12.5025	373.3473	5.1239	3
225.3	12.4942	372.5206	5.1096	3
225.4	12.4857	371.7885	5.1095	3
225.5	12.477	371.0416	5.1175	3
225.6	12.468	370.2084	5.1313	3
225.7	12.4587	369.3827	5.1291	3
225.8	12.4492	368.6365	5.116	3
225.9	12.4396	367.8038	5.1151	3
226	12.43	366.9341	5.1205	3
226.1	12.4206	366.109	5.118	3
226.2	12.4112	365.3492	5.1295	3
226.3	12.4015	364.5196	5.1429	3
226.4	12.3915	363.66	5.1443	3
226.5	12.3817	362.8328	5.1226	3
226.6	12.372	362.0795	5.1091	3
226.7	12.3618	361.2985	5.1168	3
226.8	12.3515	360.416	5.11	3
226.9	12.3412	359.6033	5.107	3
227	12.331	358.8298	5.1238	3
227.1	12.3208	357.9909	5.1332	3
227.2	12.3102	357.2261	5.1343	3
227.3	12.2996	356.3317	5.1244	3
227.4	12.2889	355.4967	5.1245	3
227.5	12.2783	354.6464	5.1264	3
227.6	12.2679	353.7417	5.1396	3
227.7	12.2576	353.0516	5.1413	3
227.8	12.2469	352.1589	5.1312	3
227.9	12.2362	351.3146	5.1396	3
228	12.2258	350.4466	5.1377	3
228.1	12.2152	349.6403	5.1247	3
228.2	12.2047	348.8362	5.1221	3
228.3	12.1939	348.0052	5.1242	3
228.4	12.1833	347.1317	5.1219	3
228.5	12.173	346.3326	5.1184	3
228.6	12.1627	345.4494	5.1119	3
228.7	12.1521	344.6451	5.1208	3
228.8	12.1412	343.8195	5.1247	3
228.9	12.1307	342.9358	5.1188	3
229	12.1202	342.0592	5.1051	3
229.1	12.1097	341.2552	5.0856	3
229.2	12.0993	340.4843	5.0823	3
229.3	12.089	339.6049	5.0922	3
229.4	12.0787	338.747	5.1104	3
229.5	12.0685	337.8264	5.109	3
229.6	12.0584	337.0464	5.1024	3
229.7	12.0486	336.0933	5.089	3
229.8	12.0393	335.1732	5.0974	3
229.9	12.0303	334.2523	5.1128	3
230	12.0216	333.3385	5.12	3
230.1	12.0134	332.4138	5.1275	3
230.2	12.0055	331.5451	5.1199	3
230.3	11.9978	330.7238	5.1094	3
230.4	11.9901	329.857	5.102	3
230.5	11.9822	328.9973	5.1092	3
230.6	11.9744	328.1858	5.106	3
230.7	11.9668	327.3624	5.1045	3
230.8	11.9593	326.5643	5.1135	3
230.9	11.9515	325.7264	5.1207	3
231	11.9432	324.9973	5.1286	3
231.1	11.935	324.1373	5.12	3
231.2	11.927	323.212	5.1043	3
231.3	11.9192	322.3402	5.1122	3
231.4	11.9117	321.4815	5.117	3
231.5	11.9043	320.6461	5.121	3
231.6	11.8969	319.8807	5.1254	3
231.7	11.8888	319.145	5.1274	3
231.8	11.8807	318.2663	5.1187	3
231.9	11.8728	317.4762	5.1294	3
232	11.8648	316.6301	5.1288	3
232.1	11.8569	315.7505	5.1237	3
232.2	11.8491	314.9561	5.1236	3
232.3	11.8411	314.1487	5.1139	3
232.4	11.8327	313.3083	5.1147	3
232.5	11.8244	312.5037	5.1264	3
232.6	11.8162	311.645	5.1279	3
232.7	11.8078	310.9747	5.1244	3
232.8	11.7989	310.1395	5.124	3
232.9	11.7901	309.3058	5.134	3
233	11.7814	308.4656	5.1427	3
233.1	11.7723	307.6674	5.1388	3
233.2	11.7631	306.9185	5.1174	3
233.3	11.7539	306.0305	5.1048	3
233.4	11.7451	305.1239	5.1217	3
233.5	11.7362	304.3202	5.1243	3
233.6	11.7271	303.5222	5.1178	3
233.7	11.7178	302.6635	5.1341	3
233.8	11.7089	301.9238	5.1476	3
233.9	11.6996	301.0407	5.1439	3
234	11.6903	300.2817	5.1308	3
234.1	11.6809	299.3944	5.1314	3
234.2	11.6715	298.5864	5.1279	3
234.3	11.6617	297.8031	5.127	3
234.4	11.6517	296.9783	5.1291	3
234.5	11.6423	296.0617	5.1272	3
234.6	11.6331	295.2178	5.1302	3
234.7	11.6238	294.4878	5.1214	3
234.8	11.614	293.6572	5.119	3
234.9	11.6043	292.7288	5.1165	3
235	11.5949	292.0036	5.1213	3
235.1	11.5849	291.1435	5.1127	3
235.2	11.5751	290.2994	5.1114	3
235.3	11.5655	289.4411	5.1353	3
235.4	11.5556	288.7047	5.138	3
235.5	11.5458	287.9548	5.1245	3
235.6	11.5356	287.0855	5.1331	3
235.7	11.5254	286.1822	5.1354	3
235.8	11.5156	285.3423	5.131	3
235.9	11.5057	284.5314	5.1365	3
236	11.4954	283.7703	5.1241	3
236.1	11.4851	282.9553	5.1123	3
236.2	11.4749	282.0717	5.1146	3
236.3	11.4644	281.3139	5.1273	3
236.4	11.454	280.5104	5.143	3
236.5	11.4435	279.5613	5.1443	3
236.6	11.4331	278.7909	5.14	3
236.7	11.4225	277.9826	5.1392	3
236.8	11.4118	277.1235	5.1394	3
236.9	11.4012	276.2396	5.1396	3
237	11.3908	275.4806	5.1365	3
237.1	11.3805	274.6093	5.1317	3
237.2	11.3702	273.8008	5.1432	3
237.3	11.3597	272.9781	5.1349	3
237.4	11.3491	272.1199	5.1334	3
237.5	11.3385	271.2638	5.1405	3
237.6	11.3281	270.437	5.1541	3
237.7	11.3176	269.6518	5.1485	3
237.8	11.3072	268.8853	5.1315	3
237.9	11.2964	267.9502	5.1293	3
238	11.2861	267.0881	5.1429	3
238.1	11.276	266.1654	5.136	3
238.2	11.266	265.3775	5.1143	3
238.3	11.2559	264.5035	5.1238	3
238.4	11.2458	263.6608	5.1366	3
238.5	11.2357	262.972	5.138	3
238.6	11.2253	262.0993	5.1333	3
238.7	11.2148	261.2599	5.117	3
238.8	11.2047	260.3653	5.1054	3
238.9	11.1942	259.6241	5.1082	3
239	11.1834	258.8005	5.1101	3
239.1	11.1725	257.8885	5.1246	3
239.2	11.162	257.1334	5.1315	3
239.3	11.1516	256.3575	5.1243	3
239.4	11.141	255.5403	5.113	3
239.5	11.1303	254.6554	5.1207	3
239.6	11.1197	253.7567	5.1262	3
239.7	11.1092	252.9573	5.1334	3
239.8	11.0983	252.1491	5.1404	3
239.9	11.0876	251.2901	5.1498	3
240	11.077	250.4933	5.1507	3
240.1	11.0662	249.6837	5.157	3
240.2	11.0554	248.8511	5.1625	3
240.3	11.0446	248.0104	5.1422	3
240.4	11.0339	247.1013	5.1325	3
240.5	11.0237	246.2289	5.1346	3
240.6	11.0134	245.3665	5.148	3
240.7	11.003	244.5885	5.1441	3
240.8	10.9928	243.743	5.1488	3
240.9	10.9824	242.9664	5.1467	3
241	10.9718	242.1487	5.1483	3
241.1	10.961	241.3137	5.1602	3
241.2	10.9503	240.4371	5.1634	3
241.3	10.9398	239.5401	5.1521	3
241.4	10.9295	238.8427	5.1517	3
241.5	10.9189	237.9643	5.1572	3
241.6	10.9083	237.1509	5.1502	3
241.7	10.8979	236.2451	5.1338	3
241.8	10.8872	235.4509	5.129	3
241.9	10.8764	234.7136	5.1302	3
242	10.8657	233.7587	5.1295	3
242.1	10.855	232.9632	5.128	3
242.2	10.8446	232.1049	5.1223	3
242.3	10.8341	231.2808	5.1144	3
242.4	10.8236	230.5399	5.1033	3
242.5	10.8128	229.638	5.1076	3
242.6	10.8021	228.8271	5.1144	3
242.7	10.7913	228.021	5.1131	3
242.8	10.7802	227.1922	5.1201	3
242.9	10.769	226.3955	5.1197	3
243	10.7579	225.5809	5.1086	3
243.1	10.7469	224.6845	5.1092	3
243.2	10.7361	223.8248	5.1125	3
243.3	10.7252	223.0189	5.1225	3
243.4	10.7143	222.1216	5.1249	3
243.5	10.7037	221.3749	5.1257	3
243.6	10.6929	220.4603	5.1295	3
243.7	10.682	219.7284	5.1319	3
243.8	10.6711	218.8297	5.1251	3
243.9	10.6602	217.9191	5.1259	3
244	10.6495	217.195	5.1372	3
244.1	10.6385	216.389	5.1398	3
244.2	10.6273	215.5914	5.1341	3
244.3	10.6162	214.7218	5.132	3
244.4	10.6051	213.8744	5.1318	3
244.5	10.5941	213.2043	5.1287	3
244.6	10.5828	212.225	5.1237	3
244.7	10.5716	211.4469	5.1208	3
244.8	10.5604	210.5828	5.1271	3
244.9	10.549	209.829	5.1284	3
245	10.5372	209.0827	5.1216	3
245.1	10.5255	208.1081	5.1189	3
245.2	10.5137	207.4202	5.1172	3
245.3	10.5021	206.4726	5.1181	3
245.4	10.4905	205.653	5.1206	3
245.5	10.4791	204.6919	5.1185	3
245.6	10.4681	203.844	5.1225	3
245.7	10.4572	203.025	5.1445	3
245.8	10.4464	202.1367	5.1455	3
245.9	10.4358	201.3023	5.1274	3
246	10.4252	200.4206	5.1159	3
246.1	10.4145	199.633	5.1204	3
246.2	10.4038	198.7294	5.1314	3
246.3	10.3931	197.8977	5.1175	3
246.4	10.3829	197.0883	5.1055	3
246.5	10.3725	196.1736	5.113	3
246.6	10.3623	195.3437	5.1311	3
246.7	10.3519	194.5928	5.1352	3
246.8	10.3413	193.8616	5.1094	3
246.9	10.3307	192.9502	5.1121	3
247	10.3199	192.1081	5.1146	3
247.1	10.309	191.3774	5.1066	3
247.2	10.2979	190.5442	5.0982	3
247.3	10.2868	189.743	5.0981	3
247.4	10.2757	188.8897	5.1012	3
247.5	10.2644	188.1209	5.1065	3
247.6	10.253	187.2994	5.0996	3
247.7	10.2417	186.3091	5.1028	3
247.8	10.2306	185.613	5.0954	3
247.9	10.2194	184.8359	5.0971	3
248	10.2077	184.0125	5.0992	3
248.1	10.1962	183.1674	5.0981	3
248.2	10.1845	182.3099	5.0991	3
248.3	10.1723	181.6515	5.1034	3
248.4	10.1601	180.8085	5.1039	3
248.5	10.1477	179.9776	5.101	3
248.6	10.1356	179.1068	5.0945	3
248.7	10.1234	178.2459	5.0939	3
248.8	10.1113	177.4479	5.107	3
248.9	10.0992	176.6154	5.1228	3
249	10.087	175.8291	5.1306	3
249.1	10.0746	175.0099	5.1297	3
249.2	10.0619	174.1575	5.1223	3
249.3	10.0493	173.2699	5.1119	3
249.4	10.0371	172.4932	5.1187	3
249.5	10.0247	171.7148	5.1314	3
249.6	10.012	170.8662	5.1314	3
249.7	9.9992	170.0674	5.1273	3
249.8	9.9863	169.2297	5.1243	3
249.9	9.9734	168.4395	5.1142	3
250	9.9606	167.5978	5.1069	3
250.1	9.9476	166.7639	5.108	3
250.2	9.9348	165.9249	5.1082	3
250.3	9.9218	165.1237	5.1098	3
250.4	9.9086	164.3193	5.1053	3
250.5	9.8954	163.4554	5.1198	3
250.6	9.8823	162.6616	5.1378	3
250.7	9.8691	161.7958	5.1372	3
250.8	9.8559	160.9187	5.1313	3
250.9	9.8429	160.1284	5.1341	3
251	9.8297	159.3325	5.1259	3
251.1	9.8164	158.4855	5.1165	3
251.2	9.8031	157.6313	5.1267	3
251.3	9.7899	156.7052	5.1348	3
251.4	9.777	155.9442	5.1376	3
251.5	9.764	155.0641	5.1259	3
251.6	9.7509	154.2047	5.1149	3
251.7	9.7381	153.3903	5.1143	3
251.8	9.7252	152.5433	5.1147	3
251.9	9.7124	151.7511	5.1217	3
252	9.6996	150.8823	5.1158	3
252.1	9.6867	149.9862	5.1047	3
252.2	9.674	149.1591	5.1047	3
252.3	9.6613	148.3109	5.092	3
252.4	9.6486	147.4873	5.101	3
252.5	9.6359	146.7401	5.1088	3
252.6	9.6231	145.9136	5.1037	3
252.7	9.6106	145.0649	5.1118	3
252.8	9.5978	144.1978	5.105	3
252.9	9.5851	143.3818	5.113	3
253	9.5723	142.5382	5.1178	3
253.1	9.5593	141.6968	5.1224	3
253.2	9.5464	140.9742	5.1165	3
253.3	9.5335	140.0866	5.1113	3
253.4	9.5207	139.2039	5.1192	3
253.5	9.5077	138.4011	5.1272	3
253.6	9.4947	137.518	5.1195	3
253.7	9.4817	136.7362	5.1057	3
253.8	9.4688	135.8954	5.112	3
253.9	9.4559	135.0851	5.1156	3
254	9.4428	134.2708	5.1082	3
254.1	9.4297	133.4587	5.0974	3
254.2	9.4165	132.6488	5.0934	3
254.3	9.4032	131.7637	5.1021	3
254.4	9.3898	130.9118	5.1195	3
254.5	9.3766	130.2292	5.1149	3
254.6	9.3632	129.3647	5.1206	3
254.7	9.3492	128.6006	5.1279	3
254.8	9.3355	127.7547	5.1229	3
254.9	9.3219	126.8988	5.118	3
255	9.3084	125.9999	5.121	3
255.1	9.2947	125.2079	5.1256	3
255.2	9.2809	124.3801	5.125	3
255.3	9.2671	123.6305	5.1206	3
255.4	9.2533	122.7467	5.119	3
255.5	9.2391	121.9833	5.1209	3
255.6	9.2252	121.0555	5.1219	3
255.7	9.2117	120.2078	5.1271	3
255.8	9.1978	119.3381	5.1214	3
255.9	9.1839	118.5845	5.1244	3
256	9.1701	117.7182	5.1227	3
256.1	9.1563	116.882	5.1269	3
256.2	9.1425	116.035	5.1296	3
256.3	9.1288	115.3389	5.1337	3
256.4	9.1148	114.5195	5.1485	3
256.5	9.1009	113.6562	5.1578	3
256.6	9.0865	112.8116	5.1549	3
256.7	9.0722	112.0211	5.1459	3
256.8	9.0578	111.1548	5.1416	3
256.9	9.0433	110.4382	5.1402	3
257	9.0285	109.5806	5.137	3
257.1	9.0137	108.7267	5.1406	3
257.2	8.999	107.923	5.1397	3
257.3	8.9841	107.1292	5.1279	3
257.4	8.9692	106.3142	5.1155	3
257.5	8.9539	105.453	5.1257	3
257.6	8.9385	104.7242	5.1359	3
257.7	8.923	103.9571	5.1355	3
257.8	8.9076	103.0541	5.1307	3
257.9	8.8925	102.2131	5.1348	3
258	8.877	101.4034	5.1418	3
258.1	8.8615	100.5981	5.1331	3
258.2	8.846	99.7592	5.1191	3
258.3	8.8303	98.8861	5.1134	3
258.4	8.815	98.0468	5.1067	3
258.5	8.7996	97.2281	5.1203	3
258.6	8.7841	96.3914	5.1307	3
258.7	8.7689	95.522	5.1089	3
258.8	8.7534	94.6965	5.1023	3
258.9	8.738	93.823	5.1144	3
259	8.7225	93.1139	5.1314	3
259.1	8.7067	92.2814	5.1355	3
259.2	8.6909	91.4365	5.127	3
259.3	8.6753	90.5913	5.1284	3
259.4	8.6595	89.7933	5.1327	3
259.5	8.6438	88.9702	5.1301	3
259.6	8.628	88.1699	5.1215	3
259.7	8.612	87.306	5.129	3
259.8	8.5959	86.4759	5.1318	3
259.9	8.5798	85.6592	5.1257	3
260	8.5638	84.7304	5.1208	3
260.1	8.5481	84.0075	5.113	3
260.2	8.5323	83.1501	5.1036	3
260.3	8.5163	82.2832	5.1123	3
260.4	8.5004	81.4877	5.1317	3
260.5	8.4842	80.692	5.1191	3
260.6	8.4678	79.7973	5.1128	3
260.7	8.4519	78.9746	5.1178	3
260.8	8.436	78.1629	5.1199	3
260.9	8.4198	77.3182	5.1191	3
261	8.4038	76.4295	5.1197	3
261.1	8.3879	75.6029	5.1149	3
261.2	8.372	74.9081	5.1131	3
261.3	8.3557	74.0734	5.1155	3
261.4	8.339	73.2997	5.109	3
261.5	8.3224	72.5131	5.1113	3
261.6	8.3057	71.6752	5.1043	3
261.7	8.2892	70.7956	5.0865	3
261.8	8.2726	69.9263	5.0992	3
261.9	8.256	69.0181	5.1155	3
262	8.2396	68.2102	5.116	3
262.1	8.2232	67.337	5.1144	3
262.2	8.2068	66.4907	5.1154	3
262.3	8.1905	65.6601	5.1156	3
262.4	8.1744	64.8285	5.1192	3
262.5	8.1585	63.8585	5.1056	3
262.6	8.1426	63.0879	5.0923	3
262.7	8.1265	62.3187	5.108	3
262.8	8.1104	61.5285	5.1196	3
262.9	8.0943	60.6608	5.1196	3
263	8.078	59.8637	5.1246	3
263.1	8.0613	59.077	5.1337	3
263.2	8.0446	58.2972	5.1421	3
263.3	8.0282	57.3674	5.1343	3
263.4	8.0119	56.5935	5.1172	3
263.5	7.9951	55.8007	5.1238	3
263.6	7.9784	54.9932	5.1257	3
263.7	7.9617	54.2061	5.1277	3
263.8	7.9444	53.3547	5.1266	3
263.9	7.9272	52.5609	5.1283	3
264	7.9098	51.7458	5.1268	3
264.1	7.8924	50.9038	5.1203	3
264.2	7.8753	50.0591	5.1295	3
264.3	7.8581	49.2438	5.1437	3
264.4	7.8409	48.4054	5.1489	3
264.5	7.8234	47.5542	5.1399	3
264.6	7.8056	46.8271	5.142	3
264.7	7.7879	46.0074	5.1415	3
264.8	7.77	45.243	5.1466	3
264.9	7.7521	44.3275	5.1453	3
265	7.7344	43.4205	5.1376	3
265.1	7.7168	42.605	5.151	3
265.2	7.6992	41.7584	5.1568	3
265.3	7.6817	41.0055	5.1439	3
265.4	7.6639	40.1037	5.1332	3
265.5	7.646	39.29	5.13	3
265.6	7.6282	38.5323	5.1457	3
265.7	7.6102	37.7276	5.1402	3
265.8	7.5918	36.8948	5.1358	3
265.9	7.5733	36.074	5.1304	3
266	7.555	35.253	5.128	3
266.1	7.5368	34.4449	5.131	3
266.2	7.5187	33.5201	5.1407	3
266.3	7.5005	32.7079	5.1285	3
266.4	7.482	31.9485	5.118	3
266.5	7.4634	31.1992	5.1173	3
266.6	7.4445	30.444	5.1084	3
266.7	7.4253	29.6113	5.1113	3
266.8	7.406	28.7718	5.1093	3
266.9	7.3868	27.8468	5.1069	3
267	7.368	27.0274	5.1115	3
267.1	7.3492	26.2461	5.1094	3
267.2	7.3298	25.4513	5.1135	3
267.3	7.3102	24.7035	5.119	3
267.4	7.2905	23.8686	5.1152	3
267.5	7.2706	23.0935	5.1133	3
267.6	7.2504	22.3244	5.1157	3
267.7	7.2299	21.5212	5.1227	3
267.8	7.2092	20.7683	5.129	3
267.9	7.1885	19.9288	5.1251	3
268	7.1675	19.1103	5.1153	3
268.1	7.1467	18.221	5.1217	3
268.2	7.126	17.4823	5.1181	3
268.3	7.105	16.62	5.1263	3
268.4	7.0838	15.7784	5.1246	3
268.5	7.0624	15.0785	5.1214	3
268.6	7.0408	14.2619	5.1334	3
268.7	7.0194	13.4701	5.1444	3
268.8	6.9981	12.6893	5.1443	3
268.9	6.9758	11.873	5.1336	3
269	6.9533	11.09	5.1231	3
269.1	6.9308	10.2964	5.1135	3
269.2	6.908	9.4657	5.1102	3
269.3	6.8851	8.6459	5.1179	4
269.4	6.8621	7.9044	5.1338	4
269.5	6.8391	7.0262	5.1427	4
269.6	6.8169	6.7051	5.1329	4
269.7	6.7769	-4.6285	5.1388	4
269.8	6.608	-67.9853	5.1318	4
269.9	6.2723	-147.4104	5.1257	4
270	5.8565	-185.2964	5.1252	4
270.1	5.3961	-183.7135	5.1257	4
270.2	4.9119	-163.1501	5.1301	4
270.3	4.4214	-141.9655	5.1377	4
270.4	3.9303	-125.5416	5.1449	4
270.5	3.438	-111.652	5.1339	4
270.6	2.9447	-99.182	5.1164	4
270.7	2.4501	-88.1209	5.131	4
270.8	1.9552	-78.727	5.1443	4
270.9	1.4596	-70.7666	5.1439	4
271	0.9632	-63.3501	5.1349	4
271.1	0.4666	-56.4645	5.1311	4
271.2	-0.03	-50.3688	5.1346	4
271.3	-0.5265	-45.6026	5.1493	4
271.4	-1.0231	-41.7211	5.1558	4
271.5	-1.5217	-37.8454	5.153	4
271.6	-2.001	-34.5991	5.1609	4
271.7	-2.3512	-31.9138	5.1665	4
271.8	-2.5603	-30.0641	5.1473	4
271.9	-2.7334	-29.1796	5.1375	4
272	-2.8995	-28.5836	5.1413	4
272.1	-3.0613	-27.9591	5.1453	4
272.2	-3.2208	-27.3745	5.1481	4
272.3	-3.3784	-26.8744	5.1576	4
272.4	-3.5349	-26.5494	5.1547	4
272.5	-3.6908	-26.3433	5.1515	4
272.6	-3.8463	-26.1072	5.1543	4
272.7	-4.0011	-25.9359	5.1517	4
272.8	-4.1557	-25.7771	5.1493	4
272.9	-4.3099	-25.5023	5.1381	4
273	-4.464	-25.2882	5.1358	4
273.1	-4.6181	-25.1255	5.1408	4
273.2	-4.772	-24.9117	5.1424	4
273.3	-4.926	-24.6362	5.13	4
273.4	-5.0797	-24.3398	5.1273	4
273.5	-5.2335	-23.8688	5.1318	4
273.6	-5.3873	-23.4534	5.1148	4
273.7	-5.5413	-22.792	5.1062	4
273.8	-5.6954	-21.9317	5.1301	4
273.9	-5.8501	-20.4452	5.1507	4
274	-6.0044	-19.2896	5.1541	4
274.1	-6.158	-19.1389	5.1398	4
274.2	-6.3111	-19.1402	5.1346	4
274.3	-6.4642	-18.9963	5.1299	4
