Indentation

 + Advanced

+ Advanced
   Acquisition rate :	10.0 [Hz]
   Linear loading
   Max load :	1000.00 	µN
   Loading rate :	500.00 	µN/min
   Unloading rate :	500.00 	µN/min
   Pause :	30.0 s

+ TTX - UNHT Bio S/N: 1000136751 settings
   Fn contact : 25 µN
   Approach distance : 20 µm
   Approach speed : 100 µm/min
   Retract speed : 200 µm/min
   Retract time : 5 sec
   Dz sensor in large range
   Load in fine range
   FnRef in fine range
   FnRef contactload :500.000 µN
   Stiffness threshold : 1 µN/µm

   X Position :9540.60 µm
   Y Position :37137.13 µm
   Z Position :8077.46 µm

Date :6/9/2026
Time :8:00:16 AM

Analysis n # 1

   Method :	Hertz

 + Parameters

  Load Fit [10%,98%]

 + Main results

   EHz=	755.57 	kPa

 + Hypothesis


 + Additional results

   ErHz=	830.29 kPa
   h offset=	3.82 µm
   R2=	1.00

Analysis n # 2

   Method :	Oliver & Pharr

 + Parameters

  Unload Fit [40%,98%]

 + Main results

   HIT=	26.624 	kPa
   EIT=	840.33 	kPa
   E*=	923.44 	kPa

 + Hypothesis

   !!! Indenter not calibrated !!!
   m out of O&P hypothesis
   Poisson's ratio(nu)=	0.30 

 + Additional results

   HVIT=	0.0027139 	 Vickers
   CIT 0.001/120/30=	1.89 	%
   nIT=	70.97 %
   Fmax=	996.25 	µN
   hmax=	15.65 	µm
   S=	201.5652 	µN/µm
   F/S²=	0.0245 	µm²/µN
   hc=	12.06 	µm
   hr=	10.71 	µm
   hp=	1.51 	µm
   m=	2.8617 
   Epsilon=	0.73 
   R2=	1.000
   Ap=	37420.07 	µm²
   Welast=	3372.29 pJ
   Wplast=	1379.48 pJ
   Wtotal=	4751.76 pJ
   Er=	923.44 	kPa

Measured values
Time (s)	Pd (µm)	Fn (µN)	FnRef (µN)	SegmentID

0	0	0	5.3546	1
0.1	0.1811	0.4911	5.3551	1
0.2	0.3606	1.1353	5.3608	1
0.3	0.5172	1.7028	5.3586	1
0.4	0.618	2.001	5.3674	1
0.5	0.6905	2.1976	5.3596	1
0.6	0.7602	2.5281	5.3387	1
0.7	0.8294	2.8411	5.3439	1
0.8	0.8988	3.2187	5.3555	1
0.9	0.9685	3.6421	5.3598	1
1	1.0393	3.9803	5.3547	1
1.1	1.1118	4.452	5.3562	1
1.2	1.1849	5.0464	5.358	1
1.3	1.2591	5.5826	5.3487	1
1.4	1.3346	6.1699	5.357	1
1.5	1.411	6.737	5.3694	1
1.6	1.4884	7.455	5.3688	1
1.7	1.5664	8.1512	5.3697	1
1.8	1.6449	8.88	5.3574	1
1.9	1.7238	9.659	5.3541	1
2	1.8031	10.5258	5.3685	1
2.1	1.8822	11.3444	5.3786	1
2.2	1.9609	12.2711	5.3633	1
2.3	2.0397	13.1561	5.3626	1
2.4	2.1182	14.0878	5.3748	1
2.5	2.1958	15.1035	5.3658	1
2.6	2.2726	16.0453	5.3594	1
2.7	2.3487	17.0655	5.3553	1
2.8	2.4243	18.0889	5.3425	1
2.9	2.4988	19.124	5.3453	1
3	2.5721	20.2251	5.3492	1
3.1	2.6442	21.1907	5.353	1
3.2	2.7154	22.2792	5.3488	1
3.3	2.7857	23.3127	5.3662	1
3.4	2.8544	24.4385	5.3797	1
3.5	2.9215	25.4948	5.3792	1
3.6	2.9875	26.5763	5.3597	1
3.7	3.052	27.6089	5.3504	1
3.8	3.1154	28.7143	5.3602	1
3.9	3.1777	29.7493	5.3686	1
4	3.2384	30.8125	5.3626	1
4.1	3.2979	31.8812	5.353	1
4.2	3.3561	32.9783	5.356	1
4.3	3.4129	33.9669	5.3599	1
4.4	3.4689	35.0308	5.3566	1
4.5	3.5235	36.0839	5.3575	1
4.6	3.5769	37.179	5.3562	1
4.7	3.6287	38.226	5.3485	1
4.8	3.6795	39.1928	5.3543	1
4.9	3.7294	40.2241	5.3545	1
5	3.7785	41.2096	5.3434	1
5.1	3.826	42.2753	5.3346	1
5.2	3.8724	43.2432	5.3377	1
5.3	3.9182	44.2124	5.3252	1
5.4	3.9628	45.2276	5.3405	1
5.5	4.0068	46.1884	5.3489	1
5.6	4.0499	47.1228	5.3393	1
5.7	4.0921	48.1863	5.3436	1
5.8	4.133	49.1549	5.3465	1
5.9	4.1733	50.0599	5.3293	1
6	4.213	51.0049	5.3098	1
6.1	4.2518	51.9512	5.3133	1
6.2	4.2899	52.9329	5.3238	1
6.3	4.3275	53.8786	5.3206	1
6.4	4.3646	54.7802	5.3254	1
6.5	4.4011	55.6483	5.3285	1
6.6	4.4369	56.6776	5.334	1
6.7	4.4721	57.5842	5.3366	1
6.8	4.507	58.4429	5.3365	1
6.9	4.5414	59.3946	5.3437	1
7	4.5748	60.2835	5.3428	1
7.1	4.6081	61.1461	5.3363	1
7.2	4.6411	62.0169	5.3494	1
7.3	4.6736	62.9986	5.3655	1
7.4	4.7056	63.8578	5.3684	1
7.5	4.7372	64.7565	5.3631	1
7.6	4.7687	65.579	5.3556	1
7.7	4.7998	66.4823	5.3484	1
7.8	4.8305	67.3562	5.3586	1
7.9	4.8611	68.2391	5.3549	1
8	4.8911	69.0981	5.347	1
8.1	4.9212	69.9221	5.3451	1
8.2	4.9509	70.856	5.3357	1
8.3	4.9804	71.6925	5.3326	1
8.4	5.0097	72.5833	5.339	1
8.5	5.0385	73.4412	5.3489	1
8.6	5.0672	74.3379	5.3585	1
8.7	5.0953	75.2506	5.3564	1
8.8	5.123	76.1294	5.3588	1
8.9	5.1506	76.9953	5.3645	1
9	5.178	77.8652	5.3631	1
9.1	5.2053	78.7571	5.3622	1
9.2	5.2323	79.6355	5.3648	1
9.3	5.2589	80.4961	5.3565	1
9.4	5.2851	81.4025	5.3407	1
9.5	5.3107	82.2553	5.3456	1
9.6	5.3364	83.0866	5.3557	1
9.7	5.3619	83.9877	5.371	1
9.8	5.3871	84.869	5.379	1
9.9	5.412	85.7797	5.3898	1
10	5.4367	86.6285	5.4008	1
10.1	5.461	87.4885	5.4171	1
10.2	5.4855	88.3504	5.4201	1
10.3	5.5097	89.2279	5.4139	1
10.4	5.5336	90.1572	5.4028	1
10.5	5.5571	91.0375	5.3904	1
10.6	5.58	91.8977	5.3827	1
10.7	5.6027	92.7037	5.3751	1
10.8	5.6256	93.5919	5.3683	1
10.9	5.6481	94.4748	5.3831	1
11	5.6703	95.3437	5.3868	1
11.1	5.6926	96.1826	5.3745	1
11.2	5.7147	97.0705	5.3638	1
11.3	5.7368	97.8866	5.3566	1
11.4	5.7588	98.7401	5.3671	1
11.5	5.7802	99.5379	5.3669	1
11.6	5.8016	100.4277	5.3554	1
11.7	5.823	101.312	5.3553	1
11.8	5.8442	102.1382	5.3529	1
11.9	5.8652	102.9894	5.355	1
12	5.8862	103.8171	5.3594	1
12.1	5.907	104.7165	5.3721	1
12.2	5.9278	105.526	5.3727	1
12.3	5.9484	106.4231	5.3719	1
12.4	5.9686	107.3722	5.3766	1
12.5	5.9886	108.1638	5.3854	1
12.6	6.0088	109.0012	5.3957	1
12.7	6.0286	109.8767	5.398	1
12.8	6.0483	110.6743	5.3948	1
12.9	6.068	111.5429	5.384	1
13	6.0877	112.3569	5.359	1
13.1	6.1073	113.2081	5.3591	1
13.2	6.1267	114.0386	5.37	1
13.3	6.1461	114.8675	5.3668	1
13.4	6.1658	115.7415	5.3675	1
13.5	6.1853	116.6225	5.3711	1
13.6	6.2046	117.4248	5.3782	1
13.7	6.2235	118.2354	5.3948	1
13.8	6.2425	119.0782	5.3935	1
13.9	6.2616	119.9407	5.3865	1
14	6.2807	120.8401	5.3739	1
14.1	6.2993	121.6427	5.3658	1
14.2	6.3179	122.4543	5.3691	1
14.3	6.3367	123.324	5.3715	1
14.4	6.3552	124.2532	5.3606	1
14.5	6.3735	125.1006	5.3518	1
14.6	6.3918	125.9169	5.3462	1
14.7	6.41	126.7544	5.3501	1
14.8	6.4279	127.6477	5.3491	1
14.9	6.4457	128.4497	5.3473	1
15	6.4636	129.3114	5.3652	1
15.1	6.4815	130.1511	5.3732	1
15.2	6.4993	130.9697	5.3664	1
15.3	6.5168	131.8399	5.3632	1
15.4	6.5344	132.6952	5.3563	1
15.5	6.5519	133.5326	5.3589	1
15.6	6.5695	134.4142	5.3717	1
15.7	6.5867	135.2926	5.3856	1
15.8	6.6037	136.1344	5.3881	1
15.9	6.6204	136.9406	5.3785	1
16	6.637	137.8428	5.3649	1
16.1	6.654	138.6064	5.369	1
16.2	6.671	139.5054	5.3746	1
16.3	6.6879	140.2747	5.371	1
16.4	6.7048	141.133	5.3653	1
16.5	6.7215	141.9675	5.3766	1
16.6	6.7384	142.75	5.3872	1
16.7	6.7553	143.5375	5.4001	1
16.8	6.7724	144.3658	5.4043	1
16.9	6.7897	145.1928	5.393	1
17	6.8068	146.0863	5.3924	1
17.1	6.8234	146.9461	5.3865	1
17.2	6.84	147.8209	5.3842	1
17.3	6.8567	148.5986	5.3948	1
17.4	6.8734	149.4368	5.3983	1
17.5	6.8902	150.243	5.3862	1
17.6	6.907	151.1384	5.3784	1
17.7	6.9235	151.9639	5.3718	1
17.8	6.9399	152.7687	5.3776	1
17.9	6.9564	153.6447	5.398	1
18	6.9731	154.487	5.4007	1
18.1	6.99	155.3191	5.3885	1
18.2	7.0064	156.1729	5.3895	1
18.3	7.0228	157.0437	5.3896	1
18.4	7.039	157.9155	5.3892	1
18.5	7.0552	158.5937	5.3813	1
18.6	7.0714	159.4439	5.3722	1
18.7	7.0878	160.3506	5.3699	1
18.8	7.1038	161.2285	5.3663	1
18.9	7.1198	162.0251	5.3674	1
19	7.1358	162.864	5.384	1
19.1	7.152	163.716	5.383	1
19.2	7.168	164.6089	5.3768	1
19.3	7.1839	165.4701	5.3897	1
19.4	7.1996	166.2535	5.4071	1
19.5	7.2153	167.0342	5.4053	1
19.6	7.2305	167.9234	5.406	1
19.7	7.2459	168.7425	5.3931	1
19.8	7.2614	169.5875	5.3941	1
19.9	7.2771	170.4782	5.4128	1
20	7.293	171.27	5.4125	1
20.1	7.3086	172.1257	5.42	1
20.2	7.3244	172.9066	5.4272	1
20.3	7.3404	173.7132	5.4159	1
20.4	7.356	174.6117	5.3934	1
20.5	7.3714	175.4357	5.3865	1
20.6	7.3871	176.3092	5.399	1
20.7	7.4026	177.1872	5.4062	1
20.8	7.4174	178.0441	5.3901	1
20.9	7.4325	178.8579	5.3708	1
21	7.4477	179.709	5.3739	1
21.1	7.4627	180.5619	5.3841	1
21.2	7.4778	181.3848	5.3958	1
21.3	7.4927	182.2674	5.3991	1
21.4	7.5075	183.0852	5.3819	1
21.5	7.5226	183.9377	5.3844	1
21.6	7.5373	184.7564	5.398	1
21.7	7.5521	185.5995	5.3934	1
21.8	7.5667	186.4275	5.3837	1
21.9	7.5813	187.2171	5.3897	1
22	7.5961	188.0948	5.3956	1
22.1	7.6109	188.9362	5.3826	1
22.2	7.6255	189.8338	5.3756	1
22.3	7.6399	190.6362	5.3826	1
22.4	7.654	191.5068	5.3869	1
22.5	7.6683	192.2976	5.3848	1
22.6	7.6825	193.1789	5.3775	1
22.7	7.6966	194.035	5.374	1
22.8	7.7107	194.925	5.3759	1
22.9	7.7246	195.7385	5.3722	1
23	7.7386	196.5701	5.3781	1
23.1	7.7523	197.4521	5.3854	1
23.2	7.7659	198.2627	5.3878	1
23.3	7.7796	199.1497	5.3952	1
23.4	7.7933	199.9353	5.3964	1
23.5	7.8068	200.8224	5.3807	1
23.6	7.8203	201.6159	5.3801	1
23.7	7.8339	202.4449	5.3825	1
23.8	7.8474	203.336	5.3794	1
23.9	7.8608	204.221	5.3909	1
24	7.874	205.038	5.4044	1
24.1	7.8871	205.8234	5.4047	1
24.2	7.9003	206.7511	5.3913	1
24.3	7.9132	207.6265	5.3791	1
24.4	7.926	208.4422	5.3755	1
24.5	7.9387	209.2056	5.3924	1
24.6	7.9517	210.0418	5.4007	1
24.7	7.9645	210.9564	5.3925	1
24.8	7.9771	211.7885	5.4	1
24.9	7.9899	212.5757	5.4046	1
25	8.0027	213.4307	5.413	1
25.1	8.0153	214.3089	5.4195	1
25.2	8.0279	215.1117	5.4134	1
25.3	8.0407	215.9066	5.4146	1
25.4	8.0535	216.7166	5.4085	1
25.5	8.0661	217.6006	5.4241	1
25.6	8.0788	218.3888	5.425	1
25.7	8.0916	219.1929	5.4071	1
25.8	8.1043	220.0487	5.398	1
25.9	8.1169	220.91	5.4046	1
26	8.1293	221.8414	5.4104	1
26.1	8.1417	222.6396	5.4042	1
26.2	8.1541	223.4851	5.4111	1
26.3	8.1666	224.3325	5.4092	1
26.4	8.179	225.1658	5.3997	1
26.5	8.1912	225.953	5.3973	1
26.6	8.2035	226.762	5.3928	1
26.7	8.2159	227.6267	5.3959	1
26.8	8.2282	228.407	5.3975	1
26.9	8.2406	229.2159	5.4002	1
27	8.2535	230.0252	5.3972	1
27.1	8.2665	230.8588	5.3938	1
27.2	8.2795	231.738	5.3955	1
27.3	8.2922	232.5302	5.4047	1
27.4	8.305	233.3386	5.407	1
27.5	8.3177	234.2121	5.3916	1
27.6	8.3306	235.0812	5.4032	1
27.7	8.3429	235.9814	5.4184	1
27.8	8.3551	236.7775	5.4204	1
27.9	8.3673	237.6129	5.4088	1
28	8.3793	238.5203	5.4011	1
28.1	8.3913	239.3	5.3994	1
28.2	8.4036	240.1387	5.4006	1
28.3	8.4158	241.0178	5.4083	1
28.4	8.4279	241.8535	5.4063	1
28.5	8.4398	242.7164	5.4082	1
28.6	8.4518	243.5473	5.4056	1
28.7	8.4638	244.39	5.4014	1
28.8	8.4758	245.2602	5.3981	1
28.9	8.4878	246.0544	5.4021	1
29	8.4995	246.9238	5.4028	1
29.1	8.5112	247.7381	5.4015	1
29.2	8.5227	248.578	5.4115	1
29.3	8.5345	249.4074	5.4157	1
29.4	8.5459	250.2752	5.4033	1
29.5	8.5573	251.1675	5.403	1
29.6	8.5686	251.9702	5.3987	1
29.7	8.5798	252.8544	5.3988	1
29.8	8.5912	253.6344	5.398	1
29.9	8.6023	254.5281	5.4066	1
30	8.6134	255.3372	5.4047	1
30.1	8.6244	256.1683	5.3976	1
30.2	8.6354	257.0416	5.394	1
30.3	8.6465	257.8004	5.3904	1
30.4	8.6576	258.729	5.4022	1
30.5	8.6683	259.5721	5.4137	1
30.6	8.6791	260.4888	5.4066	1
30.7	8.6898	261.2306	5.3946	1
30.8	8.7007	262.0133	5.3894	1
30.9	8.7117	262.831	5.3934	1
31	8.7225	263.7178	5.4008	1
31.1	8.7335	264.5451	5.4017	1
31.2	8.7446	265.3357	5.3848	1
31.3	8.7555	266.1838	5.3722	1
31.4	8.7665	267.034	5.3929	1
31.5	8.7773	267.8466	5.4042	1
31.6	8.7881	268.7062	5.4032	1
31.7	8.799	269.5804	5.4046	1
31.8	8.8095	270.3927	5.3975	1
31.9	8.8201	271.2289	5.3951	1
32	8.8307	272.0438	5.384	1
32.1	8.8411	272.9625	5.3737	1
32.2	8.8514	273.7924	5.3838	1
32.3	8.862	274.5613	5.3877	1
32.4	8.8727	275.4472	5.3922	1
32.5	8.8831	276.2209	5.4088	1
32.6	8.8937	277.03	5.4092	1
32.7	8.9045	277.8751	5.4016	1
32.8	8.9153	278.6388	5.4088	1
32.9	8.9263	279.5174	5.4055	1
33	8.9371	280.3472	5.4047	1
33.1	8.9479	281.1284	5.4063	1
33.2	8.9587	281.9423	5.4109	1
33.3	8.9697	282.7978	5.4182	1
33.4	8.9809	283.6681	5.4229	1
33.5	8.992	284.5318	5.4245	1
33.6	9.003	285.3317	5.4286	1
33.7	9.0138	286.1092	5.4275	1
33.8	9.0248	286.9788	5.4338	1
33.9	9.0354	287.877	5.4321	1
34	9.0461	288.6819	5.4313	1
34.1	9.057	289.4685	5.4308	1
34.2	9.068	290.3075	5.4201	1
34.3	9.079	291.134	5.4165	1
34.4	9.0899	291.9999	5.4109	1
34.5	9.1007	292.8871	5.4144	1
34.6	9.1114	293.7304	5.4149	1
34.7	9.122	294.5077	5.4239	1
34.8	9.1329	295.2574	5.4208	1
34.9	9.1438	296.1113	5.4126	1
35	9.1546	297.0387	5.4182	1
35.1	9.1653	297.8951	5.4202	1
35.2	9.1759	298.6534	5.4087	1
35.3	9.1869	299.4952	5.4065	1
35.4	9.1978	300.311	5.3941	1
35.5	9.2086	301.1117	5.4016	1
35.6	9.2197	301.8672	5.4153	1
35.7	9.2311	302.7272	5.414	1
35.8	9.2428	303.5775	5.4101	1
35.9	9.2543	304.3823	5.4138	1
36	9.2656	305.181	5.423	1
36.1	9.2771	306.0023	5.4164	1
36.2	9.2887	306.9338	5.4077	1
36.3	9.3	307.7785	5.4053	1
36.4	9.3112	308.579	5.4269	1
36.5	9.3225	309.4456	5.4319	1
36.6	9.3336	310.2979	5.4183	1
36.7	9.3444	311.1304	5.4096	1
36.8	9.3554	311.9323	5.4142	1
36.9	9.3665	312.8179	5.4092	1
37	9.3776	313.6281	5.4024	1
37.1	9.3887	314.4918	5.3972	1
37.2	9.3996	315.3381	5.4084	1
37.3	9.4103	316.2098	5.4189	1
37.4	9.4207	317.139	5.4212	1
37.5	9.4308	318.0054	5.4216	1
37.6	9.4409	318.8406	5.4183	1
37.7	9.4512	319.676	5.4088	1
37.8	9.4611	320.5218	5.3971	1
37.9	9.4708	321.3495	5.405	1
38	9.4805	322.1573	5.408	1
38.1	9.4905	323.0523	5.4039	1
38.2	9.5006	323.8869	5.4014	1
38.3	9.5106	324.6219	5.3948	1
38.4	9.5206	325.4575	5.4012	1
38.5	9.5309	326.2773	5.4011	1
38.6	9.541	327.1313	5.391	1
38.7	9.551	327.9856	5.3953	1
38.8	9.5611	328.8531	5.3896	1
38.9	9.5711	329.5939	5.3838	1
39	9.5813	330.4883	5.3961	1
39.1	9.5912	331.3498	5.4015	1
39.2	9.6011	332.2031	5.4006	1
39.3	9.6108	333.0314	5.3985	1
39.4	9.6204	333.8792	5.4014	1
39.5	9.6301	334.7263	5.3933	1
39.6	9.6397	335.611	5.3852	1
39.7	9.6491	336.4286	5.4003	1
39.8	9.6585	337.2617	5.4046	1
39.9	9.6677	338.1297	5.3968	1
40	9.6771	338.9111	5.3916	1
40.1	9.6865	339.7217	5.3965	1
40.2	9.696	340.5528	5.3999	1
40.3	9.7055	341.4672	5.3939	1
40.4	9.7146	342.2593	5.3847	1
40.5	9.7237	343.0677	5.3745	1
40.6	9.7331	343.9521	5.3787	1
40.7	9.7428	344.7632	5.3792	1
40.8	9.7525	345.5542	5.3744	1
40.9	9.7618	346.4175	5.3781	1
41	9.771	347.2674	5.3821	1
41.1	9.7802	348.1308	5.3732	1
41.2	9.7894	348.998	5.3789	1
41.3	9.7984	349.8046	5.388	1
41.4	9.8074	350.6349	5.383	1
41.5	9.8163	351.4962	5.3851	1
41.6	9.8252	352.3044	5.393	1
41.7	9.8344	353.1566	5.3821	1
41.8	9.8436	353.9711	5.3759	1
41.9	9.8527	354.7801	5.3833	1
42	9.8619	355.6531	5.3966	1
42.1	9.8709	356.4145	5.402	1
42.2	9.8801	357.2218	5.3982	1
42.3	9.8894	358.006	5.393	1
42.4	9.8988	358.9276	5.4006	1
42.5	9.9081	359.8112	5.4036	1
42.6	9.9171	360.6436	5.4141	1
42.7	9.9259	361.4769	5.4006	1
42.8	9.9348	362.3247	5.3991	1
42.9	9.9439	363.245	5.4073	1
43	9.9527	364.0084	5.4097	1
43.1	9.9616	364.8123	5.4059	1
43.2	9.9708	365.5631	5.4099	1
43.3	9.9799	366.3742	5.4073	1
43.4	9.9892	367.2504	5.4096	1
43.5	9.9988	368.0782	5.4141	1
43.6	10.0083	368.8957	5.4047	1
43.7	10.0178	369.6452	5.3906	1
43.8	10.0275	370.3812	5.3842	1
43.9	10.0375	371.1341	5.3871	1
44	10.0481	371.9717	5.3911	1
44.1	10.0587	372.7899	5.3993	1
44.2	10.0694	373.5658	5.4006	1
44.3	10.0801	374.4336	5.4046	1
44.4	10.0906	375.3259	5.4145	1
44.5	10.1009	376.2257	5.4153	1
44.6	10.1112	377.0223	5.4092	1
44.7	10.1217	377.8697	5.3943	1
44.8	10.1321	378.6869	5.39	1
44.9	10.1425	379.5054	5.3908	1
45	10.1532	380.3437	5.3864	1
45.1	10.164	381.107	5.3951	1
45.2	10.1746	382.0262	5.3908	1
45.3	10.1849	382.8541	5.3986	1
45.4	10.1951	383.7158	5.4107	1
45.5	10.2053	384.6437	5.4047	1
45.6	10.2152	385.5681	5.4017	1
45.7	10.2247	386.3897	5.4006	1
45.8	10.2341	387.2133	5.4055	1
45.9	10.2434	388.0494	5.416	1
46	10.2529	388.8572	5.4122	1
46.1	10.2628	389.6607	5.3938	1
46.2	10.2727	390.4646	5.3871	1
46.3	10.2825	391.3004	5.404	1
46.4	10.2922	392.1965	5.4079	1
46.5	10.3015	393.1182	5.409	1
46.6	10.3105	393.9192	5.4046	1
46.7	10.3197	394.7637	5.3979	1
46.8	10.329	395.5603	5.4081	1
46.9	10.3379	396.5104	5.4085	1
47	10.3467	397.3403	5.3994	1
47.1	10.356	398.1541	5.3956	1
47.2	10.3654	398.8784	5.3835	1
47.3	10.375	399.6916	5.3806	1
47.4	10.3844	400.4688	5.3784	1
47.5	10.394	401.3545	5.3939	1
47.6	10.4038	402.1911	5.4078	1
47.7	10.4133	403.0099	5.4067	1
47.8	10.4227	403.9023	5.3994	1
47.9	10.432	404.7329	5.3933	1
48	10.4414	405.5231	5.3969	1
48.1	10.4508	406.4408	5.3962	1
48.2	10.4602	407.206	5.375	1
48.3	10.4698	408.0016	5.3747	1
48.4	10.4796	408.751	5.3738	1
48.5	10.4897	409.5767	5.3872	1
48.6	10.4998	410.3952	5.3867	1
48.7	10.5099	411.3141	5.3789	1
48.8	10.5195	412.1947	5.3795	1
48.9	10.5289	413.0959	5.3883	1
49	10.5383	413.9215	5.3919	1
49.1	10.5475	414.8179	5.387	1
49.2	10.5565	415.6018	5.3829	1
49.3	10.5656	416.4379	5.3714	1
49.4	10.5746	417.3847	5.3752	1
49.5	10.5835	418.1486	5.3876	1
49.6	10.5923	418.9623	5.3961	1
49.7	10.6012	419.8322	5.3962	1
49.8	10.6102	420.6224	5.3837	1
49.9	10.6189	421.5416	5.3726	1
50	10.6274	422.3652	5.3664	1
50.1	10.6361	423.1882	5.367	1
50.2	10.6447	424.0109	5.3738	1
50.3	10.6534	424.8154	5.3746	1
50.4	10.6622	425.6688	5.374	1
50.5	10.6713	426.4285	5.3885	1
50.6	10.6805	427.1726	5.3933	1
50.7	10.6901	428.0695	5.3923	1
50.8	10.6992	428.9341	5.3852	1
50.9	10.7082	429.7644	5.3933	1
51	10.7173	430.6051	5.3938	1
51.1	10.7263	431.4726	5.3829	1
51.2	10.7348	432.3759	5.3914	1
51.3	10.7433	433.1797	5.396	1
51.4	10.7521	433.9984	5.3969	1
51.5	10.7613	434.8296	5.3919	1
51.6	10.77	435.6514	5.3746	1
51.7	10.7788	436.4958	5.3763	1
51.8	10.7879	437.2599	5.387	1
51.9	10.7971	438.1018	5.3784	1
52	10.8061	438.9356	5.3803	1
52.1	10.815	439.7772	5.3781	1
52.2	10.824	440.6201	5.3718	1
52.3	10.8329	441.4556	5.3842	1
52.4	10.842	442.2056	5.3888	1
52.5	10.8513	443.0442	5.3904	1
52.6	10.8607	443.8796	5.3854	1
52.7	10.8698	444.7188	5.3812	1
52.8	10.8792	445.5517	5.3819	1
52.9	10.8886	446.3157	5.3876	1
53	10.8981	447.2218	5.3917	1
53.1	10.9076	447.9527	5.3798	1
53.2	10.9171	448.8338	5.3778	1
53.3	10.9266	449.742	5.3703	1
53.4	10.9356	450.5983	5.3733	1
53.5	10.9445	451.4521	5.3819	1
53.6	10.9536	452.3517	5.3682	1
53.7	10.9624	453.1874	5.3681	1
53.8	10.971	454.0858	5.3709	1
53.9	10.9795	454.8674	5.3746	1
54	10.9879	455.7491	5.3699	1
54.1	10.9961	456.6048	5.3535	1
54.2	11.0042	457.4339	5.3548	1
54.3	11.0126	458.3043	5.3526	1
54.4	11.0208	459.1737	5.3506	1
54.5	11.0287	460.0573	5.3552	1
54.6	11.0365	460.8493	5.3553	1
54.7	11.0444	461.6008	5.3508	1
54.8	11.0528	462.456	5.3646	1
54.9	11.061	463.2741	5.3678	1
55	11.0691	464.0839	5.3658	1
55.1	11.0772	464.9276	5.3634	1
55.2	11.0854	465.8161	5.3627	1
55.3	11.0934	466.5961	5.3697	1
55.4	11.1014	467.4665	5.3633	1
55.5	11.1092	468.3652	5.3691	1
55.6	11.117	469.1287	5.3749	1
55.7	11.125	469.9786	5.383	1
55.8	11.1331	470.7586	5.3813	1
55.9	11.1411	471.5809	5.3752	1
56	11.1492	472.4935	5.3779	1
56.1	11.1572	473.2919	5.3818	1
56.2	11.165	474.16	5.3754	1
56.3	11.1728	474.9737	5.3763	1
56.4	11.1806	475.829	5.3963	1
56.5	11.1884	476.6995	5.4105	1
56.6	11.1962	477.5393	5.4015	1
56.7	11.2037	478.3219	5.3927	1
56.8	11.2115	479.1658	5.3838	1
56.9	11.2194	479.9987	5.3973	1
57	11.227	480.8627	5.3983	1
57.1	11.2346	481.7107	5.3978	1
57.2	11.2421	482.5511	5.378	1
57.3	11.2495	483.3073	5.367	1
57.4	11.257	484.1565	5.3745	1
57.5	11.2645	484.9854	5.3809	1
57.6	11.2721	485.7749	5.3842	1
57.7	11.2801	486.5733	5.388	1
57.8	11.2883	487.3977	5.3869	1
57.9	11.2968	488.2495	5.3941	1
58	11.305	489.014	5.3851	1
58.1	11.3133	489.8192	5.377	1
58.2	11.3221	490.5897	5.3736	1
58.3	11.331	491.338	5.3699	1
58.4	11.3397	492.2817	5.3849	1
58.5	11.3485	493.16	5.4051	1
58.6	11.3571	493.9765	5.3972	1
58.7	11.3656	494.8488	5.3762	1
58.8	11.374	495.6503	5.3728	1
58.9	11.3825	496.4558	5.374	1
59	11.3912	497.3304	5.3745	1
59.1	11.3995	498.1993	5.3679	1
59.2	11.4076	499.1089	5.3674	1
59.3	11.4157	499.8902	5.3625	1
59.4	11.4241	500.7228	5.3691	1
59.5	11.4322	501.5619	5.3627	1
59.6	11.4402	502.4138	5.3526	1
59.7	11.4483	503.2122	5.3576	1
59.8	11.4564	504.1246	5.363	1
59.9	11.4646	504.9374	5.3746	1
60	11.4724	505.8274	5.3693	1
60.1	11.4801	506.6028	5.3701	1
60.2	11.4881	507.4118	5.3763	1
60.3	11.4962	508.272	5.384	1
60.4	11.5042	509.0993	5.3903	1
60.5	11.5121	509.9945	5.3906	1
60.6	11.5201	510.8828	5.3781	1
60.7	11.528	511.6852	5.3792	1
60.8	11.5354	512.508	5.3908	1
60.9	11.5429	513.3282	5.3779	1
61	11.5503	514.1615	5.3765	1
61.1	11.5583	514.9977	5.3825	1
61.2	11.5661	515.8018	5.3795	1
61.3	11.5736	516.7084	5.3713	1
61.4	11.5811	517.5439	5.3623	1
61.5	11.5887	518.3501	5.3721	1
61.6	11.5961	519.2671	5.3763	1
61.7	11.6032	520.1186	5.3753	1
61.8	11.6102	520.9556	5.3699	1
61.9	11.6174	521.7327	5.3697	1
62	11.6243	522.6688	5.3821	1
62.1	11.6309	523.5202	5.3834	1
62.2	11.6374	524.3302	5.3725	1
62.3	11.6443	525.1672	5.3677	1
62.4	11.6513	525.9655	5.3733	1
62.5	11.658	526.8438	5.3876	1
62.6	11.6647	527.6616	5.3922	1
62.7	11.6715	528.4227	5.3934	1
62.8	11.6787	529.2239	5.388	1
62.9	11.686	530.0249	5.3831	1
63	11.6931	530.9128	5.3742	1
63.1	11.7004	531.6531	5.3687	1
63.2	11.7079	532.4853	5.3809	1
63.3	11.7157	533.3636	5.3927	1
63.4	11.7231	534.2771	5.4014	1
63.5	11.73	535.0918	5.4104	1
63.6	11.7371	535.8218	5.416	1
63.7	11.7444	536.7363	5.4232	1
63.8	11.7515	537.5807	5.4273	1
63.9	11.7586	538.3765	5.4116	1
64	11.7662	539.1435	5.4015	1
64.1	11.7742	539.9283	5.3844	1
64.2	11.782	540.8178	5.3759	1
64.3	11.79	541.5764	5.393	1
64.4	11.798	542.3787	5.4005	1
64.5	11.8062	543.2626	5.3944	1
64.6	11.8139	544.1242	5.3851	1
64.7	11.8213	545.0234	5.3839	1
64.8	11.8289	545.7709	5.3888	1
64.9	11.8365	546.5826	5.3826	1
65	11.8443	547.423	5.3705	1
65.1	11.8519	548.3419	5.3649	1
65.2	11.8594	549.0434	5.3631	1
65.3	11.8672	549.9906	5.3664	1
65.4	11.8747	550.8044	5.3731	1
65.5	11.882	551.7221	5.3772	1
65.6	11.8893	552.5313	5.3829	1
65.7	11.8969	553.3494	5.3805	1
65.8	11.9043	554.1851	5.383	1
65.9	11.9116	555.0646	5.3772	1
66	11.9188	555.927	5.3679	1
66.1	11.9258	556.7962	5.3687	1
66.2	11.9327	557.5992	5.3734	1
66.3	11.9399	558.4473	5.3718	1
66.4	11.9469	559.1949	5.3657	1
66.5	11.9542	560.0489	5.3892	1
66.6	11.9615	560.848	5.4022	1
66.7	11.969	561.6397	5.3809	1
66.8	11.9763	562.4602	5.3632	1
66.9	11.9838	563.3152	5.3628	1
67	11.9915	564.0943	5.367	1
67.1	11.9995	564.8757	5.3683	1
67.2	12.0077	565.7008	5.3704	1
67.3	12.0156	566.6324	5.3748	1
67.4	12.0234	567.4723	5.3804	1
67.5	12.0311	568.2834	5.3708	1
67.6	12.0388	569.1649	5.3546	1
67.7	12.0464	569.9854	5.3491	1
67.8	12.0537	570.8147	5.3472	1
67.9	12.0612	571.6118	5.3548	1
68	12.0688	572.5009	5.3618	1
68.1	12.0761	573.3751	5.3739	1
68.2	12.0833	574.2231	5.3709	1
68.3	12.0906	575.0104	5.3573	1
68.4	12.0982	575.8309	5.3565	1
68.5	12.1055	576.7724	5.3524	1
68.6	12.1124	577.6242	5.3477	1
68.7	12.1192	578.4257	5.3644	1
68.8	12.1263	579.2761	5.3732	1
68.9	12.1332	580.0534	5.3625	1
69	12.1398	580.9365	5.3606	1
69.1	12.1468	581.7617	5.3675	1
69.2	12.1541	582.5819	5.3701	1
69.3	12.1613	583.3642	5.37	1
69.4	12.1683	584.2233	5.3804	1
69.5	12.1752	585.0606	5.3976	1
69.6	12.1823	585.9735	5.3938	1
69.7	12.1892	586.8374	5.3971	1
69.8	12.196	587.5697	5.4011	1
69.9	12.2029	588.4164	5.3984	1
70	12.2099	589.2421	5.3988	1
70.1	12.2169	590.0816	5.391	1
70.2	12.2241	590.9568	5.3947	1
70.3	12.2311	591.7724	5.3906	1
70.4	12.2379	592.6118	5.3896	1
70.5	12.2447	593.48	5.3924	1
70.6	12.2511	594.3731	5.3846	1
70.7	12.2575	595.1865	5.3851	1
70.8	12.2639	596.0059	5.3876	1
70.9	12.2703	596.816	5.3932	1
71	12.2771	597.6563	5.4	1
71.1	12.2838	598.4326	5.3855	1
71.2	12.2908	599.2241	5.382	1
71.3	12.2978	600.1633	5.3857	1
71.4	12.3047	600.8637	5.4011	1
71.5	12.3116	601.6943	5.4139	1
71.6	12.3187	602.5963	5.4052	1
71.7	12.3258	603.3806	5.3943	1
71.8	12.3329	604.2174	5.385	1
71.9	12.3399	605.0922	5.373	1
72	12.3467	605.93	5.3813	1
72.1	12.3536	606.7156	5.3858	1
72.2	12.3606	607.5303	5.3819	1
72.3	12.3675	608.4368	5.3788	1
72.4	12.3743	609.2741	5.384	1
72.5	12.3814	610.0773	5.382	1
72.6	12.3888	610.8627	5.3775	1
72.7	12.3961	611.6215	5.3808	1
72.8	12.4036	612.3398	5.3715	1
72.9	12.4116	613.1667	5.359	1
73	12.4197	613.9909	5.3672	1
73.1	12.4279	614.8309	5.3839	1
73.2	12.436	615.6585	5.3832	1
73.3	12.444	616.5487	5.376	1
73.4	12.452	617.3729	5.3824	1
73.5	12.4597	618.2058	5.3796	1
73.6	12.4673	619.1544	5.3804	1
73.7	12.4749	619.966	5.3876	1
73.8	12.4824	620.8008	5.3768	1
73.9	12.49	621.6593	5.3762	1
74	12.4975	622.4898	5.3816	1
74.1	12.5052	623.3316	5.3808	1
74.2	12.5128	624.0926	5.3838	1
74.3	12.5202	624.9595	5.3919	1
74.4	12.5276	625.806	5.3972	1
74.5	12.535	626.7435	5.3817	1
74.6	12.5422	627.5704	5.3587	1
74.7	12.5492	628.3697	5.3562	1
74.8	12.5565	629.2394	5.3698	1
74.9	12.5637	630.0176	5.3638	1
75	12.5708	630.8957	5.349	1
75.1	12.5778	631.7651	5.3516	1
75.2	12.5848	632.5709	5.3713	1
75.3	12.5917	633.3731	5.3785	1
75.4	12.5987	634.2859	5.3896	1
75.5	12.6056	635.1435	5.3994	1
75.6	12.6122	636.0165	5.3874	1
75.7	12.6188	636.863	5.3869	1
75.8	12.6252	637.6156	5.3812	1
75.9	12.6317	638.5476	5.384	1
76	12.6383	639.372	5.3889	1
76.1	12.6447	640.1582	5.3869	1
76.2	12.6511	641.0436	5.3804	1
76.3	12.6574	641.9353	5.389	1
76.4	12.6636	642.7244	5.3928	1
76.5	12.67	643.4534	5.3931	1
76.6	12.6768	644.2863	5.3923	1
76.7	12.6836	645.0944	5.3892	1
76.8	12.6902	645.9075	5.3835	1
76.9	12.6972	646.7764	5.3818	1
77	12.7043	647.5048	5.3727	1
77.1	12.7116	648.3598	5.367	1
77.2	12.719	649.1054	5.3714	1
77.3	12.7263	649.9403	5.3824	1
77.4	12.7338	650.8118	5.3686	1
77.5	12.741	651.6791	5.3632	1
77.6	12.7483	652.554	5.3617	1
77.7	12.7556	653.2916	5.3637	1
77.8	12.7631	654.1346	5.3651	1
77.9	12.7704	655.0086	5.365	1
78	12.7777	655.7544	5.3663	1
78.1	12.7853	656.6149	5.3642	1
78.2	12.793	657.4538	5.3691	1
78.3	12.8006	658.3025	5.3758	1
78.4	12.808	659.1867	5.3731	1
78.5	12.815	660.0997	5.3717	1
78.6	12.8219	660.9396	5.3666	1
78.7	12.8289	661.775	5.373	1
78.8	12.8359	662.5316	5.3652	1
78.9	12.8428	663.4127	5.3652	1
79	12.8497	664.2687	5.3643	1
79.1	12.8564	665.2021	5.3543	1
79.2	12.8632	665.9537	5.3584	1
79.3	12.8699	666.7465	5.369	1
79.4	12.8768	667.5688	5.3568	1
79.5	12.884	668.294	5.3515	1
79.6	12.891	669.1425	5.3614	1
79.7	12.898	670.1019	5.3648	1
79.8	12.9049	670.9769	5.3736	1
79.9	12.9119	671.7287	5.3622	1
80	12.9189	672.5197	5.3499	1
80.1	12.926	673.3584	5.3586	1
80.2	12.9334	674.1331	5.3617	1
80.3	12.9407	675.0508	5.3547	1
80.4	12.9478	675.9675	5.3397	1
80.5	12.9545	676.7335	5.3467	1
80.6	12.9612	677.5663	5.3452	1
80.7	12.968	678.3922	5.3419	1
80.8	12.9749	679.1819	5.3496	1
80.9	12.9819	680.0286	5.3429	1
81	12.9891	680.816	5.3477	1
81.1	12.996	681.7968	5.3713	1
81.2	13.0028	682.6259	5.3785	1
81.3	13.0094	683.4241	5.3712	1
81.4	13.0162	684.315	5.3729	1
81.5	13.0229	685.1269	5.3784	1
81.6	13.0295	685.9322	5.3771	1
81.7	13.0366	686.7205	5.3728	1
81.8	13.0438	687.541	5.377	1
81.9	13.0511	688.3982	5.3661	1
82	13.0581	689.16	5.3655	1
82.1	13.0652	690.0919	5.3642	1
82.2	13.0724	690.8425	5.3694	1
82.3	13.0794	691.7325	5.3772	1
82.4	13.0864	692.5897	5.3656	1
82.5	13.0931	693.4154	5.3625	1
82.6	13.0998	694.3059	5.3635	1
82.7	13.1064	695.1559	5.3484	1
82.8	13.1128	695.9955	5.332	1
82.9	13.1193	696.8136	5.3306	1
83	13.126	697.6498	5.3362	1
83.1	13.1328	698.4403	5.3391	1
83.2	13.1394	699.3343	5.346	1
83.3	13.1456	700.2607	5.3521	1
83.4	13.1517	701.0387	5.3451	1
83.5	13.1579	701.9035	5.346	1
83.6	13.1643	702.7053	5.3505	1
83.7	13.1704	703.4954	5.3537	1
83.8	13.1768	704.3208	5.3574	1
83.9	13.1834	705.1397	5.3591	1
84	13.1899	705.9806	5.3486	1
84.1	13.1965	706.7479	5.3514	1
84.2	13.2031	707.6337	5.3543	1
84.3	13.2094	708.547	5.3473	1
84.4	13.2159	709.3336	5.3397	1
84.5	13.2224	710.1682	5.3427	1
84.6	13.2289	711.0133	5.3516	1
84.7	13.2354	711.8075	5.3618	1
84.8	13.2417	712.6661	5.3631	1
84.9	13.2482	713.4015	5.3738	1
85	13.2549	714.3346	5.3812	1
85.1	13.2615	715.1179	5.3651	1
85.2	13.2679	715.9728	5.3481	1
85.3	13.2747	716.7486	5.3562	1
85.4	13.2814	717.6218	5.355	1
85.5	13.2879	718.4184	5.3568	1
85.6	13.2949	719.2342	5.3627	1
85.7	13.302	720.0484	5.3617	1
85.8	13.3089	720.8831	5.3634	1
85.9	13.3155	721.6862	5.364	1
86	13.3226	722.5575	5.3647	1
86.1	13.3297	723.4467	5.3664	1
86.2	13.3365	724.2194	5.3517	1
86.3	13.3432	725.0847	5.3448	1
86.4	13.3498	725.8919	5.3433	1
86.5	13.3566	726.742	5.3453	1
86.6	13.3635	727.6241	5.3549	1
86.7	13.3701	728.4964	5.3497	1
86.8	13.3766	729.235	5.3363	1
86.9	13.3832	730.068	5.3331	1
87	13.3899	730.9138	5.3392	1
87.1	13.3965	731.8381	5.3406	1
87.2	13.4029	732.6702	5.3448	1
87.3	13.4093	733.5381	5.3504	1
87.4	13.4156	734.3642	5.3503	1
87.5	13.4219	735.1553	5.3468	1
87.6	13.4283	736.002	5.3565	1
87.7	13.435	736.7767	5.3572	1
87.8	13.4417	737.6099	5.353	1
87.9	13.4484	738.3855	5.3515	1
88	13.455	739.2794	5.3503	1
88.1	13.462	740.0572	5.3543	1
88.2	13.4688	740.9068	5.3478	1
88.3	13.4758	741.7385	5.3423	1
88.4	13.4827	742.586	5.3455	1
88.5	13.4896	743.4064	5.3406	1
88.6	13.4964	744.2089	5.34	1
88.7	13.5029	745.0798	5.3345	1
88.8	13.5096	745.9203	5.3291	1
88.9	13.5164	746.7698	5.331	1
89	13.523	747.6514	5.3194	1
89.1	13.5293	748.4491	5.3121	1
89.2	13.5357	749.3455	5.3347	1
89.3	13.5422	750.1156	5.3444	1
89.4	13.5489	751.0225	5.34	1
89.5	13.5553	751.765	5.3565	1
89.6	13.5617	752.6593	5.3675	1
89.7	13.5682	753.5312	5.3626	1
89.8	13.5744	754.3882	5.3525	1
89.9	13.5805	755.2126	5.3509	1
90	13.5865	756.0591	5.3573	1
90.1	13.5927	756.9351	5.3584	1
90.2	13.5985	757.7204	5.3642	1
90.3	13.6045	758.5572	5.3639	1
90.4	13.6105	759.3611	5.358	1
90.5	13.6166	760.189	5.3556	1
90.6	13.6227	761.0848	5.351	1
90.7	13.6287	761.8723	5.346	1
90.8	13.6348	762.7175	5.341	1
90.9	13.6409	763.5653	5.342	1
91	13.6469	764.3947	5.3525	1
91.1	13.6532	765.206	5.3554	1
91.2	13.6595	766.0042	5.3459	1
91.3	13.6657	766.8292	5.3468	1
91.4	13.6719	767.7242	5.3412	1
91.5	13.678	768.5696	5.3403	1
91.6	13.684	769.3455	5.3426	1
91.7	13.6902	770.1077	5.3413	1
91.8	13.6963	771.093	5.3391	1
91.9	13.7023	771.9005	5.3541	1
92	13.7083	772.7257	5.3583	1
92.1	13.7142	773.5175	5.3534	1
92.2	13.7203	774.3558	5.3635	1
92.3	13.7264	775.2512	5.37	1
92.4	13.7326	776.0996	5.3539	1
92.5	13.7383	776.9213	5.3409	1
92.6	13.7442	777.731	5.3416	1
92.7	13.7501	778.5491	5.3434	1
92.8	13.7562	779.3569	5.3324	1
92.9	13.7622	780.1864	5.3386	1
93	13.7681	781.0911	5.3568	1
93.1	13.7741	781.8575	5.3578	1
93.2	13.7801	782.7504	5.3548	1
93.3	13.7862	783.5829	5.3511	1
93.4	13.7921	784.3195	5.3467	1
93.5	13.7982	785.1715	5.352	1
93.6	13.8042	786.0372	5.3441	1
93.7	13.8104	786.8836	5.3535	1
93.8	13.8165	787.7147	5.3768	1
93.9	13.8223	788.5575	5.3723	1
94	13.828	789.3514	5.3538	1
94.1	13.8341	790.2344	5.3552	1
94.2	13.8401	791.1237	5.3671	1
94.3	13.8457	792.002	5.3751	1
94.4	13.851	792.8564	5.3722	1
94.5	13.8564	793.6446	5.3679	1
94.6	13.8619	794.4845	5.3543	1
94.7	13.8675	795.3362	5.3557	1
94.8	13.8729	796.1008	5.3718	1
94.9	13.8787	796.907	5.3631	1
95	13.8843	797.7447	5.3436	1
95.1	13.8901	798.6026	5.3568	1
95.2	13.896	799.3664	5.3693	1
95.3	13.9019	800.2177	5.3763	1
95.4	13.908	801.0278	5.3758	1
95.5	13.9137	801.9256	5.3591	1
95.6	13.9195	802.7364	5.3524	1
95.7	13.9253	803.5057	5.3581	1
95.8	13.9312	804.3836	5.3565	1
95.9	13.9369	805.2243	5.37	1
96	13.9426	806.076	5.379	1
96.1	13.9486	806.9662	5.3791	1
96.2	13.9543	807.7193	5.376	1
96.3	13.96	808.5624	5.3886	1
96.4	13.966	809.3859	5.3781	1
96.5	13.9721	810.1802	5.3619	1
96.6	13.9782	810.9694	5.3647	1
96.7	13.984	811.8805	5.3537	1
96.8	13.9897	812.7851	5.3518	1
96.9	13.9953	813.5764	5.3613	1
97	14.0012	814.4333	5.3644	1
97.1	14.0069	815.2688	5.3734	1
97.2	14.0125	816.0949	5.3986	1
97.3	14.0179	816.9937	5.3799	1
97.4	14.0233	817.8465	5.3614	1
97.5	14.0289	818.5059	5.3654	1
97.6	14.0347	819.4185	5.3563	1
97.7	14.0403	820.3047	5.343	1
97.8	14.0458	821.1478	5.3489	1
97.9	14.0514	821.912	5.3502	1
98	14.0573	822.7495	5.3539	1
98.1	14.0631	823.5985	5.3612	1
98.2	14.0685	824.5283	5.3521	1
98.3	14.0739	825.2719	5.3562	1
98.4	14.0793	826.0729	5.3531	1
98.5	14.085	826.9502	5.3377	1
98.6	14.0906	827.7706	5.3318	1
98.7	14.0961	828.6904	5.3418	1
98.8	14.1015	829.5651	5.3476	1
98.9	14.1066	830.3357	5.3438	1
99	14.1116	831.1526	5.3449	1
99.1	14.1169	831.9821	5.3376	1
99.2	14.1224	832.7788	5.3405	1
99.3	14.1278	833.5565	5.3479	1
99.4	14.1333	834.4115	5.3327	1
99.5	14.1387	835.3208	5.3333	1
99.6	14.1441	836.0844	5.3345	1
99.7	14.1496	836.9276	5.3323	1
99.8	14.1553	837.8504	5.3325	1
99.9	14.1609	838.5659	5.3374	1
100	14.1667	839.3436	5.3322	1
100.1	14.1723	840.2853	5.3419	1
100.2	14.1778	841.0927	5.3385	1
100.3	14.1831	841.9105	5.3235	1
100.4	14.1886	842.814	5.3194	1
100.5	14.1941	843.6743	5.33	1
100.6	14.1997	844.395	5.3289	1
100.7	14.2052	845.2299	5.3227	1
100.8	14.2108	846.0481	5.3203	1
100.9	14.2164	846.9621	5.3318	1
101	14.222	847.7549	5.3315	1
101.1	14.2276	848.5547	5.3336	1
101.2	14.2332	849.4224	5.3464	1
101.3	14.2389	850.1612	5.3536	1
101.4	14.2447	851.034	5.3405	1
101.5	14.2506	851.9209	5.3348	1
101.6	14.2562	852.7587	5.348	1
101.7	14.2619	853.5385	5.3423	1
101.8	14.2679	854.3229	5.3437	1
101.9	14.2736	855.2579	5.3422	1
102	14.2791	856.1132	5.3339	1
102.1	14.2847	856.8853	5.3323	1
102.2	14.2905	857.7165	5.33	1
102.3	14.2963	858.5751	5.3409	1
102.4	14.3022	859.3674	5.356	1
102.5	14.3081	860.1642	5.3547	1
102.6	14.314	860.9918	5.3501	1
102.7	14.3197	861.8417	5.349	1
102.8	14.3255	862.6623	5.3355	1
102.9	14.3314	863.5331	5.3299	1
103	14.3372	864.4327	5.3445	1
103.1	14.3429	865.1955	5.3471	1
103.2	14.3489	866.001	5.3264	1
103.3	14.3549	866.8432	5.3186	1
103.4	14.3608	867.7028	5.3285	1
103.5	14.3665	868.5442	5.3324	1
103.6	14.3724	869.3732	5.3279	1
103.7	14.3784	870.1268	5.3286	1
103.8	14.3842	871.11	5.3304	1
103.9	14.3902	871.8669	5.3264	1
104	14.3962	872.6508	5.3276	1
104.1	14.4021	873.5349	5.3396	1
104.2	14.4078	874.3625	5.336	1
104.3	14.4134	875.2787	5.3395	1
104.4	14.4191	876.0514	5.3419	1
104.5	14.4249	876.8486	5.3333	1
104.6	14.4306	877.6687	5.3407	1
104.7	14.4363	878.5993	5.3537	1
104.8	14.442	879.4388	5.3584	1
104.9	14.4477	880.2065	5.3747	1
105	14.4534	881.1749	5.3993	1
105.1	14.4588	881.9551	5.3808	1
105.2	14.4642	882.7437	5.3623	1
105.3	14.4696	883.6885	5.3659	1
105.4	14.4747	884.5295	5.3782	1
105.5	14.4798	885.287	5.3753	1
105.6	14.4851	886.102	5.3765	1
105.7	14.4909	886.9041	5.3929	1
105.8	14.4964	887.7916	5.3966	1
105.9	14.5016	888.7141	5.3774	1
106	14.5067	889.5559	5.3802	1
106.1	14.5119	890.2588	5.3857	1
106.2	14.5172	891.0834	5.3769	1
106.3	14.5224	892.0336	5.3674	1
106.4	14.5277	892.9032	5.3726	1
106.5	14.533	893.5935	5.3809	1
106.6	14.5385	894.4128	5.3828	1
106.7	14.5439	895.3164	5.3744	1
106.8	14.5491	896.0872	5.3636	1
106.9	14.5547	896.9002	5.3575	1
107	14.5604	897.7553	5.361	1
107.1	14.5659	898.5522	5.3669	1
107.2	14.5716	899.3964	5.3591	1
107.3	14.5774	900.2097	5.3453	1
107.4	14.5832	901.0246	5.3494	1
107.5	14.5888	901.9204	5.3463	1
107.6	14.5944	902.6612	5.3559	1
107.7	14.6002	903.5599	5.3507	1
107.8	14.606	904.4252	5.3502	1
107.9	14.6117	905.2303	5.3675	1
108	14.6175	906.0377	5.3704	1
108.1	14.6235	906.76	5.3672	1
108.2	14.6293	907.733	5.3627	1
108.3	14.6351	908.5472	5.3576	1
108.4	14.6408	909.3141	5.3567	1
108.5	14.6466	910.1712	5.3511	1
108.6	14.6526	911.0384	5.3469	1
108.7	14.6584	911.8933	5.3579	1
108.8	14.6643	912.7541	5.3553	1
108.9	14.6701	913.4592	5.3313	1
109	14.6761	914.3213	5.3321	1
109.1	14.6822	915.207	5.3405	1
109.2	14.688	916.0045	5.3422	1
109.3	14.694	916.7967	5.3469	1
109.4	14.7002	917.6687	5.3491	1
109.5	14.7061	918.5532	5.3496	1
109.6	14.7119	919.4003	5.3489	1
109.7	14.7176	920.2428	5.3478	1
109.8	14.7231	921.0754	5.3449	1
109.9	14.7287	921.891	5.3633	1
110	14.7344	922.7773	5.3683	1
110.1	14.7399	923.5829	5.3629	1
110.2	14.7452	924.4111	5.3583	1
110.3	14.7505	925.2438	5.3684	1
110.4	14.7559	926.1334	5.3772	1
110.5	14.7613	927.0039	5.3783	1
110.6	14.7664	927.8323	5.3635	1
110.7	14.7715	928.6691	5.3522	1
110.8	14.7767	929.5055	5.3509	1
110.9	14.7818	930.3757	5.3531	1
111	14.787	931.2382	5.3577	1
111.1	14.792	931.9943	5.3691	1
111.2	14.7974	932.8153	5.3753	1
111.3	14.8027	933.5784	5.3771	1
111.4	14.8079	934.4632	5.3737	1
111.5	14.8133	935.284	5.3655	1
111.6	14.8188	936.0515	5.3695	1
111.7	14.8245	936.9319	5.3618	1
111.8	14.8302	937.714	5.3493	1
111.9	14.836	938.53	5.3427	1
112	14.8419	939.3468	5.3488	1
112.1	14.8479	940.1236	5.347	1
112.2	14.8539	941.0104	5.336	1
112.3	14.8596	941.9384	5.3293	1
112.4	14.8653	942.6839	5.3363	1
112.5	14.8711	943.5079	5.3421	1
112.6	14.8769	944.3836	5.3451	1
112.7	14.8827	945.1833	5.3337	1
112.8	14.8887	946.0615	5.3333	1
112.9	14.8943	946.9276	5.347	1
113	14.8998	947.724	5.3568	1
113.1	14.9055	948.5183	5.3495	1
113.2	14.911	949.4119	5.3442	1
113.3	14.9166	950.2032	5.3673	1
113.4	14.9224	951.0132	5.3683	1
113.5	14.9282	951.8391	5.353	1
113.6	14.9341	952.679	5.3605	1
113.7	14.9399	953.5461	5.3569	1
113.8	14.9457	954.398	5.3576	1
113.9	14.9515	955.157	5.36	1
114	14.9572	956.1004	5.3638	1
114.1	14.9628	956.8995	5.3593	1
114.2	14.9683	957.7535	5.347	1
114.3	14.974	958.5515	5.3446	1
114.4	14.9798	959.3748	5.3669	1
114.5	14.9856	960.2436	5.38	1
114.6	14.9915	960.9858	5.3701	1
114.7	14.9972	961.8376	5.3641	1
114.8	15.0029	962.6953	5.3602	1
114.9	15.0087	963.5558	5.3619	1
115	15.0145	964.3208	5.3619	1
115.1	15.0203	965.175	5.3701	1
115.2	15.0263	965.9822	5.3794	1
115.3	15.0321	966.8371	5.3818	1
115.4	15.038	967.7385	5.3827	1
115.5	15.0436	968.6279	5.3731	1
115.6	15.049	969.4719	5.3701	1
115.7	15.0542	970.2737	5.3594	1
115.8	15.0592	971.1758	5.358	1
115.9	15.0643	972.1148	5.3641	1
116	15.0691	972.8639	5.3639	1
116.1	15.0743	973.7207	5.3617	1
116.2	15.0794	974.4174	5.3498	1
116.3	15.0847	975.3011	5.3534	1
116.4	15.0904	976.1754	5.3649	1
116.5	15.0956	976.9341	5.3744	1
116.6	15.1008	977.863	5.3813	1
116.7	15.106	978.6291	5.3691	1
116.8	15.1111	979.4856	5.3688	1
116.9	15.1165	980.2938	5.3606	1
117	15.1216	981.1752	5.3469	1
117.1	15.1266	982.1196	5.3499	1
117.2	15.1316	982.7776	5.3424	1
117.3	15.1368	983.6543	5.3285	1
117.4	15.1422	984.4884	5.3366	1
117.5	15.1473	985.2282	5.3447	1
117.6	15.1524	986.2084	5.3406	1
117.7	15.1575	987.0013	5.3429	1
117.8	15.1622	987.9369	5.3581	1
117.9	15.1672	988.6847	5.3537	1
118	15.172	989.4939	5.3472	1
118.1	15.1768	990.4429	5.3444	1
118.2	15.1813	991.3022	5.34	1
118.3	15.1856	992.1906	5.3576	2
118.4	15.1902	992.8688	5.3582	2
118.5	15.1947	993.7683	5.3447	2
118.6	15.1997	994.5551	5.3444	2
118.7	15.2047	995.172	5.3422	2
118.8	15.2095	995.6361	5.3295	2
118.9	15.2138	995.8063	5.3199	2
119	15.2176	995.8749	5.3236	2
119.1	15.221	995.9185	5.3301	2
119.2	15.2245	995.8356	5.3394	2
119.3	15.228	995.9075	5.3479	2
119.4	15.2314	995.9467	5.3288	2
119.5	15.2347	995.9406	5.3309	2
119.6	15.2379	996.0141	5.3397	2
119.7	15.241	996.002	5.336	2
119.8	15.2438	995.9841	5.3435	2
119.9	15.2467	996.0104	5.3507	2
120	15.2495	996.0036	5.336	2
120.1	15.2521	996.034	5.3234	2
120.2	15.2547	996.0512	5.3288	2
120.3	15.2574	996.0908	5.3251	2
120.4	15.2596	996.1309	5.3257	2
120.5	15.2616	996.2105	5.3198	2
120.6	15.2635	996.1175	5.3235	2
120.7	15.2657	996.1077	5.3316	2
120.8	15.2678	996.18	5.3399	2
120.9	15.2697	996.1156	5.3452	2
121	15.272	996.1178	5.3476	2
121.1	15.2743	996.1191	5.3395	2
121.2	15.2762	996.1823	5.332	2
121.3	15.2777	996.2254	5.3188	2
121.4	15.2795	996.1495	5.3179	2
121.5	15.2815	996.1709	5.3372	2
121.6	15.2832	996.1979	5.3442	2
121.7	15.2848	996.226	5.3406	2
121.8	15.2866	996.2089	5.3417	2
121.9	15.2886	996.1	5.344	2
122	15.2904	996.2212	5.3441	2
122.1	15.2922	996.1606	5.3369	2
122.2	15.2941	996.1126	5.33	2
122.3	15.2959	996.1581	5.3434	2
122.4	15.2977	996.1715	5.358	2
122.5	15.2994	996.2072	5.3633	2
122.6	15.3012	996.1396	5.3574	2
122.7	15.3029	996.1053	5.3461	2
122.8	15.3047	996.2178	5.365	2
122.9	15.3065	996.1517	5.3851	2
123	15.3082	996.1883	5.3803	2
123.1	15.3099	996.189	5.3765	2
123.2	15.3114	996.1599	5.3707	2
123.3	15.3129	996.1894	5.3598	2
123.4	15.3147	996.1624	5.3607	2
123.5	15.3158	996.3103	5.3783	2
123.6	15.3168	996.2743	5.3779	2
123.7	15.3179	996.2085	5.3699	2
123.8	15.3192	996.2278	5.3694	2
123.9	15.3205	996.2746	5.369	2
124	15.3217	996.245	5.3655	2
124.1	15.323	996.1776	5.3647	2
124.2	15.3245	996.1762	5.3536	2
124.3	15.3259	996.1675	5.3469	2
124.4	15.3276	996.1269	5.3445	2
124.5	15.3292	996.1148	5.3368	2
124.6	15.3308	996.1429	5.3453	2
124.7	15.3323	996.2136	5.3385	2
124.8	15.3334	996.2628	5.3223	2
124.9	15.3346	996.2365	5.3239	2
125	15.3356	996.2689	5.3235	2
125.1	15.3366	996.221	5.3231	2
125.2	15.3376	996.2902	5.3301	2
125.3	15.3386	996.3239	5.3409	2
125.4	15.3393	996.3794	5.3603	2
125.5	15.3398	996.3417	5.3664	2
125.6	15.3405	996.2755	5.3771	2
125.7	15.3415	996.2084	5.3981	2
125.8	15.3425	996.1668	5.4043	2
125.9	15.3433	996.2752	5.3951	2
126	15.3445	996.1382	5.3929	2
126.1	15.3461	996.0753	5.3969	2
126.2	15.3478	996.1217	5.3803	2
126.3	15.3494	996.101	5.3833	2
126.4	15.3511	996.1271	5.3911	2
126.5	15.3529	996.0653	5.3793	2
126.6	15.3546	996.0899	5.3805	2
126.7	15.3563	996.1035	5.3842	2
126.8	15.3579	996.1263	5.3846	2
126.9	15.3592	996.1737	5.3813	2
127	15.3606	996.1876	5.3753	2
127.1	15.3618	996.1027	5.377	2
127.2	15.3633	996.1473	5.3844	2
127.3	15.3649	996.1315	5.3831	2
127.4	15.3663	996.1947	5.3797	2
127.5	15.3673	996.2374	5.3738	2
127.6	15.3682	996.3054	5.3481	2
127.7	15.3691	996.212	5.3352	2
127.8	15.3702	996.2262	5.3428	2
127.9	15.3713	996.2062	5.3499	2
128	15.3724	996.1908	5.3541	2
128.1	15.3734	996.1986	5.3468	2
128.2	15.3742	996.3214	5.3469	2
128.3	15.3751	996.2041	5.3575	2
128.4	15.3761	996.2703	5.3442	2
128.5	15.3769	996.2934	5.3373	2
128.6	15.3776	996.2397	5.3358	2
128.7	15.3784	996.289	5.3422	2
128.8	15.3791	996.3721	5.3407	2
128.9	15.3795	996.342	5.3417	2
129	15.3798	996.372	5.3681	2
129.1	15.3803	996.2916	5.3781	2
129.2	15.3807	996.3067	5.3677	2
129.3	15.3813	996.3717	5.3699	2
129.4	15.3821	996.2622	5.3672	2
129.5	15.383	996.2205	5.3673	2
129.6	15.384	996.1836	5.3655	2
129.7	15.3849	996.2522	5.3609	2
129.8	15.3858	996.2583	5.3635	2
129.9	15.3866	996.2834	5.3574	2
130	15.3875	996.2006	5.3465	2
130.1	15.3887	996.1154	5.3501	2
130.2	15.39	996.1625	5.3572	2
130.3	15.3913	996.1447	5.3505	2
130.4	15.3927	996.1595	5.3499	2
130.5	15.3939	996.1785	5.3487	2
130.6	15.3953	996.1393	5.3433	2
130.7	15.3963	996.2001	5.3463	2
130.8	15.3977	996.1609	5.3451	2
130.9	15.3993	996.0195	5.3584	2
131	15.401	996.1259	5.3501	2
131.1	15.4023	996.0327	5.3369	2
131.2	15.4037	996.1575	5.3458	2
131.3	15.4054	996.0607	5.3479	2
131.4	15.4069	996.146	5.348	2
131.5	15.4084	996.1439	5.3621	2
131.6	15.4094	996.2161	5.3675	2
131.7	15.4104	996.2105	5.3638	2
131.8	15.4116	996.0984	5.3615	2
131.9	15.4127	996.1091	5.3545	2
132	15.4137	996.239	5.3475	2
132.1	15.4147	996.219	5.339	2
132.2	15.4158	996.2359	5.3404	2
132.3	15.4168	996.0786	5.3478	2
132.4	15.418	996.1799	5.3502	2
132.5	15.4192	996.1962	5.355	2
132.6	15.4203	996.1871	5.3506	2
132.7	15.4215	996.1767	5.3508	2
132.8	15.4225	996.1408	5.334	2
132.9	15.4235	996.2372	5.3326	2
133	15.4247	996.1643	5.348	2
133.1	15.4257	996.1752	5.341	2
133.2	15.4266	996.19	5.3362	2
133.3	15.4275	996.2317	5.3502	2
133.4	15.4286	996.1962	5.3574	2
133.5	15.4297	996.1068	5.3511	2
133.6	15.4308	996.1955	5.3527	2
133.7	15.4319	996.1381	5.3466	2
133.8	15.4332	996.1081	5.3469	2
133.9	15.4345	996.1459	5.3428	2
134	15.4356	996.1168	5.3353	2
134.1	15.4367	996.1826	5.3406	2
134.2	15.4378	996.1688	5.3299	2
134.3	15.4391	996.0999	5.3238	2
134.4	15.4406	996.0529	5.3342	2
134.5	15.442	996.1674	5.3324	2
134.6	15.4431	996.1583	5.3311	2
134.7	15.4442	996.1951	5.3407	2
134.8	15.4453	996.1572	5.3459	2
134.9	15.446	996.202	5.3393	2
135	15.4467	996.2756	5.3333	2
135.1	15.4472	996.289	5.3318	2
135.2	15.4477	996.3567	5.3331	2
135.3	15.4479	996.3665	5.3268	2
135.4	15.4477	996.3824	5.3242	2
135.5	15.448	996.3259	5.3284	2
135.6	15.4486	996.1993	5.3358	2
135.7	15.4496	996.2195	5.3242	2
135.8	15.4504	996.1713	5.3161	2
135.9	15.4511	996.2884	5.3093	2
136	15.452	996.1812	5.3039	2
136.1	15.4533	996.1909	5.3225	2
136.2	15.4545	996.1828	5.3344	2
136.3	15.4554	996.1545	5.3328	2
136.4	15.4561	996.2327	5.3326	2
136.5	15.4569	996.1954	5.3276	2
136.6	15.4576	996.2203	5.3307	2
136.7	15.4585	996.2251	5.3396	2
136.8	15.4593	996.2026	5.3479	2
136.9	15.46	996.241	5.3381	2
137	15.4608	996.2339	5.3334	2
137.1	15.4612	996.3902	5.3445	2
137.2	15.4613	996.3629	5.3568	2
137.3	15.4616	996.2826	5.3641	2
137.4	15.4622	996.2603	5.3639	2
137.5	15.4626	996.2914	5.3509	2
137.6	15.4631	996.2266	5.3428	2
137.7	15.464	996.1644	5.3458	2
137.8	15.4652	996.1162	5.3506	2
137.9	15.4664	996.1047	5.3468	2
138	15.4676	996.1901	5.3485	2
138.1	15.4687	996.1794	5.3444	2
138.2	15.4696	996.1347	5.352	2
138.3	15.4703	996.2667	5.3609	2
138.4	15.4708	996.2922	5.3644	2
138.5	15.4712	996.2821	5.3571	2
138.6	15.4715	996.301	5.3551	2
138.7	15.4717	996.3088	5.353	2
138.8	15.4718	996.356	5.3518	2
138.9	15.4717	996.4287	5.347	2
139	15.4715	996.4043	5.3617	2
139.1	15.4713	996.4135	5.3779	2
139.2	15.4709	996.3992	5.3651	2
139.3	15.4706	996.4949	5.3501	2
139.4	15.4705	996.3483	5.3504	2
139.5	15.4707	996.304	5.3518	2
139.6	15.4708	996.3883	5.3558	2
139.7	15.4709	996.3459	5.364	2
139.8	15.4709	996.3744	5.372	2
139.9	15.4711	996.3056	5.3783	2
140	15.4715	996.2722	5.3809	2
140.1	15.4721	996.2065	5.3692	2
140.2	15.4726	996.2458	5.3668	2
140.3	15.473	996.287	5.3724	2
140.4	15.4732	996.2927	5.3748	2
140.5	15.4733	996.323	5.3665	2
140.6	15.4733	996.3784	5.3679	2
140.7	15.4734	996.3253	5.3579	2
140.8	15.4738	996.2539	5.3572	2
140.9	15.4744	996.2637	5.358	2
141	15.4749	996.2822	5.3451	2
141.1	15.475	996.3268	5.3441	2
141.2	15.4753	996.2197	5.3558	2
141.3	15.4757	996.2274	5.3558	2
141.4	15.4762	996.2617	5.3546	2
141.5	15.4765	996.2808	5.356	2
141.6	15.477	996.3111	5.3565	2
141.7	15.4774	996.2508	5.3505	2
141.8	15.4777	996.4003	5.3444	2
141.9	15.4777	996.2491	5.3462	2
142	15.4778	996.2856	5.3456	2
142.1	15.478	996.3848	5.3471	2
142.2	15.4779	996.4223	5.3523	2
142.3	15.4777	996.3868	5.3436	2
142.4	15.4775	996.326	5.3301	2
142.5	15.4775	996.3509	5.3329	2
142.6	15.4774	996.4124	5.3455	2
142.7	15.4772	996.4068	5.3449	2
142.8	15.4774	996.2743	5.3385	2
142.9	15.4777	996.3351	5.3378	2
143	15.4777	996.317	5.34	2
143.1	15.4776	996.2778	5.3268	2
143.2	15.4779	996.3136	5.3299	2
143.3	15.4781	996.2971	5.3224	2
143.4	15.4781	996.3887	5.3172	2
143.5	15.4782	996.314	5.3439	2
143.6	15.4783	996.3128	5.352	2
143.7	15.4786	996.3596	5.3555	2
143.8	15.4787	996.3027	5.345	2
143.9	15.4787	996.2649	5.3434	2
144	15.4791	996.2855	5.3459	2
144.1	15.4794	996.277	5.3472	2
144.2	15.4794	996.2993	5.3521	2
144.3	15.4796	996.2921	5.3478	2
144.4	15.4799	996.3174	5.336	2
144.5	15.4802	996.3436	5.3474	2
144.6	15.4804	996.2238	5.3666	2
144.7	15.4808	996.3233	5.372	2
144.8	15.4811	996.3019	5.3649	2
144.9	15.4811	996.3335	5.3689	2
145	15.481	996.3657	5.3626	2
145.1	15.4808	996.3219	5.3512	2
145.2	15.4808	996.3642	5.3491	2
145.3	15.4809	996.2736	5.3442	2
145.4	15.481	996.3698	5.3371	2
145.5	15.481	996.3174	5.3142	2
145.6	15.481	996.3369	5.3039	2
145.7	15.4809	996.383	5.313	2
145.8	15.4806	996.3852	5.3099	2
145.9	15.4803	996.3906	5.305	2
146	15.4802	996.388	5.313	2
146.1	15.48	996.4301	5.3145	2
146.2	15.4797	996.3854	5.3108	2
146.3	15.4797	996.3063	5.3131	2
146.4	15.4797	996.3365	5.2986	2
146.5	15.4797	996.424	5.3031	2
146.6	15.4794	996.4011	5.3115	2
146.7	15.4792	996.3257	5.318	2
146.8	15.4791	996.3816	5.3217	2
146.9	15.4788	996.417	5.3053	2
147	15.4784	996.3121	5.299	2
147.1	15.4785	996.3191	5.2995	2
147.2	15.4786	996.3111	5.3032	2
147.3	15.4785	996.3897	5.3103	2
147.4	15.4782	996.3781	5.3022	2
147.5	15.478	996.3792	5.278	2
147.6	15.4779	996.3597	5.28	2
147.7	15.4779	996.3878	5.2933	2
147.8	15.4779	996.3332	5.2987	2
147.9	15.4779	996.2666	5.3035	2
148	15.4781	996.3468	5.3162	2
148.1	15.4779	996.3823	5.3232	2
148.2	15.4776	996.3538	5.3256	2
148.3	15.4776	996.2339	5.3174	3
148.4	15.4779	996.2539	5.3155	3
148.5	15.478	996.2899	5.3078	3
148.6	15.4782	996.2397	5.301	3
148.7	15.4786	996.2122	5.2981	3
148.8	15.4786	995.7794	5.3018	3
148.9	15.4783	995.0438	5.3077	3
149	15.4783	994.1618	5.3091	3
149.1	15.4783	993.2902	5.3198	3
149.2	15.4782	992.4674	5.3407	3
149.3	15.4778	991.7314	5.3299	3
149.4	15.4773	990.929	5.314	3
149.5	15.477	990.0525	5.3278	3
149.6	15.4766	989.205	5.3389	3
149.7	15.4762	988.3571	5.3313	3
149.8	15.4758	987.5556	5.3343	3
149.9	15.4751	986.7019	5.3443	3
150	15.4746	985.9515	5.339	3
150.1	15.4739	985.1792	5.3231	3
150.2	15.4729	984.2636	5.3271	3
150.3	15.472	983.428	5.3271	3
150.4	15.4711	982.6219	5.3216	3
150.5	15.4702	981.8344	5.3238	3
150.6	15.4692	981.0303	5.3405	3
150.7	15.4677	980.303	5.3553	3
150.8	15.4663	979.366	5.3364	3
150.9	15.4652	978.5546	5.3258	3
151	15.4639	977.7596	5.3235	3
151.1	15.4624	976.9006	5.3318	3
151.2	15.4612	976.0566	5.3319	3
151.3	15.46	975.1976	5.3255	3
151.4	15.4586	974.3941	5.3237	3
151.5	15.4571	973.5798	5.3235	3
151.6	15.4557	972.7067	5.3163	3
151.7	15.4545	971.9321	5.3257	3
151.8	15.4527	971.1329	5.3346	3
151.9	15.4509	970.2764	5.3355	3
152	15.4493	969.4332	5.3252	3
152.1	15.4481	968.5888	5.327	3
152.2	15.4466	967.8191	5.3314	3
152.3	15.4449	966.9863	5.3321	3
152.4	15.443	966.1904	5.3392	3
152.5	15.4413	965.3638	5.3399	3
152.6	15.4395	964.44	5.3307	3
152.7	15.4376	963.6701	5.3296	3
152.8	15.4356	962.9307	5.3337	3
152.9	15.4337	961.9984	5.3122	3
153	15.4316	961.1808	5.2996	3
153.1	15.4294	960.4355	5.3026	3
153.2	15.4272	959.5799	5.3108	3
153.3	15.4251	958.7445	5.3213	3
153.4	15.4232	957.8522	5.3313	3
153.5	15.4213	956.9828	5.3286	3
153.6	15.419	956.3015	5.3246	3
153.7	15.4166	955.4134	5.3309	3
153.8	15.4144	954.5845	5.3222	3
153.9	15.4122	953.7272	5.3142	3
154	15.4098	952.9115	5.3117	3
154.1	15.4073	952.19	5.3079	3
154.2	15.4048	951.3337	5.3133	3
154.3	15.4023	950.4956	5.32	3
154.4	15.3994	949.7674	5.3314	3
154.5	15.3963	948.8689	5.3287	3
154.6	15.3932	948.071	5.3293	3
154.7	15.3902	947.2681	5.317	3
154.8	15.3869	946.4558	5.311	3
154.9	15.3838	945.6841	5.3083	3
155	15.3806	944.7424	5.3087	3
155.1	15.3774	943.8786	5.3204	3
155.2	15.3744	943.2291	5.3179	3
155.3	15.3711	942.3025	5.3002	3
155.4	15.3679	941.4884	5.2995	3
155.5	15.3649	940.5232	5.3089	3
155.6	15.3619	939.7596	5.3063	3
155.7	15.3589	938.9345	5.3091	3
155.8	15.3556	938.1068	5.312	3
155.9	15.3523	937.3489	5.323	3
156	15.3487	936.5247	5.3326	3
156.1	15.3451	935.7316	5.3248	3
156.2	15.3419	934.8879	5.3198	3
156.3	15.3387	934.037	5.3232	3
156.4	15.3349	933.3169	5.33	3
156.5	15.3308	932.4599	5.3167	3
156.6	15.3268	931.6886	5.3092	3
156.7	15.3228	930.746	5.3119	3
156.8	15.3191	929.9054	5.3085	3
156.9	15.3155	929.0133	5.3238	3
157	15.312	928.1965	5.3297	3
157.1	15.3084	927.3347	5.3279	3
157.2	15.3049	926.3806	5.3111	3
157.3	15.3016	925.5403	5.3027	3
157.4	15.2987	924.7706	5.3163	3
157.5	15.2955	924.0629	5.3188	3
157.6	15.2921	923.1536	5.3057	3
157.7	15.2884	922.3345	5.3137	3
157.8	15.2848	921.5324	5.3233	3
157.9	15.281	920.7235	5.3154	3
158	15.2773	919.8803	5.3055	3
158.1	15.2735	919.0829	5.3141	3
158.2	15.2696	918.2551	5.3079	3
158.3	15.2656	917.5394	5.3051	3
158.4	15.2617	916.5765	5.3144	3
158.5	15.2578	915.796	5.3127	3
158.6	15.2538	914.9816	5.3098	3
158.7	15.2498	914.0983	5.3176	3
158.8	15.2459	913.2822	5.3225	3
158.9	15.2419	912.4584	5.3243	3
159	15.2377	911.5554	5.3134	3
159.1	15.2337	910.7736	5.2949	3
159.2	15.2299	909.9419	5.29	3
159.3	15.2259	909.0929	5.2963	3
159.4	15.2219	908.2958	5.3013	3
159.5	15.218	907.3769	5.3046	3
159.6	15.2142	906.5532	5.2971	3
159.7	15.2106	905.7047	5.2918	3
159.8	15.2065	904.9124	5.2908	3
159.9	15.2025	904.1424	5.2932	3
160	15.1986	903.287	5.3023	3
160.1	15.1946	902.4937	5.3059	3
160.2	15.1906	901.5526	5.3112	3
160.3	15.1868	900.6734	5.3221	3
160.4	15.1831	899.9063	5.303	3
160.5	15.179	899.1085	5.2933	3
160.6	15.1749	898.2538	5.2926	3
160.7	15.1711	897.4154	5.2953	3
160.8	15.1673	896.6178	5.2978	3
160.9	15.1632	895.7929	5.2998	3
161	15.1591	894.9341	5.3186	3
161.1	15.1552	894.0648	5.3236	3
161.2	15.1513	893.2721	5.322	3
161.3	15.147	892.4794	5.3141	3
161.4	15.1427	891.7165	5.3147	3
161.5	15.1385	890.709	5.3207	3
161.6	15.1344	889.9373	5.3331	3
161.7	15.1302	889.254	5.3327	3
161.8	15.1258	888.3457	5.3187	3
161.9	15.1216	887.4983	5.3136	3
162	15.1176	886.6133	5.3014	3
162.1	15.1134	885.8083	5.3006	3
162.2	15.109	885.0206	5.3174	3
162.3	15.1047	884.1121	5.3186	3
162.4	15.1004	883.385	5.3217	3
162.5	15.0959	882.5806	5.3222	3
162.6	15.0912	881.7535	5.3198	3
162.7	15.0864	880.9842	5.3167	3
162.8	15.0814	880.0302	5.3118	3
162.9	15.0765	879.252	5.3171	3
163	15.0717	878.4827	5.3161	3
163.1	15.067	877.5705	5.3225	3
163.2	15.0622	876.805	5.3315	3
163.3	15.0576	875.9171	5.3252	3
163.4	15.0529	875.0719	5.3222	3
163.5	15.0484	874.2174	5.3201	3
163.6	15.0439	873.2837	5.3244	3
163.7	15.0396	872.4418	5.3249	3
163.8	15.0353	871.6965	5.3202	3
163.9	15.031	870.8175	5.3173	3
164	15.0267	870.117	5.3198	3
164.1	15.022	869.1782	5.3214	3
164.2	15.0173	868.3797	5.3187	3
164.3	15.0128	867.4969	5.334	3
164.4	15.0082	866.7364	5.3249	3
164.5	15.0037	865.8922	5.3118	3
164.6	14.999	865.0197	5.3145	3
164.7	14.9945	864.2402	5.3209	3
164.8	14.99	863.4251	5.335	3
164.9	14.9854	862.6186	5.332	3
165	14.9804	861.7145	5.3214	3
165.1	14.9756	860.9091	5.3169	3
165.2	14.9709	860.0756	5.3058	3
165.3	14.9662	859.2515	5.311	3
165.4	14.9613	858.516	5.3212	3
165.5	14.9563	857.6707	5.3303	3
165.6	14.9515	856.7679	5.3497	3
165.7	14.9467	855.9499	5.3561	3
165.8	14.9418	855.1186	5.3608	3
165.9	14.9369	854.2804	5.3688	3
166	14.9321	853.4683	5.3678	3
166.1	14.9274	852.6206	5.3629	3
166.2	14.9224	851.7514	5.3522	3
166.3	14.9175	850.9402	5.3443	3
166.4	14.9127	850.0352	5.3479	3
166.5	14.908	849.3015	5.3407	3
166.6	14.9031	848.4088	5.3233	3
166.7	14.8982	847.6044	5.3228	3
166.8	14.8935	846.7863	5.3268	3
166.9	14.8884	845.9496	5.323	3
167	14.8831	845.2408	5.3225	3
167.1	14.8778	844.35	5.3162	3
167.2	14.8728	843.472	5.3125	3
167.3	14.8676	842.6122	5.3184	3
167.4	14.8623	841.9622	5.3212	3
167.5	14.8567	841.1443	5.3155	3
167.6	14.8512	840.2013	5.3083	3
167.7	14.8461	839.3459	5.3159	3
167.8	14.8408	838.5593	5.312	3
167.9	14.8354	837.7265	5.3263	3
168	14.83	836.8177	5.3353	3
168.1	14.8247	835.9597	5.3324	3
168.2	14.8196	835.1492	5.3298	3
168.3	14.8143	834.3318	5.3199	3
168.4	14.8092	833.5726	5.3134	3
168.5	14.8041	832.6302	5.3063	3
168.6	14.799	831.7831	5.3086	3
168.7	14.7939	830.9714	5.3077	3
168.8	14.7888	830.2142	5.3007	3
168.9	14.7837	829.3049	5.3008	3
169	14.7785	828.5283	5.3104	3
169.1	14.7736	827.6585	5.3283	3
169.2	14.7684	826.7683	5.3407	3
169.3	14.7632	825.9336	5.3424	3
169.4	14.7581	825.1698	5.3397	3
169.5	14.753	824.4315	5.3401	3
169.6	14.7477	823.5705	5.3262	3
169.7	14.7421	822.7699	5.3301	3
169.8	14.7368	821.8594	5.3238	3
169.9	14.7316	820.9425	5.3138	3
170	14.7264	820.1249	5.3198	3
170.1	14.7212	819.4369	5.328	3
170.2	14.7161	818.4667	5.3243	3
170.3	14.7108	817.6989	5.3274	3
170.4	14.7058	816.8101	5.3171	3
170.5	14.7006	816.0304	5.317	3
170.6	14.6955	815.1534	5.3167	3
170.7	14.6904	814.2696	5.3207	3
170.8	14.6853	813.5692	5.3307	3
170.9	14.6801	812.5727	5.3217	3
171	14.6753	811.7187	5.3229	3
171.1	14.6705	810.963	5.3262	3
171.2	14.6656	810.0725	5.3209	3
171.3	14.6607	809.2824	5.3321	3
171.4	14.6557	808.5081	5.3425	3
171.5	14.6505	807.6711	5.3415	3
171.6	14.6456	806.7907	5.3437	3
171.7	14.6406	805.9287	5.3401	3
171.8	14.6357	805.1277	5.3333	3
171.9	14.6307	804.3393	5.3297	3
172	14.6257	803.4212	5.3266	3
172.1	14.6207	802.5149	5.3321	3
172.2	14.6158	801.8346	5.3311	3
172.3	14.6109	800.9888	5.3318	3
172.4	14.6059	800.0626	5.3301	3
172.5	14.6011	799.272	5.337	3
172.6	14.5962	798.4851	5.3418	3
172.7	14.5911	797.5756	5.3349	3
172.8	14.586	796.8569	5.3348	3
172.9	14.5809	796.0207	5.328	3
173	14.5754	795.231	5.3188	3
173.1	14.57	794.352	5.3312	3
173.2	14.5646	793.5438	5.3344	3
173.3	14.5593	792.662	5.3214	3
173.4	14.5541	791.805	5.3089	3
173.5	14.549	791.0244	5.3083	3
173.6	14.5438	790.1274	5.3138	3
173.7	14.5385	789.3418	5.3237	3
173.8	14.5334	788.5713	5.326	3
173.9	14.5279	787.7297	5.3261	3
174	14.5225	786.8679	5.3346	3
174.1	14.5171	786.0061	5.3398	3
174.2	14.5117	785.1966	5.3429	3
174.3	14.5065	784.3832	5.3361	3
174.4	14.5012	783.5095	5.3264	3
174.5	14.4959	782.655	5.3276	3
174.6	14.4907	781.855	5.3393	3
174.7	14.4853	781.0661	5.3391	3
174.8	14.4799	780.161	5.3352	3
174.9	14.4746	779.3668	5.3543	3
175	14.4696	778.4779	5.3565	3
175.1	14.4643	777.6274	5.342	3
175.2	14.459	776.8604	5.3369	3
175.3	14.4538	776.0373	5.339	3
175.4	14.4484	775.1405	5.3429	3
175.5	14.443	774.35	5.3529	3
175.6	14.4379	773.5144	5.3484	3
175.7	14.4325	772.6707	5.3537	3
175.8	14.4274	771.848	5.3585	3
175.9	14.4222	771.0379	5.3501	3
176	14.417	770.1352	5.3433	3
176.1	14.4117	769.3372	5.345	3
176.2	14.4065	768.5638	5.3457	3
176.3	14.4012	767.6573	5.3493	3
176.4	14.3963	766.7554	5.3553	3
176.5	14.3914	765.9501	5.3651	3
176.6	14.386	765.1985	5.3569	3
176.7	14.3808	764.303	5.357	3
176.8	14.3756	763.511	5.3681	3
176.9	14.3706	762.6874	5.3711	3
177	14.3651	761.8858	5.374	3
177.1	14.3598	760.9792	5.3569	3
177.2	14.3545	760.1348	5.3358	3
177.3	14.3491	759.3427	5.3264	3
177.4	14.3435	758.4473	5.3199	3
177.5	14.3383	757.6933	5.3296	3
177.6	14.333	756.8695	5.3511	3
177.7	14.3277	756.0458	5.3479	3
177.8	14.3223	755.1822	5.3397	3
177.9	14.3171	754.3347	5.3386	3
178	14.312	753.5038	5.3299	3
178.1	14.3066	752.6714	5.3258	3
178.2	14.3014	751.8798	5.3192	3
178.3	14.2962	750.9958	5.3352	3
178.4	14.291	750.0636	5.3408	3
178.5	14.2863	749.282	5.335	3
178.6	14.2815	748.3761	5.335	3
178.7	14.2769	747.5592	5.3342	3
178.8	14.2723	746.6853	5.3273	3
178.9	14.2678	745.8451	5.3378	3
179	14.2634	745.0767	5.3386	3
179.1	14.2587	744.1993	5.3333	3
179.2	14.254	743.3761	5.3199	3
179.3	14.2493	742.5061	5.3234	3
179.4	14.2447	741.6867	5.336	3
179.5	14.2399	740.8685	5.3307	3
179.6	14.2352	740.0697	5.318	3
179.7	14.2307	739.1544	5.3217	3
179.8	14.2261	738.397	5.3179	3
179.9	14.2219	737.5599	5.3147	3
180	14.2175	736.6754	5.3226	3
180.1	14.2129	735.7383	5.3201	3
180.2	14.2088	734.9429	5.3216	3
180.3	14.2048	734.0648	5.3211	3
180.4	14.2008	733.1892	5.3082	3
180.5	14.1969	732.3446	5.313	3
180.6	14.1929	731.6081	5.3282	3
180.7	14.1889	730.7966	5.3324	3
180.8	14.1848	729.9253	5.3354	3
180.9	14.1806	729.0694	5.3259	3
181	14.1767	728.2175	5.3166	3
181.1	14.1724	727.5205	5.3271	3
181.2	14.1678	726.6987	5.3388	3
181.3	14.163	725.8118	5.3418	3
181.4	14.1587	725.1191	5.3418	3
181.5	14.1541	724.228	5.3237	3
181.6	14.1493	723.3714	5.3203	3
181.7	14.1446	722.5903	5.3263	3
181.8	14.1397	721.7843	5.3289	3
181.9	14.1348	720.9929	5.3349	3
182	14.1299	720.1004	5.3275	3
182.1	14.1247	719.3337	5.328	3
182.2	14.1195	718.4873	5.3256	3
182.3	14.1145	717.6251	5.3142	3
182.4	14.1095	716.8219	5.311	3
182.5	14.1044	715.9538	5.312	3
182.6	14.0992	715.0973	5.315	3
182.7	14.0942	714.288	5.3189	3
182.8	14.0891	713.5276	5.3152	3
182.9	14.084	712.6784	5.3129	3
183	14.0793	711.7363	5.3234	3
183.1	14.0745	710.9497	5.319	3
183.2	14.0695	710.1924	5.3133	3
183.3	14.0639	709.3622	5.3137	3
183.4	14.0584	708.4253	5.3248	3
183.5	14.0533	707.6691	5.3229	3
183.6	14.0481	706.8851	5.3113	3
183.7	14.0428	705.9909	5.3116	3
183.8	14.0375	705.1246	5.324	3
183.9	14.032	704.3819	5.3261	3
184	14.0266	703.549	5.3235	3
184.1	14.0211	702.6115	5.3048	3
184.2	14.016	701.8441	5.3093	3
184.3	14.0109	701.0382	5.3257	3
184.4	14.0059	700.1645	5.3339	3
184.5	14.0006	699.2457	5.3322	3
184.6	13.9954	698.4846	5.3137	3
184.7	13.9904	697.6348	5.3254	3
184.8	13.9855	696.821	5.3471	3
184.9	13.9803	695.9969	5.3353	3
185	13.9748	695.1935	5.3252	3
185.1	13.9694	694.4001	5.3209	3
185.2	13.9639	693.5037	5.3191	3
185.3	13.9584	692.7709	5.3205	3
185.4	13.9528	691.8919	5.3154	3
185.5	13.9472	691.0139	5.3114	3
185.6	13.942	690.2268	5.3123	3
185.7	13.9367	689.3515	5.3201	3
185.8	13.9313	688.5664	5.3119	3
185.9	13.9257	687.6921	5.3093	3
186	13.9203	686.8746	5.3125	3
186.1	13.9148	686.0698	5.3152	3
186.2	13.909	685.3133	5.3252	3
186.3	13.9033	684.4691	5.3235	3
186.4	13.8976	683.5214	5.3101	3
186.5	13.8921	682.7927	5.2999	3
186.6	13.8866	681.9051	5.3151	3
186.7	13.8809	681.0483	5.312	3
186.8	13.8753	680.2309	5.2978	3
186.9	13.8697	679.4343	5.2932	3
187	13.8641	678.6221	5.301	3
187.1	13.8585	677.6334	5.3043	3
187.2	13.8532	676.8633	5.3064	3
187.3	13.8482	675.9605	5.3188	3
187.4	13.8429	675.2154	5.3119	3
187.5	13.8376	674.3684	5.3124	3
187.6	13.832	673.4284	5.3166	3
187.7	13.827	672.696	5.3149	3
187.8	13.8219	671.7817	5.3053	3
187.9	13.8169	670.9528	5.2958	3
188	13.8121	669.9737	5.3037	3
188.1	13.8072	669.1627	5.3118	3
188.2	13.8027	668.3363	5.3128	3
188.3	13.7982	667.575	5.3156	3
188.4	13.7933	666.7594	5.323	3
188.5	13.7884	665.8856	5.3405	3
188.6	13.7837	664.9693	5.3375	3
188.7	13.7789	664.1751	5.3153	3
188.8	13.7741	663.4092	5.3094	3
188.9	13.7692	662.738	5.3181	3
189	13.7641	661.7967	5.3204	3
189.1	13.7589	660.9549	5.3146	3
189.2	13.7539	660.1535	5.3105	3
189.3	13.7488	659.2867	5.3106	3
189.4	13.7437	658.408	5.318	3
189.5	13.7387	657.5984	5.3292	3
189.6	13.7336	656.7943	5.3272	3
189.7	13.7283	656.0451	5.312	3
189.8	13.7233	655.2004	5.313	3
189.9	13.7182	654.2851	5.3195	3
190	13.713	653.5169	5.3251	3
190.1	13.708	652.6664	5.3354	3
190.2	13.7029	651.783	5.3381	3
190.3	13.6978	650.9263	5.3316	3
190.4	13.6924	650.1995	5.3303	3
190.5	13.6869	649.4897	5.3261	3
190.6	13.6813	648.6248	5.3188	3
190.7	13.6755	647.6942	5.3296	3
190.8	13.6701	646.8707	5.3273	3
190.9	13.6647	645.9681	5.3091	3
191	13.6595	645.1624	5.3031	3
191.1	13.6546	644.1937	5.3021	3
191.2	13.6499	643.485	5.3013	3
191.3	13.6454	642.5508	5.3098	3
191.4	13.6405	641.7299	5.3138	3
191.5	13.6355	640.9435	5.3052	3
191.6	13.6306	640.056	5.3091	3
191.7	13.6255	639.3411	5.3344	3
191.8	13.6204	638.564	5.3395	3
191.9	13.6149	637.6777	5.3229	3
192	13.6094	636.9339	5.3221	3
192.1	13.6039	636.0644	5.3283	3
192.2	13.5985	635.1159	5.3198	3
192.3	13.5934	634.3283	5.3144	3
192.4	13.5881	633.4745	5.3265	3
192.5	13.5829	632.7082	5.3376	3
192.6	13.5775	631.8757	5.325	3
192.7	13.5717	631.145	5.3245	3
192.8	13.566	630.3142	5.3267	3
192.9	13.56	629.4763	5.3287	3
193	13.5539	628.6135	5.3231	3
193.1	13.5479	627.7437	5.3207	3
193.2	13.5419	627.0169	5.3107	3
193.3	13.5361	626.1264	5.3038	3
193.4	13.5302	625.2814	5.3139	3
193.5	13.5241	624.5462	5.3187	3
193.6	13.518	623.6769	5.33	3
193.7	13.5122	622.7672	5.324	3
193.8	13.5066	621.9242	5.3145	3
193.9	13.5012	621.0309	5.317	3
194	13.4957	620.1728	5.3151	3
194.1	13.4903	619.3593	5.3266	3
194.2	13.4848	618.4785	5.324	3
194.3	13.4795	617.6544	5.3237	3
194.4	13.4741	616.8752	5.331	3
194.5	13.4687	616.0371	5.3333	3
194.6	13.4632	615.2226	5.3292	3
194.7	13.4579	614.3823	5.3227	3
194.8	13.4521	613.5526	5.3228	3
194.9	13.4465	612.7266	5.3248	3
195	13.4409	611.9246	5.3402	3
195.1	13.4351	611.1674	5.3356	3
195.2	13.429	610.3922	5.3353	3
195.3	13.4227	609.6162	5.3419	3
195.4	13.4162	608.7866	5.3357	3
195.5	13.4098	607.8587	5.3323	3
195.6	13.4034	607.1087	5.3286	3
195.7	13.3968	606.2927	5.3247	3
195.8	13.3902	605.4007	5.3244	3
195.9	13.3841	604.5105	5.3328	3
196	13.3779	603.6756	5.3387	3
196.1	13.3715	602.8933	5.3406	3
196.2	13.3653	602.1202	5.3317	3
196.3	13.359	601.1981	5.3197	3
196.4	13.3527	600.3723	5.3223	3
196.5	13.3465	599.467	5.3282	3
196.6	13.3407	598.659	5.3279	3
196.7	13.3345	597.8275	5.3215	3
196.8	13.3285	596.9441	5.3238	3
196.9	13.3228	596.0827	5.3212	3
197	13.3172	595.2931	5.3334	3
197.1	13.3114	594.4271	5.3268	3
197.2	13.3056	593.5704	5.3257	3
197.3	13.3	592.717	5.3408	3
197.4	13.2939	591.9336	5.3473	3
197.5	13.288	591.102	5.3446	3
197.6	13.2824	590.2149	5.3451	3
197.7	13.2769	589.3728	5.3394	3
197.8	13.2713	588.6315	5.3296	3
197.9	13.2654	587.756	5.3375	3
198	13.2595	586.9624	5.35	3
198.1	13.2539	586.084	5.3741	3
198.2	13.2481	585.284	5.3863	3
198.3	13.2424	584.4325	5.3712	3
198.4	13.2366	583.583	5.3541	3
198.5	13.2309	582.7938	5.3548	3
198.6	13.225	581.9612	5.354	3
198.7	13.2188	581.1196	5.3464	3
198.8	13.2128	580.3261	5.3484	3
198.9	13.2066	579.5566	5.3414	3
199	13.2005	578.7389	5.3494	3
199.1	13.1941	577.8132	5.3442	3
199.2	13.1878	577.0695	5.3446	3
199.3	13.1814	576.2545	5.3594	3
199.4	13.1748	575.4594	5.3598	3
199.5	13.1683	574.5006	5.363	3
199.6	13.162	573.716	5.3712	3
199.7	13.1561	572.8524	5.3678	3
199.8	13.1497	572.0225	5.3718	3
199.9	13.1437	571.2507	5.38	3
200	13.1375	570.242	5.3771	3
200.1	13.1314	569.57	5.3527	3
200.2	13.1254	568.6464	5.346	3
200.3	13.119	567.8946	5.3559	3
200.4	13.113	567.0456	5.3639	3
200.5	13.1066	566.0941	5.3595	3
200.6	13.1003	565.5137	5.3548	3
200.7	13.094	564.5227	5.3646	3
200.8	13.0874	563.7996	5.3621	3
200.9	13.0813	562.9252	5.351	3
201	13.0748	562.0093	5.3481	3
201.1	13.0684	561.3034	5.353	3
201.2	13.0618	560.3493	5.3546	3
201.3	13.0551	559.6498	5.3623	3
201.4	13.0482	558.8868	5.3497	3
201.5	13.0409	557.9377	5.3336	3
201.6	13.0341	557.1799	5.3407	3
201.7	13.028	556.1817	5.3525	3
201.8	13.0219	555.2888	5.365	3
201.9	13.0161	554.5334	5.3669	3
202	13.0098	553.6877	5.3555	3
202.1	13.0036	552.9699	5.3586	3
202.2	12.9974	551.9309	5.3719	3
202.3	12.9912	551.155	5.3557	3
202.4	12.9851	550.3657	5.357	3
202.5	12.9788	549.5317	5.3706	3
202.6	12.9724	548.8036	5.3748	3
202.7	12.9658	547.9495	5.3768	3
202.8	12.9595	547.1091	5.3795	3
202.9	12.9533	546.1794	5.3842	3
203	12.9471	545.3546	5.3858	3
203.1	12.9411	544.4783	5.3712	3
203.2	12.9349	543.6708	5.365	3
203.3	12.9289	542.7761	5.3728	3
203.4	12.9232	541.8591	5.3721	3
203.5	12.9178	541.0561	5.3729	3
203.6	12.9123	540.2412	5.3685	3
203.7	12.9063	539.5035	5.3787	3
203.8	12.9007	538.6506	5.3793	3
203.9	12.8947	537.7058	5.3704	3
204	12.8888	536.9786	5.3742	3
204.1	12.8832	535.9966	5.3641	3
204.2	12.8774	535.24	5.3644	3
204.3	12.8721	534.3743	5.3699	3
204.4	12.8666	533.4117	5.355	3
204.5	12.8613	532.722	5.3512	3
204.6	12.8561	531.7912	5.3631	3
204.7	12.8504	531.0173	5.3728	3
204.8	12.8452	530.2719	5.3662	3
204.9	12.84	529.3086	5.367	3
205	12.835	528.5196	5.3699	3
205.1	12.8301	527.5327	5.3685	3
205.2	12.825	526.6707	5.3579	3
205.3	12.8201	526.0126	5.3563	3
205.4	12.8149	525.1319	5.3578	3
205.5	12.8096	524.3705	5.3613	3
205.6	12.8043	523.5623	5.3562	3
205.7	12.7988	522.5604	5.3599	3
205.8	12.7936	521.7683	5.3634	3
205.9	12.7883	520.9869	5.36	3
206	12.7827	520.15	5.3674	3
206.1	12.7773	519.3887	5.3689	3
206.2	12.7721	518.4533	5.3688	3
206.3	12.7666	517.7588	5.3764	3
206.4	12.7611	516.9418	5.3781	3
206.5	12.7555	516.0694	5.3792	3
206.6	12.7497	515.268	5.3885	3
206.7	12.7439	514.5248	5.394	3
206.8	12.7376	513.7451	5.3853	3
206.9	12.7314	512.9072	5.3773	3
207	12.7252	511.9901	5.3732	3
207.1	12.7192	511.2077	5.3646	3
207.2	12.7132	510.3366	5.3733	3
207.3	12.7071	509.4791	5.3686	3
207.4	12.7011	508.6594	5.3733	3
207.5	12.6951	507.8206	5.3726	3
207.6	12.6891	506.9647	5.3573	3
207.7	12.6832	506.147	5.3466	3
207.8	12.6773	505.3074	5.3511	3
207.9	12.6711	504.5341	5.355	3
208	12.6648	503.7302	5.3482	3
208.1	12.6586	502.852	5.3547	3
208.2	12.6524	502.0701	5.3607	3
208.3	12.6459	501.243	5.3537	3
208.4	12.6394	500.4474	5.3546	3
208.5	12.6329	499.6427	5.3561	3
208.6	12.6264	498.717	5.3486	3
208.7	12.6199	497.9384	5.3492	3
208.8	12.6133	497.0982	5.34	3
208.9	12.6067	496.261	5.3362	3
209	12.6003	495.5419	5.3511	3
209.1	12.5935	494.6344	5.3539	3
209.2	12.5864	493.7982	5.3469	3
209.3	12.5797	492.8862	5.3453	3
209.4	12.5728	492.2684	5.3572	3
209.5	12.5661	491.3542	5.3523	3
209.6	12.5594	490.3891	5.3456	3
209.7	12.5532	489.5592	5.3661	3
209.8	12.5469	488.6641	5.3772	3
209.9	12.5404	487.8934	5.3872	3
210	12.5338	487.1382	5.3911	3
210.1	12.5268	486.3214	5.3921	3
210.2	12.5196	485.5472	5.386	3
210.3	12.5126	484.6949	5.3711	3
210.4	12.5056	483.8311	5.3604	3
210.5	12.4986	483.0569	5.3437	3
210.6	12.4914	482.2178	5.3412	3
210.7	12.4841	481.419	5.3383	3
210.8	12.4768	480.5893	5.3417	3
210.9	12.4694	479.7478	5.3489	3
211	12.4623	478.8426	5.352	3
211.1	12.4555	477.9544	5.3429	3
211.2	12.449	477.119	5.3246	3
211.3	12.4422	476.3059	5.3295	3
211.4	12.4351	475.5296	5.3467	3
211.5	12.4281	474.6892	5.3647	3
211.6	12.4211	473.8725	5.3608	3
211.7	12.4139	473.0559	5.3603	3
211.8	12.4066	472.261	5.3522	3
211.9	12.3994	471.3841	5.3388	3
212	12.3921	470.6002	5.3448	3
212.1	12.3849	469.7485	5.3397	3
212.2	12.3775	468.9477	5.3375	3
212.3	12.3701	468.1415	5.3431	3
212.4	12.3625	467.3042	5.3488	3
212.5	12.3551	466.463	5.3601	3
212.6	12.3478	465.5914	5.3683	3
212.7	12.3403	464.7305	5.3603	3
212.8	12.333	463.8965	5.347	3
212.9	12.3259	463.0325	5.3483	3
213	12.3185	462.1801	5.3533	3
213.1	12.3111	461.4714	5.3404	3
213.2	12.3038	460.5953	5.3485	3
213.3	12.2966	459.7218	5.3636	3
213.4	12.2894	458.8857	5.3627	3
213.5	12.2822	458.0106	5.3652	3
213.6	12.2752	457.1896	5.3616	3
213.7	12.2683	456.3693	5.3567	3
213.8	12.261	455.5241	5.3658	3
213.9	12.254	454.7016	5.3553	3
214	12.2468	453.8873	5.3552	3
214.1	12.2397	453.0714	5.3519	3
214.2	12.2326	452.1937	5.342	3
214.3	12.2257	451.3195	5.3482	3
214.4	12.2187	450.5324	5.3604	3
214.5	12.2119	449.6259	5.3675	3
214.6	12.2051	448.7856	5.3601	3
214.7	12.1984	447.935	5.3561	3
214.8	12.1915	447.1613	5.3639	3
214.9	12.1846	446.3912	5.3674	3
215	12.1772	445.4964	5.3638	3
215.1	12.1702	444.6609	5.364	3
215.2	12.1634	443.8342	5.3686	3
215.3	12.1563	443.053	5.3781	3
215.4	12.1492	442.1402	5.3731	3
215.5	12.1425	441.2419	5.3624	3
215.6	12.1361	440.4159	5.3626	3
215.7	12.1298	439.5362	5.3629	3
215.8	12.1235	438.6425	5.3662	3
215.9	12.1176	437.7492	5.3571	3
216	12.1116	436.9863	5.3618	3
216.1	12.1054	436.2226	5.3619	3
216.2	12.0988	435.3496	5.3648	3
216.3	12.0925	434.5472	5.3581	3
216.4	12.0863	433.6795	5.3575	3
216.5	12.08	432.8628	5.3736	3
216.6	12.0736	432.0621	5.3885	3
216.7	12.0672	431.3013	5.3763	3
216.8	12.0605	430.4358	5.3719	3
216.9	12.0538	429.5979	5.3784	3
217	12.0473	428.7144	5.3793	3
217.1	12.0407	427.9497	5.375	3
217.2	12.0337	427.1538	5.3658	3
217.3	12.0267	426.391	5.3777	3
217.4	12.0194	425.5429	5.3748	3
217.5	12.012	424.7531	5.3737	3
217.6	12.0046	423.9293	5.3865	3
217.7	11.9971	423.1766	5.3706	3
217.8	11.9895	422.3069	5.3556	3
217.9	11.9823	421.4581	5.37	3
218	11.975	420.6009	5.377	3
218.1	11.9676	419.739	5.377	3
218.2	11.9603	418.8512	5.3767	3
218.3	11.9531	418.0491	5.3713	3
218.4	11.9461	417.1358	5.3762	3
218.5	11.939	416.3328	5.3848	3
218.6	11.9322	415.5373	5.3788	3
218.7	11.9251	414.7441	5.3823	3
218.8	11.9178	413.9575	5.3833	3
218.9	11.9105	413.0952	5.3951	3
219	11.9031	412.2906	5.4003	3
219.1	11.8956	411.4387	5.3875	3
219.2	11.888	410.5868	5.3817	3
219.3	11.8804	409.7726	5.3819	3
219.4	11.8729	408.9678	5.3804	3
219.5	11.8652	408.2074	5.3821	3
219.6	11.8576	407.3012	5.3691	3
219.7	11.8499	406.4539	5.3598	3
219.8	11.8423	405.6432	5.3641	3
219.9	11.8348	404.6987	5.3606	3
220	11.8276	403.8975	5.362	3
220.1	11.8205	403.1313	5.3685	3
220.2	11.8133	402.1955	5.3491	3
220.3	11.8059	401.3696	5.327	3
220.4	11.7986	400.5515	5.3119	3
220.5	11.7914	399.7746	5.3362	3
220.6	11.784	398.922	5.3486	3
220.7	11.7763	398.0605	5.3339	3
220.8	11.7683	397.4038	5.3337	3
220.9	11.7605	396.4636	5.3472	3
221	11.7529	395.6426	5.3631	3
221.1	11.7452	394.8498	5.3739	3
221.2	11.7372	393.9868	5.3814	3
221.3	11.7295	393.1538	5.3754	3
221.4	11.7217	392.3199	5.3692	3
221.5	11.7138	391.5414	5.3656	3
221.6	11.7059	390.6819	5.3711	3
221.7	11.6979	389.9333	5.3746	3
221.8	11.6899	389.1247	5.3743	3
221.9	11.6815	388.3108	5.3899	3
222	11.673	387.4694	5.3983	3
222.1	11.6646	386.6642	5.4039	3
222.2	11.6562	385.8499	5.41	3
222.3	11.6475	385.0689	5.4106	3
222.4	11.6388	384.1948	5.4	3
222.5	11.6302	383.2969	5.3849	3
222.6	11.6218	382.4475	5.3717	3
222.7	11.6132	381.6611	5.3749	3
222.8	11.6048	380.7996	5.3847	3
222.9	11.5966	379.9489	5.3813	3
223	11.5883	379.1175	5.3842	3
223.1	11.5799	378.2526	5.3802	3
223.2	11.5718	377.3794	5.3783	3
223.3	11.5641	376.494	5.3861	3
223.4	11.5562	375.6742	5.3863	3
223.5	11.548	374.8905	5.3742	3
223.6	11.5399	374.07	5.3614	3
223.7	11.5318	373.2492	5.365	3
223.8	11.5238	372.3339	5.3638	3
223.9	11.5159	371.4698	5.3692	3
224	11.5078	370.6728	5.3594	3
224.1	11.4999	369.8312	5.3555	3
224.2	11.4919	369.0562	5.3681	3
224.3	11.4836	368.2351	5.3683	3
224.4	11.4757	367.3805	5.3649	3
224.5	11.4676	366.5437	5.3556	3
224.6	11.4595	365.7516	5.3521	3
224.7	11.4515	364.895	5.3664	3
224.8	11.4436	363.9864	5.3514	3
224.9	11.4358	363.1849	5.3408	3
225	11.4278	362.3733	5.3338	3
225.1	11.4195	361.589	5.3441	3
225.2	11.4112	360.7581	5.3711	3
225.3	11.4031	359.887	5.3747	3
225.4	11.395	359.085	5.3582	3
225.5	11.3866	358.2955	5.3557	3
225.6	11.378	357.5548	5.3702	3
225.7	11.3693	356.6252	5.3895	3
225.8	11.3608	355.8011	5.3852	3
225.9	11.3525	355.0191	5.3838	3
226	11.3438	354.1331	5.3854	3
226.1	11.3352	353.2968	5.3733	3
226.2	11.3267	352.4452	5.3718	3
226.3	11.3181	351.6407	5.3744	3
226.4	11.3098	350.7585	5.3817	3
226.5	11.3015	349.9516	5.3916	3
226.6	11.293	349.1784	5.3911	3
226.7	11.2845	348.3464	5.3826	3
226.8	11.276	347.468	5.3834	3
226.9	11.2677	346.5081	5.3805	3
227	11.2599	345.7785	5.3861	3
227.1	11.2516	344.986	5.3859	3
227.2	11.2429	344.1987	5.3835	3
227.3	11.2342	343.3136	5.3781	3
227.4	11.2256	342.4284	5.383	3
227.5	11.2173	341.6035	5.3862	3
227.6	11.2091	340.7797	5.3817	3
227.7	11.2008	339.9365	5.3793	3
227.8	11.1924	339.1127	5.3833	3
227.9	11.1841	338.2416	5.3775	3
228	11.1759	337.3768	5.3733	3
228.1	11.1678	336.5427	5.377	3
228.2	11.1597	335.7324	5.3756	3
228.3	11.1516	334.9062	5.3707	3
228.4	11.1435	333.9944	5.3614	3
228.5	11.1354	333.1951	5.3664	3
228.6	11.1272	332.4365	5.387	3
228.7	11.1191	331.593	5.3807	3
228.8	11.1108	330.716	5.3654	3
228.9	11.1027	329.8575	5.3467	3
229	11.0946	329.104	5.3407	3
229.1	11.0862	328.3301	5.36	3
229.2	11.0776	327.4692	5.3717	3
229.3	11.0689	326.6209	5.3795	3
229.4	11.0604	325.7936	5.3857	3
229.5	11.052	324.9675	5.3964	3
229.6	11.0436	324.1767	5.3921	3
229.7	11.0349	323.3202	5.3825	3
229.8	11.0261	322.5174	5.3817	3
229.9	11.0175	321.5785	5.3757	3
230	11.0089	320.8377	5.3705	3
230.1	11.0002	320.0621	5.3759	3
230.2	10.9912	319.2356	5.3814	3
230.3	10.9822	318.3372	5.3945	3
230.4	10.9735	317.4558	5.3967	3
230.5	10.9647	316.7183	5.3753	3
230.6	10.9561	315.8795	5.3872	3
230.7	10.9475	314.9098	5.3992	3
230.8	10.939	314.1547	5.3953	3
230.9	10.9302	313.3852	5.3938	3
231	10.921	312.581	5.3924	3
231.1	10.912	311.7331	5.3851	3
231.2	10.9032	310.8857	5.3811	3
231.3	10.8944	310.049	5.3872	3
231.4	10.8857	309.1723	5.3829	3
231.5	10.8768	308.2883	5.3642	3
231.6	10.8682	307.4521	5.3512	3
231.7	10.8598	306.6617	5.3631	3
231.8	10.8513	305.7952	5.3805	3
231.9	10.8427	304.8803	5.3859	3
232	10.8345	304.0459	5.3823	3
232.1	10.8262	303.2598	5.379	3
232.2	10.8181	302.4506	5.3738	3
232.3	10.8102	301.505	5.3721	3
232.4	10.8023	300.6499	5.3802	3
232.5	10.7945	299.8202	5.3798	3
232.6	10.7864	299.0301	5.3725	3
232.7	10.7784	298.2398	5.3612	3
232.8	10.7702	297.4139	5.3716	3
232.9	10.7617	296.5477	5.3772	3
233	10.7533	295.7725	5.3715	3
233.1	10.7447	294.982	5.3661	3
233.2	10.736	294.1838	5.362	3
233.3	10.7275	293.2773	5.3649	3
233.4	10.7195	292.3725	5.3628	3
233.5	10.7111	291.544	5.3453	3
233.6	10.7026	290.8314	5.351	3
233.7	10.694	289.9374	5.3602	3
233.8	10.6855	289.1059	5.3604	3
233.9	10.6771	288.3016	5.3571	3
234	10.6684	287.5151	5.3484	3
234.1	10.66	286.6275	5.3436	3
234.2	10.6518	285.7124	5.3522	3
234.3	10.6436	284.8955	5.3597	3
234.4	10.6349	284.1711	5.3553	3
234.5	10.6261	283.3005	5.3401	3
234.6	10.6176	282.4901	5.3523	3
234.7	10.6091	281.7307	5.3544	3
234.8	10.5999	280.9098	5.3515	3
234.9	10.5907	280.1034	5.348	3
235	10.5817	279.215	5.3402	3
235.1	10.5727	278.4007	5.3405	3
235.2	10.5636	277.5868	5.3381	3
235.3	10.5547	276.6537	5.3265	3
235.4	10.5457	275.9233	5.3285	3
235.5	10.5364	275.1244	5.3383	3
235.6	10.5269	274.2884	5.3469	3
235.7	10.5175	273.4396	5.3391	3
235.8	10.5082	272.5995	5.3368	3
235.9	10.4985	271.8239	5.3385	3
236	10.4891	271.0749	5.3423	3
236.1	10.4798	270.1152	5.3507	3
236.2	10.4704	269.3049	5.3519	3
236.3	10.4612	268.4415	5.3512	3
236.4	10.4515	267.6643	5.3575	3
236.5	10.4422	266.8544	5.3548	3
236.6	10.4327	266.002	5.3616	3
236.7	10.4231	265.2079	5.3589	3
236.8	10.4134	264.3421	5.3478	3
236.9	10.4039	263.3673	5.3537	3
237	10.3948	262.5765	5.3651	3
237.1	10.3855	261.8093	5.3576	3
237.2	10.3758	261.0573	5.3508	3
237.3	10.3662	260.1545	5.3429	3
237.4	10.3566	259.3355	5.3432	3
237.5	10.347	258.5707	5.3562	3
237.6	10.3372	257.7001	5.3591	3
237.7	10.3275	256.8505	5.3539	3
237.8	10.3181	256.0004	5.356	3
237.9	10.3086	255.236	5.3636	3
238	10.2988	254.3544	5.3668	3
238.1	10.2889	253.5688	5.3533	3
238.2	10.2791	252.7684	5.3439	3
238.3	10.2689	251.9992	5.3401	3
238.4	10.2588	251.1376	5.3436	3
238.5	10.2487	250.239	5.3557	3
238.6	10.2388	249.4215	5.3509	3
238.7	10.2288	248.5526	5.3342	3
238.8	10.2187	247.7659	5.3306	3
238.9	10.2088	246.8914	5.3369	3
239	10.1988	246.0778	5.3383	3
239.1	10.189	245.183	5.3404	3
239.2	10.1794	244.3738	5.3471	3
239.3	10.17	243.5396	5.3614	3
239.4	10.1605	242.6237	5.3635	3
239.5	10.1507	241.7881	5.354	3
239.6	10.1414	240.8675	5.3584	3
239.7	10.1325	240.0992	5.3621	3
239.8	10.1232	239.3409	5.3569	3
239.9	10.1136	238.506	5.3538	3
240	10.1038	237.7056	5.3654	3
240.1	10.0941	236.8705	5.3625	3
240.2	10.0843	236.0171	5.3603	3
240.3	10.0746	235.2277	5.3493	3
240.4	10.0649	234.3507	5.344	3
240.5	10.0549	233.5976	5.3522	3
240.6	10.0449	232.812	5.3574	3
240.7	10.0345	231.9236	5.3564	3
240.8	10.0241	231.1899	5.3521	3
240.9	10.0137	230.4112	5.3541	3
241	10.0029	229.6498	5.3632	3
241.1	9.992	228.717	5.3605	3
241.2	9.9813	227.865	5.3586	3
241.3	9.9707	227.1001	5.3499	3
241.4	9.9598	226.2623	5.3476	3
241.5	9.9489	225.3574	5.3658	3
241.6	9.9385	224.5317	5.3658	3
241.7	9.928	223.6727	5.3648	3
241.8	9.9175	222.8826	5.3765	3
241.9	9.9068	222.0151	5.3783	3
242	9.8964	221.153	5.3761	3
242.1	9.8862	220.2903	5.3793	3
242.2	9.8755	219.5357	5.3816	3
242.3	9.8648	218.7169	5.3741	3
242.4	9.8543	217.8575	5.3761	3
242.5	9.8437	217.0646	5.3855	3
242.6	9.8326	216.2807	5.3827	3
242.7	9.8214	215.5025	5.3797	3
242.8	9.8102	214.5771	5.3726	3
242.9	9.7993	213.7443	5.3629	3
243	9.7883	212.9652	5.3699	3
243.1	9.777	212.1788	5.3653	3
243.2	9.7659	211.2985	5.3608	3
243.3	9.7549	210.453	5.3767	3
243.4	9.7439	209.5967	5.3782	3
243.5	9.733	208.7115	5.3701	3
243.6	9.7222	207.9	5.383	3
243.7	9.7113	207.0527	5.392	3
243.8	9.7006	206.2396	5.3797	3
243.9	9.6901	205.3679	5.3824	3
244	9.6792	204.5109	5.3835	3
244.1	9.6684	203.7447	5.384	3
244.2	9.6574	202.9331	5.3774	3
244.3	9.6463	202.1256	5.3841	3
244.4	9.6352	201.2942	5.3859	3
244.5	9.6239	200.4758	5.386	3
244.6	9.6126	199.6966	5.3903	3
244.7	9.6011	198.9232	5.394	3
244.8	9.5896	198.0347	5.3837	3
244.9	9.5782	197.2164	5.3669	3
245	9.5668	196.333	5.3689	3
245.1	9.5555	195.4654	5.3758	3
245.2	9.5444	194.5519	5.3672	3
245.3	9.5334	193.7644	5.3724	3
245.4	9.5225	192.9483	5.3813	3
245.5	9.5114	192.1183	5.3734	3
245.6	9.5003	191.2408	5.3761	3
245.7	9.4891	190.4065	5.3827	3
245.8	9.478	189.6063	5.3856	3
245.9	9.4669	188.8191	5.3848	3
246	9.4555	187.9795	5.3913	3
246.1	9.4441	187.2699	5.4174	3
246.2	9.4327	186.3568	5.4171	3
246.3	9.4213	185.5282	5.4222	3
246.4	9.4099	184.6479	5.4094	3
246.5	9.3984	183.8187	5.3927	3
246.6	9.3871	182.9517	5.3879	3
246.7	9.3761	182.0197	5.3671	3
246.8	9.3652	181.3494	5.3875	3
246.9	9.354	180.4834	5.4123	3
247	9.343	179.6235	5.4097	3
247.1	9.3318	178.8361	5.4044	3
247.2	9.3201	178.0053	5.4078	3
247.3	9.3088	177.1128	5.3993	3
247.4	9.2974	176.3462	5.3894	3
247.5	9.2857	175.5532	5.391	3
247.6	9.2741	174.6947	5.3871	3
247.7	9.2628	173.8686	5.3645	3
247.8	9.2514	173.0518	5.3591	3
247.9	9.2395	172.2041	5.3605	3
248	9.2277	171.4098	5.3709	3
248.1	9.2158	170.6228	5.3861	3
248.2	9.2035	169.8085	5.3919	3
248.3	9.1916	168.9982	5.3959	3
248.4	9.1796	168.1343	5.3934	3
248.5	9.1674	167.344	5.3936	3
248.6	9.1551	166.4874	5.3831	3
248.7	9.1431	165.6462	5.3794	3
248.8	9.131	164.8453	5.3955	3
248.9	9.1189	163.9825	5.3975	3
249	9.1071	163.0649	5.389	3
249.1	9.0954	162.2264	5.3777	3
249.2	9.0835	161.4025	5.3776	3
249.3	9.0718	160.5109	5.3867	3
249.4	9.0602	159.7058	5.3883	3
249.5	9.0484	158.9417	5.3909	3
249.6	9.0364	158.1397	5.4016	3
249.7	9.0246	157.2357	5.3963	3
249.8	9.0127	156.451	5.3849	3
249.9	9.0007	155.639	5.3798	3
250	8.9883	154.848	5.3908	3
250.1	8.9756	154.034	5.3989	3
250.2	8.9632	153.1538	5.3861	3
250.3	8.9509	152.3862	5.3678	3
250.4	8.9381	151.6558	5.355	3
250.5	8.9253	150.7563	5.3609	3
250.6	8.9129	149.8656	5.3688	3
250.7	8.9006	149.0808	5.3695	3
250.8	8.8877	148.286	5.3648	3
250.9	8.8751	147.39	5.3741	3
251	8.8627	146.5695	5.3797	3
251.1	8.8503	145.7045	5.3795	3
251.2	8.8381	144.8282	5.3764	3
251.3	8.8257	143.9964	5.3866	3
251.4	8.8134	143.143	5.4001	3
251.5	8.8012	142.2585	5.4016	3
251.6	8.789	141.5209	5.3926	3
251.7	8.7765	140.7769	5.3912	3
251.8	8.764	139.8643	5.3842	3
251.9	8.7516	138.9698	5.3881	3
252	8.7389	138.2638	5.4024	3
252.1	8.7258	137.3994	5.3968	3
252.2	8.7129	136.6576	5.3795	3
252.3	8.7002	135.8881	5.3647	3
252.4	8.6871	135.1107	5.3594	3
252.5	8.6736	134.222	5.3736	3
252.6	8.6601	133.3543	5.3779	3
252.7	8.647	132.5348	5.3749	3
252.8	8.6337	131.6837	5.3738	3
252.9	8.6204	130.9103	5.3667	3
253	8.6071	130.0176	5.3719	3
253.1	8.5937	129.2431	5.3733	3
253.2	8.5803	128.3662	5.3779	3
253.3	8.5669	127.5481	5.375	3
253.4	8.5536	126.7118	5.377	3
253.5	8.54	125.9143	5.3664	3
253.6	8.5262	125.1572	5.3584	3
253.7	8.5125	124.2782	5.3609	3
253.8	8.4991	123.3531	5.3712	3
253.9	8.4857	122.4957	5.3836	3
254	8.4727	121.5916	5.3756	3
254.1	8.4598	120.7343	5.3673	3
254.2	8.4469	119.9126	5.3626	3
254.3	8.434	119.1308	5.3637	3
254.4	8.4211	118.2602	5.3721	3
254.5	8.4082	117.4123	5.3758	3
254.6	8.3953	116.621	5.3833	3
254.7	8.3824	115.6742	5.3853	3
254.8	8.3702	114.7915	5.3849	3
254.9	8.3581	114.0096	5.3813	3
255	8.3456	113.1471	5.3651	3
255.1	8.3332	112.322	5.3483	3
255.2	8.3207	111.5427	5.3557	3
255.3	8.3082	110.686	5.3696	3
255.4	8.2958	109.8516	5.3766	3
255.5	8.2832	109.0344	5.3662	3
255.6	8.2705	108.1872	5.351	3
255.7	8.2581	107.3459	5.3393	3
255.8	8.2455	106.5025	5.3408	3
255.9	8.2332	105.6949	5.3413	3
256	8.2207	104.901	5.3539	3
256.1	8.2077	104.1605	5.3584	3
256.2	8.1946	103.3662	5.3587	3
256.3	8.1815	102.4734	5.3593	3
256.4	8.1683	101.6588	5.3571	3
256.5	8.155	100.8491	5.35	3
256.6	8.142	100.0254	5.3593	3
256.7	8.1286	99.192	5.3736	3
256.8	8.1153	98.3738	5.3701	3
256.9	8.1021	97.5271	5.3576	3
257	8.0888	96.7528	5.3567	3
257.1	8.0752	95.9184	5.3544	3
257.2	8.0614	95.1577	5.3465	3
257.3	8.0474	94.3897	5.3513	3
257.4	8.0329	93.6614	5.3627	3
257.5	8.0182	92.8963	5.3476	3
257.6	8.003	92.0941	5.3307	3
257.7	7.9875	91.3719	5.3402	3
257.8	7.9717	90.5885	5.3499	3
257.9	7.9554	89.7881	5.3642	3
258	7.9391	88.9588	5.3715	3
258.1	7.9231	88.1169	5.371	3
258.2	7.9067	87.3277	5.3562	3
258.3	7.89	86.4789	5.3564	3
258.4	7.8736	85.6024	5.3582	3
258.5	7.8573	84.827	5.3448	3
258.6	7.8412	83.9359	5.3344	3
258.7	7.825	83.0566	5.3343	3
258.8	7.8091	82.1959	5.3491	3
258.9	7.7932	81.4153	5.3668	3
259	7.7767	80.6411	5.3691	3
259.1	7.7602	79.8213	5.3541	3
259.2	7.7438	78.9369	5.3617	3
259.3	7.7274	78.0798	5.3706	3
259.4	7.7109	77.232	5.3537	3
259.5	7.6944	76.4347	5.3479	3
259.6	7.6783	75.5604	5.3408	3
259.7	7.6622	74.7242	5.3409	3
259.8	7.646	73.9246	5.3424	3
259.9	7.6298	73.0381	5.345	3
260	7.6137	72.1807	5.3442	3
260.1	7.5978	71.3635	5.3493	3
260.2	7.582	70.4523	5.3491	3
260.3	7.5662	69.6708	5.3529	3
260.4	7.5504	68.7847	5.3603	3
260.5	7.5347	67.9701	5.3644	3
260.6	7.5188	67.1909	5.3617	3
260.7	7.5027	66.4082	5.3722	3
260.8	7.4866	65.5449	5.3697	3
260.9	7.4704	64.646	5.3556	3
261	7.4544	63.7783	5.3587	3
261.1	7.4386	62.996	5.363	3
261.2	7.4228	62.1262	5.3523	3
261.3	7.4068	61.3433	5.3569	3
261.4	7.3906	60.4675	5.3536	3
261.5	7.3746	59.5836	5.3535	3
261.6	7.3588	58.8607	5.3493	3
261.7	7.3429	58.0978	5.3479	3
261.8	7.3267	57.2013	5.348	3
261.9	7.3109	56.2871	5.3459	3
262	7.2953	55.4303	5.3582	3
262.1	7.2794	54.6223	5.365	3
262.2	7.2637	53.7334	5.3586	3
262.3	7.2482	52.8893	5.3515	3
262.4	7.2331	52.0888	5.3515	3
262.5	7.2181	51.3152	5.3558	3
262.6	7.2026	50.5231	5.3514	3
262.7	7.1864	49.7522	5.3495	3
262.8	7.1701	48.959	5.3521	3
262.9	7.1534	48.1706	5.3499	3
263	7.1367	47.2917	5.3587	3
263.1	7.12	46.4679	5.3665	3
263.2	7.1034	45.6706	5.3699	3
263.3	7.0867	44.8223	5.3862	3
263.4	7.0699	44.003	5.3842	3
263.5	7.0531	43.1503	5.3643	3
263.6	7.0366	42.2237	5.3639	3
263.7	7.0199	41.5261	5.3673	3
263.8	7.0029	40.761	5.364	3
263.9	6.9857	39.9022	5.372	3
264	6.9682	39.1657	5.3701	3
264.1	6.9507	38.2742	5.3598	3
264.2	6.933	37.5672	5.3636	3
264.3	6.915	36.8016	5.3713	3
264.4	6.8968	35.9805	5.3681	3
264.5	6.8783	35.1538	5.3682	3
264.6	6.8599	34.2831	5.3607	3
264.7	6.8414	33.5597	5.3522	3
264.8	6.8228	32.7861	5.3459	3
264.9	6.8038	31.9495	5.3466	3
265	6.7848	31.1888	5.3479	3
265.1	6.7654	30.3915	5.3533	3
265.2	6.7458	29.5524	5.3592	3
265.3	6.7259	28.7563	5.3442	3
265.4	6.706	27.912	5.3466	3
265.5	6.686	27.1487	5.3487	3
265.6	6.6661	26.3796	5.3456	3
265.7	6.6458	25.4889	5.3513	3
265.8	6.6256	24.612	5.3468	3
265.9	6.6054	23.8174	5.3371	3
266	6.5853	23.0086	5.3487	3
266.1	6.565	22.1598	5.3315	3
266.2	6.5448	21.3494	5.3356	3
266.3	6.5242	20.5527	5.3535	3
266.4	6.5035	19.74	5.3555	3
266.5	6.4826	18.9523	5.353	3
266.6	6.4615	18.1367	5.3454	3
266.7	6.4404	17.3183	5.3383	3
266.8	6.419	16.5633	5.3284	3
266.9	6.3976	15.7266	5.3134	3
267	6.3764	14.8517	5.3211	3
267.1	6.3549	14.0261	5.3363	3
267.2	6.3334	13.2427	5.351	3
267.3	6.3117	12.4263	5.3516	3
267.4	6.2899	11.6135	5.3485	3
267.5	6.2682	10.7351	5.3547	3
267.6	6.2465	9.9665	5.3522	3
267.7	6.2244	9.1618	5.3487	3
267.8	6.2021	8.3375	5.3415	3
267.9	6.1797	7.5462	5.351	3
268	6.1573	6.7767	5.3441	3
268.1	6.1345	6.0184	5.3519	3
268.2	6.1116	5.166	5.3512	3
268.3	6.0884	4.342	5.349	3
268.4	6.0652	3.5528	5.3527	4
268.5	6.0421	2.7448	5.3532	4
268.6	6.0196	2.2485	5.3519	4
268.7	5.987	-2.7069	5.3515	4
268.8	5.8362	-38.0229	5.3582	4
268.9	5.4891	-83.9824	5.3598	4
269	5.0506	-101.6942	5.3577	4
269.1	4.5844	-105.6714	5.3466	4
269.2	4.1054	-106.643	5.3457	4
269.3	3.6185	-106.3576	5.3489	4
269.4	3.1265	-105.5018	5.3598	4
269.5	2.6308	-104.3551	5.3717	4
269.6	2.1316	-101.9774	5.3639	4
269.7	1.6289	-98.3529	5.3467	4
269.8	1.123	-93.6646	5.3397	4
269.9	0.6151	-88.4079	5.3388	4
270	0.106	-83.2522	5.3378	4
270.1	-0.404	-78.5528	5.3481	4
270.2	-0.9146	-74.6334	5.3668	4
270.3	-1.4267	-70.8774	5.3628	4
270.4	-1.9404	-66.3248	5.3648	4
270.5	-2.4562	-60.6335	5.3641	4
270.6	-2.9732	-54.9336	5.3566	4
270.7	-3.49	-50.3323	5.3582	4
270.8	-4.0068	-46.6722	5.3493	4
270.9	-4.5236	-43.564	5.3405	4
271	-5.0406	-41.0045	5.3507	4
271.1	-5.5579	-39.0498	5.3492	4
271.2	-6.0753	-37.4497	5.3451	4
271.3	-6.5932	-36.2181	5.3499	4
271.4	-7.1111	-35.1133	5.3544	4
271.5	-7.6286	-34.3218	5.3558	4
271.6	-8.1458	-33.498	5.3538	4
271.7	-8.663	-32.7522	5.3437	4
271.8	-9.1813	-32.1411	5.343	4
271.9	-9.6604	-31.5046	5.3522	4
272	-9.9841	-30.6339	5.3491	4
272.1	-10.1891	-29.9927	5.3506	4
272.2	-10.3701	-29.6184	5.3451	4
272.3	-10.5439	-29.4509	5.3429	4
272.4	-10.713	-29.3297	5.3542	4
272.5	-10.8793	-29.1047	5.3624	4
272.6	-11.044	-28.8902	5.3497	4
272.7	-11.2075	-28.7144	5.3409	4
272.8	-11.3701	-28.4998	5.3382	4
272.9	-11.5321	-28.3918	5.3375	4
273	-11.6936	-28.1802	5.3372	4
273.1	-11.8545	-28.0458	5.3314	4
273.2	-12.015	-27.9541	5.3158	4
273.3	-12.1753	-27.9425	5.3262	4
