Indentation

 + Advanced

+ Advanced
   Acquisition rate :	10.0 [Hz]
   Linear loading
   Max load :	1000.00 	µN
   Loading rate :	500.00 	µN/min
   Unloading rate :	500.00 	µN/min
   Pause :	30.0 s

+ TTX - UNHT Bio S/N: 1000136751 settings
   Fn contact : 25 µN
   Approach distance : 20 µm
   Approach speed : 100 µm/min
   Retract speed : 200 µm/min
   Retract time : 5 sec
   Dz sensor in large range
   Load in fine range
   FnRef in fine range
   FnRef contactload :500.000 µN
   Stiffness threshold : 1 µN/µm

   X Position :9440.60 µm
   Y Position :37137.13 µm
   Z Position :8084.48 µm

Date :6/9/2026
Time :8:13:18 AM

Analysis n # 1

   Method :	Hertz

 + Parameters

  Load Fit [10%,98%]

 + Main results

   EHz=	1046 	kPa

 + Hypothesis


 + Additional results

   ErHz=	1149.43 kPa
   h offset=	17.23 µm
   R2=	1.00

Analysis n # 2

   Method :	Oliver & Pharr

 + Parameters

  Unload Fit [40%,98%]

 + Main results

   HIT=	13.676 	kPa
   EIT=	697.83 	kPa
   E*=	766.84 	kPa

 + Hypothesis

   !!! Indenter not calibrated !!!
   m out of O&P hypothesis
   Poisson's ratio(nu)=	0.30 

 + Additional results

   HVIT=	0.0013941 	 Vickers
   CIT 0.001/120/30=	1.26 	%
   nIT=	75.20 %
   Fmax=	998.60 	µN
   hmax=	26.91 	µm
   S=	233.8154 	µN/µm
   F/S²=	0.0183 	µm²/µN
   hc=	23.81 	µm
   hr=	22.64 	µm
   hp=	7.74 	µm
   m=	4.4891 
   Epsilon=	0.73 
   R2=	0.999
   Ap=	73016.85 	µm²
   Welast=	3037.85 pJ
   Wplast=	1001.74 pJ
   Wtotal=	4039.60 pJ
   Er=	766.84 	kPa

Measured values
Time (s)	Pd (µm)	Fn (µN)	FnRef (µN)	SegmentID

0	0	0	5.1796	0
0.1	0.1495	0.0096	5.186	0
0.2	0.299	0.0196	5.209	0
0.3	0.4883	0.143	5.2179	0
0.4	0.8321	0.1921	5.2091	0
0.5	1.2833	0.3343	5.2069	0
0.6	1.7402	0.304	5.2099	0
0.7	2.1857	0.3776	5.1982	0
0.8	2.6179	0.4287	5.1946	0
0.9	3.0366	0.4558	5.201	0
1	3.4427	0.5375	5.1923	0
1.1	3.836	0.6233	5.1857	0
1.2	4.2169	0.711	5.1945	0
1.3	4.5855	0.6854	5.2027	0
1.4	4.9429	0.6216	5.1979	0
1.5	5.2889	0.7358	5.1952	0
1.6	5.6239	0.885	5.1984	0
1.7	5.9495	0.8696	5.1956	0
1.8	6.2654	0.924	5.1854	0
1.9	6.5722	0.9353	5.1819	0
2	6.8706	1.0822	5.1837	0
2.1	7.1609	1.1676	5.1979	0
2.2	7.4436	1.0969	5.2005	0
2.3	7.7188	1.2761	5.2074	0
2.4	7.987	1.2377	5.1908	0
2.5	8.2477	1.3039	5.176	0
2.6	8.5038	1.3365	5.1906	0
2.7	8.7542	1.3372	5.1986	0
2.8	8.9988	1.3777	5.1929	0
2.9	9.2379	1.3125	5.1817	0
3	9.472	1.3861	5.184	0
3.1	9.7025	1.3945	5.1928	0
3.2	9.929	1.4331	5.1858	0
3.3	10.1512	1.5213	5.1981	0
3.4	10.3697	1.5302	5.2144	0
3.5	10.5851	1.5017	5.211	0
3.6	10.7971	1.6037	5.1998	0
3.7	11.0064	1.6073	5.2027	0
3.8	11.2131	1.6516	5.2179	0
3.9	11.417	1.5983	5.2185	0
4	11.6183	1.7356	5.2094	0
4.1	11.8174	1.8154	5.1922	0
4.2	12.014	1.8579	5.2043	0
4.3	12.2089	2.0293	5.2103	0
4.4	12.4023	2.1706	5.2091	0
4.5	12.5939	2.3401	5.2279	0
4.6	12.7839	2.5555	5.2344	0
4.7	12.9717	2.819	5.228	1
4.8	13.1582	3.2512	5.2221	1
4.9	13.3439	3.716	5.2182	1
5	13.5292	4.1609	5.2161	1
5.1	13.6981	4.6142	5.2176	1
5.2	13.7986	4.7551	5.2112	1
5.3	13.844	4.6815	5.2053	1
5.4	13.8809	4.7681	5.2099	1
5.5	13.9166	4.9268	5.207	1
5.6	13.9526	5.0202	5.2142	1
5.7	13.9899	5.1552	5.2285	1
5.8	14.0287	5.3172	5.2359	1
5.9	14.0698	5.5192	5.228	1
6	14.113	5.7012	5.2188	1
6.1	14.1587	5.8758	5.2065	1
6.2	14.2069	6.1371	5.2073	1
6.3	14.2577	6.3167	5.2076	1
6.4	14.3109	6.6426	5.2076	1
6.5	14.3665	6.9394	5.217	1
6.6	14.4249	7.1911	5.2219	1
6.7	14.4861	7.5522	5.2174	1
6.8	14.5496	7.9197	5.2174	1
6.9	14.6155	8.3122	5.2255	1
7	14.6835	8.8802	5.224	1
7.1	14.7535	9.3088	5.2182	1
7.2	14.8251	9.8828	5.2253	1
7.3	14.8982	10.5273	5.2191	1
7.4	14.9729	11.1497	5.212	1
7.5	15.0488	11.8127	5.2278	1
7.6	15.1257	12.5138	5.2356	1
7.7	15.2033	13.2945	5.2214	1
7.8	15.2816	14.1139	5.2297	1
7.9	15.3601	14.932	5.2465	1
8	15.4388	15.7964	5.2325	1
8.1	15.5176	16.6211	5.2264	1
8.2	15.5961	17.5817	5.2158	1
8.3	15.6742	18.6065	5.2132	1
8.4	15.7516	19.736	5.2167	1
8.5	15.8274	20.8396	5.2107	1
8.6	15.9017	21.9656	5.2052	1
8.7	15.9748	23.0883	5.208	1
8.8	16.0468	24.1142	5.2131	1
8.9	16.1177	25.1587	5.2058	1
9	16.1872	26.3171	5.2034	1
9.1	16.2553	27.4806	5.1993	1
9.2	16.3217	28.589	5.1967	1
9.3	16.3867	29.6426	5.2041	1
9.4	16.4505	30.8157	5.219	1
9.5	16.5124	31.9786	5.2285	1
9.6	16.5719	33.1581	5.2284	1
9.7	16.6298	34.2658	5.2245	1
9.8	16.6865	35.4127	5.2242	1
9.9	16.7413	36.5524	5.2195	1
10	16.7944	37.7234	5.2211	1
10.1	16.8458	38.8204	5.2071	1
10.2	16.8956	39.9098	5.1938	1
10.3	16.944	41.0354	5.1914	1
10.4	16.9907	42.0882	5.1948	1
10.5	17.0365	43.1531	5.2018	1
10.6	17.0806	44.2227	5.2005	1
10.7	17.1234	45.2072	5.2042	1
10.8	17.1654	46.2384	5.2133	1
10.9	17.2062	47.275	5.2126	1
11	17.2459	48.2989	5.2037	1
11.1	17.2843	49.313	5.1931	1
11.2	17.3218	50.2772	5.1835	1
11.3	17.3583	51.2921	5.1877	1
11.4	17.3937	52.2574	5.1792	1
11.5	17.4288	53.2088	5.187	1
11.6	17.4629	54.2387	5.2022	1
11.7	17.4959	55.1953	5.2009	1
11.8	17.5281	56.1565	5.2124	1
11.9	17.5597	57.073	5.2058	1
12	17.5905	57.995	5.1931	1
12.1	17.621	58.8633	5.2059	1
12.2	17.6507	59.8459	5.2108	1
12.3	17.6801	60.717	5.2135	1
12.4	17.7091	61.5678	5.2191	1
12.5	17.7377	62.4676	5.2131	1
12.6	17.7658	63.3839	5.2097	1
12.7	17.7935	64.2356	5.2175	1
12.8	17.8207	65.1292	5.2138	1
12.9	17.8476	66.0175	5.1919	1
13	17.8743	66.8977	5.1997	1
13.1	17.9004	67.857	5.2147	1
13.2	17.9261	68.6862	5.2203	1
13.3	17.9515	69.5971	5.2278	1
13.4	17.9765	70.4744	5.2358	1
13.5	18.0014	71.354	5.2274	1
13.6	18.026	72.2257	5.2287	1
13.7	18.0502	73.0107	5.2103	1
13.8	18.0744	73.8922	5.2031	1
13.9	18.0984	74.7531	5.2117	1
14	18.1223	75.6265	5.2121	1
14.1	18.1462	76.4114	5.2191	1
14.2	18.1704	77.2898	5.2193	1
14.3	18.1939	78.1283	5.2121	1
14.4	18.2172	78.9419	5.2118	1
14.5	18.2407	79.7756	5.2127	1
14.6	18.2643	80.637	5.2051	1
14.7	18.2878	81.5015	5.2043	1
14.8	18.3107	82.4189	5.2091	1
14.9	18.3333	83.2696	5.2147	1
15	18.3558	84.1239	5.2044	1
15.1	18.3781	85.0024	5.2135	1
15.2	18.4005	85.8464	5.2246	1
15.3	18.4227	86.6289	5.2143	1
15.4	18.4449	87.4585	5.203	1
15.5	18.4674	88.2786	5.2045	1
15.6	18.49	89.0338	5.2121	1
15.7	18.5129	89.7832	5.2136	1
15.8	18.5359	90.5712	5.2136	1
15.9	18.5589	91.5187	5.2009	1
16	18.5813	92.4399	5.1959	1
16.1	18.6032	93.3756	5.2033	1
16.2	18.6242	94.3451	5.2063	1
16.3	18.6447	95.3455	5.2164	1
16.4	18.665	96.2747	5.2243	1
16.5	18.6844	97.092	5.2275	1
16.6	18.7041	97.958	5.2237	1
16.7	18.7233	98.9161	5.2187	1
16.8	18.7422	99.7966	5.2199	1
16.9	18.7607	100.6115	5.2162	1
17	18.7794	101.419	5.2177	1
17.1	18.7982	102.253	5.2248	1
17.2	18.8168	103.1171	5.2229	1
17.3	18.8352	103.9177	5.2177	1
17.4	18.8538	104.7974	5.2309	1
17.5	18.8724	105.5803	5.2354	1
17.6	18.8911	106.3974	5.2338	1
17.7	18.9099	107.2764	5.2366	1
17.8	18.9283	108.101	5.2346	1
17.9	18.946	109.0223	5.2343	1
18	18.9637	109.8396	5.23	1
18.1	18.9816	110.6886	5.2223	1
18.2	18.9992	111.6145	5.222	1
18.3	19.0165	112.4522	5.2226	1
18.4	19.0336	113.3743	5.2315	1
18.5	19.0507	114.14	5.2468	1
18.6	19.0677	115.0222	5.2445	1
18.7	19.0844	115.8673	5.2451	1
18.8	19.101	116.7071	5.2523	1
18.9	19.1176	117.6122	5.2464	1
19	19.1339	118.4805	5.2472	1
19.1	19.1503	119.2698	5.2522	1
19.2	19.1667	120.0981	5.2359	1
19.3	19.1829	121.0102	5.2213	1
19.4	19.1982	121.9733	5.2223	1
19.5	19.2135	122.8174	5.2241	1
19.6	19.2288	123.6493	5.2279	1
19.7	19.2438	124.4726	5.2245	1
19.8	19.2586	125.3492	5.2176	1
19.9	19.2737	126.188	5.2263	1
20	19.2886	127.047	5.2386	1
20.1	19.3034	127.8654	5.2435	1
20.2	19.318	128.7388	5.2444	1
20.3	19.3325	129.6306	5.2464	1
20.4	19.3466	130.4949	5.2478	1
20.5	19.3609	131.2575	5.2517	1
20.6	19.3753	132.1514	5.2385	1
20.7	19.3894	132.9689	5.225	1
20.8	19.4035	133.8697	5.2306	1
20.9	19.4174	134.6667	5.2332	1
21	19.4312	135.5255	5.2235	1
21.1	19.4447	136.3874	5.2217	1
21.2	19.4581	137.2255	5.2296	1
21.3	19.4713	138.1247	5.2218	1
21.4	19.4846	138.9638	5.221	1
21.5	19.4978	139.8335	5.2149	1
21.6	19.5112	140.5501	5.2126	1
21.7	19.5246	141.3077	5.2272	1
21.8	19.5382	142.0835	5.247	1
21.9	19.5523	142.8858	5.2515	1
22	19.5666	143.6609	5.2425	1
22.1	19.5812	144.4615	5.2385	1
22.2	19.596	145.2642	5.2399	1
22.3	19.6108	146.0946	5.2447	1
22.4	19.6253	146.8938	5.229	1
22.5	19.64	147.7755	5.2339	1
22.6	19.6548	148.6696	5.229	1
22.7	19.6694	149.5192	5.2274	1
22.8	19.6835	150.3157	5.2342	1
22.9	19.6981	151.1135	5.2308	1
23	19.7126	151.9433	5.2203	1
23.1	19.7271	152.7525	5.2208	1
23.2	19.7419	153.632	5.2213	1
23.3	19.756	154.5166	5.221	1
23.4	19.7701	155.4026	5.2209	1
23.5	19.7841	156.2463	5.2222	1
23.6	19.7982	156.9257	5.2356	1
23.7	19.8136	157.4018	5.2274	1
23.8	19.8301	158.2386	5.2227	1
23.9	19.8459	159.2894	5.2275	1
24	19.8605	160.3077	5.2145	1
24.1	19.8749	161.171	5.2058	1
24.2	19.889	162.1013	5.2145	1
24.3	19.9028	162.9768	5.2149	1
24.4	19.9164	163.8103	5.1996	1
24.5	19.9298	164.7051	5.2053	1
24.6	19.9432	165.5782	5.2072	1
24.7	19.9565	166.3885	5.2129	1
24.8	19.9699	167.1752	5.2195	1
24.9	19.9831	168.0035	5.217	1
25	19.9962	168.9522	5.2075	1
25.1	20.0093	169.7211	5.1976	1
25.2	20.0225	170.5586	5.2012	1
25.3	20.0354	171.434	5.1955	1
25.4	20.0482	172.3086	5.1973	1
25.5	20.0609	173.2268	5.2183	1
25.6	20.0734	173.9901	5.2239	1
25.7	20.0861	174.8022	5.2231	1
25.8	20.0989	175.6539	5.221	1
25.9	20.1115	176.4502	5.207	1
26	20.1241	177.3384	5.2033	1
26.1	20.1368	178.1326	5.2131	1
26.2	20.1495	179.0407	5.212	1
26.3	20.1618	179.959	5.2039	1
26.4	20.1738	180.7418	5.1958	1
26.5	20.1861	181.5339	5.1974	1
26.6	20.1986	182.3731	5.1937	1
26.7	20.211	183.1941	5.1902	1
26.8	20.2229	184.0277	5.2006	1
26.9	20.2349	184.848	5.1987	1
27	20.2471	185.7808	5.1947	1
27.1	20.259	186.6272	5.2071	1
27.2	20.2708	187.4345	5.1997	1
27.3	20.2827	188.2807	5.1984	1
27.4	20.2944	189.1357	5.2134	1
27.5	20.3058	190.0493	5.2163	1
27.6	20.3172	190.8386	5.2192	1
27.7	20.3287	191.67	5.2284	1
27.8	20.3402	192.4703	5.2284	1
27.9	20.3518	193.3105	5.233	1
28	20.3635	194.1506	5.2247	1
28.1	20.3748	194.9749	5.2207	1
28.2	20.3863	195.8677	5.2278	1
28.3	20.3979	196.7027	5.2365	1
28.4	20.4093	197.4903	5.2484	1
28.5	20.4207	198.3062	5.2502	1
28.6	20.432	199.1497	5.2545	1
28.7	20.4434	200.0262	5.2459	1
28.8	20.4545	200.886	5.2331	1
28.9	20.4655	201.7524	5.22	1
29	20.4764	202.5467	5.2179	1
29.1	20.4873	203.3675	5.2396	1
29.2	20.4986	204.2183	5.2389	1
29.3	20.5097	205.1366	5.2458	1
29.4	20.5205	205.976	5.2381	1
29.5	20.5309	206.8299	5.2206	1
29.6	20.5412	207.6209	5.2227	1
29.7	20.5517	208.48	5.2278	1
29.8	20.5623	209.3314	5.2323	1
29.9	20.5727	210.158	5.2291	1
30	20.5833	210.9881	5.2261	1
30.1	20.594	211.7787	5.2346	1
30.2	20.6045	212.6621	5.2418	1
30.3	20.6151	213.5031	5.2446	1
30.4	20.6257	214.3038	5.2461	1
30.5	20.6363	215.0789	5.2462	1
30.6	20.6471	215.8912	5.2444	1
30.7	20.6578	216.748	5.239	1
30.8	20.6686	217.5995	5.2383	1
30.9	20.6794	218.3929	5.2341	1
31	20.6902	219.1936	5.231	1
31.1	20.7011	220.055	5.2362	1
31.2	20.7122	220.8413	5.2392	1
31.3	20.7233	221.71	5.2456	1
31.4	20.7341	222.5391	5.2458	1
31.5	20.7448	223.4056	5.2424	1
31.6	20.7554	224.23	5.2462	1
31.7	20.7662	225.0746	5.257	1
31.8	20.7769	225.9867	5.2534	1
31.9	20.7875	226.7927	5.2485	1
32	20.7978	227.5586	5.2362	1
32.1	20.8083	228.4426	5.2347	1
32.2	20.8187	229.3049	5.2354	1
32.3	20.8292	230.1632	5.2394	1
32.4	20.84	230.9443	5.2434	1
32.5	20.8505	231.7616	5.2272	1
32.6	20.8608	232.621	5.2248	1
32.7	20.871	233.5418	5.229	1
32.8	20.8809	234.3577	5.2253	1
32.9	20.8906	235.2197	5.2182	1
33	20.9	236.0568	5.2104	1
33.1	20.9097	236.8682	5.217	1
33.2	20.9195	237.7203	5.2168	1
33.3	20.9294	238.4875	5.2094	1
33.4	20.9394	239.4501	5.2088	1
33.5	20.9494	240.2494	5.214	1
33.6	20.9592	241.021	5.228	1
33.7	20.969	241.9305	5.2355	1
33.8	20.9787	242.8214	5.2345	1
33.9	20.9883	243.6883	5.2237	1
34	20.9977	244.4491	5.2184	1
34.1	21.0072	245.3147	5.2183	1
34.2	21.0167	246.162	5.2205	1
34.3	21.0261	246.9699	5.2226	1
34.4	21.0354	247.8012	5.219	1
34.5	21.0446	248.675	5.2075	1
34.6	21.0538	249.5228	5.203	1
34.7	21.063	250.3294	5.209	1
34.8	21.0723	251.116	5.2069	1
34.9	21.0817	252.0146	5.2078	1
35	21.0911	252.8664	5.2125	1
35.1	21.1004	253.6767	5.213	1
35.2	21.1095	254.4976	5.2006	1
35.3	21.1187	255.3333	5.205	1
35.4	21.128	256.124	5.2199	1
35.5	21.1377	256.8978	5.2211	1
35.6	21.1473	257.8428	5.2183	1
35.7	21.1565	258.7121	5.207	1
35.8	21.1655	259.4982	5.2012	1
35.9	21.1747	260.3418	5.2037	1
36	21.184	261.1845	5.2075	1
36.1	21.1929	262.0996	5.213	1
36.2	21.2018	262.856	5.2187	1
36.3	21.2108	263.7033	5.2194	1
36.4	21.2198	264.4804	5.2208	1
36.5	21.2287	265.3862	5.2069	1
36.6	21.2374	266.2309	5.2058	1
36.7	21.2464	267.0761	5.2241	1
36.8	21.2554	267.7645	5.2361	1
36.9	21.2644	268.6773	5.2252	1
37	21.2734	269.5677	5.2122	1
37.1	21.2823	270.3287	5.2179	1
37.2	21.2915	271.1909	5.2189	1
37.3	21.3005	272.0397	5.2164	1
37.4	21.3095	272.9141	5.2099	1
37.5	21.3184	273.6709	5.2085	1
37.6	21.3274	274.4975	5.2096	1
37.7	21.3365	275.3446	5.2009	1
37.8	21.3456	276.152	5.2092	1
37.9	21.3546	277.0318	5.2002	1
38	21.3635	277.9042	5.1982	1
38.1	21.3724	278.6801	5.2096	1
38.2	21.3813	279.5305	5.2117	1
38.3	21.3902	280.3923	5.2	1
38.4	21.3992	281.2202	5.1831	1
38.5	21.4079	282.1892	5.1932	1
38.6	21.4158	283.1445	5.1956	1
38.7	21.4231	284.0467	5.2037	1
38.8	21.4312	284.6303	5.2191	1
38.9	21.4404	285.1714	5.2164	1
39	21.4502	285.9512	5.2168	1
39.1	21.4598	286.9482	5.2307	1
39.2	21.4686	287.9475	5.2294	1
39.3	21.4771	288.7721	5.2246	1
39.4	21.4856	289.6332	5.2245	1
39.5	21.4942	290.4017	5.2189	1
39.6	21.5027	291.2523	5.2268	1
39.7	21.5112	292.0762	5.2201	1
39.8	21.5199	292.9173	5.2278	1
39.9	21.5287	293.71	5.2402	1
40	21.5375	294.5455	5.2299	1
40.1	21.5461	295.38	5.2196	1
40.2	21.5548	296.2068	5.2206	1
40.3	21.5634	297.0861	5.2403	1
40.4	21.572	297.869	5.2414	1
40.5	21.5806	298.7601	5.2347	1
40.6	21.5892	299.5505	5.2305	1
40.7	21.5981	300.3825	5.2199	1
40.8	21.6067	301.2958	5.2325	1
40.9	21.6149	302.1861	5.2316	1
41	21.623	303.0719	5.2308	1
41.1	21.631	303.899	5.238	1
41.2	21.6392	304.7018	5.2411	1
41.3	21.6473	305.5219	5.2376	1
41.4	21.6551	306.3809	5.2531	1
41.5	21.6628	307.2408	5.2572	1
41.6	21.6706	308.1376	5.2463	1
41.7	21.6781	308.9942	5.2542	1
41.8	21.6854	309.7425	5.2526	1
41.9	21.6931	310.5721	5.2462	1
42	21.7008	311.4051	5.2453	1
42.1	21.7085	312.2413	5.231	1
42.2	21.716	313.1446	5.2329	1
42.3	21.7231	313.9768	5.2321	1
42.4	21.7302	314.8317	5.2291	1
42.5	21.7375	315.664	5.2246	1
42.6	21.7449	316.4625	5.2268	1
42.7	21.7524	317.2656	5.2316	1
42.8	21.7598	318.0513	5.2232	1
42.9	21.7674	318.8752	5.2194	1
43	21.775	319.7172	5.2263	1
43.1	21.7826	320.5543	5.2402	1
43.2	21.7904	321.4225	5.2261	1
43.3	21.7983	322.1166	5.2247	1
43.4	21.8063	322.9978	5.2156	1
43.5	21.8139	324.0948	5.2153	1
43.6	21.8202	325.1159	5.2281	1
43.7	21.8262	325.8882	5.2329	1
43.8	21.8328	326.6022	5.235	1
43.9	21.8396	327.2677	5.2324	1
44	21.8473	328.0413	5.2342	1
44.1	21.8553	328.7893	5.2397	1
44.2	21.8631	329.6403	5.2337	1
44.3	21.8709	330.5057	5.231	1
44.4	21.8788	331.3656	5.236	1
44.5	21.8866	332.1723	5.2431	1
44.6	21.8944	333.018	5.2334	1
44.7	21.9021	333.8136	5.2233	1
44.8	21.9098	334.6729	5.2196	1
44.9	21.9179	335.4718	5.2202	1
45	21.9258	336.327	5.2137	1
45.1	21.9335	337.2496	5.2172	1
45.2	21.9409	338.0806	5.2282	1
45.3	21.9485	338.8895	5.2148	1
45.4	21.9561	339.6491	5.2048	1
45.5	21.9637	340.5744	5.2026	1
45.6	21.9714	341.416	5.2003	1
45.7	21.979	342.1818	5.2074	1
45.8	21.9866	343.0392	5.2042	1
45.9	21.9942	343.8989	5.2098	1
46	22.0018	344.749	5.2118	1
46.1	22.0092	345.5488	5.2035	1
46.2	22.0168	346.3867	5.1948	1
46.3	22.0244	347.1966	5.2089	1
46.4	22.0321	348.0873	5.2105	1
46.5	22.0398	348.9312	5.2155	1
46.6	22.0473	349.719	5.2261	1
46.7	22.0548	350.5241	5.2265	1
46.8	22.0624	351.3454	5.2236	1
46.9	22.0702	352.1473	5.2194	1
47	22.078	353.019	5.2247	1
47.1	22.0859	353.7101	5.2114	1
47.2	22.0945	354.4781	5.2041	1
47.3	22.1028	355.5967	5.1983	1
47.4	22.1099	356.5633	5.2025	1
47.5	22.1168	357.2989	5.217	1
47.6	22.1244	357.983	5.2217	1
47.7	22.1324	358.7974	5.2244	1
47.8	22.1404	359.6406	5.2307	1
47.9	22.1485	360.4056	5.228	1
48	22.157	361.1532	5.2264	1
48.1	22.1656	361.9994	5.2149	1
48.2	22.1741	362.8525	5.2108	1
48.3	22.1826	363.7	5.2069	1
48.4	22.1913	364.5163	5.1974	1
48.5	22.1999	365.3232	5.1991	1
48.6	22.2085	366.2401	5.2023	1
48.7	22.2167	367.0698	5.2132	1
48.8	22.2251	367.903	5.2191	1
48.9	22.2335	368.75	5.2161	1
49	22.2417	369.5789	5.2182	1
49.1	22.2499	370.4697	5.2081	1
49.2	22.2578	371.2758	5.2163	1
49.3	22.2658	372.0388	5.2239	1
49.4	22.2741	372.9072	5.2136	1
49.5	22.2824	373.8397	5.2012	1
49.6	22.2904	374.6729	5.2014	1
49.7	22.2985	375.4202	5.2025	1
49.8	22.3068	376.306	5.2033	1
49.9	22.3149	377.0923	5.2195	1
50	22.3228	378.0098	5.2194	1
50.1	22.3307	378.8611	5.2066	1
50.2	22.3386	379.6134	5.2017	1
50.3	22.3465	380.5241	5.201	1
50.4	22.3542	381.3395	5.1998	1
50.5	22.362	382.0928	5.2058	1
50.6	22.3702	382.9588	5.2141	1
50.7	22.3782	383.7893	5.2152	1
50.8	22.3862	384.6552	5.203	1
50.9	22.3943	385.4939	5.1999	1
51	22.4025	386.3867	5.2028	1
51.1	22.4103	387.1624	5.2032	1
51.2	22.4181	388.0205	5.2083	1
51.3	22.4259	388.8444	5.2096	1
51.4	22.4339	389.6797	5.2133	1
51.5	22.4418	390.4503	5.2226	1
51.6	22.45	391.3156	5.222	1
51.7	22.4583	392.0771	5.218	1
51.8	22.4666	392.8141	5.226	1
51.9	22.4757	393.5734	5.2392	1
52	22.4848	394.3686	5.2288	1
52.1	22.4939	395.2879	5.2221	1
52.2	22.5026	396.1101	5.2274	1
52.3	22.5112	397.0152	5.2239	1
52.4	22.5195	397.9212	5.2151	1
52.5	22.528	398.7696	5.2122	1
52.6	22.5364	399.6095	5.2013	1
52.7	22.5445	400.4064	5.199	1
52.8	22.5526	401.3285	5.2049	1
52.9	22.5608	402.2004	5.2077	1
53	22.5686	402.9842	5.2091	1
53.1	22.5766	403.792	5.2042	1
53.2	22.5847	404.6764	5.1972	1
53.3	22.5922	405.5606	5.2127	1
53.4	22.5993	406.5037	5.2122	1
53.5	22.6064	407.3542	5.1888	1
53.6	22.6136	408.1787	5.1828	1
53.7	22.6211	409.0219	5.1961	1
53.8	22.6283	409.8655	5.1993	1
53.9	22.6354	410.6112	5.2064	1
54	22.6427	411.4202	5.2071	1
54.1	22.6499	412.3442	5.1923	1
54.2	22.6571	413.1988	5.187	1
54.3	22.664	413.993	5.1932	1
54.4	22.671	414.8094	5.1979	1
54.5	22.6781	415.6671	5.1928	1
54.6	22.6853	416.4723	5.196	1
54.7	22.6923	417.2705	5.1888	1
54.8	22.6994	418.2208	5.197	1
54.9	22.7064	419.0883	5.2143	1
55	22.7129	419.8989	5.219	1
55.1	22.7195	420.794	5.2062	1
55.2	22.7258	421.6657	5.2062	1
55.3	22.7321	422.4708	5.2134	1
55.4	22.7382	423.3005	5.2059	1
55.5	22.7445	424.151	5.2126	1
55.6	22.7507	425.0069	5.2073	1
55.7	22.7569	425.8305	5.2035	1
55.8	22.7632	426.6362	5.2118	1
55.9	22.7696	427.4206	5.2246	1
56	22.776	428.2337	5.2223	1
56.1	22.7823	429.1009	5.2217	1
56.2	22.7888	429.9573	5.2274	1
56.3	22.7953	430.7505	5.2119	1
56.4	22.8016	431.5497	5.2029	1
56.5	22.8082	432.4176	5.2122	1
56.6	22.8146	433.2424	5.1957	1
56.7	22.8211	434.0936	5.1896	1
56.8	22.8278	434.8437	5.2016	1
56.9	22.8344	435.7086	5.1972	1
57	22.8409	436.5789	5.1933	1
57.1	22.8473	437.4239	5.1943	1
57.2	22.8537	438.2087	5.2141	1
57.3	22.8601	439.1159	5.2353	1
57.4	22.8662	440.0341	5.2404	1
57.5	22.8722	440.7976	5.2332	1
57.6	22.8786	441.532	5.2268	1
57.7	22.885	442.4187	5.216	1
57.8	22.8911	443.352	5.2131	1
57.9	22.8974	444.1446	5.2146	1
58	22.904	444.8854	5.2197	1
58.1	22.9104	445.7627	5.2035	1
58.2	22.9167	446.6697	5.1893	1
58.3	22.923	447.4064	5.1903	1
58.4	22.9296	448.1961	5.1994	1
58.5	22.9362	449.0144	5.2073	1
58.6	22.9428	449.9034	5.2043	1
58.7	22.9494	450.7003	5.2013	1
58.8	22.956	451.5402	5.2094	1
58.9	22.9624	452.3411	5.2125	1
59	22.9687	453.246	5.2054	1
59.1	22.9751	454.07	5.2049	1
59.2	22.9815	454.894	5.2044	1
59.3	22.9877	455.7505	5.2057	1
59.4	22.9939	456.6253	5.2015	1
59.5	23.0001	457.4285	5.2059	1
59.6	23.0066	458.2628	5.1978	1
59.7	23.0129	459.0659	5.2028	1
59.8	23.0191	459.9848	5.2005	1
59.9	23.0252	460.831	5.204	1
60	23.0308	461.6853	5.2101	1
60.1	23.0364	462.6247	5.2063	1
60.2	23.0419	463.3306	5.1983	1
60.3	23.0476	464.195	5.1905	1
60.4	23.0536	464.9893	5.1938	1
60.5	23.0594	465.9237	5.1878	1
60.6	23.0652	466.6957	5.1804	1
60.7	23.0711	467.5028	5.1933	1
60.8	23.077	468.3039	5.2057	1
60.9	23.0831	469.1493	5.2079	1
61	23.0891	470.0045	5.2175	1
61.1	23.0951	470.7382	5.2184	1
61.2	23.1013	471.5583	5.2169	1
61.3	23.1077	472.4022	5.2168	1
61.4	23.1142	473.2565	5.2071	1
61.5	23.1204	474.0859	5.1936	1
61.6	23.1267	474.8739	5.212	1
61.7	23.1331	475.6948	5.2119	1
61.8	23.1395	476.5799	5.2039	1
61.9	23.1458	477.3944	5.213	1
62	23.1524	478.1485	5.2095	1
62.1	23.1595	478.9897	5.2124	1
62.2	23.1664	479.7606	5.2195	1
62.3	23.173	480.5184	5.2135	1
62.4	23.18	481.4741	5.2067	1
62.5	23.1869	482.293	5.2129	1
62.6	23.1935	483.1248	5.2236	1
62.7	23.2	484.0577	5.2302	1
62.8	23.2063	484.9292	5.2259	1
62.9	23.2126	485.7491	5.2141	1
63	23.219	486.4148	5.2107	1
63.1	23.2257	487.3386	5.2235	1
63.2	23.2322	488.2617	5.2324	1
63.3	23.2385	488.9499	5.2198	1
63.4	23.2453	489.8775	5.2266	1
63.5	23.2522	490.6525	5.2218	1
63.6	23.2589	491.4313	5.2251	1
63.7	23.2659	492.2365	5.2395	1
63.8	23.2731	492.9774	5.2298	1
63.9	23.2805	493.8399	5.2179	1
64	23.2877	494.7332	5.2074	1
64.1	23.2948	495.5264	5.1956	1
64.2	23.302	496.4357	5.2028	1
64.3	23.3093	497.2207	5.2113	1
64.4	23.3164	498.0784	5.1985	1
64.5	23.3235	498.8895	5.1921	1
64.6	23.3306	499.703	5.2016	1
64.7	23.3375	500.6833	5.2183	1
64.8	23.3445	501.5366	5.2221	1
64.9	23.3511	502.3064	5.2159	1
65	23.3578	503.1285	5.2217	1
65.1	23.3646	504.0056	5.2207	1
65.2	23.3712	504.7961	5.2308	1
65.3	23.3779	505.6509	5.2186	1
65.4	23.3847	506.4894	5.2034	1
65.5	23.3913	507.3147	5.2067	1
65.6	23.3981	508.147	5.2142	1
65.7	23.4049	509.0425	5.2119	1
65.8	23.4116	509.8794	5.1914	1
65.9	23.4181	510.6545	5.1743	1
66	23.4248	511.4984	5.1811	1
66.1	23.4315	512.3782	5.1923	1
66.2	23.4381	513.2068	5.1947	1
66.3	23.4445	514.0668	5.1926	1
66.4	23.451	514.8604	5.181	1
66.5	23.4575	515.7128	5.1755	1
66.6	23.4637	516.5693	5.1832	1
66.7	23.47	517.4126	5.1912	1
66.8	23.4765	518.2378	5.1955	1
66.9	23.483	518.9353	5.1913	1
67	23.4897	519.8437	5.1866	1
67.1	23.4965	520.6807	5.1872	1
67.2	23.5032	521.477	5.1964	1
67.3	23.51	522.361	5.2061	1
67.4	23.5168	523.1539	5.2102	1
67.5	23.5234	523.9697	5.2052	1
67.6	23.5303	524.7628	5.1998	1
67.7	23.5374	525.5511	5.2035	1
67.8	23.5446	526.3846	5.1989	1
67.9	23.5519	527.1637	5.1942	1
68	23.5593	528.0046	5.1811	1
68.1	23.5667	528.8911	5.183	1
68.2	23.5739	529.6431	5.195	1
68.3	23.5811	530.5833	5.2059	1
68.4	23.5882	531.4534	5.2043	1
68.5	23.5951	532.3187	5.2045	1
68.6	23.6022	533.1311	5.2129	1
68.7	23.609	533.9443	5.2104	1
68.8	23.6159	534.84	5.1977	1
68.9	23.6228	535.5789	5.1989	1
69	23.63	536.3845	5.2044	1
69.1	23.6371	537.3041	5.2006	1
69.2	23.6436	538.1916	5.2063	1
69.3	23.65	539.0808	5.198	1
69.4	23.6567	539.8108	5.1986	1
69.5	23.6635	540.6659	5.197	1
69.6	23.6701	541.5417	5.2073	1
69.7	23.676	542.4303	5.2131	1
69.8	23.6822	543.2745	5.2129	1
69.9	23.6883	544.0997	5.2103	1
70	23.6944	544.9926	5.2058	1
70.1	23.7006	545.7951	5.196	1
70.2	23.7066	546.5877	5.1877	1
70.3	23.7127	547.4276	5.1952	1
70.4	23.7186	548.3633	5.1996	1
70.5	23.7245	549.244	5.197	1
70.6	23.7302	550.0385	5.1918	1
70.7	23.7359	550.8455	5.2026	1
70.8	23.7417	551.6708	5.1981	1
70.9	23.7476	552.4948	5.1889	1
71	23.7535	553.3326	5.195	1
71.1	23.7597	554.136	5.2109	1
71.2	23.7657	554.9309	5.2279	1
71.3	23.7716	555.8357	5.2145	1
71.4	23.7772	556.6409	5.1984	1
71.5	23.7831	557.4532	5.207	1
71.6	23.789	558.2891	5.2133	1
71.7	23.7952	559.1252	5.2115	1
71.8	23.8013	559.8892	5.2201	1
71.9	23.8076	560.7234	5.2135	1
72	23.8137	561.5982	5.2016	1
72.1	23.8196	562.4735	5.1939	1
72.2	23.8255	563.3777	5.1842	1
72.3	23.8313	564.1594	5.1833	1
72.4	23.8372	564.9254	5.1935	1
72.5	23.8432	565.7808	5.2007	1
72.6	23.8493	566.6608	5.209	1
72.7	23.855	567.493	5.2255	1
72.8	23.8606	568.3473	5.236	1
72.9	23.8661	569.2133	5.2314	1
73	23.8715	570.0728	5.2228	1
73.1	23.8769	570.9187	5.2258	1
73.2	23.8824	571.7116	5.2155	1
73.3	23.8877	572.6003	5.2043	1
73.4	23.8928	573.5406	5.2071	1
73.5	23.8977	574.42	5.2097	1
73.6	23.9026	575.0938	5.2212	1
73.7	23.9074	575.9802	5.224	1
73.8	23.9121	576.7803	5.2166	1
73.9	23.917	577.6934	5.2205	1
74	23.9218	578.5591	5.2088	1
74.1	23.9267	579.3431	5.19	1
74.2	23.9316	580.1731	5.1943	1
74.3	23.9363	581.0531	5.2027	1
74.4	23.9411	581.8611	5.1922	1
74.5	23.9459	582.6578	5.2007	1
74.6	23.9509	583.5117	5.1996	1
74.7	23.9558	584.315	5.1982	1
74.8	23.9605	585.137	5.1984	1
74.9	23.9656	585.9738	5.2001	1
75	23.9704	586.7677	5.2092	1
75.1	23.9755	587.6016	5.1981	1
75.2	23.9807	588.3815	5.1866	1
75.3	23.9861	589.2628	5.1915	1
75.4	23.9916	589.9742	5.1886	1
75.5	23.9972	590.868	5.1952	1
75.6	24.0024	591.8279	5.2111	1
75.7	24.0073	592.5826	5.2196	1
75.8	24.0124	593.3345	5.2267	1
75.9	24.0179	594.2361	5.235	1
76	24.0235	595.0711	5.233	1
76.1	24.0289	595.8374	5.212	1
76.2	24.0345	596.6716	5.2125	1
76.3	24.0398	597.501	5.218	1
76.4	24.0452	598.3969	5.2061	1
76.5	24.0506	599.1836	5.2086	1
76.6	24.0558	600.0361	5.2132	1
76.7	24.0612	600.9337	5.2081	1
76.8	24.0667	601.5708	5.2222	1
76.9	24.0724	602.4752	5.2306	1
77	24.0783	603.3533	5.2346	1
77.1	24.0838	604.1378	5.2386	1
77.2	24.0895	604.9785	5.2334	1
77.3	24.0952	605.7824	5.2353	1
77.4	24.1009	606.6419	5.2282	1
77.5	24.1065	607.4502	5.2171	1
77.6	24.1123	608.2496	5.2183	1
77.7	24.1183	609.0749	5.2024	1
77.8	24.1244	609.8889	5.2163	1
77.9	24.1305	610.6792	5.2293	1
78	24.1367	611.5008	5.2275	1
78.1	24.143	612.4132	5.2231	1
78.2	24.1492	613.2254	5.2257	1
78.3	24.1553	614.0272	5.2262	1
78.4	24.1616	614.8566	5.2186	1
78.5	24.1678	615.7107	5.2206	1
78.6	24.174	616.5387	5.2186	1
78.7	24.1804	617.3575	5.2171	1
78.8	24.1868	618.1552	5.2157	1
78.9	24.1934	618.9327	5.2101	1
79	24.1999	619.8496	5.2243	1
79.1	24.2063	620.6299	5.2355	1
79.2	24.2129	621.4763	5.2242	1
79.3	24.2191	622.3898	5.2128	1
79.4	24.2251	623.2886	5.205	1
79.5	24.2311	624.1353	5.2116	1
79.6	24.2372	624.8111	5.208	1
79.7	24.2433	625.6813	5.2083	1
79.8	24.2495	626.5365	5.2081	1
79.9	24.2557	627.3275	5.2145	1
80	24.2618	628.208	5.209	1
80.1	24.2678	629.1399	5.2167	1
80.2	24.2735	629.973	5.2155	1
80.3	24.2792	630.7941	5.2055	1
80.4	24.2851	631.6123	5.2124	1
80.5	24.2911	632.4468	5.2186	1
80.6	24.2972	633.306	5.2251	1
80.7	24.3029	634.0903	5.2316	1
80.8	24.3084	635.0082	5.2376	1
80.9	24.314	635.8259	5.2467	1
81	24.3199	636.6271	5.2418	1
81.1	24.3257	637.5393	5.2282	1
81.2	24.3315	638.32	5.2276	1
81.3	24.3371	639.2052	5.2338	1
81.4	24.3429	639.8864	5.2279	1
81.5	24.3487	640.7056	5.2157	1
81.6	24.3547	641.582	5.2031	1
81.7	24.3603	642.4784	5.1993	1
81.8	24.3661	643.2953	5.213	1
81.9	24.372	644.1365	5.2224	1
82	24.378	644.9873	5.2408	1
82.1	24.3837	645.8609	5.245	1
82.2	24.3891	646.6738	5.2441	1
82.3	24.3946	647.5587	5.249	1
82.4	24.3999	648.3672	5.2415	1
82.5	24.4052	649.222	5.2486	1
82.6	24.4107	650.0321	5.257	1
82.7	24.4164	650.8268	5.2423	1
82.8	24.4221	651.6804	5.2217	1
82.9	24.4274	652.6136	5.2244	1
83	24.4325	653.3989	5.2357	1
83.1	24.4379	654.2417	5.2298	1
83.2	24.4433	655.0038	5.2289	1
83.3	24.4487	655.867	5.2389	1
83.4	24.454	656.7185	5.2475	1
83.5	24.4593	657.5097	5.2413	1
83.6	24.4647	658.3766	5.243	1
83.7	24.47	659.2253	5.2443	1
83.8	24.4751	660.0611	5.2406	1
83.9	24.4799	661.0302	5.2404	1
84	24.4849	661.8616	5.2353	1
84.1	24.4896	662.6509	5.2356	1
84.2	24.4943	663.4509	5.2507	1
84.3	24.4991	664.3244	5.249	1
84.4	24.504	665.1497	5.2188	1
84.5	24.5089	665.9958	5.217	1
84.6	24.5136	666.9	5.2298	1
84.7	24.5179	667.7517	5.2324	1
84.8	24.5223	668.5264	5.2355	1
84.9	24.5269	669.3727	5.2255	1
85	24.5317	670.0878	5.2262	1
85.1	24.5366	670.9414	5.2267	1
85.2	24.5414	671.8436	5.2282	1
85.3	24.546	672.6642	5.2322	1
85.4	24.5506	673.4132	5.2452	1
85.5	24.5554	674.3677	5.2501	1
85.6	24.5601	675.1616	5.2426	1
85.7	24.5651	675.9646	5.2477	1
85.8	24.57	676.8262	5.2487	1
85.9	24.5748	677.6609	5.2497	1
86	24.5797	678.4191	5.2545	1
86.1	24.5847	679.2357	5.2468	1
86.2	24.5897	680.0661	5.2383	1
86.3	24.5947	680.9764	5.2284	1
86.4	24.5997	681.7829	5.234	1
86.5	24.6048	682.547	5.2391	1
86.6	24.6098	683.421	5.2322	1
86.7	24.6148	684.2087	5.2288	1
86.8	24.62	685.071	5.2352	1
86.9	24.625	686.0115	5.2347	1
87	24.6298	686.8131	5.225	1
87.1	24.6345	687.5726	5.2291	1
87.2	24.6394	688.4279	5.218	1
87.3	24.6442	689.3628	5.2163	1
87.4	24.6487	690.1359	5.2309	1
87.5	24.6536	690.8137	5.2251	1
87.6	24.6595	691.4819	5.2148	1
87.7	24.6659	692.3276	5.2133	1
87.8	24.6721	693.2737	5.2208	1
87.9	24.6775	694.2373	5.2295	1
88	24.6826	695.1114	5.2317	1
88.1	24.6875	695.9653	5.2385	1
88.2	24.6925	696.7367	5.2365	1
88.3	24.6975	697.5583	5.2338	1
88.4	24.7025	698.4035	5.233	1
88.5	24.7074	699.2818	5.2435	1
88.6	24.7123	700.0985	5.2548	1
88.7	24.7173	700.8868	5.2491	1
88.8	24.7226	701.703	5.2356	1
88.9	24.7278	702.5237	5.2198	1
89	24.733	703.3529	5.2167	1
89.1	24.7382	704.1946	5.2203	1
89.2	24.7432	705.0547	5.2226	1
89.3	24.7482	705.9207	5.2229	1
89.4	24.7532	706.7721	5.2137	1
89.5	24.7584	707.5802	5.214	1
89.6	24.7635	708.4174	5.2119	1
89.7	24.7685	709.2169	5.2113	1
89.8	24.7737	710.0125	5.2173	1
89.9	24.7789	710.8339	5.2187	1
90	24.7841	711.7735	5.2238	1
90.1	24.7891	712.5369	5.223	1
90.2	24.7942	713.3972	5.2082	1
90.3	24.7995	714.2749	5.2064	1
90.4	24.8047	715.065	5.2073	1
90.5	24.8098	715.8651	5.195	1
90.6	24.8147	716.7242	5.1931	1
90.7	24.8198	717.543	5.2065	1
90.8	24.825	718.3739	5.2121	1
90.9	24.8303	719.2189	5.2082	1
91	24.8356	720.0113	5.206	1
91.1	24.8408	720.8523	5.2021	1
91.2	24.846	721.7768	5.1933	1
91.3	24.8509	722.6089	5.1861	1
91.4	24.8557	723.3857	5.1913	1
91.5	24.8606	724.2503	5.1765	1
91.6	24.8655	725.1189	5.1693	1
91.7	24.8704	725.9687	5.1727	1
91.8	24.8753	726.7392	5.1756	1
91.9	24.8806	727.54	5.1875	1
92	24.8856	728.416	5.1893	1
92.1	24.8906	729.16	5.1889	1
92.2	24.8958	730.0031	5.2016	1
92.3	24.9012	730.8741	5.2169	1
92.4	24.9063	731.8032	5.2151	1
92.5	24.911	732.6523	5.2054	1
92.6	24.9156	733.4188	5.2158	1
92.7	24.9203	734.276	5.2237	1
92.8	24.9249	735.0891	5.2236	1
92.9	24.9296	735.9663	5.2309	1
93	24.9344	736.7683	5.2331	1
93.1	24.9393	737.5485	5.2227	1
93.2	24.9443	738.3852	5.2165	1
93.3	24.9492	739.2762	5.2147	1
93.4	24.9545	740.0598	5.2208	1
93.5	24.9596	740.8407	5.2399	1
93.6	24.9649	741.6869	5.2473	1
93.7	24.97	742.5429	5.2446	1
93.8	24.9751	743.4268	5.234	1
93.9	24.9803	744.1087	5.2197	1
94	24.986	744.973	5.2164	1
94.1	24.9916	745.7752	5.2084	1
94.2	24.997	746.6882	5.2055	1
94.3	25.0026	747.4713	5.2182	1
94.4	25.0081	748.2525	5.2227	1
94.5	25.0139	749.0979	5.2156	1
94.6	25.0197	749.8977	5.198	1
94.7	25.0252	750.8138	5.2013	1
94.8	25.0309	751.6443	5.2107	1
94.9	25.0366	752.3201	5.21	1
95	25.0423	753.2503	5.2045	1
95.1	25.0479	754.1819	5.2016	1
95.2	25.0531	754.9283	5.207	1
95.3	25.0587	755.7864	5.2181	1
95.4	25.0645	756.5981	5.2169	1
95.5	25.07	757.4566	5.2077	1
95.6	25.0755	758.3652	5.2063	1
95.7	25.0813	759.1252	5.2042	1
95.8	25.0868	759.9574	5.198	1
95.9	25.0921	760.8367	5.1969	1
96	25.0972	761.7377	5.1862	1
96.1	25.1024	762.5538	5.1811	1
96.2	25.1078	763.3715	5.1923	1
96.3	25.113	764.1393	5.1877	1
96.4	25.1186	764.9725	5.1938	1
96.5	25.1244	765.7672	5.2095	1
96.6	25.13	766.6734	5.21	1
96.7	25.136	767.4132	5.2068	1
96.8	25.1416	768.232	5.2067	1
96.9	25.147	769.2401	5.2111	1
97	25.1522	769.9875	5.2081	1
97.1	25.1572	770.9027	5.2047	1
97.2	25.1624	771.6419	5.1982	1
97.3	25.1678	772.5155	5.1908	1
97.4	25.1735	773.3438	5.2012	1
97.5	25.1791	774.1002	5.2018	1
97.6	25.185	774.9242	5.2004	1
97.7	25.1908	775.7408	5.2011	1
97.8	25.1966	776.6126	5.2082	1
97.9	25.2023	777.4717	5.2029	1
98	25.2081	778.2271	5.2149	1
98.1	25.2138	779.1021	5.2224	1
98.2	25.2194	779.9178	5.2109	1
98.3	25.225	780.7928	5.2	1
98.4	25.2307	781.598	5.2015	1
98.5	25.2362	782.4738	5.1964	1
98.6	25.2419	783.3047	5.1963	1
98.7	25.2475	784.1144	5.1868	1
98.8	25.2531	785.0499	5.1831	1
98.9	25.2585	785.8136	5.1985	1
99	25.2636	786.7333	5.2061	1
99.1	25.2689	787.5888	5.2259	1
99.2	25.2739	788.3988	5.2309	1
99.3	25.2789	789.2913	5.2287	1
99.4	25.2835	790.105	5.2242	1
99.5	25.2881	790.9226	5.2106	1
99.6	25.2929	791.8893	5.2081	1
99.7	25.2973	792.6415	5.2131	1
99.8	25.3021	793.4686	5.2106	1
99.9	25.307	794.2299	5.2056	1
100	25.312	795.0919	5.2215	1
100.1	25.3167	795.9801	5.2189	1
100.2	25.321	796.8681	5.2191	1
100.3	25.3257	797.6411	5.2189	1
100.4	25.3302	798.5202	5.2144	1
100.5	25.3347	799.3611	5.2158	1
100.6	25.3392	800.124	5.2182	1
100.7	25.3441	800.9229	5.2224	1
100.8	25.3491	801.7933	5.2235	1
100.9	25.3536	802.6647	5.2034	1
101	25.3584	803.4474	5.1879	1
101.1	25.3634	804.1943	5.1982	1
101.2	25.3684	805.0746	5.1991	1
101.3	25.3733	805.9898	5.2012	1
101.4	25.3778	806.8708	5.2134	1
101.5	25.3825	807.562	5.2264	1
101.6	25.3871	808.4449	5.2255	1
101.7	25.3917	809.3716	5.2271	1
101.8	25.3964	810.1154	5.2266	1
101.9	25.4012	810.9109	5.2242	1
102	25.4061	811.7427	5.2202	1
102.1	25.411	812.5516	5.2207	1
102.2	25.4159	813.4302	5.2243	1
102.3	25.4211	814.1835	5.2255	1
102.4	25.4262	815.0379	5.2262	1
102.5	25.4315	815.8454	5.2252	1
102.6	25.4367	816.7095	5.2139	1
102.7	25.442	817.5759	5.2105	1
102.8	25.447	818.4189	5.222	1
102.9	25.4518	819.2995	5.2126	1
103	25.4566	820.0491	5.1965	1
103.1	25.4616	820.8404	5.2016	1
103.2	25.4667	821.7021	5.2092	1
103.3	25.4718	822.5347	5.2063	1
103.4	25.4772	823.2489	5.1987	1
103.5	25.4824	824.1809	5.2043	1
103.6	25.4877	825.0396	5.2155	1
103.7	25.4929	825.769	5.2049	1
103.8	25.4986	826.578	5.2018	1
103.9	25.5044	827.3229	5.2114	1
104	25.5098	828.3326	5.2157	1
104.1	25.5153	829.2532	5.2162	1
104.2	25.5205	829.9762	5.2209	1
104.3	25.5255	830.9208	5.2321	1
104.4	25.5304	831.7175	5.2401	1
104.5	25.5354	832.4859	5.2312	1
104.6	25.5407	833.3555	5.2324	1
104.7	25.546	834.1911	5.2384	1
104.8	25.551	835.1146	5.2293	1
104.9	25.5562	835.8796	5.2122	1
105	25.5613	836.6875	5.217	1
105.1	25.5664	837.6372	5.2167	1
105.2	25.571	838.4389	5.2063	1
105.3	25.5752	839.4046	5.2009	1
105.4	25.5796	840.1782	5.2015	1
105.5	25.584	840.9762	5.2041	1
105.6	25.5885	841.8596	5.2058	1
105.7	25.5931	842.6355	5.2124	1
105.8	25.5978	843.4648	5.215	1
105.9	25.6025	844.3514	5.2082	1
106	25.6069	845.1165	5.2174	1
106.1	25.6116	845.9672	5.2227	1
106.2	25.6165	846.7398	5.2171	1
106.3	25.6215	847.6123	5.2171	1
106.4	25.6261	848.4137	5.2171	1
106.5	25.6307	849.3171	5.2153	1
106.6	25.6352	850.2286	5.2078	1
106.7	25.6394	851.0214	5.2086	1
106.8	25.6435	851.8964	5.2105	1
106.9	25.6478	852.7504	5.2146	1
107	25.6515	853.707	5.2155	1
107.1	25.6552	854.4501	5.2109	1
107.2	25.6589	855.276	5.2065	1
107.3	25.6628	856.1351	5.2115	1
107.4	25.6666	856.9625	5.2133	1
107.5	25.6702	857.8956	5.2209	1
107.6	25.6738	858.6253	5.234	1
107.7	25.6774	859.4709	5.2401	1
107.8	25.6812	860.3317	5.2221	1
107.9	25.685	861.1418	5.1916	1
108	25.6891	861.8752	5.2053	1
108.1	25.6933	862.7433	5.2212	1
108.2	25.6973	863.5576	5.2048	1
108.3	25.7012	864.4552	5.208	1
108.4	25.7053	865.1878	5.2236	1
108.5	25.7096	865.9686	5.2309	1
108.6	25.714	866.7982	5.2263	1
108.7	25.7185	867.6955	5.2197	1
108.8	25.7227	868.5635	5.2342	1
108.9	25.7266	869.4063	5.2434	1
109	25.7307	870.2172	5.2309	1
109.1	25.7346	871.0608	5.207	1
109.2	25.7385	871.8835	5.1976	1
109.3	25.7425	872.7021	5.2008	1
109.4	25.7465	873.6206	5.1979	1
109.5	25.7504	874.4559	5.2024	1
109.6	25.7541	875.2758	5.2114	1
109.7	25.758	876.0312	5.2084	1
109.8	25.7623	876.825	5.1959	1
109.9	25.7667	877.6676	5.2019	1
110	25.7712	878.4306	5.218	1
110.1	25.7757	879.3341	5.2116	1
110.2	25.7801	880.1572	5.2062	1
110.3	25.7845	880.9602	5.2085	1
110.4	25.7889	881.8153	5.2078	1
110.5	25.7933	882.6937	5.21	1
110.6	25.7975	883.4708	5.2267	1
110.7	25.8018	884.378	5.237	1
110.8	25.8061	885.1111	5.2302	1
110.9	25.8106	885.9623	5.2254	1
111	25.8153	886.7889	5.2262	1
111.1	25.8198	887.6214	5.229	1
111.2	25.8243	888.4618	5.2285	1
111.3	25.8288	889.287	5.2205	1
111.4	25.8333	890.0802	5.2246	1
111.5	25.8379	890.9265	5.2329	1
111.6	25.8426	891.7779	5.2263	1
111.7	25.8472	892.5924	5.2137	1
111.8	25.8516	893.5005	5.2093	1
111.9	25.856	894.3001	5.2059	1
112	25.8605	895.0979	5.2129	1
112.1	25.8652	895.9938	5.2032	1
112.2	25.87	896.5955	5.208	1
112.3	25.8752	897.4766	5.2127	1
112.4	25.8805	898.3074	5.2152	1
112.5	25.8855	899.1223	5.2135	1
112.6	25.8909	899.9109	5.2149	1
112.7	25.8965	900.7398	5.2178	1
112.8	25.9022	901.5243	5.2012	1
112.9	25.9078	902.4474	5.1943	1
113	25.9132	903.2631	5.1959	1
113.1	25.9183	904.1837	5.203	1
113.2	25.9235	904.9886	5.2047	1
113.3	25.9285	905.8148	5.2017	1
113.4	25.9335	906.7421	5.1961	1
113.5	25.9386	907.4701	5.2012	1
113.6	25.9438	908.2991	5.1966	1
113.7	25.9492	909.1193	5.1875	1
113.8	25.9545	909.9721	5.1888	1
113.9	25.9599	910.7548	5.2039	1
114	25.9654	911.5252	5.2109	1
114.1	25.9712	912.3703	5.2173	1
114.2	25.9768	913.2082	5.2094	1
114.3	25.9824	914.147	5.1954	1
114.4	25.988	914.9771	5.1981	1
114.5	25.9933	915.7945	5.2097	1
114.6	25.9989	916.6488	5.2168	1
114.7	26.0042	917.4211	5.2078	1
114.8	26.0095	918.3215	5.2115	1
114.9	26.0149	919.0559	5.2264	1
115	26.0205	919.8262	5.2361	1
115.1	26.0263	920.7932	5.2355	1
115.2	26.0319	921.5369	5.2139	1
115.3	26.0375	922.5015	5.1996	1
115.4	26.043	923.229	5.2013	1
115.5	26.0484	924.1136	5.2106	1
115.6	26.054	924.9235	5.2124	1
115.7	26.0597	925.6802	5.2136	1
115.8	26.0654	926.5414	5.1995	1
115.9	26.0709	927.509	5.1942	1
116	26.0761	928.3514	5.1865	1
116.1	26.0813	929.2167	5.1801	1
116.2	26.0864	929.9952	5.1908	1
116.3	26.0914	930.879	5.209	1
116.4	26.0961	931.7763	5.2118	1
116.5	26.1006	932.685	5.1985	1
116.6	26.1052	933.5059	5.1888	1
116.7	26.1097	934.2628	5.1878	1
116.8	26.1144	934.9972	5.1914	1
116.9	26.1191	935.937	5.1977	1
117	26.124	936.7731	5.1868	1
117.1	26.1286	937.6166	5.1635	1
117.2	26.1335	938.4571	5.1629	1
117.3	26.1385	939.2074	5.1727	1
117.4	26.1434	940.0344	5.1697	1
117.5	26.1483	940.8097	5.1736	1
117.6	26.1537	941.6341	5.1825	1
117.7	26.1591	942.438	5.1776	1
117.8	26.1644	943.2992	5.1773	1
117.9	26.1699	944.1654	5.1681	1
118	26.1757	944.9421	5.1503	1
118.1	26.1811	945.7599	5.1472	1
118.2	26.1865	946.6325	5.1502	1
118.3	26.1919	947.4423	5.1607	1
118.4	26.1973	948.3822	5.1649	1
118.5	26.2023	949.227	5.1653	1
118.6	26.2071	950.0817	5.1701	1
118.7	26.2118	950.8774	5.18	1
118.8	26.2165	951.8219	5.1845	1
118.9	26.2211	952.6404	5.1817	1
119	26.2257	953.4452	5.1852	1
119.1	26.2303	954.2304	5.188	1
119.2	26.235	955.1769	5.1955	1
119.3	26.2398	955.9322	5.2095	1
119.4	26.2444	956.7697	5.202	1
119.5	26.2492	957.6003	5.1971	1
119.6	26.2541	958.3309	5.2056	1
119.7	26.2591	959.2271	5.2018	1
119.8	26.264	960.0265	5.1983	1
119.9	26.2687	960.914	5.2134	1
120	26.2736	961.7627	5.2023	1
120.1	26.2785	962.6036	5.1931	1
120.2	26.2833	963.3573	5.1923	1
120.3	26.2879	964.2766	5.1747	1
120.4	26.2927	965.1126	5.1757	1
120.5	26.2975	965.8635	5.1926	1
120.6	26.3024	966.7915	5.1859	1
120.7	26.307	967.5479	5.1829	1
120.8	26.3116	968.4467	5.1847	1
120.9	26.3164	969.3008	5.1882	1
121	26.3211	970.0573	5.2131	1
121.1	26.3259	970.9956	5.2149	1
121.2	26.3305	971.76	5.1999	1
121.3	26.3352	972.5696	5.1875	1
121.4	26.34	973.411	5.1924	1
121.5	26.3447	974.2661	5.2046	1
121.6	26.3495	975.1228	5.1973	1
121.7	26.3543	975.8809	5.1999	1
121.8	26.3592	976.663	5.2025	1
121.9	26.3642	977.5722	5.2058	1
122	26.3691	978.4499	5.2044	1
122.1	26.3739	979.2773	5.1938	1
122.2	26.3786	980.0618	5.1861	1
122.3	26.3833	980.9532	5.1893	1
122.4	26.3882	981.6918	5.1893	1
122.5	26.393	982.533	5.1861	1
122.6	26.3979	983.4023	5.1895	1
122.7	26.4028	984.1699	5.1992	1
122.8	26.4077	985.0437	5.2029	1
122.9	26.4127	985.8258	5.202	1
123	26.4177	986.7548	5.2148	1
123.1	26.4226	987.4904	5.2261	1
123.2	26.4275	988.4465	5.218	1
123.3	26.4321	989.235	5.2117	1
123.4	26.4365	990.12	5.2138	1
123.5	26.4411	990.9635	5.2093	1
123.6	26.4458	991.7762	5.2042	1
123.7	26.4504	992.6504	5.1969	1
123.8	26.4547	993.5147	5.2001	1
123.9	26.4591	994.256	5.1984	1
124	26.4641	995.0722	5.1963	2
124.1	26.4692	995.812	5.1978	2
124.2	26.4746	996.5716	5.2101	2
124.3	26.4801	997.3312	5.2183	2
124.4	26.4853	997.8638	5.2094	2
124.5	26.4899	998.1224	5.2032	2
124.6	26.4941	998.0508	5.209	2
124.7	26.4983	998.0632	5.1941	2
124.8	26.5026	998.1325	5.1801	2
124.9	26.5065	998.0795	5.1724	2
125	26.5103	998.1522	5.1705	2
125.1	26.5144	998.0898	5.1827	2
125.2	26.5184	998.0816	5.1922	2
125.3	26.5224	998.1139	5.1879	2
125.4	26.526	998.1464	5.1831	2
125.5	26.5297	998.2926	5.1861	2
125.6	26.5331	998.2366	5.187	2
125.7	26.5362	998.3063	5.1908	2
125.8	26.5395	998.2521	5.187	2
125.9	26.5428	998.247	5.1921	2
126	26.546	998.2828	5.1878	2
126.1	26.549	998.3158	5.1816	2
126.2	26.552	998.251	5.1963	2
126.3	26.5555	998.1731	5.1966	2
126.4	26.5589	998.3007	5.1966	2
126.5	26.562	998.2841	5.209	2
126.6	26.5653	998.2056	5.2036	2
126.7	26.5688	998.1125	5.1842	2
126.8	26.5723	998.2102	5.1837	2
126.9	26.5755	998.283	5.2033	2
127	26.5788	998.1421	5.2166	2
127.1	26.5824	998.132	5.2217	2
127.2	26.5857	998.2936	5.2216	2
127.3	26.5886	998.3227	5.2098	2
127.4	26.5914	998.2785	5.2037	2
127.5	26.5945	998.2918	5.2083	2
127.6	26.5975	998.3997	5.2104	2
127.7	26.6002	998.3986	5.1966	2
127.8	26.6027	998.349	5.1983	2
127.9	26.6051	998.383	5.2036	2
128	26.6074	998.4606	5.2036	2
128.1	26.6095	998.5388	5.2045	2
128.2	26.6116	998.4693	5.2088	2
128.3	26.6135	998.4563	5.1891	2
128.4	26.615	998.5314	5.1867	2
128.5	26.6166	998.4883	5.191	2
128.6	26.6185	998.4423	5.2077	2
128.7	26.6207	998.3897	5.2174	2
128.8	26.6226	998.5437	5.2056	2
128.9	26.6243	998.4467	5.1914	2
129	26.6262	998.4464	5.1879	2
129.1	26.6283	998.483	5.1965	2
129.2	26.6303	998.4352	5.1985	2
129.3	26.6321	998.4918	5.2044	2
129.4	26.6343	998.4188	5.2057	2
129.5	26.6364	998.4499	5.1996	2
129.6	26.6385	998.5179	5.1862	2
129.7	26.6402	998.4507	5.1843	2
129.8	26.6419	998.4385	5.1908	2
129.9	26.644	998.5153	5.1905	2
130	26.6457	998.4889	5.1864	2
130.1	26.6474	998.5262	5.1921	2
130.2	26.6493	998.4946	5.1902	2
130.3	26.6509	998.517	5.192	2
130.4	26.6526	998.5616	5.2004	2
130.5	26.6539	998.5399	5.1986	2
130.6	26.6553	998.5787	5.2015	2
130.7	26.6567	998.541	5.215	2
130.8	26.658	998.5867	5.2046	2
130.9	26.6592	998.6463	5.2062	2
131	26.6603	998.5716	5.2176	2
131.1	26.6615	998.6045	5.2083	2
131.2	26.6629	998.5482	5.2079	2
131.3	26.6643	998.5168	5.2219	2
131.4	26.6657	998.5401	5.2221	2
131.5	26.667	998.5315	5.2156	2
131.6	26.6684	998.5142	5.2082	2
131.7	26.67	998.5365	5.2112	2
131.8	26.6715	998.5679	5.2277	2
131.9	26.6728	998.5659	5.2192	2
132	26.674	998.5763	5.2064	2
132.1	26.6754	998.4914	5.2044	2
132.2	26.677	998.4808	5.1942	2
132.3	26.6784	998.492	5.1841	2
132.4	26.6796	998.5142	5.1809	2
132.5	26.6811	998.5702	5.1876	2
132.6	26.6824	998.5319	5.1957	2
132.7	26.6832	998.6747	5.1869	2
132.8	26.6839	998.7006	5.1989	2
132.9	26.6848	998.6491	5.2044	2
133	26.6856	998.6819	5.2004	2
133.1	26.6863	998.6447	5.1966	2
133.2	26.6871	998.5693	5.1851	2
133.3	26.6881	998.5446	5.1853	2
133.4	26.6893	998.5918	5.1765	2
133.5	26.6903	998.6261	5.1796	2
133.6	26.6914	998.5279	5.1929	2
133.7	26.6924	998.583	5.1877	2
133.8	26.6933	998.5693	5.1915	2
133.9	26.6943	998.6399	5.1989	2
134	26.6949	998.6637	5.1845	2
134.1	26.6959	998.6374	5.1805	2
134.2	26.6967	998.5971	5.1764	2
134.3	26.6977	998.6188	5.1866	2
134.4	26.6986	998.6213	5.1897	2
134.5	26.6995	998.5918	5.1912	2
134.6	26.7004	998.7026	5.1836	2
134.7	26.7009	998.7179	5.1828	2
134.8	26.7014	998.6883	5.1803	2
134.9	26.7019	998.7047	5.1651	2
135	26.7023	998.6742	5.1579	2
135.1	26.7028	998.6931	5.1565	2
135.2	26.7035	998.6879	5.1613	2
135.3	26.7043	998.6206	5.1615	2
135.4	26.7049	998.6669	5.1545	2
135.5	26.7053	998.7421	5.1551	2
135.6	26.7055	998.6836	5.161	2
135.7	26.706	998.6671	5.1795	2
135.8	26.7067	998.686	5.1798	2
135.9	26.7069	998.768	5.167	2
136	26.7069	998.8141	5.1787	2
136.1	26.7071	998.7053	5.1789	2
136.2	26.7072	998.7656	5.1717	2
136.3	26.7073	998.7988	5.1821	2
136.4	26.7073	998.7716	5.1916	2
136.5	26.7074	998.7883	5.1843	2
136.6	26.7076	998.8201	5.1716	2
136.7	26.7075	998.8006	5.1671	2
136.8	26.7075	998.8033	5.171	2
136.9	26.7074	998.7891	5.1732	2
137	26.7072	998.7679	5.1737	2
137.1	26.7074	998.729	5.1771	2
137.2	26.7079	998.6726	5.1696	2
137.3	26.7083	998.7141	5.1627	2
137.4	26.7087	998.6641	5.1656	2
137.5	26.7093	998.5568	5.1704	2
137.6	26.7103	998.5719	5.1632	2
137.7	26.7114	998.5832	5.1578	2
137.8	26.7124	998.5681	5.1645	2
137.9	26.7135	998.5002	5.1661	2
138	26.7147	998.5118	5.1639	2
138.1	26.7157	998.5187	5.1621	2
138.2	26.7168	998.5383	5.1662	2
138.3	26.7178	998.5158	5.1733	2
138.4	26.7188	998.5785	5.1726	2
138.5	26.7199	998.4995	5.1724	2
138.6	26.7209	998.53	5.1805	2
138.7	26.7222	998.4793	5.1813	2
138.8	26.7237	998.4308	5.1768	2
138.9	26.7253	998.3848	5.1864	2
139	26.7266	998.4658	5.1946	2
139.1	26.728	998.5159	5.1883	2
139.2	26.7292	998.5258	5.185	2
139.3	26.7304	998.4933	5.1831	2
139.4	26.7317	998.5032	5.1853	2
139.5	26.733	998.4326	5.1878	2
139.6	26.7343	998.5234	5.1843	2
139.7	26.7354	998.5319	5.1757	2
139.8	26.7362	998.5776	5.1779	2
139.9	26.7372	998.4808	5.1746	2
140	26.7383	998.5087	5.1728	2
140.1	26.7396	998.4542	5.1764	2
140.2	26.7407	998.5223	5.1697	2
140.3	26.7418	998.4969	5.1749	2
140.4	26.7429	998.4787	5.1707	2
140.5	26.744	998.5619	5.1737	2
140.6	26.7449	998.5481	5.1702	2
140.7	26.7461	998.509	5.1718	2
140.8	26.7473	998.5365	5.1785	2
140.9	26.7482	998.6298	5.189	2
141	26.7488	998.5687	5.196	2
141.1	26.7495	998.5766	5.1915	2
141.2	26.7503	998.5799	5.1921	2
141.3	26.7509	998.6775	5.183	2
141.4	26.7514	998.6679	5.1827	2
141.5	26.7521	998.6141	5.173	2
141.6	26.7527	998.6295	5.1739	2
141.7	26.7532	998.6442	5.182	2
141.8	26.7535	998.6557	5.1851	2
141.9	26.7541	998.6253	5.1737	2
142	26.7543	998.7439	5.1835	2
142.1	26.7542	998.7467	5.1837	2
142.2	26.7543	998.7772	5.1829	2
142.3	26.7546	998.6102	5.1813	2
142.4	26.7551	998.6595	5.1846	2
142.5	26.7554	998.708	5.1849	2
142.6	26.7557	998.6474	5.1815	2
142.7	26.7561	998.6442	5.1751	2
142.8	26.7563	998.6925	5.1742	2
142.9	26.7567	998.6687	5.1777	2
143	26.757	998.7108	5.1845	2
143.1	26.7575	998.6031	5.1938	2
143.2	26.758	998.546	5.1901	2
143.3	26.7584	998.6872	5.1869	2
143.4	26.7587	998.6874	5.2006	2
143.5	26.7591	998.7176	5.2104	2
143.6	26.7595	998.6716	5.2205	2
143.7	26.7597	998.7135	5.219	2
143.8	26.76	998.7004	5.2173	2
143.9	26.7603	998.6369	5.2113	2
144	26.7604	998.6475	5.2162	2
144.1	26.7608	998.7324	5.2175	2
144.2	26.7613	998.5872	5.2107	2
144.3	26.7619	998.621	5.1985	2
144.4	26.7622	998.6096	5.1869	2
144.5	26.7627	998.6201	5.1867	2
144.6	26.7632	998.6179	5.1863	2
144.7	26.7637	998.6551	5.1794	2
144.8	26.764	998.6128	5.1837	2
144.9	26.7645	998.6322	5.1948	2
145	26.7651	998.5629	5.1891	2
145.1	26.7658	998.613	5.1767	2
145.2	26.7662	998.6993	5.1683	2
145.3	26.7666	998.5792	5.1637	2
145.4	26.7671	998.6502	5.1757	2
145.5	26.7677	998.6352	5.1762	2
145.6	26.7681	998.6007	5.1818	2
145.7	26.7687	998.6741	5.1868	2
145.8	26.7694	998.5849	5.1952	2
145.9	26.7699	998.4958	5.1892	2
146	26.7707	998.5602	5.1968	2
146.1	26.7717	998.5602	5.2023	2
146.2	26.7723	998.5744	5.2025	2
146.3	26.7729	998.6432	5.1981	2
146.4	26.7735	998.5914	5.1796	2
146.5	26.7741	998.5776	5.1757	2
146.6	26.7749	998.56	5.1728	2
146.7	26.7754	998.5716	5.1758	2
146.8	26.7761	998.656	5.1863	2
146.9	26.7769	998.5958	5.1939	2
147	26.7777	998.4985	5.2024	2
147.1	26.7782	998.6014	5.1913	2
147.2	26.7788	998.5695	5.1885	2
147.3	26.7792	998.6962	5.1949	2
147.4	26.7798	998.5999	5.1909	2
147.5	26.78	998.6548	5.197	2
147.6	26.7804	998.6724	5.2115	2
147.7	26.7808	998.6296	5.2116	2
147.8	26.7812	998.5787	5.2078	2
147.9	26.7815	998.6762	5.2006	2
148	26.7819	998.641	5.1846	2
148.1	26.7825	998.5841	5.1807	2
148.2	26.7833	998.5404	5.181	2
148.3	26.7839	998.5516	5.1751	2
148.4	26.7847	998.5797	5.1742	2
148.5	26.7856	998.5187	5.1897	2
148.6	26.7865	998.5648	5.2004	2
148.7	26.7871	998.635	5.1969	2
148.8	26.7874	998.618	5.1961	2
148.9	26.7879	998.5592	5.1984	2
149	26.7885	998.6089	5.1997	2
149.1	26.7892	998.5905	5.1992	2
149.2	26.7898	998.6289	5.2153	2
149.3	26.7902	998.6014	5.2306	2
149.4	26.7906	998.6199	5.2259	2
149.5	26.791	998.6614	5.2175	2
149.6	26.7911	998.6935	5.2183	2
149.7	26.791	998.7153	5.2147	2
149.8	26.7912	998.7163	5.2133	2
149.9	26.7914	998.638	5.216	2
150	26.7917	998.7119	5.2184	2
150.1	26.7918	998.656	5.2201	2
150.2	26.792	998.7078	5.2237	2
150.3	26.7921	998.6964	5.2225	2
150.4	26.7923	998.6663	5.2193	2
150.5	26.7926	998.6903	5.2234	2
150.6	26.7929	998.6491	5.2102	2
150.7	26.7932	998.6479	5.2034	2
150.8	26.7934	998.6294	5.2133	2
150.9	26.7934	998.689	5.209	2
151	26.7937	998.7062	5.1966	2
151.1	26.7936	998.7329	5.19	2
151.2	26.7937	998.6868	5.1992	2
151.3	26.7938	998.7018	5.2124	2
151.4	26.7939	998.6718	5.2206	2
151.5	26.794	998.6667	5.2154	2
151.6	26.7942	998.6771	5.2181	2
151.7	26.7943	998.6043	5.2024	2
151.8	26.7945	998.6593	5.2021	2
151.9	26.7947	998.6851	5.2038	2
152	26.7946	998.7424	5.2029	2
152.1	26.7945	998.7289	5.1997	2
152.2	26.7946	998.7158	5.1961	2
152.3	26.7947	998.6179	5.1994	2
152.4	26.7948	998.6522	5.205	2
152.5	26.795	998.6847	5.1955	2
152.6	26.7951	998.7101	5.2046	2
152.7	26.7951	998.6996	5.2149	2
152.8	26.7952	998.7345	5.2189	2
152.9	26.7951	998.7175	5.2248	2
153	26.7952	998.7052	5.2209	2
153.1	26.7952	998.7028	5.2161	2
153.2	26.7951	998.762	5.2065	2
153.3	26.795	998.5823	5.2035	2
153.4	26.7957	998.5749	5.2159	2
153.5	26.7968	998.4393	5.2225	2
153.6	26.7978	998.5319	5.2129	2
153.7	26.7984	998.5179	5.2088	2
153.8	26.7991	998.5256	5.2197	2
153.9	26.8	998.4886	5.2286	2
154	26.8007	998.5692	5.2179	3
154.1	26.8015	998.6034	5.2171	3
154.2	26.8021	998.5475	5.2226	3
154.3	26.8026	998.6238	5.2239	3
154.4	26.8028	998.2366	5.2128	3
154.5	26.8024	997.5334	5.2072	3
154.6	26.8022	996.6916	5.2062	3
154.7	26.8015	995.9543	5.215	3
154.8	26.8006	995.1997	5.2089	3
154.9	26.7998	994.3692	5.198	3
155	26.7986	993.5506	5.1977	3
155.1	26.7975	992.696	5.205	3
155.2	26.7963	991.8908	5.2057	3
155.3	26.7953	991.0362	5.2	3
155.4	26.7941	990.218	5.2021	3
155.5	26.7927	989.415	5.2084	3
155.6	26.7912	988.5648	5.2159	3
155.7	26.7899	987.8012	5.2175	3
155.8	26.7882	987.0234	5.2211	3
155.9	26.7862	986.228	5.2262	3
156	26.7843	985.3223	5.2231	3
156.1	26.7826	984.4678	5.213	3
156.2	26.7811	983.726	5.2172	3
156.3	26.779	982.8935	5.218	3
156.4	26.7771	981.974	5.2185	3
156.5	26.7757	981.0718	5.2078	3
156.6	26.774	980.2829	5.2133	3
156.7	26.772	979.5642	5.223	3
156.8	26.77	978.6621	5.2135	3
156.9	26.7683	977.8331	5.2073	3
157	26.7664	977.0448	5.211	3
157.1	26.7641	976.2633	5.2109	3
157.2	26.762	975.4227	5.219	3
157.3	26.7601	974.4949	5.2205	3
157.4	26.7583	973.7163	5.2241	3
157.5	26.7561	972.8875	5.2195	3
157.6	26.7542	971.9727	5.2125	3
157.7	26.7527	971.1132	5.2105	3
157.8	26.7512	970.2609	5.2156	3
157.9	26.7496	969.465	5.2232	3
158	26.748	968.6206	5.2282	3
158.1	26.7465	967.7704	5.228	3
158.2	26.7447	967.0681	5.2242	3
158.3	26.7428	966.1126	5.228	3
158.4	26.7411	965.3303	5.2235	3
158.5	26.7396	964.4767	5.2365	3
158.6	26.7378	963.5767	5.2311	3
158.7	26.736	962.7725	5.2279	3
158.8	26.7344	961.9915	5.2248	3
158.9	26.7328	961.1776	5.2174	3
159	26.7311	960.3505	5.2267	3
159.1	26.7291	959.5646	5.2324	3
159.2	26.727	958.6782	5.2253	3
159.3	26.725	957.9388	5.2374	3
159.4	26.7227	957.0988	5.2464	3
159.5	26.7202	956.2761	5.2375	3
159.6	26.7177	955.4941	5.2319	3
159.7	26.7151	954.6216	5.2302	3
159.8	26.7125	953.7959	5.2238	3
159.9	26.7099	953.0263	5.2247	3
160	26.7071	952.2913	5.2263	3
160.1	26.704	951.4818	5.2253	3
160.2	26.7005	950.7152	5.228	3
160.3	26.6971	949.7716	5.2241	3
160.4	26.6941	948.9105	5.2219	3
160.5	26.6911	948.1191	5.2237	3
160.6	26.6876	947.3211	5.2194	3
160.7	26.684	946.5223	5.2094	3
160.8	26.6806	945.6605	5.1897	3
160.9	26.6768	944.8983	5.1952	3
161	26.6731	944.1276	5.1907	3
161.1	26.6693	943.2261	5.186	3
161.2	26.6658	942.4019	5.1891	3
161.3	26.6619	941.6098	5.1896	3
161.4	26.658	940.763	5.19	3
161.5	26.6541	939.8483	5.1734	3
161.6	26.6506	938.9953	5.1641	3
161.7	26.6468	938.2028	5.1766	3
161.8	26.6433	937.4257	5.1839	3
161.9	26.6395	936.512	5.1936	3
162	26.6357	935.8347	5.1898	3
162.1	26.6316	935.0052	5.1721	3
162.2	26.6273	934.2276	5.1785	3
162.3	26.6234	933.2634	5.1976	3
162.4	26.6198	932.425	5.2079	3
162.5	26.6161	931.5762	5.1944	3
162.6	26.6118	930.8242	5.1903	3
162.7	26.6078	929.9844	5.2071	3
162.8	26.6042	928.974	5.2035	3
162.9	26.6008	928.148	5.1781	3
163	26.5973	927.3472	5.1697	3
163.1	26.5938	926.5073	5.1733	3
163.2	26.5904	925.6988	5.1846	3
163.3	26.5868	924.8544	5.199	3
163.4	26.5831	924.0508	5.1804	3
163.5	26.5795	923.1783	5.1917	3
163.6	26.576	922.4289	5.2092	3
163.7	26.5722	921.565	5.2153	3
163.8	26.5683	920.806	5.2159	3
163.9	26.5645	919.879	5.2157	3
164	26.5609	919.0031	5.215	3
164.1	26.5575	918.1636	5.2179	3
164.2	26.554	917.3134	5.2112	3
164.3	26.5505	916.5133	5.2153	3
164.4	26.547	915.638	5.2102	3
164.5	26.5436	914.8014	5.2052	3
164.6	26.5402	914.0667	5.2047	3
164.7	26.5366	913.2116	5.2061	3
164.8	26.5327	912.437	5.1997	3
164.9	26.5288	911.5788	5.1998	3
165	26.525	910.6922	5.1963	3
165.1	26.521	909.8807	5.206	3
165.2	26.5169	909.1785	5.211	3
165.3	26.5127	908.3178	5.2076	3
165.4	26.5084	907.5557	5.2123	3
165.5	26.5043	906.6014	5.2336	3
165.6	26.5002	905.8293	5.2385	3
165.7	26.4963	905.0159	5.2353	3
165.8	26.4921	904.0606	5.2226	3
165.9	26.4882	903.183	5.2149	3
166	26.4847	902.4244	5.2219	3
166.1	26.481	901.5584	5.2283	3
166.2	26.4771	900.7425	5.2278	3
166.3	26.473	899.9934	5.2191	3
166.4	26.4687	899.1898	5.2156	3
166.5	26.4644	898.2809	5.2115	3
166.6	26.4602	897.5551	5.2056	3
166.7	26.4559	896.5742	5.1973	3
166.8	26.4518	895.8365	5.1912	3
166.9	26.4478	894.9278	5.1921	3
167	26.4436	894.0886	5.1977	3
167.1	26.4398	893.2511	5.2006	3
167.2	26.4358	892.3917	5.1949	3
167.3	26.4321	891.5676	5.1998	3
167.4	26.4286	890.6513	5.1918	3
167.5	26.4251	889.8248	5.1891	3
167.6	26.4217	889.0096	5.1958	3
167.7	26.4178	888.2112	5.1867	3
167.8	26.4142	887.4042	5.19	3
167.9	26.4103	886.5195	5.2124	3
168	26.4063	885.7801	5.2105	3
168.1	26.4024	884.953	5.2086	3
168.2	26.3985	884.014	5.205	3
168.3	26.3947	883.2204	5.1854	3
168.4	26.391	882.354	5.1805	3
168.5	26.3873	881.6002	5.188	3
168.6	26.3838	880.7485	5.1994	3
168.7	26.38	879.8585	5.1995	3
168.8	26.3762	879.0619	5.1991	3
168.9	26.3724	878.2205	5.2116	3
169	26.3683	877.45	5.2086	3
169.1	26.3644	876.6046	5.2027	3
169.2	26.3605	875.7792	5.2009	3
169.3	26.3565	874.8818	5.1989	3
169.4	26.3528	874.102	5.1988	3
169.5	26.3489	873.2448	5.1974	3
169.6	26.3449	872.409	5.1932	3
169.7	26.341	871.6229	5.188	3
169.8	26.337	870.7702	5.1909	3
169.9	26.333	869.9429	5.197	3
170	26.3291	869.1052	5.2119	3
170.1	26.3251	868.3155	5.2106	3
170.2	26.3208	867.4996	5.2009	3
170.3	26.3169	866.6563	5.1977	3
170.4	26.313	865.7055	5.2001	3
170.5	26.3091	864.9278	5.1923	3
170.6	26.305	864.1115	5.1941	3
170.7	26.3008	863.3221	5.1991	3
170.8	26.2968	862.4639	5.2051	3
170.9	26.2928	861.6147	5.2085	3
171	26.2886	860.8943	5.2225	3
171.1	26.2843	859.9561	5.2124	3
171.2	26.2803	859.1184	5.2069	3
171.3	26.2764	858.1793	5.2185	3
171.4	26.2726	857.378	5.2171	3
171.5	26.2689	856.5455	5.2093	3
171.6	26.2652	855.7091	5.2141	3
171.7	26.2616	854.7834	5.2199	3
171.8	26.2581	853.9906	5.2159	3
171.9	26.2545	853.2413	5.2242	3
172	26.2507	852.391	5.2366	3
172.1	26.247	851.4684	5.2376	3
172.2	26.2437	850.6021	5.2175	3
172.3	26.2404	849.865	5.2177	3
172.4	26.2368	849.0649	5.2279	3
172.5	26.2331	848.2214	5.2299	3
172.6	26.2294	847.3886	5.2278	3
172.7	26.2255	846.5736	5.2224	3
172.8	26.2214	845.7224	5.2187	3
172.9	26.2178	844.8307	5.2121	3
173	26.2146	843.9429	5.2168	3
173.1	26.2115	843.0395	5.2169	3
173.2	26.2085	842.2328	5.2115	3
173.3	26.2057	841.2554	5.2166	3
173.4	26.2032	840.4042	5.2127	3
173.5	26.2009	839.6043	5.2187	3
173.6	26.198	838.8174	5.2322	3
173.7	26.1948	838.1245	5.2378	3
173.8	26.1916	837.2425	5.2315	3
173.9	26.1883	836.4586	5.2321	3
174	26.1851	835.6113	5.24	3
174.1	26.1815	834.8492	5.2485	3
174.2	26.178	834.0518	5.2437	3
174.3	26.1746	833.129	5.24	3
174.4	26.1714	832.247	5.2282	3
174.5	26.1681	831.4491	5.2287	3
174.6	26.1649	830.6138	5.2281	3
174.7	26.1616	829.7422	5.2145	3
174.8	26.1582	828.9649	5.2263	3
174.9	26.1549	828.0779	5.2284	3
175	26.1517	827.2387	5.2217	3
175.1	26.1483	826.4799	5.2268	3
175.2	26.1446	825.6923	5.2337	3
175.3	26.1407	824.9075	5.2335	3
175.4	26.137	824.0812	5.231	3
175.5	26.1333	823.2159	5.2342	3
175.6	26.1299	822.3075	5.2325	3
175.7	26.1262	821.5281	5.2305	3
175.8	26.1223	820.8654	5.235	3
175.9	26.1182	819.9499	5.2412	3
176	26.114	819.1544	5.2296	3
176.1	26.1099	818.3155	5.2267	3
176.2	26.1054	817.624	5.2359	3
176.3	26.1009	816.7311	5.2387	3
176.4	26.0961	815.825	5.2306	3
176.5	26.0917	815.048	5.2214	3
176.6	26.087	814.2557	5.2121	3
176.7	26.0824	813.3859	5.2122	3
176.8	26.0779	812.5193	5.21	3
176.9	26.0735	811.7294	5.2176	3
177	26.0688	810.8875	5.2325	3
177.1	26.064	810.1052	5.2301	3
177.2	26.0593	809.307	5.2274	3
177.3	26.0546	808.4059	5.2266	3
177.4	26.0496	807.6745	5.2082	3
177.5	26.0448	806.7726	5.2081	3
177.6	26.04	805.9731	5.2185	3
177.7	26.035	805.2096	5.2173	3
177.8	26.0297	804.2689	5.2249	3
177.9	26.0246	803.5545	5.2414	3
178	26.0196	802.6162	5.2374	3
178.1	26.0146	801.7602	5.242	3
178.2	26.01	800.9545	5.2376	3
178.3	26.0052	800.0142	5.2364	3
178.4	26.0006	799.2248	5.2467	3
178.5	25.996	798.4577	5.2419	3
178.6	25.9912	797.6464	5.2285	3
178.7	25.9864	796.7179	5.2339	3
178.8	25.9818	795.9104	5.2348	3
178.9	25.9772	794.9957	5.2295	3
179	25.9729	794.1701	5.2319	3
179.1	25.9688	793.3084	5.2412	3
179.2	25.9643	792.4722	5.2448	3
179.3	25.9601	791.6847	5.2411	3
179.4	25.9558	790.7822	5.2429	3
179.5	25.9519	789.9114	5.237	3
179.6	25.9481	789.0236	5.2404	3
179.7	25.944	788.2825	5.2358	3
179.8	25.9399	787.4447	5.2305	3
179.9	25.936	786.5542	5.2281	3
180	25.9323	785.7346	5.226	3
180.1	25.9284	784.9011	5.2169	3
180.2	25.9245	784.0734	5.2062	3
180.3	25.9207	783.1597	5.215	3
180.4	25.917	782.3783	5.2274	3
180.5	25.9132	781.5983	5.2228	3
180.6	25.9093	780.7466	5.2218	3
180.7	25.9055	779.8292	5.2282	3
180.8	25.9018	779.0508	5.238	3
180.9	25.8979	778.2065	5.2421	3
181	25.8937	777.4766	5.2375	3
181.1	25.8897	776.6387	5.234	3
181.2	25.8856	775.7877	5.2292	3
181.3	25.8816	774.7984	5.215	3
181.4	25.8776	774.1293	5.2073	3
181.5	25.8735	773.31	5.207	3
181.6	25.8693	772.4852	5.2116	3
181.7	25.865	771.6599	5.2226	3
181.8	25.8608	770.7257	5.2301	3
181.9	25.8566	769.9835	5.2379	3
182	25.8526	769.1684	5.2471	3
182.1	25.8484	768.3241	5.2492	3
182.2	25.8442	767.5243	5.2373	3
182.3	25.8398	766.6793	5.2199	3
182.4	25.8353	765.8704	5.2194	3
182.5	25.8308	765.0077	5.2348	3
182.6	25.8263	764.1564	5.2342	3
182.7	25.8219	763.3774	5.2324	3
182.8	25.8172	762.6666	5.2358	3
182.9	25.8123	761.7417	5.2345	3
183	25.8075	760.9559	5.2219	3
183.1	25.8028	760.0969	5.2159	3
183.2	25.7977	759.25	5.2127	3
183.3	25.793	758.4155	5.2191	3
183.4	25.7887	757.4839	5.2104	3
183.5	25.7845	756.6699	5.1969	3
183.6	25.7802	755.7989	5.1987	3
183.7	25.7761	754.9726	5.2009	3
183.8	25.7722	754.0667	5.1849	3
183.9	25.7681	753.2729	5.1859	3
184	25.7638	752.4996	5.1961	3
184.1	25.7593	751.6405	5.1936	3
184.2	25.7551	750.8273	5.1949	3
184.3	25.7506	750.0074	5.2108	3
184.4	25.7461	749.2487	5.2122	3
184.5	25.7415	748.3851	5.2089	3
184.6	25.7368	747.6681	5.2134	3
184.7	25.732	746.8361	5.2098	3
184.8	25.7268	745.892	5.2048	3
184.9	25.7221	745.107	5.1956	3
185	25.7177	744.1593	5.1938	3
185.1	25.7132	743.3608	5.1915	3
185.2	25.7087	742.5124	5.1978	3
185.3	25.7041	741.718	5.1903	3
185.4	25.6995	740.9088	5.1952	3
185.5	25.695	740.0936	5.2182	3
185.6	25.6903	739.2471	5.2288	3
185.7	25.6857	738.4387	5.2338	3
185.8	25.6809	737.5758	5.2366	3
185.9	25.676	736.7469	5.2377	3
186	25.6713	735.9566	5.2392	3
186.1	25.6664	735.124	5.2386	3
186.2	25.6615	734.2458	5.2254	3
186.3	25.6566	733.4483	5.2145	3
186.4	25.6517	732.6218	5.2007	3
186.5	25.6469	731.7505	5.1973	3
186.6	25.6422	730.9277	5.1921	3
186.7	25.6374	730.1123	5.2052	3
186.8	25.6329	729.1984	5.2152	3
186.9	25.6285	728.3089	5.2205	3
187	25.6244	727.4572	5.2366	3
187.1	25.6202	726.6283	5.2316	3
187.2	25.6161	725.748	5.2188	3
187.3	25.6121	724.9207	5.2094	3
187.4	25.6079	724.129	5.211	3
187.5	25.6036	723.2989	5.2099	3
187.6	25.5993	722.4631	5.2007	3
187.7	25.5953	721.5638	5.1998	3
187.8	25.5912	720.8505	5.2064	3
187.9	25.5866	720.1215	5.2135	3
188	25.5818	719.2351	5.2121	3
188.1	25.5772	718.3863	5.2061	3
188.2	25.5727	717.5606	5.1954	3
188.3	25.5679	716.7816	5.1904	3
188.4	25.5631	715.9188	5.1979	3
188.5	25.5582	715.0349	5.2117	3
188.6	25.5535	714.3206	5.2135	3
188.7	25.5486	713.4788	5.1959	3
188.8	25.5437	712.5706	5.1887	3
188.9	25.539	711.7468	5.1732	3
189	25.5341	710.9357	5.183	3
189.1	25.5292	710.1114	5.1914	3
189.2	25.5246	709.1925	5.1956	3
189.3	25.5202	708.3854	5.1998	3
189.4	25.515	707.6697	5.1948	3
189.5	25.5097	706.902	5.1883	3
189.6	25.5046	705.9855	5.1998	3
189.7	25.4995	705.1557	5.198	3
189.8	25.4946	704.2749	5.1867	3
189.9	25.4897	703.421	5.1958	3
190	25.485	702.6577	5.2042	3
190.1	25.48	701.8081	5.2022	3
190.2	25.4748	701.0379	5.2077	3
190.3	25.4697	700.1684	5.2	3
190.4	25.4646	699.3117	5.1902	3
190.5	25.4593	698.6273	5.1952	3
190.6	25.4539	697.7026	5.1954	3
190.7	25.4487	696.7437	5.1967	3
190.8	25.4439	695.9643	5.1979	3
190.9	25.4389	695.1115	5.1951	3
191	25.4337	694.4091	5.1885	3
191.1	25.4284	693.4709	5.1957	3
191.2	25.4231	692.6829	5.1986	3
191.3	25.4177	691.935	5.1983	3
191.4	25.4123	691.0701	5.2116	3
191.5	25.407	690.1517	5.2216	3
191.6	25.4018	689.4012	5.2256	3
191.7	25.3963	688.6569	5.2231	3
191.8	25.3907	687.6579	5.2144	3
191.9	25.3854	686.8312	5.2047	3
192	25.3803	686.0608	5.2015	3
192.1	25.3751	685.1377	5.1968	3
192.2	25.37	684.2673	5.1942	3
192.3	25.3651	683.4772	5.2028	3
192.4	25.3599	682.7049	5.2044	3
192.5	25.3547	681.8639	5.2016	3
192.6	25.3494	681.045	5.2028	3
192.7	25.3441	680.2056	5.2087	3
192.8	25.3389	679.3363	5.2059	3
192.9	25.3339	678.4472	5.2135	3
193	25.3289	677.6365	5.2356	3
193.1	25.3238	676.861	5.2358	3
193.2	25.3188	675.9706	5.2201	3
193.3	25.3138	675.073	5.2221	3
193.4	25.3093	674.2035	5.2166	3
193.5	25.3046	673.4044	5.1975	3
193.6	25.2994	672.6568	5.1938	3
193.7	25.2944	671.9229	5.2097	3
193.8	25.2891	671.0872	5.2111	3
193.9	25.284	670.1705	5.1992	3
194	25.2786	669.397	5.1862	3
194.1	25.273	668.5003	5.1763	3
194.2	25.2678	667.6748	5.18	3
194.3	25.2626	666.8547	5.1874	3
194.4	25.2571	666.0223	5.1895	3
194.5	25.2517	665.2458	5.1834	3
194.6	25.2463	664.4342	5.1781	3
194.7	25.2409	663.5819	5.1785	3
194.8	25.2353	662.7646	5.1785	3
194.9	25.2295	661.9705	5.1866	3
195	25.2238	661.0806	5.1981	3
195.1	25.2181	660.3154	5.1891	3
195.2	25.2124	659.479	5.1949	3
195.3	25.2064	658.6784	5.1946	3
195.4	25.2003	657.8909	5.1887	3
195.5	25.1942	656.9646	5.1813	3
195.6	25.1885	656.0693	5.1854	3
195.7	25.1831	655.2569	5.2005	3
195.8	25.1773	654.5022	5.2099	3
195.9	25.1715	653.5821	5.208	3
196	25.1662	652.7051	5.2115	3
196.1	25.1606	651.8625	5.2019	3
196.2	25.1551	651.1933	5.2047	3
196.3	25.1495	650.3399	5.2148	3
196.4	25.1437	649.3837	5.2147	3
196.5	25.1383	648.55	5.1981	3
196.6	25.1327	647.7408	5.1883	3
196.7	25.1274	646.874	5.1953	3
196.8	25.122	646.0321	5.2019	3
196.9	25.1165	645.2455	5.2051	3
197	25.1108	644.4848	5.2064	3
197.1	25.1051	643.6483	5.2082	3
197.2	25.0994	642.8101	5.2148	3
197.3	25.0937	641.9032	5.2058	3
197.4	25.0882	641.0413	5.2007	3
197.5	25.0832	640.152	5.2107	3
197.6	25.0785	639.241	5.211	3
197.7	25.0735	638.4482	5.2072	3
197.8	25.0686	637.5944	5.1951	3
197.9	25.0637	636.7284	5.1954	3
198	25.0591	635.9083	5.1971	3
198.1	25.0546	635.0834	5.1988	3
198.2	25.05	634.2098	5.2233	3
198.3	25.0455	633.3253	5.2232	3
198.4	25.0412	632.5038	5.2098	3
198.5	25.0366	631.7573	5.2038	3
198.6	25.0318	630.8671	5.1993	3
198.7	25.0269	630.0964	5.1974	3
198.8	25.0222	629.2224	5.2076	3
198.9	25.0175	628.3241	5.2091	3
199	25.0129	627.5823	5.1958	3
199.1	25.0084	626.7111	5.2067	3
199.2	25.0038	625.8867	5.2063	3
199.3	24.9991	625.078	5.2079	3
199.4	24.9944	624.2849	5.2218	3
199.5	24.9896	623.5125	5.2129	3
199.6	24.9844	622.5596	5.1922	3
199.7	24.9794	621.7526	5.2016	3
199.8	24.9748	620.9168	5.2213	3
199.9	24.9703	620.084	5.2269	3
200	24.9656	619.2432	5.2131	3
200.1	24.9607	618.4747	5.1971	3
200.2	24.9557	617.6436	5.1921	3
200.3	24.9504	616.8815	5.203	3
200.4	24.9449	616.0984	5.2038	3
200.5	24.9396	615.1897	5.2013	3
200.6	24.9346	614.3257	5.2053	3
200.7	24.9296	613.5264	5.2001	3
200.8	24.9245	612.7233	5.1981	3
200.9	24.9195	611.869	5.2051	3
201	24.9147	610.9145	5.2112	3
201.1	24.9095	610.1712	5.2042	3
201.2	24.9041	609.4085	5.2054	3
201.3	24.8987	608.5117	5.2154	3
201.4	24.8936	607.7189	5.2069	3
201.5	24.8882	606.822	5.1981	3
201.6	24.8826	606.0987	5.1944	3
201.7	24.8772	605.2981	5.1862	3
201.8	24.8714	604.5069	5.1867	3
201.9	24.8655	603.6943	5.1849	3
202	24.8596	602.7121	5.1899	3
202.1	24.8541	601.9471	5.191	3
202.2	24.8486	601.0517	5.1826	3
202.3	24.8429	600.2227	5.1842	3
202.4	24.8372	599.4662	5.1769	3
202.5	24.8314	598.6698	5.1728	3
202.6	24.8254	597.8222	5.1818	3
202.7	24.8195	596.945	5.1848	3
202.8	24.8138	596.07	5.1791	3
202.9	24.8082	595.3174	5.1726	3
203	24.8024	594.4424	5.164	3
203.1	24.7967	593.6329	5.1671	3
203.2	24.791	592.8067	5.1809	3
203.3	24.7854	591.9616	5.1827	3
203.4	24.7795	591.1639	5.1751	3
203.5	24.7737	590.2706	5.1739	3
203.6	24.7683	589.4137	5.1808	3
203.7	24.7626	588.6205	5.1837	3
203.8	24.7567	587.7865	5.1832	3
203.9	24.7509	586.9513	5.1911	3
204	24.7454	586.058	5.2041	3
204.1	24.7398	585.2672	5.1963	3
204.2	24.7341	584.4134	5.1861	3
204.3	24.7286	583.5743	5.1821	3
204.4	24.7232	582.7575	5.164	3
204.5	24.7176	581.9954	5.1692	3
204.6	24.7118	581.1307	5.1829	3
204.7	24.706	580.2133	5.1783	3
204.8	24.7002	579.4675	5.1668	3
204.9	24.6946	578.6069	5.1841	3
205	24.6888	577.8222	5.1909	3
205.1	24.6831	576.9489	5.184	3
205.2	24.6773	576.0433	5.1737	3
205.3	24.6717	575.2694	5.1706	3
205.4	24.6659	574.4345	5.1727	3
205.5	24.6601	573.6335	5.1769	3
205.6	24.6543	572.821	5.1856	3
205.7	24.6482	572.0544	5.1685	3
205.8	24.6419	571.2541	5.1719	3
205.9	24.6356	570.3795	5.19	3
206	24.6293	569.6666	5.1911	3
206.1	24.6225	568.7854	5.1963	3
206.2	24.6157	568.0303	5.1968	3
206.3	24.609	567.1299	5.1954	3
206.4	24.6024	566.2609	5.1968	3
206.5	24.5959	565.4868	5.1874	3
206.6	24.5893	564.6165	5.1769	3
206.7	24.583	563.7375	5.1789	3
206.8	24.5769	562.872	5.1657	3
206.9	24.5707	562.0774	5.172	3
207	24.5643	561.2521	5.1828	3
207.1	24.5578	560.4455	5.1809	3
207.2	24.5513	559.6394	5.1746	3
207.3	24.5447	558.8445	5.1749	3
207.4	24.5384	557.8921	5.1876	3
207.5	24.5322	557.031	5.1904	3
207.6	24.5262	556.1603	5.1927	3
207.7	24.52	555.4374	5.1903	3
207.8	24.5139	554.5418	5.1928	3
207.9	24.5081	553.6429	5.1917	3
208	24.5021	552.8011	5.2016	3
208.1	24.4961	551.9619	5.2167	3
208.2	24.4903	551.1474	5.2187	3
208.3	24.4845	550.31	5.2123	3
208.4	24.4786	549.5409	5.2105	3
208.5	24.4725	548.7027	5.2218	3
208.6	24.4665	547.7744	5.215	3
208.7	24.4609	546.9184	5.2153	3
208.8	24.4551	546.1908	5.205	3
208.9	24.4492	545.2902	5.1989	3
209	24.4433	544.4398	5.2067	3
209.1	24.4376	543.5914	5.2141	3
209.2	24.4321	542.7859	5.2195	3
209.3	24.4264	541.934	5.2181	3
209.4	24.4209	541.0805	5.2241	3
209.5	24.4154	540.1914	5.2134	3
209.6	24.4098	539.289	5.2105	3
209.7	24.4046	538.3379	5.2081	3
209.8	24.3998	537.6079	5.2015	3
209.9	24.3952	536.7523	5.2005	3
210	24.3904	535.9543	5.2059	3
210.1	24.3853	535.143	5.1987	3
210.2	24.3801	534.2552	5.1939	3
210.3	24.3752	533.4737	5.2011	3
210.4	24.3703	532.5097	5.2034	3
210.5	24.3656	531.7838	5.2021	3
210.6	24.3609	530.9401	5.2065	3
210.7	24.3558	530.117	5.2145	3
210.8	24.3508	529.349	5.2074	3
210.9	24.3454	528.4623	5.1916	3
211	24.3403	527.6792	5.2003	3
211.1	24.3351	526.7874	5.1878	3
211.2	24.3298	526.0636	5.1813	3
211.3	24.3244	525.2249	5.1796	3
211.4	24.3191	524.4204	5.1897	3
211.5	24.3138	523.4937	5.1894	3
211.6	24.3085	522.5957	5.1885	3
211.7	24.3034	521.8692	5.1913	3
211.8	24.298	521.0561	5.1991	3
211.9	24.2924	520.1477	5.2029	3
212	24.2874	519.3473	5.2018	3
212.1	24.2825	518.4221	5.2015	3
212.2	24.2776	517.6823	5.1989	3
212.3	24.2727	516.8523	5.2081	3
212.4	24.2677	515.9721	5.2052	3
212.5	24.2626	515.1668	5.2099	3
212.6	24.2573	514.3575	5.2201	3
212.7	24.2519	513.5617	5.2176	3
212.8	24.2465	512.7162	5.2155	3
212.9	24.241	511.8766	5.2182	3
213	24.2356	511.0645	5.2058	3
213.1	24.2301	510.2258	5.1968	3
213.2	24.2246	509.3864	5.2047	3
213.3	24.2192	508.549	5.2055	3
213.4	24.2136	507.8351	5.2151	3
213.5	24.2078	506.9854	5.2081	3
213.6	24.2021	506.1082	5.2016	3
213.7	24.1964	505.3364	5.1991	3
213.8	24.1905	504.4583	5.1893	3
213.9	24.1846	503.6542	5.1835	3
214	24.1787	502.843	5.1927	3
214.1	24.1729	502.0177	5.2092	3
214.2	24.167	501.1271	5.2093	3
214.3	24.161	500.221	5.206	3
214.4	24.1553	499.3976	5.1936	3
214.5	24.1498	498.6011	5.1935	3
214.6	24.1441	497.8561	5.1981	3
214.7	24.1384	496.8735	5.2006	3
214.8	24.1329	496.0289	5.2041	3
214.9	24.1278	495.2264	5.208	3
215	24.1221	494.3978	5.2001	3
215.1	24.1165	493.5562	5.1801	3
215.2	24.111	492.6957	5.1787	3
215.3	24.1054	491.9869	5.1951	3
215.4	24.0995	491.1594	5.206	3
215.5	24.0938	490.2434	5.1966	3
215.6	24.0883	489.4352	5.1862	3
215.7	24.0827	488.5551	5.1881	3
215.8	24.0769	487.8153	5.1925	3
215.9	24.0709	487.0152	5.2054	3
216	24.0647	486.2004	5.2088	3
216.1	24.0588	485.3034	5.2065	3
216.2	24.0527	484.4832	5.1883	3
216.3	24.0465	483.7003	5.1664	3
216.4	24.0403	482.9268	5.1734	3
216.5	24.0344	482.0039	5.1898	3
216.6	24.0286	481.1429	5.1982	3
216.7	24.0226	480.3437	5.1977	3
216.8	24.0165	479.5128	5.1791	3
216.9	24.0101	478.8115	5.1836	3
217	24.0039	477.8491	5.1986	3
217.1	23.9976	477.0963	5.1974	3
217.2	23.9914	476.2302	5.1951	3
217.3	23.985	475.2985	5.1845	3
217.4	23.9788	474.5974	5.1731	3
217.5	23.9724	473.7919	5.1766	3
217.6	23.9657	473.0626	5.1887	3
217.7	23.9592	472.1805	5.1889	3
217.8	23.9528	471.2652	5.1958	3
217.9	23.9464	470.3353	5.1935	3
218	23.9405	469.4222	5.1866	3
218.1	23.9347	468.5771	5.178	3
218.2	23.929	467.8555	5.1751	3
218.3	23.9228	467.0572	5.1876	3
218.4	23.9167	466.1854	5.196	3
218.5	23.9107	465.3633	5.1976	3
218.6	23.9048	464.4969	5.1986	3
218.7	23.8987	463.6601	5.1949	3
218.8	23.893	462.8149	5.1709	3
218.9	23.8874	461.7779	5.1826	3
219	23.8823	460.9697	5.2001	3
219.1	23.8774	460.0814	5.1937	3
219.2	23.8722	459.3906	5.1818	3
219.3	23.867	458.5175	5.1704	3
219.4	23.8616	457.6466	5.1722	3
219.5	23.8565	456.7458	5.1836	3
219.6	23.8515	455.9403	5.1899	3
219.7	23.8465	455.1993	5.1828	3
219.8	23.8413	454.3632	5.1824	3
219.9	23.836	453.5518	5.1875	3
220	23.8308	452.6673	5.1861	3
220.1	23.8253	451.9267	5.1791	3
220.2	23.8199	451.0525	5.1741	3
220.3	23.8145	450.1312	5.1738	3
220.4	23.8093	449.3755	5.175	3
220.5	23.8041	448.4207	5.1636	3
220.6	23.7992	447.5716	5.1596	3
220.7	23.7945	446.7872	5.1725	3
220.8	23.7894	446.0045	5.1838	3
220.9	23.7841	445.2033	5.1867	3
221	23.7788	444.3587	5.1891	3
221.1	23.7733	443.5386	5.1799	3
221.2	23.7679	442.8214	5.1863	3
221.3	23.7621	441.9868	5.196	3
221.4	23.7562	441.1253	5.2027	3
221.5	23.7504	440.2499	5.2025	3
221.6	23.7447	439.4947	5.2035	3
221.7	23.7388	438.636	5.1865	3
221.8	23.7328	437.8734	5.179	3
221.9	23.727	436.8786	5.1787	3
222	23.7214	436.091	5.178	3
222.1	23.7159	435.2668	5.1792	3
222.2	23.7099	434.4133	5.1762	3
222.3	23.7041	433.6985	5.1842	3
222.4	23.6982	432.781	5.1941	3
222.5	23.6925	431.9915	5.1996	3
222.6	23.6866	431.1086	5.1937	3
222.7	23.6806	430.4076	5.1895	3
222.8	23.6748	429.5055	5.1941	3
222.9	23.6688	428.6811	5.1793	3
223	23.6626	427.9065	5.1656	3
223.1	23.6562	427.0336	5.1663	3
223.2	23.6499	426.1648	5.1645	3
223.3	23.6436	425.4231	5.1687	3
223.4	23.6373	424.61	5.1662	3
223.5	23.631	423.745	5.165	3
223.6	23.625	422.9074	5.1695	3
223.7	23.6188	422.0498	5.1764	3
223.8	23.6123	421.2929	5.1967	3
223.9	23.6058	420.451	5.1972	3
224	23.5993	419.6193	5.1758	3
224.1	23.5929	418.7808	5.1728	3
224.2	23.5864	417.9279	5.1821	3
224.3	23.5799	417.1332	5.191	3
224.4	23.5732	416.2753	5.1958	3
224.5	23.5667	415.4523	5.1967	3
224.6	23.5602	414.6885	5.206	3
224.7	23.5535	413.811	5.2078	3
224.8	23.5469	412.9216	5.202	3
224.9	23.5405	412.1746	5.1868	3
225	23.5339	411.3511	5.198	3
225.1	23.5271	410.5201	5.2018	3
225.2	23.5205	409.584	5.2029	3
225.3	23.514	408.7572	5.2011	3
225.4	23.5073	407.9437	5.1828	3
225.5	23.5006	407.1497	5.1733	3
225.6	23.4939	406.3408	5.1807	3
225.7	23.4872	405.4614	5.1922	3
225.8	23.4807	404.5787	5.1857	3
225.9	23.4746	403.6631	5.1759	3
226	23.4685	402.9198	5.1745	3
226.1	23.4622	402.0174	5.1913	3
226.2	23.4562	401.1941	5.2017	3
226.3	23.4501	400.3749	5.2024	3
226.4	23.4439	399.4866	5.1923	3
226.5	23.4379	398.6669	5.1966	3
226.6	23.4318	397.8395	5.2084	3
226.7	23.4257	397.0899	5.1922	3
226.8	23.4196	396.1933	5.1842	3
226.9	23.4131	395.3692	5.1857	3
227	23.4066	394.6609	5.1779	3
227.1	23.3999	393.8068	5.1774	3
227.2	23.3933	392.9746	5.1729	3
227.3	23.3866	392.1776	5.1719	3
227.4	23.3799	391.3175	5.1749	3
227.5	23.3729	390.5477	5.1725	3
227.6	23.3661	389.6167	5.184	3
227.7	23.3595	388.7381	5.182	3
227.8	23.3531	387.9673	5.1695	3
227.9	23.3467	387.0576	5.1744	3
228	23.3403	386.2711	5.1783	3
228.1	23.3342	385.3772	5.18	3
228.2	23.328	384.5161	5.1891	3
228.3	23.3216	383.7854	5.1809	3
228.4	23.3154	382.9201	5.1668	3
228.5	23.3088	382.114	5.1559	3
228.6	23.3025	381.2064	5.1581	3
228.7	23.2964	380.326	5.1657	3
228.8	23.2905	379.4149	5.1612	3
228.9	23.2845	378.6601	5.1682	3
229	23.2786	377.8587	5.1619	3
229.1	23.2726	376.9652	5.1654	3
229.2	23.2665	376.2201	5.1775	3
229.3	23.2605	375.2581	5.1769	3
229.4	23.2543	374.5384	5.1663	3
229.5	23.2481	373.7341	5.1698	3
229.6	23.2417	372.897	5.1651	3
229.7	23.2354	372.1628	5.1671	3
229.8	23.2289	371.2492	5.1673	3
229.9	23.2224	370.4	5.1699	3
230	23.216	369.5725	5.1598	3
230.1	23.2093	368.8502	5.1597	3
230.2	23.2028	367.9755	5.1702	3
230.3	23.196	367.13	5.1724	3
230.4	23.1892	366.3554	5.1648	3
230.5	23.182	365.5606	5.1664	3
230.6	23.1748	364.6843	5.1753	3
230.7	23.1684	363.7818	5.1793	3
230.8	23.1619	362.9398	5.1712	3
230.9	23.1548	362.2222	5.1662	3
231	23.1474	361.3816	5.18	3
231.1	23.1405	360.5412	5.1832	3
231.2	23.1337	359.7816	5.1776	3
231.3	23.1265	358.8975	5.1666	3
231.4	23.1192	358.0761	5.1631	3
231.5	23.1125	357.232	5.1714	3
231.6	23.1054	356.3668	5.1719	3
231.7	23.0982	355.6322	5.1673	3
231.8	23.0909	354.7329	5.1753	3
231.9	23.0835	353.8736	5.1761	3
232	23.0765	353.0361	5.1704	3
232.1	23.0695	352.1867	5.1637	3
232.2	23.0626	351.3877	5.1657	3
232.3	23.0557	350.5496	5.1639	3
232.4	23.0487	349.6765	5.1684	3
232.5	23.0415	348.9291	5.1765	3
232.6	23.0344	348.0893	5.1794	3
232.7	23.0272	347.1821	5.1872	3
232.8	23.0201	346.4625	5.1779	3
232.9	23.0129	345.5764	5.1817	3
233	23.0054	344.8157	5.1965	3
233.1	22.998	343.9437	5.2019	3
233.2	22.9907	343.1011	5.189	3
233.3	22.9835	342.1951	5.1839	3
233.4	22.9766	341.3192	5.1831	3
233.5	22.9697	340.5164	5.1688	3
233.6	22.9627	339.6896	5.1659	3
233.7	22.9558	338.9008	5.1724	3
233.8	22.9487	338.0056	5.1737	3
233.9	22.9417	337.2007	5.181	3
234	22.9348	336.3308	5.1887	3
234.1	22.9277	335.5877	5.174	3
234.2	22.9209	334.6447	5.1781	3
234.3	22.9142	333.8265	5.1941	3
234.4	22.9073	332.9667	5.1959	3
234.5	22.9001	332.1376	5.1841	3
234.6	22.8931	331.3257	5.1911	3
234.7	22.8864	330.4404	5.1958	3
234.8	22.8796	329.7148	5.1953	3
234.9	22.8729	328.8053	5.186	3
235	22.8659	328.0086	5.1773	3
235.1	22.8588	327.3093	5.1742	3
235.2	22.8514	326.4245	5.1776	3
235.3	22.844	325.6214	5.1847	3
235.4	22.8368	324.7164	5.1925	3
235.5	22.8296	323.8787	5.1827	3
235.6	22.8226	323.0863	5.1877	3
235.7	22.8155	322.2867	5.1869	3
235.8	22.8085	321.356	5.182	3
235.9	22.8011	320.515	5.1956	3
236	22.7939	319.7548	5.2052	3
236.1	22.7866	318.9919	5.1964	3
236.2	22.7791	318.1006	5.171	3
236.3	22.7719	317.1383	5.1721	3
236.4	22.7664	315.9124	5.1921	3
236.5	22.7617	315.0524	5.1928	3
236.6	22.7557	314.714	5.1947	3
236.7	22.7472	314.44	5.1893	3
236.8	22.7373	313.7281	5.1822	3
236.9	22.7279	312.6332	5.1971	3
237	22.7197	311.5027	5.2056	3
237.1	22.7126	310.5641	5.1998	3
237.2	22.7058	309.6661	5.1953	3
237.3	22.6989	308.854	5.1837	3
237.4	22.6922	308.0547	5.177	3
237.5	22.6854	307.075	5.181	3
237.6	22.679	306.2546	5.1911	3
237.7	22.6729	305.2659	5.19	3
237.8	22.6669	304.4221	5.1813	3
237.9	22.6609	303.6834	5.1909	3
238	22.6546	302.8921	5.1918	3
238.1	22.6482	302.0426	5.1888	3
238.2	22.6421	301.2111	5.1867	3
238.3	22.6357	300.5172	5.1807	3
238.4	22.6287	299.7462	5.1742	3
238.5	22.6216	298.8743	5.1798	3
238.6	22.6146	298.09	5.1833	3
238.7	22.6072	297.3242	5.1779	3
238.8	22.5997	296.3844	5.1795	3
238.9	22.5931	295.4162	5.1667	3
239	22.5867	294.661	5.1635	3
239.1	22.5795	293.9579	5.1644	3
239.2	22.572	293.1306	5.1569	3
239.3	22.5646	292.2524	5.165	3
239.4	22.5573	291.5035	5.1783	3
239.5	22.5494	290.7348	5.1808	3
239.6	22.5417	289.8324	5.184	3
239.7	22.5341	289.0155	5.175	3
239.8	22.526	288.3319	5.1752	3
239.9	22.5175	287.5272	5.1829	3
240	22.509	286.6629	5.1723	3
240.1	22.5011	285.7167	5.1672	3
240.2	22.4934	284.8204	5.1751	3
240.3	22.4857	284.0526	5.1774	3
240.4	22.4777	283.2423	5.1819	3
240.5	22.4697	282.4448	5.176	3
240.6	22.4616	281.5938	5.1683	3
240.7	22.4533	280.8289	5.1774	3
240.8	22.4447	280.0524	5.185	3
240.9	22.4361	279.1779	5.1922	3
241	22.4275	278.2618	5.1749	3
241.1	22.4192	277.4392	5.1538	3
241.2	22.411	276.6529	5.1591	3
241.3	22.4024	275.8928	5.1598	3
241.4	22.3935	275.0466	5.1588	3
241.5	22.3847	274.1608	5.1606	3
241.6	22.3764	273.2942	5.1467	3
241.7	22.3681	272.506	5.1539	3
241.8	22.3594	271.6757	5.1667	3
241.9	22.351	270.8815	5.1705	3
242	22.3424	270.0799	5.1716	3
242.1	22.3333	269.3733	5.1726	3
242.2	22.3232	268.787	5.1646	3
242.3	22.3127	267.9313	5.1658	3
242.4	22.3027	266.9005	5.1739	3
242.5	22.2936	265.9484	5.1844	3
242.6	22.2851	264.9748	5.1884	3
242.7	22.2774	263.9288	5.18	3
242.8	22.27	262.9294	5.1815	3
242.9	22.2628	262.1941	5.1797	3
243	22.2553	261.501	5.193	3
243.1	22.2472	260.8749	5.1949	3
243.2	22.2391	259.9002	5.1806	3
243.3	22.2314	258.8823	5.1854	3
243.4	22.2245	257.9497	5.1912	3
243.5	22.2177	257.1002	5.196	3
243.6	22.2109	256.3415	5.1947	3
243.7	22.2041	255.4517	5.191	3
243.8	22.1972	254.6191	5.1801	3
243.9	22.1905	253.7673	5.1875	3
244	22.1837	252.9267	5.1931	3
244.1	22.1771	252.1386	5.1893	3
244.2	22.1705	251.3972	5.1944	3
244.3	22.1633	250.567	5.1942	3
244.4	22.156	249.7793	5.1902	3
244.5	22.1484	249.0272	5.1847	3
244.6	22.1404	248.261	5.1748	3
244.7	22.1324	247.3847	5.1745	3
244.8	22.1244	246.5353	5.1784	3
244.9	22.1164	245.716	5.1742	3
245	22.1085	244.849	5.1729	3
245.1	22.1008	243.9687	5.1762	3
245.2	22.093	243.2046	5.1881	3
245.3	22.0851	242.4324	5.207	3
245.4	22.0767	241.7112	5.1996	3
245.5	22.0681	240.8621	5.1856	3
245.6	22.0602	239.7673	5.1812	3
245.7	22.0528	238.9614	5.173	3
245.8	22.0453	238.1565	5.1812	3
245.9	22.0377	237.274	5.1995	3
246	22.03	236.4812	5.2058	3
246.1	22.0222	235.6412	5.213	3
246.2	22.0145	234.8769	5.2017	3
246.3	22.0068	233.9838	5.1692	3
246.4	21.9993	233.1057	5.1473	3
246.5	21.9919	232.3488	5.1518	3
246.6	21.9844	231.4925	5.168	3
246.7	21.9765	230.671	5.1828	3
246.8	21.9689	229.7781	5.1808	3
246.9	21.9614	228.9341	5.1791	3
247	21.9537	228.2174	5.1766	3
247.1	21.9458	227.3233	5.1727	3
247.2	21.9381	226.5596	5.1807	3
247.3	21.9304	225.7829	5.1716	3
247.4	21.9222	225.0148	5.1557	3
247.5	21.9138	224.1464	5.174	3
247.6	21.9052	223.2943	5.1882	3
247.7	21.8967	222.5469	5.1847	3
247.8	21.8881	221.7701	5.1858	3
247.9	21.8792	220.8607	5.1857	3
248	21.8705	219.9951	5.1819	3
248.1	21.8622	219.1405	5.1839	3
248.2	21.8538	218.3354	5.2002	3
248.3	21.845	217.6761	5.2077	3
248.4	21.836	216.7478	5.2038	3
248.5	21.8271	215.8511	5.2121	3
248.6	21.8186	215.0645	5.2021	3
248.7	21.8098	214.2074	5.2054	3
248.8	21.801	213.4019	5.2166	3
248.9	21.7924	212.4785	5.2132	3
249	21.784	211.6718	5.1957	3
249.1	21.7755	210.9033	5.2036	3
249.2	21.7668	210.0904	5.1987	3
249.3	21.758	209.2254	5.1895	3
249.4	21.7489	208.4014	5.2015	3
249.5	21.7398	207.5716	5.2046	3
249.6	21.7308	206.7113	5.193	3
249.7	21.7223	205.919	5.1867	3
249.8	21.7137	205.0716	5.1857	3
249.9	21.7046	204.2545	5.1828	3
250	21.6956	203.3833	5.1691	3
250.1	21.6869	202.5518	5.1671	3
250.2	21.6781	201.7985	5.1773	3
250.3	21.669	201.0335	5.1853	3
250.4	21.6592	200.3587	5.1944	3
250.5	21.6481	199.756	5.1822	3
250.6	21.6366	198.9415	5.1814	3
250.7	21.6254	198.1043	5.1979	3
250.8	21.6146	197.1127	5.1986	3
250.9	21.6041	196.231	5.2042	3
251	21.5941	195.2505	5.1965	3
251.1	21.5845	194.2973	5.1911	3
251.2	21.5751	193.4984	5.2036	3
251.3	21.5656	192.7452	5.2048	3
251.4	21.5561	191.9328	5.1977	3
251.5	21.5461	191.1059	5.1939	3
251.6	21.5362	190.3319	5.1925	3
251.7	21.5264	189.4344	5.1933	3
251.8	21.5162	188.6786	5.2075	3
251.9	21.5059	187.9097	5.2108	3
252	21.4953	187.0669	5.211	3
252.1	21.4846	186.2086	5.209	3
252.2	21.474	185.347	5.191	3
252.3	21.464	184.5479	5.1947	3
252.4	21.454	183.6649	5.1937	3
252.5	21.4438	182.8316	5.1828	3
252.6	21.4334	181.9733	5.1774	3
252.7	21.4234	181.1145	5.1848	3
252.8	21.4135	180.4121	5.197	3
252.9	21.4032	179.5412	5.2111	3
253	21.3924	178.6779	5.2125	3
253.1	21.3821	177.8802	5.2188	3
253.2	21.3719	176.9691	5.2163	3
253.3	21.3616	176.2109	5.2093	3
253.4	21.3511	175.3947	5.2111	3
253.5	21.3404	174.5852	5.2223	3
253.6	21.3297	173.75	5.2274	3
253.7	21.3192	172.9051	5.2087	3
253.8	21.3085	172.0464	5.2028	3
253.9	21.2981	171.2035	5.2033	3
254	21.2877	170.3363	5.1997	3
254.1	21.2772	169.5799	5.2105	3
254.2	21.2664	168.7235	5.22	3
254.3	21.2559	167.8749	5.2147	3
254.4	21.2455	167.0269	5.2097	3
254.5	21.2349	166.2447	5.21	3
254.6	21.2243	165.3478	5.2086	3
254.7	21.2142	164.5459	5.2032	3
254.8	21.2041	163.6443	5.2057	3
254.9	21.1939	162.8167	5.2069	3
255	21.1838	161.9714	5.2132	3
255.1	21.1736	161.1653	5.2143	3
255.2	21.1634	160.3317	5.216	3
255.3	21.1529	159.5887	5.2015	3
255.4	21.1421	158.7472	5.186	3
255.5	21.1313	157.9173	5.1957	3
255.6	21.1208	157.0424	5.204	3
255.7	21.1103	156.2315	5.2022	3
255.8	21.1	155.3155	5.2015	3
255.9	21.0895	154.5192	5.2028	3
256	21.0791	153.654	5.1926	3
256.1	21.0687	152.8162	5.1937	3
256.2	21.059	151.9622	5.187	3
256.3	21.0489	151.095	5.1817	3
256.4	21.0387	150.3088	5.1867	3
256.5	21.0287	149.4768	5.1884	3
256.6	21.0187	148.672	5.1936	3
256.7	21.0085	147.805	5.1923	3
256.8	20.9981	147.0713	5.1863	3
256.9	20.9875	146.2832	5.1922	3
257	20.977	145.3663	5.1975	3
257.1	20.9663	144.6094	5.199	3
257.2	20.9552	143.8469	5.1927	3
257.3	20.944	143.0291	5.1873	3
257.4	20.9332	142.0868	5.1883	3
257.5	20.9223	141.2799	5.1876	3
257.6	20.9114	140.5007	5.1913	3
257.7	20.9005	139.6899	5.1917	3
257.8	20.89	138.8572	5.1955	3
257.9	20.8793	138.0168	5.1972	3
258	20.8684	137.113	5.198	3
258.1	20.8574	136.258	5.1991	3
258.2	20.8466	135.4712	5.1924	3
258.3	20.8358	134.6281	5.1945	3
258.4	20.8247	133.827	5.1955	3
258.5	20.8137	132.9814	5.1951	3
258.6	20.8026	132.1869	5.198	3
258.7	20.7912	131.4481	5.2012	3
258.8	20.7795	130.647	5.1967	3
258.9	20.7676	129.7495	5.1958	3
259	20.756	128.9031	5.2014	3
259.1	20.7442	128.2282	5.2051	3
259.2	20.7322	127.4236	5.2034	3
259.3	20.7202	126.4874	5.2036	3
259.4	20.7083	125.6924	5.2081	3
259.5	20.6964	124.9006	5.2138	3
259.6	20.6844	123.9966	5.2082	3
259.7	20.6725	123.2	5.2001	3
259.8	20.6604	122.3684	5.2099	3
259.9	20.648	121.5791	5.2101	3
260	20.6355	120.731	5.2051	3
260.1	20.6235	119.7815	5.205	3
260.2	20.6118	118.9831	5.2035	3
260.3	20.6	118.1666	5.207	3
260.4	20.588	117.3492	5.2177	3
260.5	20.5759	116.582	5.2108	3
260.6	20.564	115.7061	5.1962	3
260.7	20.5516	114.9067	5.2008	3
260.8	20.539	114.1653	5.2085	3
260.9	20.5265	113.2891	5.1943	3
261	20.514	112.4309	5.1885	3
261.1	20.5013	111.6341	5.1907	3
261.2	20.4883	110.8645	5.1993	3
261.3	20.4754	110.0805	5.2099	3
261.4	20.4624	109.1919	5.2161	3
261.5	20.4494	108.3548	5.2151	3
261.6	20.4364	107.4633	5.2139	3
261.7	20.4236	106.6351	5.2024	3
261.8	20.4109	105.9142	5.2003	3
261.9	20.3977	105.0432	5.1997	3
262	20.3845	104.2252	5.2104	3
262.1	20.3712	103.5172	5.2217	3
262.2	20.3575	102.6169	5.2203	3
262.3	20.3438	101.7789	5.221	3
262.4	20.3305	100.9967	5.2212	3
262.5	20.3169	100.2025	5.2278	3
262.6	20.3031	99.3669	5.2379	3
262.7	20.2891	98.5109	5.2277	3
262.8	20.2753	97.7065	5.2117	3
262.9	20.2614	96.9265	5.1933	3
263	20.2474	96.0609	5.1913	3
263.1	20.2335	95.2304	5.2068	3
263.2	20.2195	94.3506	5.206	3
263.3	20.2058	93.5315	5.2005	3
263.4	20.192	92.7013	5.2085	3
263.5	20.178	91.919	5.205	3
263.6	20.1637	91.1186	5.2087	3
263.7	20.1495	90.2299	5.201	3
263.8	20.1355	89.3814	5.1918	3
263.9	20.1216	88.5128	5.2024	3
264	20.1079	87.6487	5.2061	3
264.1	20.0945	86.7718	5.2014	3
264.2	20.0811	85.9207	5.2007	3
264.3	20.0677	85.0984	5.2022	3
264.4	20.0544	84.2426	5.2024	3
264.5	20.0411	83.3796	5.2077	3
264.6	20.0279	82.5532	5.2021	3
264.7	20.0148	81.7749	5.2093	3
264.8	20.0013	80.943	5.2133	3
264.9	19.9878	80.1342	5.2169	3
265	19.9739	79.4003	5.2119	3
265.1	19.96	78.5611	5.2046	3
265.2	19.946	77.7138	5.2092	3
265.3	19.9317	76.9664	5.2114	3
265.4	19.9172	76.207	5.2117	3
265.5	19.9026	75.3989	5.2232	3
265.6	19.8878	74.6171	5.2258	3
265.7	19.8727	73.8115	5.2221	3
265.8	19.8575	73.0032	5.2186	3
265.9	19.8423	72.2142	5.2134	3
266	19.8267	71.3918	5.2036	3
266.1	19.8105	70.6099	5.203	3
266.2	19.7945	69.7547	5.2015	3
266.3	19.7787	68.9686	5.2004	3
266.4	19.7629	68.1626	5.2154	3
266.5	19.747	67.334	5.2269	3
266.6	19.731	66.4816	5.225	3
266.7	19.7148	65.7099	5.2165	3
266.8	19.6982	64.9571	5.2151	3
266.9	19.6812	64.2458	5.2242	3
267	19.664	63.3435	5.2274	3
267.1	19.6468	62.5107	5.2135	3
267.2	19.6297	61.6843	5.1991	3
267.3	19.6124	60.8655	5.2163	3
267.4	19.595	60.0875	5.2142	3
267.5	19.5774	59.2616	5.1986	3
267.6	19.5599	58.4113	5.2061	3
267.7	19.5426	57.5318	5.204	3
267.8	19.5251	56.7154	5.2085	3
267.9	19.5076	55.9421	5.21	3
268	19.4901	55.0743	5.205	3
268.1	19.4724	54.2851	5.1838	3
268.2	19.4546	53.4538	5.1793	3
268.3	19.4366	52.7075	5.1965	3
268.4	19.4184	51.9545	5.1948	3
268.5	19.3997	51.0507	5.1906	3
268.6	19.3811	50.2173	5.187	3
268.7	19.3629	49.4025	5.1908	3
268.8	19.3444	48.6716	5.1916	3
268.9	19.3257	47.817	5.1971	3
269	19.307	46.9676	5.1973	3
269.1	19.2882	46.1794	5.2116	3
269.2	19.2692	45.3547	5.215	3
269.3	19.2501	44.5993	5.1959	3
269.4	19.2306	43.8079	5.1921	3
269.5	19.2109	42.9638	5.1964	3
269.6	19.1912	42.2411	5.1986	3
269.7	19.1713	41.3445	5.2091	3
269.8	19.1511	40.5389	5.2137	3
269.9	19.1308	39.7424	5.2148	3
270	19.1107	38.9602	5.2122	3
270.1	19.0904	38.1956	5.2021	3
270.2	19.0697	37.3296	5.2021	3
270.3	19.049	36.5275	5.2008	3
270.4	19.0283	35.6995	5.1932	3
270.5	19.0074	34.862	5.1932	3
270.6	18.9863	34.1029	5.1912	3
270.7	18.9653	33.254	5.2028	3
270.8	18.944	32.4742	5.1939	3
270.9	18.9226	31.6756	5.1899	3
271	18.9007	30.9388	5.2038	3
271.1	18.8784	30.1948	5.2031	3
271.2	18.856	29.372	5.205	3
271.3	18.8336	28.6472	5.2084	3
271.4	18.8107	27.8273	5.2024	3
271.5	18.7876	27.0057	5.2264	3
271.6	18.7644	26.1845	5.2291	3
271.7	18.7411	25.3722	5.2244	3
271.8	18.7176	24.5781	5.2361	3
271.9	18.694	23.755	5.2325	3
272	18.6703	22.9673	5.2313	3
272.1	18.646	22.1807	5.233	3
272.2	18.6217	21.321	5.2138	3
272.3	18.5974	20.5177	5.1924	3
272.4	18.5731	19.7152	5.1942	3
272.5	18.5489	18.8	5.2014	3
272.6	18.5251	17.9539	5.2148	3
272.7	18.501	17.1829	5.2046	3
272.8	18.4765	16.3959	5.1953	3
272.9	18.452	15.4994	5.1951	3
273	18.4276	14.7264	5.1947	3
273.1	18.4031	13.927	5.2044	3
273.2	18.3781	13.105	5.2057	3
273.3	18.3529	12.3796	5.1969	3
273.4	18.3273	11.6202	5.1979	3
273.5	18.3015	10.833	5.2015	3
273.6	18.2754	10.0175	5.2012	3
273.7	18.2494	9.2507	5.2064	3
273.8	18.2232	8.4966	5.2074	3
273.9	18.1961	7.7236	5.2056	3
274	18.1691	6.9724	5.2187	4
274.1	18.1415	6.1407	5.2106	4
274.2	18.114	5.6396	5.2106	4
274.3	18.0814	3.3402	5.2233	4
274.4	17.9479	-15.9813	5.2249	4
274.5	17.6113	-42.573	5.2284	4
274.6	17.1762	-52.103	5.2307	4
274.7	16.7174	-53.9731	5.2405	4
274.8	16.2467	-54.1488	5.2448	4
274.9	15.7691	-53.2351	5.248	4
275	15.2865	-51.6321	5.2526	4
275.1	14.8	-49.4479	5.2439	4
275.2	14.3106	-46.7897	5.236	4
275.3	13.8189	-43.6286	5.2437	4
275.4	13.3249	-39.9681	5.2451	4
275.5	12.8294	-35.9781	5.2494	4
275.6	12.3323	-32.5691	5.2513	4
275.7	11.8337	-29.6237	5.2462	4
275.8	11.3337	-26.7146	5.244	4
275.9	10.8326	-23.8124	5.2424	4
276	10.3305	-21.0249	5.2466	4
276.1	9.8286	-19.4761	5.2636	4
276.2	9.326	-18.2582	5.2679	4
276.3	8.8228	-17.2028	5.2565	4
276.4	8.3187	-16.3601	5.2475	4
276.5	7.814	-15.7659	5.2479	4
276.6	7.3087	-15.2502	5.2516	4
276.7	6.8029	-14.8859	5.2446	4
276.8	6.2972	-14.7602	5.2384	4
276.9	5.7912	-14.4075	5.2332	4
277	5.2856	-14.0072	5.2395	4
277.1	4.7791	-13.659	5.2412	4
277.2	4.2719	-13.278	5.2279	4
277.3	3.8112	-12.9836	5.2276	4
277.4	3.5092	-12.6749	5.232	4
277.5	3.3142	-12.471	5.221	4
277.6	3.1393	-12.3969	5.2191	4
277.7	2.9709	-12.2672	5.2243	4
277.8	2.8065	-12.2937	5.2364	4
277.9	2.6442	-12.2447	5.2511	4
278	2.4836	-12.2194	5.2493	4
278.1	2.3241	-12.2675	5.2378	4
278.2	2.1651	-12.209	5.2376	4
278.3	2.0065	-12.1224	5.2339	4
278.4	1.8485	-12.0119	5.2297	4
278.5	1.6908	-11.9048	5.241	4
278.6	1.5335	-11.8975	5.2462	4
278.7	1.3765	-11.8162	5.2368	4
278.8	1.2195	-11.6726	5.2452	4
278.9	1.0628	-11.6587	5.2436	4
