Indentation

 + Advanced

+ Advanced
   Acquisition rate :	10.0 [Hz]
   Linear loading
   Max load :	1000.00 	µN
   Loading rate :	500.00 	µN/min
   Unloading rate :	500.00 	µN/min
   Pause :	30.0 s

+ TTX - UNHT Bio S/N: 1000136751 settings
   Fn contact : 25 µN
   Approach distance : 20 µm
   Approach speed : 100 µm/min
   Retract speed : 200 µm/min
   Retract time : 5 sec
   Dz sensor in large range
   Load in fine range
   FnRef in fine range
   FnRef contactload :500.000 µN
   Stiffness threshold : 1 µN/µm

   X Position :10204.70 µm
   Y Position :40163.90 µm
   Z Position :8747.31 µm

Date :6/9/2026
Time :1:57:31 PM

Analysis n # 1

   Method :	Hertz

 + Parameters

  Load Fit [10%,98%]

 + Main results

   EHz=	1042.5 	kPa

 + Hypothesis


 + Additional results

   ErHz=	1145.58 kPa
   h offset=	16.97 µm
   R2=	1.00

Analysis n # 2

   Method :	Oliver & Pharr

 + Parameters

  Unload Fit [40%,98%]

 + Main results

   HIT=	13.8 	kPa
   EIT=	687.76 	kPa
   E*=	755.78 	kPa

 + Hypothesis

   !!! Indenter not calibrated !!!
   m out of O&P hypothesis
   Poisson's ratio(nu)=	0.30 

 + Additional results

   HVIT=	0.0014067 	 Vickers
   CIT 0.001/120/30=	1.29 	%
   nIT=	72.89 %
   Fmax=	999.81 	µN
   hmax=	26.79 	µm
   S=	229.5451 	µN/µm
   F/S²=	0.0190 	µm²/µN
   hc=	23.62 	µm
   hr=	22.43 	µm
   hp=	11.50 	µm
   m=	3.5095 
   Epsilon=	0.73 
   R2=	1.000
   Ap=	72449.97 	µm²
   Welast=	3018.70 pJ
   Wplast=	1122.93 pJ
   Wtotal=	4141.63 pJ
   Er=	755.78 	kPa

Measured values
Time (s)	Pd (µm)	Fn (µN)	FnRef (µN)	SegmentID

0	0	0	5.1253	0
0.1	0.1497	0.1528	5.1205	0
0.2	0.3502	0.1873	5.1185	0
0.3	0.7112	0.2519	5.141	0
0.4	1.1652	0.4055	5.1591	0
0.5	1.6199	0.5217	5.1516	0
0.6	2.0627	0.6388	5.1356	0
0.7	2.4926	0.733	5.1226	0
0.8	2.9095	0.8096	5.1179	0
0.9	3.3131	0.8473	5.1196	0
1	3.7037	0.9942	5.117	0
1.1	4.0818	1.1371	5.1161	0
1.2	4.4482	1.1599	5.1148	0
1.3	4.8033	1.2513	5.1172	0
1.4	5.1471	1.405	5.1225	0
1.5	5.4814	1.4447	5.1157	0
1.6	5.8064	1.5197	5.1098	0
1.7	6.1215	1.5535	5.1091	0
1.8	6.4279	1.5691	5.1119	0
1.9	6.7262	1.6027	5.1122	0
2	7.0164	1.6059	5.1104	0
2.1	7.2989	1.688	5.1173	0
2.2	7.574	1.7459	5.1149	0
2.3	7.8421	1.873	5.1197	0
2.4	8.1039	1.8969	5.1316	0
2.5	8.3597	1.9051	5.1249	0
2.6	8.6098	1.9758	5.1155	0
2.7	8.854	2.0927	5.1074	0
2.8	9.0934	2.1893	5.1101	0
2.9	9.3288	2.1472	5.1192	0
3	9.5598	2.1517	5.1145	0
3.1	9.7858	2.2616	5.0968	0
3.2	10.0084	2.311	5.0849	0
3.3	10.2274	2.3857	5.0856	0
3.4	10.4432	2.3811	5.0919	0
3.5	10.6557	2.4461	5.0988	0
3.6	10.8653	2.4964	5.1067	0
3.7	11.0721	2.6299	5.1058	0
3.8	11.2761	2.7483	5.0948	0
3.9	11.4776	2.7016	5.0966	0
4	11.6766	2.8409	5.1045	0
4.1	11.8742	2.8546	5.121	0
4.2	12.0696	2.9046	5.1291	0
4.3	12.2631	3.1097	5.1225	0
4.4	12.4549	3.278	5.1395	0
4.5	12.6442	3.4234	5.1361	0
4.6	12.8324	3.6161	5.1232	0
4.7	13.0199	3.8844	5.1275	0
4.8	13.2061	4.1395	5.1331	0
4.9	13.391	4.3753	5.1281	1
5	13.5746	4.7433	5.1192	1
5.1	13.7573	5.1879	5.1063	1
5.2	13.9367	5.7888	5.11	1
5.3	14.0775	6.0284	5.1195	1
5.4	14.1486	6.1037	5.1244	1
5.5	14.1938	6.1781	5.1195	1
5.6	14.2368	6.3155	5.1174	1
5.7	14.2796	6.6347	5.1155	1
5.8	14.3234	6.6221	5.1113	1
5.9	14.3691	6.8199	5.1142	1
6	14.416	7.1212	5.1339	1
6.1	14.4645	7.2572	5.1313	1
6.2	14.5155	7.613	5.1034	1
6.3	14.5688	7.8265	5.1017	1
6.4	14.6244	8.2239	5.0984	1
6.5	14.6814	8.576	5.0923	1
6.6	14.7412	8.7743	5.0971	1
6.7	14.8034	9.349	5.099	1
6.8	14.8675	9.6599	5.0946	1
6.9	14.9338	10.1088	5.1051	1
7	15.0014	10.7568	5.1087	1
7.1	15.0708	11.2909	5.1138	1
7.2	15.1414	11.9817	5.1078	1
7.3	15.2129	12.616	5.1058	1
7.4	15.2857	13.2876	5.1089	1
7.5	15.3586	14.2433	5.0885	1
7.6	15.4316	15.0184	5.077	1
7.7	15.5051	15.8388	5.0942	1
7.8	15.5782	16.8549	5.0935	1
7.9	15.6512	17.7347	5.0841	1
8	15.7235	18.8359	5.0963	1
8.1	15.7947	19.9129	5.0974	1
8.2	15.8651	20.8915	5.1035	1
8.3	15.9343	21.9962	5.1028	1
8.4	16.0024	23.1369	5.0835	1
8.5	16.0692	24.1834	5.0816	1
8.6	16.1346	25.3305	5.0964	1
8.7	16.1983	26.5198	5.0886	1
8.8	16.2601	27.7564	5.0807	1
8.9	16.3204	28.8011	5.0844	1
9	16.379	29.9656	5.0902	1
9.1	16.4359	31.1816	5.093	1
9.2	16.491	32.3419	5.0956	1
9.3	16.544	33.4637	5.0831	1
9.4	16.5957	34.5237	5.0846	1
9.5	16.6457	35.7482	5.0852	1
9.6	16.694	36.8183	5.0818	1
9.7	16.741	37.8881	5.0865	1
9.8	16.7867	38.9942	5.0797	1
9.9	16.8311	39.9654	5.0715	1
10	16.8743	41.0151	5.0792	1
10.1	16.9162	42.1008	5.0876	1
10.2	16.9569	43.032	5.0786	1
10.3	16.9969	44.0531	5.0659	1
10.4	17.036	45.0164	5.064	1
10.5	17.0742	45.958	5.0656	1
10.6	17.1114	46.9532	5.0726	1
10.7	17.148	47.8634	5.0683	1
10.8	17.1837	48.8529	5.0668	1
10.9	17.219	49.6773	5.0784	1
11	17.2541	50.6103	5.0703	1
11.1	17.2886	51.5092	5.067	1
11.2	17.3226	52.4244	5.0649	1
11.3	17.356	53.422	5.071	1
11.4	17.3882	54.3258	5.0695	1
11.5	17.4202	55.254	5.0565	1
11.6	17.4517	56.082	5.0485	1
11.7	17.4829	57.0056	5.0736	1
11.8	17.5132	57.9541	5.0883	1
11.9	17.5431	58.8242	5.0805	1
12	17.5728	59.7676	5.0842	1
12.1	17.602	60.6451	5.0782	1
12.2	17.631	61.52	5.0781	1
12.3	17.6593	62.5388	5.0729	1
12.4	17.6869	63.397	5.076	1
12.5	17.7142	64.3163	5.0812	1
12.6	17.7413	65.1482	5.0797	1
12.7	17.7686	65.9774	5.0789	1
12.8	17.7952	66.9005	5.0725	1
12.9	17.8217	67.7165	5.0732	1
13	17.8478	68.6102	5.0764	1
13.1	17.8738	69.4969	5.0846	1
13.2	17.8998	70.3187	5.0768	1
13.3	17.9252	71.2734	5.0881	1
13.4	17.9501	72.1114	5.1042	1
13.5	17.975	72.9988	5.1062	1
13.6	17.9995	73.9413	5.1041	1
13.7	18.0236	74.7244	5.0929	1
13.8	18.0476	75.5679	5.0775	1
13.9	18.0715	76.4424	5.0771	1
14	18.0953	77.3236	5.0801	1
14.1	18.1187	78.205	5.0933	1
14.2	18.1417	79.1316	5.0987	1
14.3	18.1645	79.8846	5.089	1
14.4	18.1874	80.7968	5.0774	1
14.5	18.2101	81.6694	5.0891	1
14.6	18.2322	82.522	5.0885	1
14.7	18.2542	83.4703	5.097	1
14.8	18.276	84.2845	5.1018	1
14.9	18.2977	85.1803	5.0879	1
15	18.3189	86.0707	5.0878	1
15.1	18.3396	86.9468	5.0965	1
15.2	18.3603	87.7642	5.0918	1
15.3	18.3811	88.6556	5.0943	1
15.4	18.4016	89.5503	5.0851	1
15.5	18.4217	90.4065	5.0811	1
15.6	18.442	91.1953	5.0961	1
15.7	18.4622	91.9927	5.1022	1
15.8	18.4825	92.9548	5.1064	1
15.9	18.5024	93.7568	5.0978	1
16	18.5223	94.4993	5.0921	1
16.1	18.5422	95.416	5.088	1
16.2	18.5615	96.278	5.0715	1
16.3	18.5809	97.1394	5.0733	1
16.4	18.6003	98.0056	5.0787	1
16.5	18.6195	98.8358	5.0823	1
16.6	18.6385	99.7194	5.0855	1
16.7	18.6573	100.5321	5.0677	1
16.8	18.6763	101.3796	5.0725	1
16.9	18.6951	102.2113	5.1012	1
17	18.7139	103.0747	5.1049	1
17.1	18.7326	103.8738	5.0975	1
17.2	18.7517	104.6227	5.0923	1
17.3	18.7707	105.4508	5.0903	1
17.4	18.7897	106.3439	5.0886	1
17.5	18.8085	107.2716	5.0883	1
17.6	18.8265	108.2167	5.079	1
17.7	18.8442	109.031	5.0753	1
17.8	18.862	109.8263	5.0782	1
17.9	18.8796	110.6743	5.0738	1
18	18.8972	111.6721	5.063	1
18.1	18.9145	112.477	5.0685	1
18.2	18.9316	113.3548	5.0844	1
18.3	18.9486	114.286	5.0997	1
18.4	18.9652	115.1147	5.0991	1
18.5	18.9819	115.9525	5.1002	1
18.6	18.9982	116.8743	5.0974	1
18.7	19.0143	117.682	5.0831	1
18.8	19.0303	118.547	5.0842	1
18.9	19.046	119.4177	5.1005	1
19	19.0615	120.2522	5.1014	1
19.1	19.0774	121.1201	5.1015	1
19.2	19.0929	121.9171	5.1005	1
19.3	19.1082	122.8319	5.103	1
19.4	19.1238	123.515	5.0922	1
19.5	19.1396	124.3625	5.0792	1
19.6	19.1554	125.1892	5.0714	1
19.7	19.171	126.0285	5.0782	1
19.8	19.1867	126.8895	5.0801	1
19.9	19.2023	127.7093	5.0758	1
20	19.218	128.6175	5.0676	1
20.1	19.2333	129.4977	5.0713	1
20.2	19.2483	130.2848	5.0712	1
20.3	19.2635	131.1438	5.0797	1
20.4	19.2787	132.0147	5.0924	1
20.5	19.2934	132.8769	5.0988	1
20.6	19.308	133.7109	5.0875	1
20.7	19.3226	134.495	5.0845	1
20.8	19.3373	135.4234	5.0909	1
20.9	19.3518	136.2836	5.0791	1
21	19.3662	137.134	5.0588	1
21.1	19.3803	137.9532	5.0575	1
21.2	19.3946	138.6934	5.0669	1
21.3	19.409	139.6067	5.073	1
21.4	19.423	140.5416	5.0757	1
21.5	19.4361	141.6579	5.0901	1
21.6	19.4482	142.6593	5.0888	1
21.7	19.4603	143.3625	5.0845	1
21.8	19.4732	143.8982	5.095	1
21.9	19.4876	144.3249	5.0858	1
22	19.5035	144.8483	5.0732	1
22.1	19.5203	145.6081	5.0734	1
22.2	19.5369	146.6022	5.0785	1
22.3	19.5529	147.5923	5.0733	1
22.4	19.5683	148.5218	5.0724	1
22.5	19.5836	149.3899	5.0752	1
22.6	19.5984	150.309	5.082	1
22.7	19.613	151.2465	5.0851	1
22.8	19.6269	152.2365	5.0812	1
22.9	19.6402	153.1564	5.0813	1
23	19.6532	154.0217	5.0773	1
23.1	19.6661	154.9455	5.0685	1
23.2	19.6785	155.7789	5.0692	1
23.3	19.6905	156.6794	5.067	1
23.4	19.7026	157.4568	5.0442	1
23.5	19.7152	158.2556	5.0439	1
23.6	19.728	159.1556	5.0569	1
23.7	19.7405	159.9403	5.0621	1
23.8	19.7529	160.7187	5.0614	1
23.9	19.7653	161.5909	5.0659	1
24	19.7778	162.4598	5.0661	1
24.1	19.7901	163.2969	5.0565	1
24.2	19.8019	164.1101	5.0626	1
24.3	19.8138	165.02	5.0608	1
24.4	19.8257	165.8777	5.0585	1
24.5	19.8376	166.7242	5.0556	1
24.6	19.8492	167.5496	5.0518	1
24.7	19.8607	168.4264	5.0501	1
24.8	19.8724	169.2239	5.0526	1
24.9	19.8838	170.0776	5.0594	1
25	19.8953	170.8322	5.0718	1
25.1	19.907	171.5705	5.076	1
25.2	19.919	172.4683	5.072	1
25.3	19.931	173.381	5.0651	1
25.4	19.9419	174.4505	5.0695	1
25.5	19.952	175.2561	5.0645	1
25.6	19.9626	176.0071	5.0541	1
25.7	19.9737	176.8246	5.0527	1
25.8	19.9853	177.5492	5.0499	1
25.9	19.9969	178.2689	5.0479	1
26	20.0085	179.0459	5.0511	1
26.1	20.0204	179.9907	5.0388	1
26.2	20.0316	181.0851	5.0473	1
26.3	20.0412	182.2589	5.0546	1
26.4	20.0502	183.0522	5.0633	1
26.5	20.0599	183.6024	5.0512	1
26.6	20.0702	184.4286	5.0507	1
26.7	20.0807	185.269	5.0627	1
26.8	20.0913	186.0275	5.0709	1
26.9	20.102	186.806	5.0766	1
27	20.1126	187.6203	5.0743	1
27.1	20.1233	188.4757	5.0672	1
27.2	20.134	189.3249	5.0648	1
27.3	20.1448	190.1034	5.0771	1
27.4	20.1555	191.0194	5.073	1
27.5	20.1659	191.8338	5.0603	1
27.6	20.1764	192.6766	5.0625	1
27.7	20.187	193.5713	5.0687	1
27.8	20.197	194.4111	5.08	1
27.9	20.207	195.2258	5.0694	1
28	20.2174	196.0809	5.055	1
28.1	20.2276	196.9023	5.0515	1
28.2	20.2377	197.8636	5.0663	1
28.3	20.2477	198.6019	5.0825	1
28.4	20.258	199.3056	5.0777	1
28.5	20.2686	200.1514	5.0798	1
28.6	20.2788	201.0547	5.0864	1
28.7	20.289	201.8538	5.0861	1
28.8	20.2996	202.6671	5.0799	1
28.9	20.3101	203.5831	5.0697	1
29	20.32	204.4676	5.0538	1
29.1	20.3298	205.2427	5.0546	1
29.2	20.3401	205.9439	5.0519	1
29.3	20.3511	206.7697	5.0543	1
29.4	20.3618	207.5969	5.0546	1
29.5	20.3725	208.4459	5.0527	1
29.6	20.3834	209.266	5.0601	1
29.7	20.3942	210.0817	5.0681	1
29.8	20.4049	211.0063	5.0741	1
29.9	20.4151	211.884	5.0688	1
30	20.4251	212.7456	5.0647	1
30.1	20.4349	213.7109	5.0647	1
30.2	20.4443	214.5635	5.0709	1
30.3	20.4535	215.3642	5.0752	1
30.4	20.4626	216.2488	5.0648	1
30.5	20.4714	217.1234	5.0464	1
30.6	20.48	217.9829	5.0393	1
30.7	20.4888	218.759	5.0417	1
30.8	20.4975	219.6371	5.0415	1
30.9	20.5062	220.5215	5.04	1
31	20.5148	221.4317	5.0557	1
31.1	20.5232	222.2521	5.0614	1
31.2	20.5315	223.0625	5.0471	1
31.3	20.5403	223.8498	5.0391	1
31.4	20.5488	224.7706	5.0473	1
31.5	20.5572	225.5789	5.0577	1
31.6	20.5657	226.3196	5.0532	1
31.7	20.5743	227.1504	5.0505	1
31.8	20.5829	228.0033	5.0488	1
31.9	20.5915	228.8642	5.0442	1
32	20.5999	229.7104	5.0496	1
32.1	20.6084	230.5308	5.0664	1
32.2	20.6166	231.3683	5.0744	1
32.3	20.625	232.2005	5.0696	1
32.4	20.6333	233.0472	5.0742	1
32.5	20.6419	233.8731	5.0904	1
32.6	20.6503	234.75	5.088	1
32.7	20.6585	235.5165	5.0778	1
32.8	20.6668	236.419	5.0824	1
32.9	20.675	237.2834	5.075	1
33	20.6831	238.072	5.0732	1
33.1	20.6914	238.805	5.0708	1
33.2	20.7001	239.5723	5.0693	1
33.3	20.709	240.3588	5.0752	1
33.4	20.7181	241.1712	5.0874	1
33.5	20.7274	242.0103	5.0805	1
33.6	20.7362	243.0282	5.06	1
33.7	20.7438	244.1353	5.0729	1
33.8	20.7506	245.0474	5.0708	1
33.9	20.7582	245.5026	5.0539	1
34	20.7677	245.9843	5.0591	1
34.1	20.7777	246.7747	5.0561	1
34.2	20.7875	247.7763	5.0513	1
34.3	20.7965	248.756	5.0445	1
34.4	20.8051	249.543	5.0436	1
34.5	20.8138	250.4466	5.0485	1
34.6	20.8226	251.2554	5.0457	1
34.7	20.8313	252.0343	5.0419	1
34.8	20.8401	252.849	5.0535	1
34.9	20.8494	253.6958	5.066	1
35	20.8585	254.4757	5.077	1
35.1	20.868	255.2539	5.0733	1
35.2	20.8774	256.0935	5.0815	1
35.3	20.8867	256.9967	5.0836	1
35.4	20.8959	257.8582	5.0758	1
35.5	20.9049	258.6941	5.0634	1
35.6	20.9142	259.4884	5.0589	1
35.7	20.9235	260.3042	5.0598	1
35.8	20.9325	261.2176	5.0573	1
35.9	20.9415	262.0419	5.0536	1
36	20.9504	262.9543	5.052	1
36.1	20.9591	263.7179	5.0467	1
36.2	20.9683	264.4401	5.0502	1
36.3	20.978	265.3179	5.0479	1
36.4	20.9871	266.1652	5.0481	1
36.5	20.996	267.0365	5.0521	1
36.6	21.0047	267.9708	5.0475	1
36.7	21.0135	268.8515	5.0526	1
36.8	21.022	269.7456	5.0667	1
36.9	21.0301	270.4682	5.0644	1
37	21.0385	271.3202	5.0699	1
37.1	21.0471	272.1338	5.073	1
37.2	21.0559	272.8981	5.0701	1
37.3	21.0646	273.7464	5.0606	1
37.4	21.0734	274.4692	5.0534	1
37.5	21.083	275.1946	5.0542	1
37.6	21.0926	276.2205	5.0404	1
37.7	21.1006	277.4529	5.0351	1
37.8	21.107	278.5404	5.0446	1
37.9	21.113	279.324	5.0439	1
38	21.1198	279.95	5.0397	1
38.1	21.1273	280.6223	5.0338	1
38.2	21.1353	281.3241	5.0399	1
38.3	21.1435	282.2025	5.0519	1
38.4	21.1516	283.0471	5.0421	1
38.5	21.1595	283.9273	5.0491	1
38.6	21.1675	284.6759	5.0623	1
38.7	21.1756	285.5116	5.054	1
38.8	21.1842	286.2905	5.056	1
38.9	21.1928	287.1146	5.0659	1
39	21.2013	287.9768	5.0716	1
39.1	21.2095	288.8731	5.064	1
39.2	21.2178	289.6462	5.058	1
39.3	21.2261	290.4739	5.0525	1
39.4	21.2343	291.3811	5.0522	1
39.5	21.2421	292.2608	5.0492	1
39.6	21.2498	293.1977	5.0478	1
39.7	21.2571	294.0512	5.0431	1
39.8	21.2643	294.9415	5.043	1
39.9	21.2714	295.7388	5.05	1
40	21.2784	296.5326	5.0479	1
40.1	21.2856	297.3635	5.0465	1
40.2	21.293	298.1945	5.0472	1
40.3	21.3002	299.019	5.0455	1
40.4	21.3075	299.8481	5.0514	1
40.5	21.315	300.651	5.056	1
40.6	21.3225	301.5269	5.0529	1
40.7	21.3298	302.3094	5.0769	1
40.8	21.3369	303.2188	5.0851	1
40.9	21.344	304.076	5.0668	1
41	21.3511	304.8832	5.0521	1
41.1	21.3581	305.7454	5.068	1
41.2	21.3654	306.5626	5.0771	1
41.3	21.3724	307.3564	5.0833	1
41.4	21.3795	308.2066	5.0855	1
41.5	21.3869	308.9977	5.0826	1
41.6	21.3943	309.7983	5.0769	1
41.7	21.4017	310.6232	5.0672	1
41.8	21.4092	311.4275	5.0649	1
41.9	21.4167	312.3138	5.0692	1
42	21.4241	313.1177	5.064	1
42.1	21.4318	313.8831	5.0742	1
42.2	21.4396	314.6611	5.0743	1
42.3	21.4476	315.495	5.0626	1
42.4	21.4554	316.3652	5.0769	1
42.5	21.4634	317.2291	5.0955	1
42.6	21.4711	317.9854	5.0867	1
42.7	21.479	318.8898	5.0751	1
42.8	21.487	319.7142	5.0795	1
42.9	21.4948	320.5447	5.0855	1
43	21.5023	321.4661	5.068	1
43.1	21.5098	322.2514	5.0659	1
43.2	21.5177	323.0255	5.0758	1
43.3	21.5255	323.8511	5.0692	1
43.4	21.5333	324.7004	5.0715	1
43.5	21.541	325.5311	5.0705	1
43.6	21.5492	326.3373	5.062	1
43.7	21.5575	327.1241	5.0665	1
43.8	21.5658	327.9568	5.065	1
43.9	21.574	328.749	5.0629	1
44	21.5821	329.5911	5.0609	1
44.1	21.5906	330.4864	5.062	1
44.2	21.5991	331.2592	5.077	1
44.3	21.6074	332.1038	5.0955	1
44.4	21.6153	332.9914	5.1065	1
44.5	21.6233	333.836	5.0937	1
44.6	21.6311	334.7087	5.0812	1
44.7	21.6389	335.6389	5.0845	1
44.8	21.6464	336.468	5.0682	1
44.9	21.6539	337.2611	5.0649	1
45	21.6617	338.0142	5.0546	1
45.1	21.6697	338.8601	5.0398	1
45.2	21.6778	339.7503	5.0427	1
45.3	21.6854	340.6037	5.0682	1
45.4	21.6929	341.4286	5.0823	1
45.5	21.7006	342.2453	5.0884	1
45.6	21.7083	343.0963	5.0836	1
45.7	21.7159	343.9403	5.0807	1
45.8	21.7235	344.7825	5.0858	1
45.9	21.731	345.6091	5.0781	1
46	21.7386	346.4115	5.0634	1
46.1	21.7463	347.2356	5.0544	1
46.2	21.7541	348.1306	5.0647	1
46.3	21.7617	348.9384	5.0702	1
46.4	21.7688	349.8497	5.0728	1
46.5	21.776	350.6984	5.0847	1
46.6	21.7832	351.5304	5.0846	1
46.7	21.7902	352.483	5.078	1
46.8	21.797	353.2587	5.0909	1
46.9	21.8036	354.1564	5.0948	1
47	21.8103	354.8927	5.0868	1
47.1	21.817	355.7146	5.0993	1
47.2	21.824	356.5247	5.1072	1
47.3	21.8312	357.342	5.115	1
47.4	21.8383	358.2664	5.1105	1
47.5	21.845	359.0821	5.1101	1
47.6	21.8517	359.9644	5.1219	1
47.7	21.8585	360.7378	5.123	1
47.8	21.8653	361.5816	5.1137	1
47.9	21.8721	362.4632	5.0991	1
48	21.8788	363.2869	5.0895	1
48.1	21.8854	364.175	5.0885	1
48.2	21.8918	365.0246	5.0931	1
48.3	21.8981	365.8265	5.0878	1
48.4	21.9044	366.7186	5.0841	1
48.5	21.9105	367.5789	5.0844	1
48.6	21.9163	368.3495	5.087	1
48.7	21.9223	369.2444	5.0843	1
48.8	21.9286	369.992	5.0773	1
48.9	21.9352	370.7678	5.0757	1
49	21.9418	371.5734	5.0821	1
49.1	21.9483	372.4587	5.0743	1
49.2	21.9547	373.3582	5.0767	1
49.3	21.9607	374.2269	5.0838	1
49.4	21.9669	375.0404	5.0908	1
49.5	21.9732	375.8181	5.0847	1
49.6	21.9796	376.6514	5.078	1
49.7	21.9858	377.5959	5.0892	1
49.8	21.9919	378.4229	5.0941	1
49.9	21.9981	379.1877	5.0768	1
50	22.0046	379.8612	5.0701	1
50.1	22.011	380.7255	5.0777	1
50.2	22.0178	381.5522	5.0881	1
50.3	22.0244	382.3637	5.086	1
50.4	22.031	383.3534	5.089	1
50.5	22.0371	384.1235	5.0932	1
50.6	22.0432	384.9909	5.0916	1
50.7	22.0496	385.8334	5.0761	1
50.8	22.056	386.6155	5.0724	1
50.9	22.0625	387.5103	5.0941	1
51	22.0689	388.2976	5.1022	1
51.1	22.0751	389.0978	5.0911	1
51.2	22.0813	389.9905	5.0907	1
51.3	22.0875	390.8722	5.0944	1
51.4	22.0936	391.6998	5.0891	1
51.5	22.1	392.4809	5.0826	1
51.6	22.1064	393.2132	5.0807	1
51.7	22.1129	394.0145	5.0743	1
51.8	22.1198	394.896	5.0706	1
51.9	22.1267	395.6774	5.0688	1
52	22.1333	396.621	5.0706	1
52.1	22.1396	397.4526	5.0886	1
52.2	22.1459	398.2888	5.1004	1
52.3	22.1522	399.1529	5.0926	1
52.4	22.1587	399.9748	5.096	1
52.5	22.1649	400.8304	5.1012	1
52.6	22.1711	401.6584	5.0998	1
52.7	22.1773	402.4671	5.0911	1
52.8	22.1834	403.3297	5.0726	1
52.9	22.1896	404.1393	5.069	1
53	22.1959	405.0494	5.0861	1
53.1	22.2019	405.9092	5.0957	1
53.2	22.2078	406.806	5.098	1
53.3	22.2135	407.5072	5.0923	1
53.4	22.2196	408.3331	5.0857	1
53.5	22.2258	409.0806	5.085	1
53.6	22.2321	409.99	5.0821	1
53.7	22.2388	410.7326	5.0868	1
53.8	22.2455	411.4872	5.0902	1
53.9	22.2521	412.3874	5.0807	1
54	22.2589	413.1751	5.0749	1
54.1	22.2657	414.0101	5.0913	1
54.2	22.2728	414.8271	5.1049	1
54.3	22.2799	415.6133	5.0981	1
54.4	22.2868	416.5226	5.0932	1
54.5	22.2937	417.2822	5.1053	1
54.6	22.3005	418.1624	5.0887	1
54.7	22.3075	419.0167	5.0806	1
54.8	22.3145	419.7767	5.0712	1
54.9	22.3216	420.6726	5.0664	1
55	22.3285	421.5502	5.0786	1
55.1	22.3356	422.3295	5.0773	1
55.2	22.3426	423.1457	5.0712	1
55.3	22.3492	424.0059	5.0699	1
55.4	22.3558	424.9026	5.0859	1
55.5	22.3624	425.7266	5.0902	1
55.6	22.3692	426.4858	5.0836	1
55.7	22.376	427.3737	5.0797	1
55.8	22.3828	428.2282	5.0765	1
55.9	22.3896	429.0538	5.0755	1
56	22.3965	429.7317	5.0736	1
56.1	22.4033	430.7345	5.0769	1
56.2	22.41	431.6325	5.0943	1
56.3	22.4163	432.3923	5.0874	1
56.4	22.4228	433.175	5.0814	1
56.5	22.4292	434.0877	5.0876	1
56.6	22.4357	434.9766	5.1018	1
56.7	22.4418	435.8582	5.104	1
56.8	22.4479	436.6858	5.0883	1
56.9	22.4541	437.5725	5.0721	1
57	22.46	438.4214	5.0671	1
57.1	22.466	439.2691	5.0827	1
57.2	22.4722	440.0073	5.0847	1
57.3	22.4784	440.8567	5.0765	1
57.4	22.4842	441.7656	5.083	1
57.5	22.49	442.5054	5.0888	1
57.6	22.4962	443.3589	5.0677	1
57.7	22.5021	444.2074	5.0651	1
57.8	22.5078	445.088	5.0726	1
57.9	22.5137	445.8551	5.0829	1
58	22.5199	446.6069	5.0731	1
58.1	22.526	447.4458	5.062	1
58.2	22.5324	448.2962	5.0747	1
58.3	22.5387	449.0991	5.0765	1
58.4	22.5452	449.9481	5.0762	1
58.5	22.5515	450.7821	5.07	1
58.6	22.5577	451.554	5.0683	1
58.7	22.5645	452.346	5.0693	1
58.8	22.5714	453.1298	5.0726	1
58.9	22.5779	454.0528	5.0698	1
59	22.5845	454.8965	5.0652	1
59.1	22.5911	455.6417	5.0512	1
59.2	22.5981	456.4629	5.0392	1
59.3	22.6052	457.3047	5.0444	1
59.4	22.6121	458.0764	5.059	1
59.5	22.6194	458.9328	5.0578	1
59.6	22.6267	459.7771	5.0591	1
59.7	22.6337	460.6628	5.0569	1
59.8	22.6405	461.4835	5.0635	1
59.9	22.6474	462.3435	5.0733	1
60	22.6542	463.1714	5.0762	1
60.1	22.661	463.8473	5.0875	1
60.2	22.6679	464.8211	5.0938	1
60.3	22.6748	465.6474	5.0832	1
60.4	22.6818	466.5154	5.0711	1
60.5	22.6887	467.3195	5.0735	1
60.6	22.6957	468.1721	5.0643	1
60.7	22.7027	468.9216	5.0704	1
60.8	22.7096	469.791	5.0823	1
60.9	22.7167	470.6275	5.085	1
61	22.7239	471.5019	5.0776	1
61.1	22.7307	472.3658	5.0846	1
61.2	22.7375	473.2103	5.0952	1
61.3	22.7442	473.9831	5.0852	1
61.4	22.751	474.8203	5.0706	1
61.5	22.7577	475.7285	5.0719	1
61.6	22.7641	476.6603	5.0917	1
61.7	22.7706	477.4396	5.0978	1
61.8	22.7771	478.2412	5.0923	1
61.9	22.7837	479.081	5.0913	1
62	22.7899	479.916	5.0835	1
62.1	22.7962	480.7953	5.0888	1
62.2	22.8025	481.58	5.0986	1
62.3	22.809	482.38	5.0897	1
62.4	22.8156	483.2608	5.089	1
62.5	22.8219	484.1097	5.0809	1
62.6	22.8284	484.8875	5.092	1
62.7	22.8351	485.732	5.0932	1
62.8	22.8417	486.5908	5.084	1
62.9	22.8483	487.3901	5.0886	1
63	22.8549	488.2135	5.0908	1
63.1	22.8616	488.9987	5.0967	1
63.2	22.8682	489.903	5.1106	1
63.3	22.875	490.7809	5.1151	1
63.4	22.8816	491.5514	5.1151	1
63.5	22.8882	492.4011	5.097	1
63.6	22.8949	493.194	5.095	1
63.7	22.9014	494.0528	5.1026	1
63.8	22.9078	494.9344	5.1116	1
63.9	22.9141	495.764	5.1214	1
64	22.9204	496.5543	5.1195	1
64.1	22.9272	497.3668	5.1165	1
64.2	22.9341	498.1585	5.1225	1
64.3	22.9409	499.0349	5.1299	1
64.4	22.9476	499.8151	5.1307	1
64.5	22.9546	500.6695	5.1256	1
64.6	22.9615	501.5194	5.1234	1
64.7	22.9681	502.441	5.1119	1
64.8	22.9744	503.3204	5.105	1
64.9	22.9806	504.1743	5.0987	1
65	22.9868	504.9199	5.0895	1
65.1	22.993	505.8334	5.0883	1
65.2	22.9991	506.721	5.0994	1
65.3	23.0052	507.4043	5.0886	1
65.4	23.0115	508.2659	5.0918	1
65.5	23.0181	509.0498	5.0914	1
65.6	23.0245	509.8925	5.0862	1
65.7	23.0312	510.7644	5.0908	1
65.8	23.0377	511.5868	5.0989	1
65.9	23.0446	512.3572	5.1012	1
66	23.0513	513.2082	5.0953	1
66.1	23.0579	514.1069	5.0898	1
66.2	23.0641	515.0043	5.0988	1
66.3	23.07	515.8475	5.1033	1
66.4	23.076	516.7022	5.1064	1
66.5	23.0818	517.5883	5.0998	1
66.6	23.0876	518.4711	5.0939	1
66.7	23.0932	519.2035	5.0855	1
66.8	23.099	520.0346	5.092	1
66.9	23.1048	520.9047	5.0931	1
67	23.1104	521.7762	5.0865	1
67.1	23.116	522.5771	5.0993	1
67.2	23.1215	523.4056	5.0901	1
67.3	23.1274	524.2504	5.0834	1
67.4	23.1328	525.0923	5.0914	1
67.5	23.1381	525.9917	5.0978	1
67.6	23.1436	526.8046	5.0977	1
67.7	23.1492	527.558	5.0967	1
67.8	23.1547	528.4199	5.1002	1
67.9	23.1603	529.2936	5.1075	1
68	23.1657	530.1299	5.1349	1
68.1	23.1709	531.0235	5.1456	1
68.2	23.1762	531.8124	5.1332	1
68.3	23.1814	532.6172	5.1207	1
68.4	23.1869	533.4897	5.113	1
68.5	23.1921	534.3396	5.1069	1
68.6	23.1969	535.2116	5.0979	1
68.7	23.2019	535.9873	5.105	1
68.8	23.2072	536.7361	5.1186	1
68.9	23.2126	537.6323	5.1159	1
69	23.2182	538.4436	5.1113	1
69.1	23.2237	539.2445	5.0976	1
69.2	23.2294	540.1119	5.1017	1
69.3	23.2349	540.8959	5.1081	1
69.4	23.2402	541.7009	5.121	1
69.5	23.2458	542.5544	5.1288	1
69.6	23.2514	543.4306	5.12	1
69.7	23.2569	544.2596	5.1104	1
69.8	23.2625	545.0561	5.1105	1
69.9	23.2682	545.8517	5.1194	1
70	23.2741	546.6834	5.1238	1
70.1	23.2801	547.4674	5.1254	1
70.2	23.2859	548.281	5.1052	1
70.3	23.2915	549.1848	5.0875	1
70.4	23.2975	549.9654	5.0982	1
70.5	23.3039	550.6492	5.0958	1
70.6	23.3106	551.514	5.0952	1
70.7	23.3172	552.3572	5.0852	1
70.8	23.3234	553.3178	5.0829	1
70.9	23.3293	554.1736	5.0996	1
71	23.3349	555.0516	5.0964	1
71.1	23.3408	555.8542	5.0972	1
71.2	23.347	556.4902	5.1042	1
71.3	23.3537	557.2762	5.1134	1
71.4	23.3607	558.1093	5.0969	1
71.5	23.3676	558.9539	5.0893	1
71.6	23.3745	559.791	5.1009	1
71.7	23.3814	560.7186	5.1148	1
71.8	23.388	561.5188	5.1105	1
71.9	23.3945	562.352	5.1073	1
72	23.4008	563.2766	5.1193	1
72.1	23.4067	564.1778	5.1173	1
72.2	23.4128	564.9919	5.108	1
72.3	23.4189	565.6957	5.1081	1
72.4	23.4253	566.6365	5.1062	1
72.5	23.4317	567.3755	5.0996	1
72.6	23.438	568.2114	5.0945	1
72.7	23.4445	569.1021	5.1058	1
72.8	23.4509	569.8732	5.1023	1
72.9	23.4573	570.7842	5.08	1
73	23.4634	571.6546	5.0775	1
73.1	23.4694	572.4487	5.0826	1
73.2	23.4755	573.255	5.0825	1
73.3	23.482	574.0515	5.0933	1
73.4	23.4885	574.8586	5.1007	1
73.5	23.4948	575.7493	5.0904	1
73.6	23.5012	576.5389	5.0899	1
73.7	23.5077	577.3481	5.0919	1
73.8	23.5142	578.2855	5.0923	1
73.9	23.5205	578.9851	5.0975	1
74	23.5269	579.8451	5.0988	1
74.1	23.5339	580.641	5.0938	1
74.2	23.5406	581.4955	5.1063	1
74.3	23.5474	582.3878	5.1086	1
74.4	23.5538	583.1754	5.1004	1
74.5	23.5604	583.9861	5.0985	1
74.6	23.5678	584.6074	5.1048	1
74.7	23.5753	585.516	5.1117	1
74.8	23.5831	586.325	5.0986	1
74.9	23.5907	587.0474	5.098	1
75	23.5986	587.9801	5.1105	1
75.1	23.6063	588.8263	5.1082	1
75.2	23.6134	589.7337	5.1099	1
75.3	23.6211	590.4732	5.1023	1
75.4	23.6291	591.1773	5.0948	1
75.5	23.6375	592.0489	5.083	1
75.6	23.6455	592.8775	5.078	1
75.7	23.6536	593.7965	5.0772	1
75.8	23.6618	594.4428	5.0954	1
75.9	23.6701	595.3833	5.0936	1
76	23.6784	596.195	5.0866	1
76.1	23.6863	597.0504	5.0905	1
76.2	23.6946	597.937	5.0914	1
76.3	23.7024	598.8074	5.0794	1
76.4	23.7099	599.7044	5.075	1
76.5	23.7181	600.4024	5.0845	1
76.6	23.7262	601.2619	5.0878	1
76.7	23.7344	602.2231	5.0828	1
76.8	23.7419	603.0283	5.0852	1
76.9	23.7491	603.98	5.0847	1
77	23.7562	604.778	5.0814	1
77.1	23.7633	605.4944	5.0668	1
77.2	23.7709	606.3966	5.0616	1
77.3	23.7784	607.3107	5.0714	1
77.4	23.7855	608.1367	5.0761	1
77.5	23.7927	608.862	5.0765	1
77.6	23.8004	609.7339	5.0751	1
77.7	23.8078	610.5661	5.0758	1
77.8	23.8151	611.4158	5.0793	1
77.9	23.8223	612.2729	5.0813	1
78	23.8294	613.1717	5.0788	1
78.1	23.8363	613.9797	5.0777	1
78.2	23.8436	614.8417	5.0843	1
78.3	23.8506	615.7925	5.0774	1
78.4	23.8569	616.6377	5.0686	1
78.5	23.8625	617.5956	5.0597	1
78.6	23.8677	618.5559	5.0547	1
78.7	23.8728	619.3691	5.0745	1
78.8	23.878	620.1015	5.083	1
78.9	23.884	620.8415	5.0872	1
79	23.8904	621.6029	5.0849	1
79.1	23.8972	622.3804	5.0817	1
79.2	23.9036	623.2644	5.0876	1
79.3	23.9101	624.0555	5.0855	1
79.4	23.9165	624.9824	5.0872	1
79.5	23.9229	625.8147	5.082	1
79.6	23.929	626.5998	5.0695	1
79.7	23.9356	627.3079	5.0705	1
79.8	23.9429	628.0376	5.0726	1
79.9	23.9503	628.8975	5.0731	1
80	23.9574	629.7566	5.0607	1
80.1	23.9646	630.5369	5.0671	1
80.2	23.972	631.4364	5.0785	1
80.3	23.9792	632.3454	5.0736	1
80.4	23.9858	633.2008	5.0716	1
80.5	23.9926	634.0241	5.0834	1
80.6	23.9994	634.8754	5.0779	1
80.7	24.0061	635.6987	5.081	1
80.8	24.0127	636.5204	5.0931	1
80.9	24.0194	637.3715	5.0931	1
81	24.0261	638.2245	5.0748	1
81.1	24.0325	639.0365	5.0684	1
81.2	24.039	639.9404	5.068	1
81.3	24.0454	640.7986	5.0635	1
81.4	24.0515	641.6073	5.0639	1
81.5	24.0576	642.4757	5.0614	1
81.6	24.0636	643.3765	5.0739	1
81.7	24.0699	644.1295	5.0812	1
81.8	24.0761	644.9289	5.0689	1
81.9	24.0823	645.761	5.0757	1
82	24.0887	646.598	5.0709	1
82.1	24.095	647.5076	5.0724	1
82.2	24.1007	648.4067	5.0634	1
82.3	24.1063	649.2829	5.0639	1
82.4	24.112	650.13	5.0742	1
82.5	24.1173	650.9634	5.0751	1
82.6	24.1225	651.8395	5.0749	1
82.7	24.1276	652.6515	5.0729	1
82.8	24.133	653.5081	5.0682	1
82.9	24.1381	654.3803	5.0657	1
83	24.1427	655.376	5.0696	1
83.1	24.1471	656.1973	5.0748	1
83.2	24.1515	656.9045	5.07	1
83.3	24.1564	657.6595	5.074	1
83.4	24.1621	658.2754	5.0815	1
83.5	24.1684	659.0373	5.0691	1
83.6	24.1755	659.6741	5.0733	1
83.7	24.1828	660.4406	5.0837	1
83.8	24.1904	661.2517	5.0819	1
83.9	24.1982	662.095	5.0823	1
84	24.2057	663.0211	5.0878	1
84.1	24.2123	664.1636	5.1035	1
84.2	24.2177	665.1441	5.1013	1
84.3	24.2225	666.1353	5.1051	1
84.4	24.2271	666.9731	5.1131	1
84.5	24.2317	667.797	5.0988	1
84.6	24.2364	668.6097	5.0987	1
84.7	24.2416	669.3297	5.0996	1
84.8	24.2471	670.0958	5.0956	1
84.9	24.2523	670.9839	5.0957	1
85	24.2573	671.8368	5.103	1
85.1	24.2625	672.6104	5.1182	1
85.2	24.2677	673.4833	5.11	1
85.3	24.2731	674.2787	5.0964	1
85.4	24.2783	675.0289	5.0893	1
85.5	24.284	675.8551	5.0808	1
85.6	24.2897	676.6549	5.0776	1
85.7	24.2955	677.5513	5.0867	1
85.8	24.3012	678.3856	5.0924	1
85.9	24.3069	679.1879	5.1109	1
86	24.3127	680.0152	5.1145	1
86.1	24.3186	680.7721	5.1061	1
86.2	24.3245	681.5947	5.0923	1
86.3	24.3306	682.443	5.0832	1
86.4	24.3365	683.3542	5.0891	1
86.5	24.3422	684.167	5.0856	1
86.6	24.3481	684.9575	5.0835	1
86.7	24.3543	685.7046	5.0894	1
86.8	24.361	686.4791	5.087	1
86.9	24.3677	687.2888	5.0902	1
87	24.3743	688.1294	5.1016	1
87.1	24.3809	688.8952	5.1022	1
87.2	24.3878	689.7653	5.082	1
87.3	24.3945	690.6526	5.0785	1
87.4	24.4012	691.5285	5.0911	1
87.5	24.4078	692.4049	5.0905	1
87.6	24.4142	693.2115	5.0991	1
87.7	24.4209	693.976	5.1085	1
87.8	24.4275	694.7909	5.1051	1
87.9	24.434	695.681	5.0839	1
88	24.4406	696.5208	5.0669	1
88.1	24.447	697.3976	5.0739	1
88.2	24.4533	698.3365	5.0855	1
88.3	24.4595	699.0443	5.0909	1
88.4	24.4661	699.8132	5.0873	1
88.5	24.4727	700.6631	5.0865	1
88.6	24.4786	701.5686	5.0887	1
88.7	24.4847	702.496	5.087	1
88.8	24.4907	703.1989	5.0807	1
88.9	24.4971	704.0194	5.0807	1
89	24.5038	704.8477	5.0815	1
89.1	24.5104	705.6328	5.082	1
89.2	24.5172	706.4834	5.0709	1
89.3	24.5237	707.3701	5.0796	1
89.4	24.5298	708.3578	5.0821	1
89.5	24.5359	709.1625	5.0878	1
89.6	24.5418	710.0212	5.0966	1
89.7	24.5474	710.9103	5.0841	1
89.8	24.5527	711.7895	5.0793	1
89.9	24.5585	712.4289	5.0825	1
90	24.5648	713.188	5.0975	1
90.1	24.5712	714.0572	5.0994	1
90.2	24.5775	714.8964	5.0978	1
90.3	24.5839	715.6968	5.1003	1
90.4	24.5905	716.5285	5.1066	1
90.5	24.5972	717.3789	5.1162	1
90.6	24.6035	718.2669	5.1122	1
90.7	24.6093	719.1368	5.1081	1
90.8	24.6153	719.9503	5.0985	1
90.9	24.6215	720.7687	5.1036	1
91	24.6278	721.6053	5.1054	1
91.1	24.634	722.4004	5.1075	1
91.2	24.6402	723.3112	5.1069	1
91.3	24.6461	724.1808	5.099	1
91.4	24.6518	725.0102	5.1032	1
91.5	24.6576	725.8107	5.1173	1
91.6	24.6638	726.5959	5.1156	1
91.7	24.6702	727.4165	5.1041	1
91.8	24.6763	728.2866	5.1018	1
91.9	24.6821	729.1793	5.1119	1
92	24.6878	730.007	5.1102	1
92.1	24.6938	730.8684	5.1071	1
92.2	24.6996	731.7007	5.1108	1
92.3	24.7054	732.4774	5.111	1
92.4	24.7114	733.2608	5.106	1
92.5	24.7176	734.2005	5.1071	1
92.6	24.7232	735.049	5.0979	1
92.7	24.7288	735.9438	5.0903	1
92.8	24.7345	736.7409	5.0908	1
92.9	24.7401	737.5879	5.1047	1
93	24.7455	738.3949	5.1102	1
93.1	24.7509	739.2296	5.1169	1
93.2	24.7565	740.032	5.1061	1
93.3	24.7621	740.8629	5.0905	1
93.4	24.7678	741.6739	5.1014	1
93.5	24.7736	742.4506	5.115	1
93.6	24.7796	743.3955	5.119	1
93.7	24.7853	744.2528	5.1166	1
93.8	24.7906	745.0422	5.1135	1
93.9	24.7961	745.8621	5.1036	1
94	24.8018	746.6957	5.1007	1
94.1	24.8074	747.6129	5.1087	1
94.2	24.8129	748.4019	5.114	1
94.3	24.8184	749.2055	5.1019	1
94.4	24.8241	750.0617	5.1083	1
94.5	24.8298	750.8534	5.1112	1
94.6	24.8358	751.5852	5.109	1
94.7	24.8417	752.4311	5.1173	1
94.8	24.8475	753.3536	5.1183	1
94.9	24.8537	753.969	5.1095	1
95	24.8609	754.6608	5.093	1
95.1	24.8677	755.6828	5.0861	1
95.2	24.8735	756.6879	5.0869	1
95.3	24.8791	757.5175	5.0918	1
95.4	24.8851	758.1951	5.1077	1
95.5	24.8912	759.1697	5.118	1
95.6	24.8971	760.0477	5.1083	1
95.7	24.9027	760.8649	5.0993	1
95.8	24.9085	761.6879	5.109	1
95.9	24.9141	762.4753	5.1208	1
96	24.9197	763.3677	5.1224	1
96.1	24.9253	764.2283	5.1027	1
96.2	24.9311	765.077	5.0973	1
96.3	24.9366	765.893	5.116	1
96.4	24.9421	766.7154	5.12	1
96.5	24.9477	767.578	5.1166	1
96.6	24.9532	768.2934	5.1133	1
96.7	24.9587	769.2527	5.1032	1
96.8	24.9644	770.0225	5.1077	1
96.9	24.9703	770.7223	5.1123	1
97	24.9766	771.5918	5.1183	1
97.1	24.983	772.434	5.1034	1
97.2	24.9893	773.2473	5.0984	1
97.3	24.996	773.9258	5.1107	1
97.4	25.0028	774.7508	5.1118	1
97.5	25.0093	775.7448	5.1065	1
97.6	25.0155	776.5719	5.0964	1
97.7	25.0218	777.3803	5.0983	1
97.8	25.0284	778.1575	5.103	1
97.9	25.0345	779.0726	5.0908	1
98	25.0405	779.9678	5.0964	1
98.1	25.0464	780.7867	5.1063	1
98.2	25.0524	781.694	5.1007	1
98.3	25.0583	782.4606	5.0843	1
98.4	25.0643	783.278	5.0891	1
98.5	25.0702	784.1901	5.0997	1
98.6	25.0759	785.0683	5.1087	1
98.7	25.0812	785.9946	5.1015	1
98.8	25.0862	786.8487	5.0927	1
98.9	25.0911	787.6948	5.1049	1
99	25.096	788.5809	5.1196	1
99.1	25.1008	789.4146	5.1142	1
99.2	25.1055	790.1837	5.1041	1
99.3	25.1103	791.0035	5.1048	1
99.4	25.1151	791.8226	5.1093	1
99.5	25.1201	792.6517	5.1018	1
99.6	25.1253	793.4911	5.1012	1
99.7	25.1301	794.3896	5.1091	1
99.8	25.135	795.1479	5.1036	1
99.9	25.1403	795.8888	5.0902	1
100	25.146	796.6663	5.0931	1
100.1	25.152	797.4264	5.1117	1
100.2	25.158	798.2034	5.1274	1
100.3	25.1643	799.0434	5.1376	1
100.4	25.1707	799.8797	5.1407	1
100.5	25.1768	800.7833	5.1322	1
100.6	25.1831	801.5197	5.1355	1
100.7	25.1894	802.3813	5.135	1
100.8	25.1959	803.1717	5.1286	1
100.9	25.2022	804.0196	5.1306	1
101	25.2085	804.883	5.123	1
101.1	25.2149	805.6593	5.1247	1
101.2	25.2211	806.5923	5.1291	1
101.3	25.2269	807.4704	5.1158	1
101.4	25.2326	808.3387	5.1077	1
101.5	25.2381	809.2414	5.1162	1
101.6	25.2436	810.0341	5.1208	1
101.7	25.2491	810.9169	5.1203	1
101.8	25.2541	811.8564	5.1264	1
101.9	25.2589	812.6001	5.1224	1
102	25.2643	813.455	5.118	1
102.1	25.2694	814.3257	5.1287	1
102.2	25.2745	815.1379	5.1302	1
102.3	25.2797	815.9315	5.1194	1
102.4	25.2849	816.7704	5.1095	1
102.5	25.2901	817.5997	5.1207	1
102.6	25.2953	818.3772	5.1185	1
102.7	25.3007	819.1578	5.1118	1
102.8	25.3066	820.0133	5.1165	1
102.9	25.3122	820.888	5.1112	1
103	25.3171	821.9596	5.1133	1
103.1	25.321	822.9316	5.1077	1
103.2	25.3251	823.5727	5.1102	1
103.3	25.3304	824.2168	5.1153	1
103.4	25.3359	825.0624	5.1099	1
103.5	25.3409	825.9788	5.1252	1
103.6	25.3457	826.7923	5.1245	1
103.7	25.3507	827.5909	5.1132	1
103.8	25.3558	828.4705	5.1071	1
103.9	25.3604	829.3933	5.0992	1
104	25.365	830.2341	5.0976	1
104.1	25.3697	831.0958	5.1064	1
104.2	25.3742	831.9105	5.1077	1
104.3	25.3787	832.6577	5.1147	1
104.4	25.3836	833.431	5.1216	1
104.5	25.3888	834.163	5.1316	1
104.6	25.3941	835.0754	5.13	1
104.7	25.3994	835.9323	5.1434	1
104.8	25.4046	836.8065	5.141	1
104.9	25.4097	837.595	5.129	1
105	25.4149	838.3868	5.1466	1
105.1	25.42	839.2617	5.1555	1
105.2	25.4252	840.0887	5.1486	1
105.3	25.4305	840.8434	5.1411	1
105.4	25.4361	841.68	5.1371	1
105.5	25.4417	842.4063	5.1359	1
105.6	25.4475	843.3547	5.1337	1
105.7	25.453	844.1097	5.1286	1
105.8	25.4586	844.966	5.1255	1
105.9	25.4642	845.8259	5.1293	1
106	25.4696	846.7973	5.1305	1
106.1	25.4747	847.6878	5.1308	1
106.2	25.4796	848.4265	5.1337	1
106.3	25.4848	849.2398	5.1268	1
106.4	25.4899	850.1016	5.1249	1
106.5	25.4949	850.9099	5.1217	1
106.6	25.5	851.7329	5.1122	1
106.7	25.505	852.5709	5.1044	1
106.8	25.5102	853.5038	5.1066	1
106.9	25.5152	854.2934	5.1165	1
107	25.5203	855.0931	5.1081	1
107.1	25.5257	855.934	5.1131	1
107.2	25.531	856.7639	5.1121	1
107.3	25.5361	857.5455	5.1151	1
107.4	25.5412	858.3899	5.1281	1
107.5	25.5462	859.3322	5.1217	1
107.6	25.5508	860.2223	5.1187	1
107.7	25.5556	860.9477	5.1134	1
107.8	25.5605	861.7705	5.0994	1
107.9	25.5654	862.6076	5.0894	1
108	25.5702	863.5468	5.0823	1
108.1	25.575	864.3699	5.0837	1
108.2	25.5797	865.2044	5.0928	1
108.3	25.5842	865.9664	5.0853	1
108.4	25.5888	866.8548	5.0902	1
108.5	25.5936	867.7502	5.0972	1
108.6	25.5985	868.4368	5.0944	1
108.7	25.6036	869.1649	5.0965	1
108.8	25.6087	870.1162	5.0943	1
108.9	25.6137	871.0214	5.0776	1
109	25.6184	871.8628	5.0778	1
109.1	25.6233	872.722	5.0853	1
109.2	25.6281	873.4466	5.0784	1
109.3	25.633	874.2136	5.0803	1
109.4	25.6381	875.1288	5.0863	1
109.5	25.6433	875.9056	5.09	1
109.6	25.6486	876.6932	5.0955	1
109.7	25.6538	877.557	5.0965	1
109.8	25.6586	878.3991	5.1016	1
109.9	25.6633	879.2696	5.1009	1
110	25.6686	880.066	5.1111	1
110.1	25.6739	880.9296	5.1133	1
110.2	25.679	881.8299	5.094	1
110.3	25.6841	882.5669	5.0959	1
110.4	25.6894	883.2982	5.1017	1
110.5	25.6947	884.1867	5.1071	1
110.6	25.6998	885.1658	5.113	1
110.7	25.7046	885.9996	5.1177	1
110.8	25.7095	886.7867	5.1128	1
110.9	25.7145	887.643	5.1271	1
111	25.7193	888.5033	5.1188	1
111.1	25.7241	889.3048	5.1176	1
111.2	25.7289	890.135	5.126	1
111.3	25.7336	891.0151	5.1142	1
111.4	25.7384	891.857	5.1017	1
111.5	25.7433	892.5996	5.0977	1
111.6	25.7485	893.4459	5.1142	1
111.7	25.7535	894.2176	5.114	1
111.8	25.7582	895.1516	5.1078	1
111.9	25.763	896.0564	5.1068	1
112	25.7678	896.7815	5.1102	1
112.1	25.7727	897.6597	5.1149	1
112.2	25.7776	898.4566	5.106	1
112.3	25.7825	899.2906	5.1074	1
112.4	25.7874	900.1545	5.0952	1
112.5	25.7922	901.0038	5.1066	1
112.6	25.7971	901.7939	5.1343	1
112.7	25.802	902.4907	5.1247	1
112.8	25.8068	903.4923	5.1133	1
112.9	25.8115	904.3561	5.1078	1
113	25.8158	905.2614	5.1134	1
113.1	25.8205	905.9506	5.1252	1
113.2	25.8253	906.8155	5.1276	1
113.3	25.83	907.7243	5.119	1
113.4	25.8344	908.462	5.1089	1
113.5	25.8393	909.3338	5.1093	1
113.6	25.8442	910.1554	5.1199	1
113.7	25.8486	911.0128	5.1208	1
113.8	25.8533	911.8261	5.1084	1
113.9	25.8583	912.5763	5.0969	1
114	25.8633	913.4965	5.1006	1
114.1	25.8681	914.3294	5.0995	1
114.2	25.873	915.0605	5.1002	1
114.3	25.8782	915.847	5.1028	1
114.4	25.8833	916.6992	5.0904	1
114.5	25.8885	917.6647	5.0826	1
114.6	25.8932	918.4396	5.0992	1
114.7	25.898	919.4086	5.1082	1
114.8	25.9022	920.1808	5.1084	1
114.9	25.9065	921.1152	5.1054	1
115	25.9111	921.8511	5.0914	1
115.1	25.9156	922.7359	5.095	1
115.2	25.9198	923.6205	5.0947	1
115.3	25.9239	924.362	5.1109	1
115.4	25.9281	925.3084	5.1122	1
115.5	25.9322	926.0938	5.1076	1
115.6	25.9362	926.9285	5.1071	1
115.7	25.9404	927.8083	5.1176	1
115.8	25.9449	928.4181	5.1201	1
115.9	25.9497	929.2526	5.1067	1
116	25.9546	930.0832	5.106	1
116.1	25.9595	930.9174	5.1095	1
116.2	25.9648	931.7247	5.1006	1
116.3	25.9702	932.46	5.0955	1
116.4	25.9757	933.2179	5.1034	1
116.5	25.9817	933.9051	5.1021	1
116.6	25.9886	934.6867	5.1068	1
116.7	25.9958	935.5411	5.1019	1
116.8	26.0024	936.4171	5.0881	1
116.9	26.0084	937.4104	5.0757	1
117	26.014	938.3929	5.0756	1
117.1	26.0187	939.3837	5.0906	1
117.2	26.0233	940.1775	5.0976	1
117.3	26.0282	940.9559	5.103	1
117.4	26.0331	941.8096	5.1035	1
117.5	26.038	942.6039	5.1112	1
117.6	26.043	943.4256	5.1195	1
117.7	26.0478	944.2911	5.1167	1
117.8	26.0525	945.1165	5.1141	1
117.9	26.0575	945.9782	5.1235	1
118	26.0626	946.7189	5.1158	1
118.1	26.0679	947.5371	5.0971	1
118.2	26.0727	948.5023	5.1095	1
118.3	26.077	949.3987	5.1049	1
118.4	26.0813	950.2964	5.1005	1
118.5	26.0859	950.972	5.1048	1
118.6	26.0904	951.8464	5.1004	1
118.7	26.095	952.659	5.0971	1
118.8	26.1	953.4377	5.0964	1
118.9	26.105	954.214	5.1072	1
119	26.1097	955.2644	5.1169	1
119.1	26.1139	956.1339	5.1102	1
119.2	26.118	956.8306	5.1005	1
119.3	26.1225	957.6779	5.0998	1
119.4	26.1274	958.4076	5.0984	1
119.5	26.1317	959.4211	5.1053	1
119.6	26.1366	960.1772	5.1039	1
119.7	26.141	960.9223	5.1004	1
119.8	26.1458	961.8511	5.1042	1
119.9	26.1502	962.6214	5.1016	1
120	26.1552	963.4621	5.108	1
120.1	26.16	964.2012	5.118	1
120.2	26.1653	965.1342	5.1107	1
120.3	26.1698	965.945	5.1005	1
120.4	26.1745	966.7513	5.1085	1
120.5	26.1795	967.6848	5.1156	1
120.6	26.1846	968.387	5.1163	1
120.7	26.1896	969.2413	5.1193	1
120.8	26.1944	970.0661	5.1199	1
120.9	26.1991	971.0938	5.1143	1
121	26.2033	971.9271	5.119	1
121.1	26.2075	972.7851	5.1182	1
121.2	26.2116	973.5341	5.1167	1
121.3	26.2159	974.4421	5.1129	1
121.4	26.2202	975.1284	5.1023	1
121.5	26.2248	976.061	5.0962	1
121.6	26.2295	976.8306	5.1002	1
121.7	26.2341	977.6173	5.1026	1
121.8	26.2386	978.5651	5.0896	1
121.9	26.243	979.3214	5.0911	1
122	26.2473	980.2892	5.115	1
122.1	26.2517	981.1645	5.1305	1
122.2	26.2556	981.9564	5.1366	1
122.3	26.2596	982.7615	5.1376	1
122.4	26.264	983.4885	5.1383	1
122.5	26.2687	984.3017	5.1418	1
122.6	26.2735	985.1208	5.1356	1
122.7	26.2782	985.9049	5.1345	1
122.8	26.2833	986.8125	5.1407	1
122.9	26.288	987.5905	5.1392	1
123	26.2924	988.4613	5.1357	1
123.1	26.2973	989.2505	5.129	1
123.2	26.3023	990.0804	5.1332	1
123.3	26.3072	990.9679	5.1484	1
123.4	26.3117	991.8762	5.1493	1
123.5	26.3158	992.7544	5.1376	1
123.6	26.3205	993.4788	5.1346	1
123.7	26.325	994.3063	5.1287	1
123.8	26.3297	995.167	5.1239	1
123.9	26.3342	995.9155	5.1263	2
124	26.3392	996.6806	5.1194	2
124.1	26.3445	997.444	5.1207	2
124.2	26.35	998.317	5.1288	2
124.3	26.3549	999.0169	5.1237	2
124.4	26.3595	999.111	5.1073	2
124.5	26.3643	999.1465	5.1093	2
124.6	26.3689	999.1614	5.1195	2
124.7	26.3735	999.1764	5.1281	2
124.8	26.3779	999.1442	5.1268	2
124.9	26.3819	999.3581	5.1116	2
125	26.3857	999.3309	5.1106	2
125.1	26.3893	999.3082	5.1253	2
125.2	26.3931	999.3231	5.1218	2
125.3	26.3969	999.2154	5.1196	2
125.4	26.4007	999.2828	5.1135	2
125.5	26.4046	999.2844	5.1139	2
125.6	26.4084	999.2674	5.1083	2
125.7	26.4118	999.4755	5.1065	2
125.8	26.415	999.5064	5.1142	2
125.9	26.4175	999.5104	5.1168	2
126	26.4204	999.6115	5.1187	2
126.1	26.4228	999.5344	5.1167	2
126.2	26.425	999.6638	5.1216	2
126.3	26.4271	999.6961	5.1301	2
126.4	26.4291	999.6754	5.1367	2
126.5	26.4309	999.7236	5.1442	2
126.6	26.4328	999.7884	5.1522	2
126.7	26.4342	999.6934	5.1512	2
126.8	26.436	999.6945	5.1427	2
126.9	26.4377	999.7577	5.1252	2
127	26.4392	999.7559	5.1222	2
127.1	26.4406	999.798	5.1158	2
127.2	26.442	999.7654	5.1241	2
127.3	26.4432	999.8702	5.1361	2
127.4	26.4441	999.9357	5.1287	2
127.5	26.4448	999.8769	5.149	2
127.6	26.446	999.7798	5.1473	2
127.7	26.4473	999.7034	5.144	2
127.8	26.4485	999.731	5.1443	2
127.9	26.4497	999.8495	5.1434	2
128	26.451	999.7797	5.1432	2
128.1	26.4522	999.7983	5.1555	2
128.2	26.4532	999.8183	5.1473	2
128.3	26.454	999.8658	5.1424	2
128.4	26.4548	999.85	5.1486	2
128.5	26.4559	999.6967	5.1482	2
128.6	26.4573	999.8119	5.1481	2
128.7	26.4585	999.796	5.1596	2
128.8	26.4596	999.8119	5.1632	2
128.9	26.4609	999.6806	5.1499	2
129	26.4623	999.7325	5.1552	2
129.1	26.4633	999.8219	5.1627	2
129.2	26.4643	999.6885	5.1635	2
129.3	26.4656	999.7579	5.1603	2
129.4	26.4669	999.7203	5.1602	2
129.5	26.4682	999.8317	5.1489	2
129.6	26.4697	999.6071	5.142	2
129.7	26.4712	999.5777	5.1262	2
129.8	26.4731	999.6597	5.1178	2
129.9	26.4749	999.6546	5.1352	2
130	26.4767	999.5985	5.1328	2
130.1	26.4785	999.5286	5.126	2
130.2	26.4801	999.7155	5.1276	2
130.3	26.4814	999.6461	5.1286	2
130.4	26.483	999.5946	5.1299	2
130.5	26.4853	999.4651	5.1348	2
130.6	26.4878	999.4402	5.1371	2
130.7	26.4904	999.4591	5.1432	2
130.8	26.4931	999.3748	5.1466	2
130.9	26.4956	999.6084	5.1483	2
131	26.4977	999.6172	5.1426	2
131.1	26.4993	999.6271	5.1393	2
131.2	26.5012	999.6448	5.149	2
131.3	26.5033	999.5103	5.1444	2
131.4	26.5053	999.6006	5.1427	2
131.5	26.507	999.6111	5.1403	2
131.6	26.5087	999.607	5.1443	2
131.7	26.5104	999.6733	5.1409	2
131.8	26.512	999.6202	5.1281	2
131.9	26.5137	999.5789	5.1287	2
132	26.5157	999.5464	5.1274	2
132.1	26.5174	999.6492	5.1278	2
132.2	26.5188	999.6742	5.1222	2
132.3	26.5205	999.5562	5.1214	2
132.4	26.5223	999.5796	5.1235	2
132.5	26.5239	999.6886	5.1222	2
132.6	26.5253	999.7548	5.1192	2
132.7	26.5265	999.6515	5.1122	2
132.8	26.5283	999.6076	5.1256	2
132.9	26.53	999.6175	5.132	2
133	26.5315	999.677	5.1206	2
133.1	26.533	999.6855	5.1045	2
133.2	26.5345	999.6612	5.1083	2
133.3	26.5359	999.6109	5.1051	2
133.4	26.5373	999.655	5.1053	2
133.5	26.5387	999.7372	5.1052	2
133.6	26.5399	999.7168	5.1062	2
133.7	26.541	999.7501	5.1055	2
133.8	26.5418	999.8148	5.1216	2
133.9	26.5426	999.8425	5.1293	2
134	26.543	999.8764	5.1268	2
134.1	26.5435	999.8777	5.1241	2
134.2	26.544	999.8274	5.1232	2
134.3	26.5446	999.8628	5.1122	2
134.4	26.5453	999.8279	5.1114	2
134.5	26.5458	999.8252	5.1101	2
134.6	26.5462	999.9329	5.1189	2
134.7	26.5467	999.7613	5.1291	2
134.8	26.5472	999.7684	5.1288	2
134.9	26.548	999.8601	5.1218	2
135	26.5488	999.7949	5.1231	2
135.1	26.5499	999.6181	5.1303	2
135.2	26.5514	999.6617	5.132	2
135.3	26.5528	999.6656	5.1303	2
135.4	26.5541	999.6442	5.1364	2
135.5	26.5554	999.7417	5.1414	2
135.6	26.5564	999.6549	5.138	2
135.7	26.5574	999.7523	5.1288	2
135.8	26.5584	999.7918	5.1228	2
135.9	26.5592	999.8349	5.1189	2
136	26.5598	999.8075	5.1233	2
136.1	26.5599	999.8967	5.1201	2
136.2	26.5601	999.9006	5.1238	2
136.3	26.5605	999.8356	5.1446	2
136.4	26.5609	999.8537	5.1394	2
136.5	26.5615	999.8083	5.1301	2
136.6	26.5623	999.7047	5.1442	2
136.7	26.5634	999.7546	5.1398	2
136.8	26.5643	999.6622	5.1369	2
136.9	26.5652	999.7144	5.1349	2
137	26.5662	999.7403	5.129	2
137.1	26.5672	999.758	5.1311	2
137.2	26.5679	999.8005	5.1336	2
137.3	26.5685	999.7885	5.1249	2
137.4	26.569	999.7613	5.1198	2
137.5	26.5698	999.8127	5.1177	2
137.6	26.5707	999.7004	5.1189	2
137.7	26.5714	999.7763	5.128	2
137.8	26.5722	999.7621	5.1137	2
137.9	26.573	999.7443	5.1044	2
138	26.5737	999.8335	5.1202	2
138.1	26.5739	999.8593	5.122	2
138.2	26.5741	999.9356	5.1192	2
138.3	26.5741	999.9183	5.1328	2
138.4	26.574	999.9509	5.1356	2
138.5	26.5739	999.9189	5.1393	2
138.6	26.5739	999.9042	5.1372	2
138.7	26.5743	999.8984	5.134	2
138.8	26.5745	999.836	5.1318	2
138.9	26.5748	999.8672	5.1354	2
139	26.5752	999.8143	5.1336	2
139.1	26.5757	999.7919	5.1359	2
139.2	26.5763	999.7468	5.1492	2
139.3	26.5769	999.7236	5.1412	2
139.4	26.5779	999.7472	5.1264	2
139.5	26.5789	999.6957	5.1274	2
139.6	26.5798	999.7386	5.1306	2
139.7	26.5811	999.6024	5.1293	2
139.8	26.5827	999.4752	5.124	2
139.9	26.5847	999.5251	5.1207	2
140	26.5864	999.5385	5.1227	2
140.1	26.5878	999.6336	5.1376	2
140.2	26.5891	999.6619	5.1405	2
140.3	26.5901	999.7847	5.1361	2
140.4	26.5905	999.8416	5.1317	2
140.5	26.5906	999.8844	5.1297	2
140.6	26.5912	999.77	5.1207	2
140.7	26.5916	999.7593	5.1185	2
140.8	26.5921	999.8628	5.1255	2
140.9	26.5926	999.8432	5.1344	2
141	26.5932	999.7574	5.124	2
141.1	26.5936	999.873	5.1216	2
141.2	26.5939	999.8044	5.1204	2
141.3	26.5943	999.7651	5.1141	2
141.4	26.5951	999.7071	5.0956	2
141.5	26.596	999.7176	5.0981	2
141.6	26.5967	999.7733	5.1062	2
141.7	26.5974	999.7016	5.11	2
141.8	26.5984	999.7712	5.1123	2
141.9	26.5993	999.6927	5.1113	2
142	26.6	999.751	5.1117	2
142.1	26.6009	999.7585	5.1168	2
142.2	26.6018	999.708	5.1118	2
142.3	26.6026	999.7607	5.1057	2
142.4	26.6033	999.708	5.1095	2
142.5	26.6043	999.6495	5.1183	2
142.6	26.6052	999.7126	5.1123	2
142.7	26.6061	999.7226	5.1149	2
142.8	26.607	999.7316	5.1126	2
142.9	26.6081	999.5885	5.1109	2
143	26.6093	999.6417	5.1097	2
143.1	26.6103	999.6579	5.1128	2
143.2	26.6113	999.684	5.1118	2
143.3	26.6126	999.633	5.1121	2
143.4	26.6136	999.6736	5.1223	2
143.5	26.6145	999.7537	5.1253	2
143.6	26.6155	999.6617	5.124	2
143.7	26.6165	999.6791	5.1165	2
143.8	26.6175	999.6978	5.1062	2
143.9	26.6183	999.7441	5.107	2
144	26.6191	999.7119	5.1126	2
144.1	26.6199	999.7183	5.1054	2
144.2	26.6203	999.781	5.1099	2
144.3	26.6206	999.833	5.1161	2
144.4	26.6209	999.8187	5.1128	2
144.5	26.6213	999.8307	5.1072	2
144.6	26.6215	999.8872	5.1104	2
144.7	26.6216	999.9116	5.1069	2
144.8	26.6217	999.8479	5.086	2
144.9	26.6221	999.8663	5.1038	2
145	26.6225	999.8179	5.1144	2
145.1	26.6229	999.8166	5.1272	2
145.2	26.6233	999.7902	5.1381	2
145.3	26.6238	999.7358	5.1207	2
145.4	26.6242	999.8383	5.1104	2
145.5	26.6241	999.9233	5.1151	2
145.6	26.6244	999.8438	5.1114	2
145.7	26.6248	999.7763	5.1035	2
145.8	26.6254	999.7753	5.1022	2
145.9	26.6256	999.8371	5.1164	2
146	26.6259	999.8365	5.1176	2
146.1	26.626	999.8276	5.1034	2
146.2	26.6263	999.8429	5.1034	2
146.3	26.6268	999.7264	5.095	2
146.4	26.6279	999.6211	5.0925	2
146.5	26.6292	999.6089	5.089	2
146.6	26.63	999.7418	5.086	2
146.7	26.6308	999.8264	5.0919	2
146.8	26.6316	999.6789	5.1023	2
146.9	26.6325	999.6953	5.1045	2
147	26.6335	999.6758	5.0933	2
147.1	26.6344	999.6757	5.099	2
147.2	26.635	999.7783	5.1052	2
147.3	26.6355	999.7882	5.1085	2
147.4	26.6357	999.8839	5.0991	2
147.5	26.6359	999.8127	5.1004	2
147.6	26.6362	999.7481	5.1014	2
147.7	26.6367	999.7913	5.0869	2
147.8	26.6374	999.6439	5.0911	2
147.9	26.6389	999.4868	5.1086	2
148	26.6407	999.5702	5.1192	2
148.1	26.6417	999.7755	5.1023	2
148.2	26.6422	999.7959	5.0956	2
148.3	26.643	999.6535	5.1062	2
148.4	26.6442	999.6267	5.1064	2
148.5	26.6454	999.6488	5.0999	2
148.6	26.6464	999.6573	5.1186	2
148.7	26.6475	999.7019	5.1438	2
148.8	26.6482	999.6869	5.1362	2
148.9	26.6489	999.7221	5.1317	2
149	26.6499	999.6599	5.1335	2
149.1	26.6511	999.555	5.1365	2
149.2	26.6525	999.5597	5.1346	2
149.3	26.6537	999.7035	5.1356	2
149.4	26.6546	999.6864	5.1371	2
149.5	26.6557	999.6751	5.1247	2
149.6	26.6567	999.6593	5.1102	2
149.7	26.6575	999.7546	5.1008	2
149.8	26.6582	999.6915	5.1073	2
149.9	26.6589	999.6848	5.1227	2
150	26.6596	999.7431	5.1123	2
150.1	26.6599	999.8846	5.1103	2
150.2	26.6601	999.8623	5.1109	2
150.3	26.6602	999.8055	5.1002	2
150.4	26.6607	999.7604	5.1008	2
150.5	26.6614	999.7956	5.1113	2
150.6	26.662	999.6983	5.1154	2
150.7	26.6626	999.7006	5.11	2
150.8	26.6631	999.7514	5.104	2
150.9	26.6638	999.7817	5.1065	2
151	26.6642	999.7888	5.1034	2
151.1	26.6643	999.9023	5.0949	2
151.2	26.6642	999.804	5.1057	2
151.3	26.6641	999.9337	5.1218	2
151.4	26.6642	999.8445	5.119	2
151.5	26.6641	999.8461	5.11	2
151.6	26.6642	999.9271	5.111	2
151.7	26.6642	999.8537	5.1157	2
151.8	26.6642	999.9054	5.115	2
151.9	26.6643	999.8432	5.1114	2
152	26.6648	999.8004	5.103	2
152.1	26.6653	999.69	5.0946	2
152.2	26.6658	999.7177	5.0975	2
152.3	26.6661	999.8463	5.1078	2
152.4	26.6662	999.8635	5.1096	2
152.5	26.6665	999.8486	5.1047	2
152.6	26.6668	999.7177	5.1048	2
152.7	26.6674	999.7337	5.1043	2
152.8	26.6683	999.6087	5.1019	2
152.9	26.6695	999.5159	5.1091	2
153	26.671	999.5891	5.1124	2
153.1	26.6723	999.6196	5.1084	2
153.2	26.6732	999.7484	5.1064	2
153.3	26.674	999.6423	5.1104	2
153.4	26.6747	999.7169	5.0981	2
153.5	26.6754	999.8146	5.0776	2
153.6	26.6758	999.7216	5.0805	2
153.7	26.6766	999.6656	5.1058	2
153.8	26.6775	999.6804	5.1158	2
153.9	26.6783	999.7337	5.1098	3
154	26.6788	999.8103	5.1145	3
154.1	26.679	999.7597	5.1091	3
154.2	26.6798	999.6432	5.0975	3
154.3	26.6803	999.5946	5.1029	3
154.4	26.6802	998.9979	5.1024	3
154.5	26.6796	998.168	5.0991	3
154.6	26.6787	997.4447	5.1033	3
154.7	26.6776	996.7349	5.1113	3
154.8	26.6762	995.8623	5.1112	3
154.9	26.675	994.9798	5.104	3
155	26.6743	994.0618	5.112	3
155.1	26.6731	993.2892	5.1188	3
155.2	26.6721	992.4338	5.1057	3
155.3	26.6712	991.5282	5.0963	3
155.4	26.6703	990.7988	5.0794	3
155.5	26.669	990.0179	5.0703	3
155.6	26.6669	989.4079	5.0706	3
155.7	26.6648	988.5799	5.0743	3
155.8	26.6629	987.6383	5.0725	3
155.9	26.6616	986.6171	5.0831	3
156	26.6607	985.7815	5.0986	3
156.1	26.6595	984.987	5.102	3
156.2	26.6578	984.2854	5.1028	3
156.3	26.656	983.5226	5.1052	3
156.4	26.6539	982.7104	5.1028	3
156.5	26.652	981.8267	5.1104	3
156.6	26.6501	980.9018	5.1252	3
156.7	26.6483	980.1002	5.1301	3
156.8	26.6467	979.202	5.1284	3
156.9	26.6451	978.3623	5.1244	3
157	26.6438	977.488	5.1222	3
157.1	26.6425	976.6242	5.1126	3
157.2	26.6412	975.8939	5.1143	3
157.3	26.6395	975.1453	5.1083	3
157.4	26.6375	974.4071	5.1007	3
157.5	26.6355	973.4729	5.1154	3
157.6	26.6336	972.6185	5.1221	3
157.7	26.6319	971.7187	5.1171	3
157.8	26.6302	970.8837	5.113	3
157.9	26.6285	970.1763	5.1131	3
158	26.6262	969.3267	5.1161	3
158.1	26.6239	968.6034	5.1082	3
158.2	26.6215	967.733	5.1071	3
158.3	26.6188	966.8961	5.1159	3
158.4	26.6163	966.0317	5.1155	3
158.5	26.614	965.2704	5.1165	3
158.6	26.6116	964.5356	5.1033	3
158.7	26.6086	963.6921	5.1015	3
158.8	26.6055	962.863	5.1058	3
158.9	26.6026	962.0433	5.1105	3
159	26.5997	961.2372	5.109	3
159.1	26.5962	960.4805	5.1027	3
159.2	26.5929	959.5758	5.0977	3
159.3	26.59	958.635	5.1178	3
159.4	26.5871	957.8199	5.116	3
159.5	26.5838	957.1198	5.1146	3
159.6	26.5806	956.2491	5.1271	3
159.7	26.5773	955.4519	5.1246	3
159.8	26.5737	954.6796	5.1169	3
159.9	26.5697	953.8337	5.1058	3
160	26.566	953.0387	5.1025	3
160.1	26.5623	952.2017	5.1226	3
160.2	26.5586	951.4018	5.1431	3
160.3	26.555	950.4549	5.1334	3
160.4	26.5518	949.4886	5.1217	3
160.5	26.5489	948.7067	5.1294	3
160.6	26.5456	947.9336	5.1331	3
160.7	26.5418	947.1881	5.1403	3
160.8	26.5382	946.3458	5.1366	3
160.9	26.5345	945.5546	5.1309	3
161	26.5306	944.6917	5.1279	3
161.1	26.5268	943.8201	5.1175	3
161.2	26.5231	943.0089	5.1223	3
161.3	26.5194	942.1473	5.1266	3
161.4	26.5156	941.3566	5.1262	3
161.5	26.5118	940.4807	5.1109	3
161.6	26.5083	939.6397	5.1157	3
161.7	26.5044	938.924	5.1186	3
161.8	26.5001	938.1264	5.1303	3
161.9	26.4958	937.224	5.1323	3
162	26.4918	936.3633	5.1287	3
162.1	26.4878	935.6089	5.1355	3
162.2	26.4835	934.7672	5.1341	3
162.3	26.4793	933.9415	5.1371	3
162.4	26.4753	933.0818	5.1438	3
162.5	26.4712	932.1717	5.126	3
162.6	26.4673	931.3737	5.1143	3
162.7	26.4638	930.4679	5.1146	3
162.8	26.4605	929.5547	5.1166	3
162.9	26.4571	928.8075	5.1193	3
163	26.4534	927.941	5.1253	3
163.1	26.4499	927.1052	5.1332	3
163.2	26.4467	926.2291	5.1353	3
163.3	26.4434	925.393	5.1289	3
163.4	26.4401	924.6474	5.1344	3
163.5	26.4367	923.6507	5.1321	3
163.6	26.4338	922.7524	5.1362	3
163.7	26.4312	921.9504	5.147	3
163.8	26.4285	921.091	5.1464	3
163.9	26.4263	920.2367	5.1536	3
164	26.4237	919.3823	5.13	3
164.1	26.421	918.5431	5.1073	3
164.2	26.4183	917.7932	5.1109	3
164.3	26.4155	917.0797	5.1161	3
164.4	26.412	916.2626	5.1204	3
164.5	26.4084	915.4947	5.1165	3
164.6	26.4047	914.5059	5.1177	3
164.7	26.4015	913.7747	5.1318	3
164.8	26.3984	913.0012	5.1382	3
164.9	26.3948	912.0935	5.1367	3
165	26.391	911.3296	5.1325	3
165.1	26.3868	910.5781	5.1401	3
165.2	26.3831	909.6786	5.1475	3
165.3	26.3796	908.693	5.1566	3
165.4	26.3764	907.8441	5.1617	3
165.5	26.3732	907.1337	5.1524	3
165.6	26.3695	906.3873	5.1442	3
165.7	26.3655	905.5461	5.1453	3
165.8	26.362	904.5082	5.1442	3
165.9	26.3594	903.5582	5.1401	3
166	26.3569	902.7543	5.1341	3
166.1	26.354	902.0544	5.1259	3
166.2	26.3504	901.3696	5.1201	3
166.3	26.3469	900.4326	5.1098	3
166.4	26.3433	899.6453	5.119	3
166.5	26.3398	898.813	5.1278	3
166.6	26.3362	897.8795	5.1216	3
166.7	26.3328	897.1309	5.1071	3
166.8	26.3293	896.2909	5.1057	3
166.9	26.3254	895.4918	5.1278	3
167	26.322	894.6561	5.138	3
167.1	26.3182	893.6925	5.1265	3
167.2	26.3146	893.0917	5.1161	3
167.3	26.3108	892.1203	5.1172	3
167.4	26.3072	891.3676	5.1139	3
167.5	26.3036	890.5004	5.1143	3
167.6	26.2996	889.718	5.1158	3
167.7	26.2955	889	5.1164	3
167.8	26.2912	888.1012	5.1106	3
167.9	26.2868	887.4022	5.0938	3
168	26.2825	886.4097	5.0903	3
168.1	26.278	885.5614	5.1103	3
168.2	26.2738	884.6851	5.1184	3
168.3	26.2697	883.924	5.1021	3
168.4	26.2652	883.2959	5.0995	3
168.5	26.2601	882.4826	5.0991	3
168.6	26.2551	881.5299	5.0924	3
168.7	26.2507	880.6237	5.0834	3
168.8	26.2461	879.8699	5.0831	3
168.9	26.2411	879.1324	5.0946	3
169	26.2361	878.1577	5.1037	3
169.1	26.2314	877.2938	5.0886	3
169.2	26.2268	876.5951	5.0858	3
169.3	26.2219	875.7628	5.0852	3
169.4	26.2173	874.8011	5.0752	3
169.5	26.213	873.9253	5.0755	3
169.6	26.2088	873.1376	5.0716	3
169.7	26.2045	872.2564	5.0533	3
169.8	26.2006	871.2855	5.0561	3
169.9	26.1973	870.4302	5.074	3
170	26.1937	869.6257	5.0921	3
170.1	26.1896	868.8896	5.0927	3
170.2	26.1856	868.0344	5.0904	3
170.3	26.1814	867.3118	5.0875	3
170.4	26.1774	866.39	5.08	3
170.5	26.1734	865.5221	5.0778	3
170.6	26.1694	864.7703	5.0871	3
170.7	26.1656	863.8899	5.098	3
170.8	26.1616	863.0454	5.0978	3
170.9	26.1577	862.1611	5.1	3
171	26.1538	861.2674	5.0907	3
171.1	26.1499	860.5076	5.0885	3
171.2	26.1465	859.5367	5.1004	3
171.3	26.1433	858.729	5.0985	3
171.4	26.14	857.8887	5.0902	3
171.5	26.1365	857.0803	5.1002	3
171.6	26.133	856.2138	5.0953	3
171.7	26.1297	855.3702	5.083	3
171.8	26.1267	854.4685	5.0874	3
171.9	26.1234	853.6816	5.1016	3
172	26.1199	852.9563	5.099	3
172.1	26.1165	852.1496	5.087	3
172.2	26.1131	851.2893	5.0858	3
172.3	26.1093	850.5071	5.0909	3
172.4	26.1056	849.6637	5.0989	3
172.5	26.1022	848.6519	5.0966	3
172.6	26.0993	847.8093	5.1057	3
172.7	26.0964	847.0236	5.103	3
172.8	26.0931	846.2007	5.1056	3
172.9	26.0896	845.4159	5.107	3
173	26.086	844.6715	5.0995	3
173.1	26.0821	843.7464	5.1044	3
173.2	26.0786	842.9543	5.1095	3
173.3	26.0755	841.9869	5.0972	3
173.4	26.0722	841.2321	5.0858	3
173.5	26.0689	840.3842	5.0897	3
173.6	26.0655	839.6076	5.0999	3
173.7	26.0623	838.7531	5.1054	3
173.8	26.0588	837.9053	5.1174	3
173.9	26.0552	837.1036	5.1221	3
174	26.0515	836.3308	5.1182	3
174.1	26.0478	835.5458	5.1088	3
174.2	26.044	834.7299	5.0987	3
174.3	26.0396	833.8844	5.1129	3
174.4	26.0355	833.0595	5.1129	3
174.5	26.0314	832.2523	5.1104	3
174.6	26.0274	831.42	5.1088	3
174.7	26.0232	830.5727	5.1147	3
174.8	26.0192	829.7608	5.1263	3
174.9	26.0152	828.8338	5.1291	3
175	26.0115	827.8922	5.1325	3
175.1	26.008	827.1179	5.1313	3
175.2	26.0043	826.3195	5.1387	3
175.3	26.0001	825.6469	5.1246	3
175.4	25.9954	824.8516	5.1064	3
175.5	25.9904	823.9987	5.098	3
175.6	25.9859	823.0921	5.0842	3
175.7	25.9817	822.2295	5.092	3
175.8	25.9777	821.4758	5.0966	3
175.9	25.9736	820.5532	5.0978	3
176	25.9693	819.7546	5.0988	3
176.1	25.9651	818.9977	5.0983	3
176.2	25.9604	818.1785	5.0972	3
176.3	25.9561	817.3497	5.1077	3
176.4	25.9515	816.4368	5.1128	3
176.5	25.947	815.6301	5.1013	3
176.6	25.9424	814.9348	5.1164	3
176.7	25.9372	814.0681	5.1193	3
176.8	25.9323	813.1758	5.109	3
176.9	25.9281	812.2225	5.1121	3
177	25.9242	811.3544	5.1197	3
177.1	25.9206	810.4353	5.109	3
177.2	25.9171	809.5818	5.1014	3
177.3	25.9137	808.8367	5.1047	3
177.4	25.9097	808.0123	5.0972	3
177.5	25.9054	807.2993	5.103	3
177.6	25.9013	806.3899	5.1088	3
177.7	25.897	805.6483	5.1064	3
177.8	25.8927	804.7832	5.1056	3
177.9	25.8882	803.8552	5.0976	3
178	25.8841	803.0633	5.0988	3
178.1	25.8804	802.1306	5.1055	3
178.2	25.8767	801.3673	5.096	3
178.3	25.8724	800.6158	5.0952	3
178.4	25.8678	799.8727	5.0918	3
178.5	25.863	798.9341	5.0869	3
178.6	25.8584	798.1873	5.0914	3
178.7	25.8539	797.3138	5.0937	3
178.8	25.8491	796.5454	5.0758	3
178.9	25.8444	795.6647	5.0696	3
179	25.8397	794.8675	5.0743	3
179.1	25.835	794.0622	5.0709	3
179.2	25.8302	793.2125	5.0915	3
179.3	25.8253	792.373	5.0912	3
179.4	25.8206	791.5557	5.0893	3
179.5	25.8157	790.6884	5.077	3
179.6	25.8111	789.8341	5.0757	3
179.7	25.8065	788.9995	5.0642	3
179.8	25.8016	788.2564	5.0496	3
179.9	25.7965	787.5334	5.0661	3
180	25.7911	786.6831	5.0839	3
180.1	25.7857	785.7698	5.0752	3
180.2	25.7804	785.0353	5.0803	3
180.3	25.7751	784.1954	5.0842	3
180.4	25.7697	783.3175	5.0767	3
180.5	25.7646	782.4153	5.0773	3
180.6	25.7598	781.53	5.0774	3
180.7	25.755	780.6715	5.0903	3
180.8	25.7503	779.8557	5.0885	3
180.9	25.7454	779.0951	5.0914	3
181	25.7404	778.3511	5.0889	3
181.1	25.735	777.4071	5.0855	3
181.2	25.7297	776.6321	5.0927	3
181.3	25.7246	775.7924	5.0972	3
181.4	25.7197	774.7452	5.1027	3
181.5	25.715	774.0713	5.0974	3
181.6	25.7101	773.2656	5.0838	3
181.7	25.7048	772.4882	5.0829	3
181.8	25.6996	771.6982	5.0774	3
181.9	25.6942	770.792	5.0775	3
182	25.689	769.9923	5.0743	3
182.1	25.6841	769.0238	5.0744	3
182.2	25.6796	768.0234	5.0769	3
182.3	25.6752	767.2797	5.0724	3
182.4	25.6711	766.4126	5.0663	3
182.5	25.6667	765.6034	5.0814	3
182.6	25.6622	764.8502	5.0763	3
182.7	25.658	763.8456	5.0715	3
182.8	25.654	763.0525	5.0734	3
182.9	25.6501	762.2052	5.0851	3
183	25.6459	761.3334	5.0918	3
183.1	25.6421	760.52	5.0827	3
183.2	25.6384	759.6745	5.0704	3
183.3	25.6343	758.8366	5.0676	3
183.4	25.6302	758.126	5.0682	3
183.5	25.6257	757.2678	5.0785	3
183.6	25.6212	756.574	5.0854	3
183.7	25.6163	755.7432	5.0922	3
183.8	25.6107	754.967	5.0884	3
183.9	25.6055	754.2435	5.0917	3
184	25.6002	753.1545	5.0968	3
184.1	25.5953	752.4666	5.0852	3
184.2	25.5908	751.4904	5.0725	3
184.3	25.5858	750.5841	5.0797	3
184.4	25.5816	749.8309	5.0811	3
184.5	25.5779	748.6656	5.0808	3
184.6	25.5747	747.9565	5.0865	3
184.7	25.5718	747.04	5.0834	3
184.8	25.568	746.2261	5.0746	3
184.9	25.5643	745.6159	5.0672	3
185	25.5605	744.5351	5.0744	3
185.1	25.5568	743.7373	5.0795	3
185.2	25.5537	742.9729	5.0682	3
185.3	25.5495	742.1622	5.0589	3
185.4	25.5451	741.5041	5.0647	3
185.5	25.5413	740.4597	5.0615	3
185.6	25.5374	739.6612	5.0579	3
185.7	25.5331	739.0871	5.0616	3
185.8	25.5283	738.0541	5.0654	3
185.9	25.5232	737.407	5.0586	3
186	25.5192	736.4371	5.072	3
186.1	25.5149	735.4892	5.0679	3
186.2	25.5106	734.9473	5.0629	3
186.3	25.5063	733.8172	5.0659	3
186.4	25.5016	733.1645	5.0772	3
186.5	25.4975	732.3269	5.0794	3
186.6	25.4932	731.2468	5.0777	3
186.7	25.489	730.7898	5.0791	3
186.8	25.4844	729.7868	5.0674	3
186.9	25.4791	729.0135	5.0526	3
187	25.4746	728.2763	5.0434	3
187.1	25.4701	727.2264	5.0567	3
187.2	25.4654	726.6504	5.069	3
187.3	25.4609	725.6381	5.0693	3
187.4	25.4562	724.6668	5.0658	3
187.5	25.4521	724.062	5.0672	3
187.6	25.4477	723.07	5.0732	3
187.7	25.4429	722.4163	5.0796	3
187.8	25.4388	721.3934	5.0811	3
187.9	25.4347	720.4891	5.0851	3
188	25.4305	719.9418	5.0762	3
188.1	25.4256	718.9537	5.083	3
188.2	25.4204	718.2453	5.0974	3
188.3	25.416	717.3669	5.0923	3
188.4	25.4112	716.4445	5.0742	3
188.5	25.4066	715.8241	5.0639	3
188.6	25.402	714.7141	5.0813	3
188.7	25.3974	714.0053	5.0903	3
188.8	25.3928	713.254	5.0991	3
188.9	25.3879	712.3612	5.103	3
189	25.3832	711.5511	5.0925	3
189.1	25.3786	710.6182	5.0941	3
189.2	25.3737	709.9577	5.0757	3
189.3	25.3688	709.1959	5.0774	3
189.4	25.3635	708.2128	5.077	3
189.5	25.3583	707.3782	5.0713	3
189.6	25.3535	706.5515	5.0836	3
189.7	25.3482	705.8319	5.0956	3
189.8	25.3432	704.9485	5.0919	3
189.9	25.338	704.0945	5.0875	3
190	25.3328	703.3672	5.0899	3
190.1	25.3274	702.477	5.0796	3
190.2	25.322	701.6082	5.0759	3
190.3	25.3171	700.79	5.0789	3
190.4	25.3121	699.8571	5.0746	3
190.5	25.3072	699.0423	5.0668	3
190.6	25.3027	698.1576	5.0448	3
190.7	25.2982	697.3335	5.0468	3
190.8	25.2936	696.5115	5.057	3
190.9	25.2888	695.693	5.0604	3
191	25.2838	694.9257	5.0643	3
191.1	25.2787	694.1596	5.0787	3
191.2	25.2733	693.3077	5.0672	3
191.3	25.2679	692.5075	5.0577	3
191.4	25.2624	691.6406	5.0624	3
191.5	25.2572	690.76	5.0672	3
191.6	25.2524	689.8318	5.069	3
191.7	25.2477	689.0042	5.0627	3
191.8	25.2427	688.2983	5.0565	3
191.9	25.2375	687.453	5.0589	3
192	25.2321	686.6411	5.0541	3
192.1	25.2269	685.8224	5.0452	3
192.2	25.2216	684.9852	5.042	3
192.3	25.2164	684.1997	5.0419	3
192.4	25.2113	683.228	5.0551	3
192.5	25.2064	682.3429	5.0559	3
192.6	25.2013	681.6561	5.0506	3
192.7	25.1961	680.7264	5.0568	3
192.8	25.191	679.8579	5.0541	3
192.9	25.1865	678.9615	5.0503	3
193	25.1822	678.0695	5.0591	3
193.1	25.1778	677.3176	5.0592	3
193.2	25.1731	676.61	5.0465	3
193.3	25.1678	675.7406	5.0439	3
193.4	25.1626	675.0179	5.0434	3
193.5	25.1577	674.0333	5.0301	3
193.6	25.1526	673.1559	5.0341	3
193.7	25.1478	672.452	5.0486	3
193.8	25.1425	671.5934	5.0445	3
193.9	25.1376	670.7301	5.0427	3
194	25.1326	669.8863	5.0516	3
194.1	25.1273	669.2189	5.0557	3
194.2	25.1222	668.2966	5.0649	3
194.3	25.117	667.36	5.0646	3
194.4	25.1118	666.7264	5.057	3
194.5	25.1061	665.8884	5.0646	3
194.6	25.1001	665.1733	5.066	3
194.7	25.0944	664.2763	5.058	3
194.8	25.0885	663.4496	5.0629	3
194.9	25.0824	662.6967	5.0727	3
195	25.0763	661.7206	5.0621	3
195.1	25.0706	660.8454	5.0582	3
195.2	25.0651	660.1015	5.0669	3
195.3	25.0595	659.181	5.0723	3
195.4	25.0539	658.446	5.0673	3
195.5	25.0481	657.5156	5.0718	3
195.6	25.0423	656.7553	5.0919	3
195.7	25.0364	655.9929	5.0882	3
195.8	25.0305	655.0392	5.0798	3
195.9	25.0248	654.2644	5.0884	3
196	25.0189	653.4637	5.0859	3
196.1	25.013	652.5636	5.0804	3
196.2	25.0071	651.8066	5.0736	3
196.3	25.0011	650.9681	5.0751	3
196.4	24.9953	650.08	5.0899	3
196.5	24.9895	649.2522	5.0943	3
196.6	24.9838	648.3641	5.0836	3
196.7	24.9779	647.5297	5.0808	3
196.8	24.9721	646.7555	5.0972	3
196.9	24.9663	645.8759	5.0817	3
197	24.9606	645.0738	5.0738	3
197.1	24.9549	644.2767	5.0815	3
197.2	24.949	643.4395	5.0761	3
197.3	24.9433	642.5067	5.0788	3
197.4	24.9378	641.6208	5.089	3
197.5	24.9326	640.8041	5.0871	3
197.6	24.9274	639.9761	5.0856	3
197.7	24.9221	639.0548	5.0911	3
197.8	24.9171	638.225	5.0888	3
197.9	24.9124	637.2834	5.0949	3
198	24.908	636.5286	5.0841	3
198.1	24.9034	635.6305	5.0727	3
198.2	24.8986	634.7887	5.0734	3
198.3	24.8942	633.9481	5.0749	3
198.4	24.8895	633.2092	5.0661	3
198.5	24.8847	632.3985	5.0571	3
198.6	24.8798	631.4667	5.0559	3
198.7	24.875	630.7344	5.0624	3
198.8	24.8702	629.9428	5.0566	3
198.9	24.8654	628.9848	5.0553	3
199	24.8606	628.1243	5.0556	3
199.1	24.8558	627.3651	5.0696	3
199.2	24.8512	626.4999	5.0747	3
199.3	24.8462	625.7409	5.0747	3
199.4	24.8414	624.8393	5.0687	3
199.5	24.8371	623.8924	5.0675	3
199.6	24.8328	623.0504	5.0697	3
199.7	24.8284	622.2588	5.0682	3
199.8	24.8239	621.4665	5.0728	3
199.9	24.8196	620.6004	5.0738	3
200	24.8155	619.667	5.0724	3
200.1	24.8121	618.7671	5.0714	3
200.2	24.8086	617.8428	5.0686	3
200.3	24.8056	616.9797	5.0885	3
200.4	24.8025	616.232	5.0961	3
200.5	24.7992	615.3646	5.1012	3
200.6	24.796	614.5091	5.101	3
200.7	24.7926	613.7569	5.1035	3
200.8	24.7888	612.9944	5.1062	3
200.9	24.7846	612.2494	5.0937	3
201	24.78	611.4878	5.0789	3
201.1	24.775	610.8406	5.0887	3
201.2	24.77	609.9328	5.1044	3
201.3	24.765	609.018	5.1074	3
201.4	24.7603	608.2002	5.1002	3
201.5	24.7556	607.2954	5.0982	3
201.6	24.7511	606.4679	5.0868	3
201.7	24.7466	605.6874	5.0807	3
201.8	24.7419	604.8346	5.0968	3
201.9	24.7372	604.0846	5.1028	3
202	24.7322	603.2272	5.0917	3
202.1	24.7268	602.5015	5.0835	3
202.2	24.7213	601.734	5.0884	3
202.3	24.7155	600.9828	5.0926	3
202.4	24.7095	600.0861	5.1087	3
202.5	24.7036	599.2409	5.1103	3
202.6	24.6976	598.3918	5.0911	3
202.7	24.6921	597.4451	5.0881	3
202.8	24.687	596.5699	5.0941	3
202.9	24.682	595.8136	5.0918	3
203	24.6767	594.9823	5.0924	3
203.1	24.6712	594.2337	5.0906	3
203.2	24.6659	593.3468	5.0906	3
203.3	24.6601	592.5976	5.0927	3
203.4	24.6545	591.7538	5.0874	3
203.5	24.6489	590.8363	5.0929	3
203.6	24.6433	590.0679	5.1049	3
203.7	24.6377	589.1102	5.1031	3
203.8	24.6319	588.433	5.1059	3
203.9	24.6263	587.5456	5.1055	3
204	24.6204	586.7025	5.091	3
204.1	24.6146	585.9797	5.0962	3
204.2	24.6084	585.1133	5.1073	3
204.3	24.6024	584.3414	5.0984	3
204.4	24.5966	583.4663	5.0964	3
204.5	24.5906	582.5931	5.1007	3
204.6	24.5846	581.7819	5.0866	3
204.7	24.5789	580.7822	5.0956	3
204.8	24.5736	580.0013	5.1106	3
204.9	24.568	579.1672	5.105	3
205	24.5625	578.4239	5.1014	3
205.1	24.557	577.4625	5.078	3
205.2	24.5513	576.7109	5.0574	3
205.3	24.5459	575.884	5.07	3
205.4	24.5403	575.0876	5.0788	3
205.5	24.5345	574.2673	5.0735	3
205.6	24.5286	573.3591	5.0859	3
205.7	24.5229	572.5894	5.0877	3
205.8	24.5176	571.6932	5.072	3
205.9	24.5124	570.6906	5.0784	3
206	24.5076	569.8888	5.086	3
206.1	24.5029	568.943	5.0799	3
206.2	24.4981	568.1245	5.0776	3
206.3	24.4936	567.3046	5.0771	3
206.4	24.4888	566.491	5.0867	3
206.5	24.4839	565.6885	5.083	3
206.6	24.479	564.9755	5.0781	3
206.7	24.4738	564.2143	5.086	3
206.8	24.4683	563.3669	5.0802	3
206.9	24.4627	562.5726	5.0722	3
207	24.4567	561.8405	5.0783	3
207.1	24.4506	561.0468	5.0958	3
207.2	24.444	560.1998	5.0863	3
207.3	24.4376	559.4404	5.0837	3
207.4	24.4313	558.4602	5.083	3
207.5	24.4254	557.6015	5.0931	3
207.6	24.4196	556.7188	5.0999	3
207.7	24.4139	555.8594	5.1022	3
207.8	24.4089	554.8918	5.1127	3
207.9	24.4043	553.9168	5.0969	3
208	24.3999	553.11	5.094	3
208.1	24.3953	552.3746	5.0998	3
208.2	24.3901	551.6017	5.0855	3
208.3	24.3851	550.7105	5.0728	3
208.4	24.3801	549.8585	5.0817	3
208.5	24.3751	549.0786	5.0798	3
208.6	24.3703	548.2528	5.0896	3
208.7	24.3653	547.396	5.0916	3
208.8	24.3607	546.5572	5.0835	3
208.9	24.3557	545.7123	5.0862	3
209	24.3504	544.9728	5.0849	3
209.1	24.3449	544.1605	5.0802	3
209.2	24.3397	543.2837	5.073	3
209.3	24.3347	542.4357	5.08	3
209.4	24.3294	541.6456	5.0996	3
209.5	24.3241	540.8273	5.0968	3
209.6	24.3185	540.0462	5.0877	3
209.7	24.313	539.2339	5.0854	3
209.8	24.3076	538.355	5.0926	3
209.9	24.3024	537.4224	5.0944	3
210	24.2972	536.5909	5.094	3
210.1	24.2916	535.8341	5.0917	3
210.2	24.2863	535.0216	5.0963	3
210.3	24.2808	534.186	5.0972	3
210.4	24.2752	533.3871	5.081	3
210.5	24.2695	532.4924	5.0673	3
210.6	24.2637	531.7318	5.0779	3
210.7	24.2581	530.9382	5.0776	3
210.8	24.252	530.0569	5.0729	3
210.9	24.246	529.3672	5.0757	3
211	24.24	528.4593	5.0764	3
211.1	24.2338	527.6664	5.078	3
211.2	24.2278	526.764	5.0715	3
211.3	24.222	525.8478	5.0701	3
211.4	24.2168	524.9811	5.0804	3
211.5	24.2117	524.0552	5.0724	3
211.6	24.2064	523.3191	5.0766	3
211.7	24.2008	522.6207	5.0782	3
211.8	24.1948	521.7516	5.0623	3
211.9	24.1888	520.9323	5.0667	3
212	24.1827	520.0675	5.074	3
212.1	24.1771	519.2028	5.0799	3
212.2	24.1715	518.4059	5.0702	3
212.3	24.1657	517.6497	5.0845	3
212.4	24.1597	516.7436	5.0927	3
212.5	24.1536	515.9604	5.0851	3
212.6	24.1477	515.1534	5.0893	3
212.7	24.1417	514.2968	5.0926	3
212.8	24.1354	513.543	5.0912	3
212.9	24.1292	512.6793	5.0967	3
213	24.1231	511.7775	5.1	3
213.1	24.1171	511.0118	5.107	3
213.2	24.1107	510.1173	5.1053	3
213.3	24.1041	509.424	5.0862	3
213.4	24.0978	508.5055	5.0774	3
213.5	24.0916	507.7034	5.0855	3
213.6	24.0854	506.8333	5.0897	3
213.7	24.0788	506.0288	5.0888	3
213.8	24.0728	505.0609	5.0801	3
213.9	24.0671	504.1067	5.0813	3
214	24.0618	503.3835	5.0802	3
214.1	24.0562	502.533	5.0781	3
214.2	24.0508	501.6178	5.092	3
214.3	24.0456	500.7832	5.1028	3
214.4	24.0402	499.9772	5.1089	3
214.5	24.0348	499.0923	5.1177	3
214.6	24.0295	498.328	5.1195	3
214.7	24.0243	497.4548	5.1021	3
214.8	24.0192	496.6561	5.0971	3
214.9	24.0139	495.8176	5.0974	3
215	24.0087	494.8986	5.0935	3
215.1	24.0037	494.136	5.096	3
215.2	23.9983	493.3584	5.0897	3
215.3	23.9926	492.5198	5.0896	3
215.4	23.9871	491.5958	5.0866	3
215.5	23.9818	490.8062	5.0725	3
215.6	23.9761	490.0785	5.083	3
215.7	23.9703	489.2217	5.0913	3
215.8	23.9645	488.3544	5.0802	3
215.9	23.9588	487.5422	5.0723	3
216	23.953	486.7901	5.0683	3
216.1	23.9476	485.8593	5.0704	3
216.2	23.9422	484.9757	5.0747	3
216.3	23.9367	484.1531	5.079	3
216.4	23.9309	483.448	5.082	3
216.5	23.9249	482.6178	5.0933	3
216.6	23.9189	481.7731	5.0978	3
216.7	23.9131	480.9427	5.1028	3
216.8	23.907	480.086	5.1128	3
216.9	23.901	479.2309	5.1131	3
217	23.8951	478.4516	5.1106	3
217.1	23.8892	477.585	5.1006	3
217.2	23.8832	476.7761	5.0811	3
217.3	23.8771	475.9989	5.0708	3
217.4	23.8711	475.1421	5.0675	3
217.5	23.8653	474.2522	5.0727	3
217.6	23.8593	473.5057	5.0683	3
217.7	23.8532	472.665	5.0776	3
217.8	23.8469	471.7717	5.0896	3
217.9	23.8407	471.0089	5.0939	3
218	23.8346	470.1732	5.0946	3
218.1	23.8281	469.3755	5.0856	3
218.2	23.8218	468.5188	5.0828	3
218.3	23.8157	467.5882	5.0827	3
218.4	23.8096	466.8551	5.0865	3
218.5	23.8036	465.9379	5.0881	3
218.6	23.7975	465.1703	5.0795	3
218.7	23.7915	464.2879	5.0741	3
218.8	23.7853	463.4761	5.0759	3
218.9	23.779	462.6836	5.0749	3
219	23.7727	461.8301	5.0722	3
219.1	23.7665	460.9481	5.0751	3
219.2	23.7604	460.1745	5.0825	3
219.3	23.754	459.2566	5.0888	3
219.4	23.7477	458.496	5.0897	3
219.5	23.7419	457.5707	5.0909	3
219.6	23.736	456.7117	5.0895	3
219.7	23.7306	455.8781	5.0835	3
219.8	23.7247	455.0272	5.0917	3
219.9	23.7185	454.3572	5.0974	3
220	23.7125	453.3594	5.0797	3
220.1	23.7066	452.5666	5.0721	3
220.2	23.7006	451.8605	5.0639	3
220.3	23.6944	451.0158	5.0476	3
220.4	23.6883	450.1841	5.0503	3
220.5	23.6823	449.1993	5.0589	3
220.6	23.6765	448.4779	5.0623	3
220.7	23.6702	447.6221	5.0733	3
220.8	23.664	446.8127	5.0607	3
220.9	23.6579	446.0217	5.0607	3
221	23.6515	445.2317	5.0677	3
221.1	23.6451	444.3476	5.0598	3
221.2	23.639	443.3962	5.0545	3
221.3	23.633	442.6199	5.0648	3
221.4	23.6269	441.8195	5.0686	3
221.5	23.6204	441.0153	5.0669	3
221.6	23.6142	440.1812	5.0649	3
221.7	23.6078	439.3277	5.0755	3
221.8	23.6014	438.5148	5.0736	3
221.9	23.5949	437.6962	5.0627	3
222	23.5884	436.8268	5.06	3
222.1	23.5825	435.9774	5.0641	3
222.2	23.5764	435.1737	5.0612	3
222.3	23.5699	434.3963	5.0641	3
222.4	23.5633	433.5307	5.0757	3
222.5	23.5568	432.7451	5.0779	3
222.6	23.5503	431.9212	5.0729	3
222.7	23.5438	431.0424	5.0784	3
222.8	23.5373	430.1817	5.0811	3
222.9	23.5312	429.3253	5.0769	3
223	23.5248	428.5428	5.0766	3
223.1	23.5185	427.7157	5.074	3
223.2	23.5121	426.9259	5.0755	3
223.3	23.5054	426.0694	5.0811	3
223.4	23.4987	425.3007	5.0791	3
223.5	23.4922	424.4567	5.0858	3
223.6	23.4856	423.4947	5.0885	3
223.7	23.4793	422.5941	5.098	3
223.8	23.4732	421.8277	5.093	3
223.9	23.4673	421.0354	5.0895	3
224	23.4611	420.1481	5.0883	3
224.1	23.4544	419.3419	5.0859	3
224.2	23.4479	418.5419	5.0772	3
224.3	23.4415	417.7362	5.0696	3
224.4	23.4348	416.9471	5.0572	3
224.5	23.4279	416.0726	5.0586	3
224.6	23.4213	415.1854	5.065	3
224.7	23.4149	414.3874	5.064	3
224.8	23.4085	413.461	5.0657	3
224.9	23.4022	412.7554	5.0743	3
225	23.3957	411.8632	5.0749	3
225.1	23.389	411.0249	5.0773	3
225.2	23.3825	410.1941	5.0717	3
225.3	23.3759	409.4505	5.0761	3
225.4	23.3692	408.6496	5.0784	3
225.5	23.3625	407.7497	5.0832	3
225.6	23.3558	406.9124	5.0843	3
225.7	23.349	406.1097	5.0813	3
225.8	23.3421	405.3549	5.0856	3
225.9	23.335	404.4419	5.0842	3
226	23.328	403.5695	5.0833	3
226.1	23.3211	402.8665	5.0742	3
226.2	23.3142	401.9711	5.0568	3
226.3	23.3073	401.0804	5.0505	3
226.4	23.3007	400.2231	5.057	3
226.5	23.294	399.4503	5.0541	3
226.6	23.287	398.6776	5.0618	3
226.7	23.2801	397.7685	5.0776	3
226.8	23.2731	397.0371	5.0943	3
226.9	23.2661	396.1358	5.0889	3
227	23.2591	395.2892	5.0735	3
227.1	23.2524	394.4426	5.0685	3
227.2	23.2456	393.5602	5.0722	3
227.3	23.239	392.829	5.068	3
227.4	23.2322	392.0217	5.0618	3
227.5	23.2249	391.1337	5.0575	3
227.6	23.2177	390.3262	5.0436	3
227.7	23.2104	389.5593	5.0544	3
227.8	23.2031	388.7553	5.0668	3
227.9	23.1959	387.8677	5.0692	3
228	23.1888	387.047	5.0714	3
228.1	23.1814	386.2545	5.0717	3
228.2	23.1739	385.368	5.0585	3
228.3	23.1665	384.5547	5.0561	3
228.4	23.1592	383.7127	5.0691	3
228.5	23.1518	382.9082	5.0674	3
228.6	23.1442	382.0664	5.0593	3
228.7	23.1369	381.2373	5.0744	3
228.8	23.1295	380.3726	5.0696	3
228.9	23.1221	379.5846	5.062	3
229	23.1146	378.7687	5.0776	3
229.1	23.107	377.8929	5.0899	3
229.2	23.0997	377.1477	5.0874	3
229.3	23.0921	376.3002	5.0755	3
229.4	23.0843	375.4426	5.0713	3
229.5	23.0766	374.5939	5.0715	3
229.6	23.0691	373.8099	5.0755	3
229.7	23.0617	372.9657	5.0746	3
229.8	23.0538	372.1095	5.0733	3
229.9	23.0464	371.1735	5.0897	3
230	23.0392	370.2378	5.0973	3
230.1	23.0328	369.2765	5.0772	3
230.2	23.0266	368.4437	5.0663	3
230.3	23.0205	367.6448	5.0646	3
230.4	23.0145	366.7656	5.0687	3
230.5	23.0083	365.9451	5.082	3
230.6	23.0016	365.229	5.0878	3
230.7	22.9951	364.385	5.0848	3
230.8	22.9885	363.5974	5.0835	3
230.9	22.9816	362.7535	5.072	3
231	22.9744	362.0118	5.058	3
231.1	22.9674	361.2023	5.0665	3
231.2	22.9604	360.2564	5.0701	3
231.3	22.9536	359.4661	5.043	3
231.4	22.9468	358.6932	5.037	3
231.5	22.9396	357.7732	5.0564	3
231.6	22.9328	356.9189	5.0542	3
231.7	22.9258	356.2013	5.0518	3
231.8	22.9186	355.3955	5.0508	3
231.9	22.9113	354.4864	5.0435	3
232	22.9043	353.6475	5.0493	3
232.1	22.8973	352.7452	5.0471	3
232.2	22.8903	351.9752	5.0395	3
232.3	22.8834	351.1392	5.0422	3
232.4	22.8763	350.349	5.0452	3
232.5	22.8691	349.5553	5.0605	3
232.6	22.8616	348.7737	5.0674	3
232.7	22.854	347.9699	5.0703	3
232.8	22.8461	347.0538	5.07	3
232.9	22.8389	346.2449	5.0669	3
233	22.8316	345.3929	5.0592	3
233.1	22.8239	344.6632	5.0527	3
233.2	22.8161	343.7126	5.0607	3
233.3	22.8087	342.8913	5.067	3
233.4	22.8012	342.0577	5.0556	3
233.5	22.7936	341.3501	5.0483	3
233.6	22.786	340.4085	5.0585	3
233.7	22.7783	339.577	5.067	3
233.8	22.7708	338.7656	5.057	3
233.9	22.7632	337.9474	5.0599	3
234	22.7556	337.101	5.0767	3
234.1	22.7482	336.2081	5.0904	3
234.2	22.7407	335.4631	5.0833	3
234.3	22.7331	334.5547	5.0613	3
234.4	22.7256	333.7781	5.0479	3
234.5	22.718	332.8946	5.0504	3
234.6	22.7106	331.9871	5.0647	3
234.7	22.7035	331.1816	5.0611	3
234.8	22.6962	330.3958	5.0619	3
234.9	22.6886	329.6533	5.0468	3
235	22.6808	328.8492	5.047	3
235.1	22.6729	327.9697	5.0643	3
235.2	22.6652	327.1113	5.0629	3
235.3	22.6575	326.2537	5.0659	3
235.4	22.6498	325.4709	5.0755	3
235.5	22.6421	324.6414	5.0682	3
235.6	22.6343	323.7664	5.0611	3
235.7	22.6266	322.9399	5.0627	3
235.8	22.6188	322.1265	5.0619	3
235.9	22.6111	321.2572	5.0624	3
236	22.6035	320.5421	5.0698	3
236.1	22.5959	319.4823	5.0836	3
236.2	22.5887	318.6031	5.0822	3
236.3	22.5823	317.5884	5.0832	3
236.4	22.5762	316.7217	5.079	3
236.5	22.5701	316.0078	5.0619	3
236.6	22.5636	315.1557	5.0698	3
236.7	22.5568	314.3987	5.0802	3
236.8	22.55	313.6118	5.0798	3
236.9	22.543	312.8155	5.077	3
237	22.5362	311.8515	5.0875	3
237.1	22.53	310.9644	5.094	3
237.2	22.524	310.1165	5.0798	3
237.3	22.5178	309.3704	5.0833	3
237.4	22.5113	308.4821	5.0889	3
237.5	22.5049	307.7046	5.0893	3
237.6	22.4983	306.8945	5.0786	3
237.7	22.4915	306.0974	5.0876	3
237.8	22.4851	305.1059	5.0958	3
237.9	22.4788	304.3704	5.1006	3
238	22.4719	303.5973	5.1011	3
238.1	22.4645	302.8306	5.1	3
238.2	22.4574	301.8906	5.0891	3
238.3	22.4507	301.1154	5.0858	3
238.4	22.4437	300.4146	5.093	3
238.5	22.4363	299.5682	5.106	3
238.6	22.4288	298.7188	5.112	3
238.7	22.4213	297.8999	5.1112	3
238.8	22.4135	297.2719	5.1115	3
238.9	22.4054	296.4524	5.0994	3
239	22.3973	295.4846	5.0949	3
239.1	22.3897	294.5536	5.0908	3
239.2	22.3823	293.7859	5.083	3
239.3	22.3745	292.9891	5.0822	3
239.4	22.3667	292.1586	5.0892	3
239.5	22.3591	291.2506	5.0831	3
239.6	22.3515	290.3779	5.0793	3
239.7	22.3442	289.5966	5.0903	3
239.8	22.3368	288.7009	5.0816	3
239.9	22.3294	287.8258	5.078	3
240	22.3224	287.009	5.0792	3
240.1	22.3152	286.1606	5.088	3
240.2	22.3076	285.4264	5.0897	3
240.3	22.2999	284.6529	5.0866	3
240.4	22.2922	283.7495	5.091	3
240.5	22.2849	282.8828	5.0959	3
240.6	22.2772	282.1327	5.1031	3
240.7	22.2693	281.311	5.112	3
240.8	22.2618	280.3346	5.1096	3
240.9	22.2547	279.4614	5.0988	3
241	22.2481	278.5312	5.1068	3
241.1	22.2413	277.7354	5.1133	3
241.2	22.2345	276.8512	5.1132	3
241.3	22.2279	276.0695	5.1019	3
241.4	22.2208	275.3773	5.0939	3
241.5	22.2132	274.6215	5.1037	3
241.6	22.2057	273.6666	5.1095	3
241.7	22.1994	272.5876	5.1062	3
241.8	22.193	271.9216	5.112	3
241.9	22.1855	271.3647	5.1144	3
242	22.1777	270.413	5.1133	3
242.1	22.1707	269.4223	5.1176	3
242.2	22.1641	268.5577	5.121	3
242.3	22.1572	267.7222	5.1238	3
242.4	22.1505	266.8737	5.1279	3
242.5	22.1442	266.0029	5.1195	3
242.6	22.1377	265.2467	5.1055	3
242.7	22.131	264.4015	5.1151	3
242.8	22.1242	263.58	5.1303	3
242.9	22.1174	262.7814	5.1291	3
243	22.1105	262.0107	5.1244	3
243.1	22.1031	261.1956	5.114	3
243.2	22.0958	260.3049	5.1221	3
243.3	22.0887	259.5305	5.1268	3
243.4	22.0816	258.6359	5.1201	3
243.5	22.0751	257.7249	5.1106	3
243.6	22.0686	256.8661	5.11	3
243.7	22.0621	256.0504	5.1126	3
243.8	22.0553	255.2088	5.1135	3
243.9	22.0485	254.4519	5.1108	3
244	22.0418	253.5767	5.1019	3
244.1	22.0349	252.8028	5.104	3
244.2	22.028	251.9714	5.1117	3
244.3	22.021	251.1175	5.0971	3
244.4	22.014	250.3515	5.0924	3
244.5	22.0068	249.5003	5.0991	3
244.6	21.9996	248.6874	5.0959	3
244.7	21.9925	247.7826	5.097	3
244.8	21.9856	246.9678	5.0966	3
244.9	21.9787	246.068	5.1049	3
245	21.9717	245.2542	5.1148	3
245.1	21.9643	244.4954	5.103	3
245.2	21.9567	243.7814	5.0918	3
245.3	21.9491	242.9536	5.0862	3
245.4	21.9416	242.0478	5.0746	3
245.5	21.9342	241.2285	5.0677	3
245.6	21.927	240.3797	5.0738	3
245.7	21.9199	239.5421	5.075	3
245.8	21.9124	238.7842	5.0799	3
245.9	21.9049	237.9174	5.0954	3
246	21.8972	237.1119	5.1014	3
246.1	21.8896	236.236	5.0988	3
246.2	21.8822	235.2772	5.0976	3
246.3	21.8748	234.5435	5.0921	3
246.4	21.8675	233.7409	5.0934	3
246.5	21.86	232.9492	5.0923	3
246.6	21.8524	232.1325	5.0921	3
246.7	21.8446	231.2973	5.0861	3
246.8	21.8369	230.471	5.0948	3
246.9	21.8291	229.6269	5.1137	3
247	21.8211	228.8769	5.1141	3
247.1	21.8131	227.9227	5.106	3
247.2	21.8054	227.0649	5.109	3
247.3	21.798	226.2347	5.1049	3
247.4	21.7904	225.424	5.1024	3
247.5	21.783	224.5838	5.1066	3
247.6	21.7755	223.6597	5.0952	3
247.7	21.7683	222.8885	5.0747	3
247.8	21.7607	222.1099	5.0647	3
247.9	21.7531	221.2804	5.0698	3
248	21.7453	220.4427	5.0724	3
248.1	21.7377	219.5808	5.0804	3
248.2	21.7298	218.7979	5.0904	3
248.3	21.7218	217.9671	5.0917	3
248.4	21.7137	217.1588	5.0912	3
248.5	21.7058	216.288	5.0862	3
248.6	21.6978	215.5317	5.0895	3
248.7	21.6899	214.7102	5.0809	3
248.8	21.682	213.8108	5.0756	3
248.9	21.6742	212.9844	5.0907	3
249	21.6661	212.2276	5.0888	3
249.1	21.6577	211.4321	5.0876	3
249.2	21.6495	210.5824	5.0969	3
249.3	21.6413	209.7422	5.1029	3
249.4	21.633	208.8321	5.0983	3
249.5	21.6249	207.9573	5.0965	3
249.6	21.6171	207.1711	5.0975	3
249.7	21.6096	206.2992	5.0907	3
249.8	21.6016	205.5316	5.0823	3
249.9	21.5936	204.5958	5.0738	3
250	21.5861	203.6683	5.0711	3
250.1	21.5789	202.8707	5.0734	3
250.2	21.5716	202.0457	5.0732	3
250.3	21.5642	201.1783	5.0726	3
250.4	21.5573	200.2725	5.0693	3
250.5	21.5503	199.4299	5.0515	3
250.6	21.543	198.7556	5.0704	3
250.7	21.5352	197.8865	5.0889	3
250.8	21.5275	197.0917	5.0857	3
250.9	21.5197	196.3771	5.0722	3
251	21.5116	195.5352	5.0716	3
251.1	21.5036	194.7118	5.0755	3
251.2	21.4955	193.7864	5.0659	3
251.3	21.4876	193.064	5.081	3
251.4	21.4795	192.1707	5.0913	3
251.5	21.4715	191.4085	5.0871	3
251.6	21.4634	190.5816	5.0859	3
251.7	21.4547	189.7967	5.0884	3
251.8	21.4462	189.0392	5.0828	3
251.9	21.4376	188.1483	5.0782	3
252	21.429	187.301	5.084	3
252.1	21.4203	186.5239	5.0956	3
252.2	21.4112	185.7847	5.1028	3
252.3	21.4023	184.9358	5.1012	3
252.4	21.3933	183.9979	5.0957	3
252.5	21.3843	183.1267	5.0844	3
252.6	21.3754	182.3736	5.0828	3
252.7	21.3663	181.5935	5.0815	3
252.8	21.3572	180.779	5.0884	3
252.9	21.3482	179.9048	5.0818	3
253	21.3392	179.0915	5.0793	3
253.1	21.3299	178.2493	5.082	3
253.2	21.3207	177.405	5.0882	3
253.3	21.3114	176.5761	5.0792	3
253.4	21.3023	175.7232	5.0704	3
253.5	21.2933	174.9057	5.088	3
253.6	21.2843	174.0675	5.0909	3
253.7	21.2751	173.2841	5.0877	3
253.8	21.2658	172.4049	5.0868	3
253.9	21.2566	171.5615	5.085	3
254	21.2474	170.7436	5.0945	3
254.1	21.2382	169.9023	5.0856	3
254.2	21.229	169.0126	5.0861	3
254.3	21.2198	168.2292	5.0946	3
254.4	21.2104	167.5604	5.0932	3
254.5	21.2007	166.741	5.0859	3
254.6	21.1908	165.8318	5.0782	3
254.7	21.1812	164.8987	5.0788	3
254.8	21.1719	164.0912	5.0805	3
254.9	21.1626	163.3434	5.0823	3
255	21.1527	162.5319	5.0902	3
255.1	21.1429	161.6881	5.0982	3
255.2	21.1332	160.8826	5.1049	3
255.3	21.1235	160.0155	5.1043	3
255.4	21.1137	159.1246	5.0933	3
255.5	21.1043	158.2576	5.0889	3
255.6	21.095	157.5024	5.1054	3
255.7	21.0852	156.7314	5.1141	3
255.8	21.0752	155.8361	5.1044	3
255.9	21.0653	154.9929	5.094	3
256	21.0555	154.2561	5.087	3
256.1	21.0456	153.4217	5.0899	3
256.2	21.0357	152.5221	5.096	3
256.3	21.0263	151.6368	5.1023	3
256.4	21.0165	150.8933	5.0884	3
256.5	21.0063	150.0437	5.0753	3
256.6	20.9963	149.1709	5.0876	3
256.7	20.9868	148.2943	5.0867	3
256.8	20.9771	147.5661	5.0922	3
256.9	20.9671	146.7963	5.0915	3
257	20.9568	145.8952	5.0794	3
257.1	20.9469	144.9859	5.0808	3
257.2	20.9373	144.1328	5.0939	3
257.3	20.928	143.1716	5.0966	3
257.4	20.9193	142.2683	5.1054	3
257.5	20.9107	141.418	5.0996	3
257.6	20.9018	140.7284	5.1115	3
257.7	20.8924	139.9948	5.1023	3
257.8	20.8827	139.1431	5.0961	3
257.9	20.8733	138.2049	5.11	3
258	20.8639	137.4066	5.1135	3
258.1	20.8546	136.5921	5.1005	3
258.2	20.8453	135.7724	5.0888	3
258.3	20.8357	134.9427	5.095	3
258.4	20.826	134.158	5.0989	3
258.5	20.8163	133.381	5.0891	3
258.6	20.8067	132.5509	5.1011	3
258.7	20.797	131.7161	5.1218	3
258.8	20.7873	130.9121	5.1381	3
258.9	20.7774	130.0559	5.1382	3
259	20.7672	129.2387	5.131	3
259.1	20.7569	128.4728	5.1314	3
259.2	20.7465	127.6727	5.1388	3
259.3	20.7362	126.7928	5.1274	3
259.4	20.726	125.9194	5.1085	3
259.5	20.7154	125.1229	5.1065	3
259.6	20.705	124.3439	5.1001	3
259.7	20.6946	123.4814	5.0897	3
259.8	20.684	122.5956	5.0887	3
259.9	20.6737	121.7891	5.0933	3
260	20.6633	121.0118	5.1013	3
260.1	20.653	120.152	5.1124	3
260.2	20.6428	119.3074	5.117	3
260.3	20.6325	118.4802	5.1205	3
260.4	20.6221	117.6619	5.1096	3
260.5	20.6115	116.7495	5.1162	3
260.6	20.6011	115.9494	5.1297	3
260.7	20.5906	115.175	5.1376	3
260.8	20.58	114.4184	5.1287	3
260.9	20.5695	113.5223	5.1188	3
261	20.5591	112.6001	5.1217	3
261.1	20.5486	111.8324	5.1235	3
261.2	20.5379	111.0011	5.1201	3
261.3	20.5273	110.1579	5.1239	3
261.4	20.5169	109.3332	5.1299	3
261.5	20.5064	108.5147	5.1245	3
261.6	20.4956	107.8025	5.1204	3
261.7	20.4849	106.9633	5.1201	3
261.8	20.4744	106.0441	5.1084	3
261.9	20.4641	105.2323	5.1071	3
262	20.4537	104.389	5.1086	3
262.1	20.4431	103.5577	5.1193	3
262.2	20.4324	102.6606	5.116	3
262.3	20.4216	101.9299	5.1095	3
262.4	20.4107	101.0808	5.1113	3
262.5	20.3998	100.1837	5.1115	3
262.6	20.3891	99.3979	5.1062	3
262.7	20.3781	98.5409	5.0983	3
262.8	20.3674	97.6703	5.1041	3
262.9	20.3569	96.8339	5.1159	3
263	20.3461	96.1087	5.1101	3
263.1	20.335	95.2634	5.1062	3
263.2	20.3243	94.3327	5.1047	3
263.3	20.3138	93.4942	5.1031	3
263.4	20.3031	92.7121	5.0985	3
263.5	20.2921	91.8775	5.1064	3
263.6	20.281	91.1401	5.114	3
263.7	20.27	90.3177	5.1103	3
263.8	20.2586	89.5772	5.1222	3
263.9	20.247	88.6888	5.1283	3
264	20.2354	87.8796	5.1088	3
264.1	20.2236	87.1453	5.0981	3
264.2	20.2112	86.3201	5.1031	3
264.3	20.199	85.4983	5.1149	3
264.4	20.1869	84.6557	5.1075	3
264.5	20.1749	83.7729	5.0972	3
264.6	20.1627	83.0085	5.0942	3
264.7	20.1504	82.2879	5.1063	3
264.8	20.1378	81.5185	5.1007	3
264.9	20.1248	80.7183	5.0966	3
265	20.1115	79.9737	5.093	3
265.1	20.098	79.1657	5.0855	3
265.2	20.0842	78.3332	5.0761	3
265.3	20.0701	77.546	5.0832	3
265.4	20.0557	76.8396	5.0995	3
265.5	20.0413	75.9538	5.096	3
265.6	20.0269	75.1747	5.0983	3
265.7	20.0123	74.4689	5.106	3
265.8	19.9971	73.6272	5.0932	3
265.9	19.9819	72.807	5.0986	3
266	19.9666	71.9816	5.1092	3
266.1	19.9512	71.19	5.1044	3
266.2	19.9356	70.3888	5.0957	3
266.3	19.9201	69.5428	5.1008	3
266.4	19.9044	68.7414	5.1131	3
266.5	19.8884	67.9381	5.1068	3
266.6	19.8725	67.0537	5.1002	3
266.7	19.8568	66.2195	5.0999	3
266.8	19.8408	65.4383	5.0965	3
266.9	19.8243	64.7558	5.0792	3
267	19.8074	63.9715	5.0765	3
267.1	19.7904	63.1215	5.0837	3
267.2	19.7738	62.2329	5.0716	3
267.3	19.7571	61.433	5.0665	3
267.4	19.74	60.6386	5.0656	3
267.5	19.7228	59.7411	5.0664	3
267.6	19.7059	58.9647	5.0693	3
267.7	19.6888	58.2138	5.0752	3
267.8	19.6714	57.3964	5.0824	3
267.9	19.6539	56.6078	5.0941	3
268	19.6362	55.8322	5.1076	3
268.1	19.618	55.0815	5.1078	3
268.2	19.5995	54.2771	5.0951	3
268.3	19.5806	53.4792	5.0777	3
268.4	19.5617	52.668	5.0742	3
268.5	19.5428	51.8536	5.0657	3
268.6	19.5237	51.0886	5.056	3
268.7	19.5043	50.2464	5.0517	3
268.8	19.4853	49.3808	5.0644	3
268.9	19.4663	48.5347	5.0773	3
269	19.4471	47.7645	5.0782	3
269.1	19.4279	46.9265	5.0752	3
269.2	19.4085	46.098	5.0894	3
269.3	19.3891	45.2672	5.098	3
269.4	19.3696	44.4825	5.0955	3
269.5	19.3496	43.6738	5.0877	3
269.6	19.3297	42.889	5.0882	3
269.7	19.3096	42.0355	5.1094	3
269.8	19.2896	41.1951	5.1078	3
269.9	19.2695	40.3544	5.0966	3
270	19.2493	39.5644	5.1022	3
270.1	19.229	38.7257	5.1038	3
270.2	19.2086	37.8849	5.0934	3
270.3	19.1883	37.0676	5.0854	3
270.4	19.1678	36.278	5.0886	3
270.5	19.1472	35.4838	5.1009	3
270.6	19.1265	34.6437	5.0831	3
270.7	19.1059	33.7961	5.0685	3
270.8	19.0852	32.9336	5.0936	3
270.9	19.0646	32.1826	5.1142	3
271	19.0436	31.378	5.0981	3
271.1	19.0223	30.6901	5.0852	3
271.2	19.0005	29.8865	5.086	3
271.3	18.9783	29.0975	5.0868	3
271.4	18.9558	28.3491	5.0843	3
271.5	18.9335	27.4284	5.0804	3
271.6	18.9112	26.601	5.072	3
271.7	18.889	25.7881	5.0673	3
271.8	18.8668	24.9471	5.0607	3
271.9	18.8444	24.1383	5.0629	3
272	18.8219	23.2905	5.0657	3
272.1	18.7998	22.4512	5.0774	3
272.2	18.7772	21.6851	5.0875	3
272.3	18.7544	20.8895	5.0915	3
272.4	18.7311	20.0733	5.0916	3
272.5	18.7077	19.2653	5.081	3
272.6	18.6846	18.5004	5.0789	3
272.7	18.6611	17.7454	5.0789	3
272.8	18.6373	16.9824	5.0788	3
272.9	18.6132	16.1494	5.0725	3
273	18.589	15.3428	5.0758	3
273.1	18.5644	14.5902	5.0861	3
273.2	18.5394	13.8456	5.0916	3
273.3	18.5144	13.0363	5.0927	3
273.4	18.4889	12.2086	5.0749	3
273.5	18.4628	11.4858	5.0643	3
273.6	18.4368	10.7201	5.0605	3
273.7	18.4106	9.8404	5.0688	3
273.8	18.3845	9.0124	5.084	3
273.9	18.3584	8.2414	5.0975	4
274	18.3318	7.4937	5.105	4
274.1	18.305	6.7887	5.0994	4
274.2	18.2787	5.8151	5.0892	4
274.3	18.1985	-9.1694	5.0828	4
274.4	17.9282	-44.4691	5.0868	4
274.5	17.5154	-62.9378	5.0943	4
274.6	17.0637	-64.44	5.0877	4
274.7	16.5976	-61.7266	5.0857	4
274.8	16.123	-57.742	5.0811	4
274.9	15.6425	-52.4467	5.0745	4
275	15.158	-46.2833	5.0647	4
275.1	14.671	-40.6911	5.065	4
275.2	14.1821	-36.0504	5.0676	4
275.3	13.6916	-31.8452	5.0608	4
275.4	13.2001	-28.3118	5.0775	4
275.5	12.7072	-24.9382	5.0743	4
275.6	12.2139	-22.9685	5.0545	4
275.7	11.7201	-22.4638	5.0523	4
275.8	11.225	-22.1473	5.0803	4
275.9	10.728	-21.6985	5.0895	4
276	10.2304	-21.3182	5.0796	4
276.1	9.7321	-20.8501	5.0849	4
276.2	9.2327	-20.3386	5.0927	4
276.3	8.7327	-19.7286	5.0773	4
276.4	8.2322	-19.1618	5.0658	4
276.5	7.731	-18.5791	5.0774	4
276.6	7.2288	-18.1785	5.0919	4
276.7	6.7257	-17.3389	5.0952	4
276.8	6.2225	-16.61	5.0915	4
276.9	5.7201	-16.6196	5.094	4
277	5.218	-16.863	5.0934	4
277.1	4.7158	-17.1304	5.1032	4
277.2	4.2117	-17.2655	5.101	4
277.3	3.735	-17.1711	5.0951	4
277.4	3.4002	-16.7086	5.0932	4
277.5	3.1954	-16.1588	5.0841	4
277.6	3.02	-15.9429	5.0721	4
277.7	2.8516	-15.9191	5.062	4
277.8	2.6873	-15.8679	5.0677	4
277.9	2.5258	-15.8976	5.0638	4
278	2.3662	-15.8854	5.0582	4
278.1	2.2079	-15.9292	5.0572	4
278.2	2.0502	-15.918	5.0469	4
278.3	1.8931	-15.8451	5.0417	4
278.4	1.7363	-15.7656	5.0528	4
278.5	1.58	-15.7808	5.0655	4
278.6	1.4242	-15.8026	5.0634	4
278.7	1.2682	-15.8496	5.0645	4
278.8	1.1126	-15.9382	5.0715	4
