Indentation

 + Advanced

+ Advanced
   Acquisition rate :	10.0 [Hz]
   Linear loading
   Max load :	1000.00 	µN
   Loading rate :	500.00 	µN/min
   Unloading rate :	500.00 	µN/min
   Pause :	30.0 s

+ TTX - UNHT Bio S/N: 1000136751 settings
   Fn contact : 25 µN
   Approach distance : 20 µm
   Approach speed : 100 µm/min
   Retract speed : 200 µm/min
   Retract time : 5 sec
   Dz sensor in large range
   Load in fine range
   FnRef in fine range
   FnRef contactload :500.000 µN
   Stiffness threshold : 1 µN/µm

   X Position :9671.84 µm
   Y Position :38593.87 µm
   Z Position :8232.42 µm

Date :6/9/2026
Time :4:24:59 PM

Analysis n # 1

   Method :	Hertz

 + Parameters

  Load Fit [10%,98%]

 + Main results

   EHz=	679.52 	kPa

 + Hypothesis


 + Additional results

   ErHz=	746.73 kPa
   h offset=	4.31 µm
   R2=	0.99

Analysis n # 2

   Method :	Oliver & Pharr

 + Parameters

  Unload Fit [40%,98%]

 + Main results

   HIT=	23.529 	kPa
   EIT=	861.75 	kPa
   E*=	946.97 	kPa

 + Hypothesis

   !!! Indenter not calibrated !!!
   m out of O&P hypothesis
   Poisson's ratio(nu)=	0.30 

 + Additional results

   HVIT=	0.0023984 	 Vickers
   CIT 0.001/120/30=	2.65 	%
   nIT=	69.92 %
   Fmax=	998.14 	µN
   hmax=	16.99 	µm
   S=	220.0833 	µN/µm
   F/S²=	0.0206 	µm²/µN
   hc=	13.69 	µm
   hr=	12.45 	µm
   hp=	-62.55 	µm
   m=	17.5379 
   Epsilon=	0.73 
   R2=	1.001
   Ap=	42421.94 	µm²
   Welast=	3608.87 pJ
   Wplast=	1552.56 pJ
   Wtotal=	5161.43 pJ
   Er=	946.97 	kPa

Measured values
Time (s)	Pd (µm)	Fn (µN)	FnRef (µN)	SegmentID

0	0	0	5.1333	0
0.1	0.1791	0.582	5.1475	1
0.2	0.3579	1.236	5.1468	1
0.3	0.5309	1.9351	5.1358	1
0.4	0.6561	2.3444	5.1239	1
0.5	0.7206	2.3894	5.1305	1
0.6	0.7696	2.7056	5.133	1
0.7	0.817	2.9159	5.1303	1
0.8	0.8643	3.0875	5.1348	1
0.9	0.9124	3.3111	5.1376	1
1	0.9618	3.515	5.1421	1
1.1	1.0126	3.8746	5.1447	1
1.2	1.0654	4.1154	5.1395	1
1.3	1.1201	4.4492	5.13	1
1.4	1.1769	4.7446	5.1201	1
1.5	1.2356	5.1586	5.1147	1
1.6	1.2963	5.4737	5.1221	1
1.7	1.3592	5.8837	5.134	1
1.8	1.4239	6.2964	5.1369	1
1.9	1.4911	6.7968	5.1223	1
2	1.5601	7.2921	5.1269	1
2.1	1.6305	7.811	5.1306	1
2.2	1.7027	8.395	5.141	1
2.3	1.7765	8.8872	5.1535	1
2.4	1.8517	9.5142	5.147	1
2.5	1.9282	10.1621	5.143	1
2.6	2.0063	10.7407	5.1557	1
2.7	2.0853	11.5076	5.1608	1
2.8	2.1653	12.0904	5.1402	1
2.9	2.2463	12.8356	5.136	1
3	2.3277	13.7083	5.1273	1
3.1	2.4092	14.4657	5.1292	1
3.2	2.4911	15.3485	5.1432	1
3.3	2.5736	16.2157	5.1217	1
3.4	2.6556	17.2224	5.114	1
3.5	2.737	18.176	5.1317	1
3.6	2.8183	19.0809	5.1292	1
3.7	2.8985	20.1582	5.1146	1
3.8	2.9778	21.1787	5.1102	1
3.9	3.0564	22.2007	5.1189	1
4	3.1338	23.2776	5.1202	1
4.1	3.2096	24.4188	5.1212	1
4.2	3.2842	25.5018	5.1234	1
4.3	3.3572	26.6924	5.1242	1
4.4	3.4289	27.7788	5.1339	1
4.5	3.4988	28.9889	5.1467	1
4.6	3.5668	30.1866	5.1482	1
4.7	3.6329	31.3476	5.1404	1
4.8	3.6972	32.4967	5.1314	1
4.9	3.7598	33.7376	5.1267	1
5	3.8201	34.9511	5.1239	1
5.1	3.8787	36.0445	5.1227	1
5.2	3.9353	37.2294	5.1388	1
5.3	3.9902	38.4039	5.1411	1
5.4	4.0433	39.4623	5.1359	1
5.5	4.0949	40.5495	5.1389	1
5.6	4.1451	41.622	5.1385	1
5.7	4.1941	42.7123	5.126	1
5.8	4.242	43.7041	5.1212	1
5.9	4.2883	44.765	5.1162	1
6	4.3332	45.7911	5.1264	1
6.1	4.3769	46.7909	5.1457	1
6.2	4.42	47.8415	5.1401	1
6.3	4.462	48.7958	5.1407	1
6.4	4.5029	49.7887	5.1328	1
6.5	4.5427	50.754	5.1231	1
6.6	4.582	51.6343	5.1287	1
6.7	4.6203	52.6567	5.1295	1
6.8	4.6575	53.633	5.1281	1
6.9	4.6944	54.5459	5.1292	1
7	4.7311	55.4003	5.1324	1
7.1	4.7669	56.4135	5.1297	1
7.2	4.8016	57.3625	5.1186	1
7.3	4.8358	58.255	5.1239	1
7.4	4.8697	59.1929	5.1344	1
7.5	4.9033	59.9393	5.1233	1
7.6	4.9365	60.961	5.1185	1
7.7	4.969	61.7916	5.1233	1
7.8	5.0016	62.6671	5.131	1
7.9	5.0332	63.657	5.1415	1
8	5.0647	64.4337	5.1299	1
8.1	5.0957	65.4087	5.1137	1
8.2	5.1261	66.2688	5.1011	1
8.3	5.1562	67.2273	5.1049	1
8.4	5.1858	68.1626	5.1254	1
8.5	5.2151	68.9544	5.1265	1
8.6	5.2437	69.9603	5.1172	1
8.7	5.272	70.7479	5.11	1
8.8	5.3005	71.6381	5.1227	1
8.9	5.3286	72.52	5.1223	1
9	5.3565	73.3224	5.1329	1
9.1	5.3842	74.1937	5.1304	1
9.2	5.4115	75.0639	5.1213	1
9.3	5.4389	75.9075	5.1152	1
9.4	5.4661	76.8151	5.1207	1
9.5	5.4934	77.5463	5.1267	1
9.6	5.5207	78.408	5.1306	1
9.7	5.5474	79.3249	5.1411	1
9.8	5.5739	80.1941	5.1455	1
9.9	5.6003	81.0274	5.1395	1
10	5.6264	81.9347	5.1382	1
10.1	5.6521	82.8132	5.1279	1
10.2	5.6776	83.7285	5.1261	1
10.3	5.7026	84.5901	5.1342	1
10.4	5.7281	85.3626	5.1319	1
10.5	5.7531	86.3514	5.1325	1
10.6	5.7774	87.1279	5.1386	1
10.7	5.802	87.9671	5.1274	1
10.8	5.8265	88.8804	5.1217	1
10.9	5.8508	89.7001	5.1121	1
11	5.8749	90.5534	5.1127	1
11.1	5.8986	91.4052	5.1182	1
11.2	5.9226	92.208	5.1202	1
11.3	5.9463	93.1394	5.1173	1
11.4	5.97	93.9509	5.1216	1
11.5	5.9937	94.7891	5.1386	1
11.6	6.0166	95.7627	5.1342	1
11.7	6.0393	96.6612	5.1325	1
11.8	6.0618	97.4878	5.1377	1
11.9	6.0846	98.1985	5.1416	1
12	6.1074	99.0898	5.1429	1
12.1	6.1299	100.0141	5.1358	1
12.2	6.1525	100.7972	5.139	1
12.3	6.1753	101.5154	5.1373	1
12.4	6.1982	102.1614	5.1399	1
12.5	6.222	102.698	5.1456	1
12.6	6.2468	103.5616	5.1545	1
12.7	6.2715	104.4711	5.1579	1
12.8	6.2959	105.3256	5.1575	1
12.9	6.3204	106.1647	5.1558	1
13	6.3447	107.0842	5.1585	1
13.1	6.3692	107.9196	5.1569	1
13.2	6.393	108.8282	5.1563	1
13.3	6.417	109.6676	5.1637	1
13.4	6.4405	110.6083	5.1676	1
13.5	6.4639	111.4399	5.1489	1
13.6	6.4871	112.2774	5.137	1
13.7	6.5107	113.0613	5.1476	1
13.8	6.5338	113.9887	5.1502	1
13.9	6.5565	114.9221	5.1597	1
14	6.5789	115.7547	5.153	1
14.1	6.6013	116.5663	5.1333	1
14.2	6.6238	117.4045	5.1438	1
14.3	6.6465	118.216	5.1494	1
14.4	6.669	119.1275	5.1484	1
14.5	6.6912	119.9824	5.1508	1
14.6	6.7133	120.8836	5.1368	1
14.7	6.7354	121.5794	5.1226	1
14.8	6.7575	122.4689	5.1335	1
14.9	6.7791	123.4443	5.1394	1
15	6.8005	124.2526	5.1255	1
15.1	6.8224	125.0391	5.119	1
15.2	6.8441	125.8959	5.1233	1
15.3	6.8657	126.7726	5.1192	1
15.4	6.8869	127.6764	5.1215	1
15.5	6.9079	128.4927	5.1204	1
15.6	6.9288	129.3314	5.1251	1
15.7	6.9498	130.2252	5.1302	1
15.8	6.9709	130.9716	5.1253	1
15.9	6.9919	131.8914	5.1185	1
16	7.0127	132.6279	5.1049	1
16.1	7.0338	133.4318	5.1036	1
16.2	7.0549	134.2526	5.1053	1
16.3	7.0759	135.0959	5.1044	1
16.4	7.097	135.9066	5.0979	1
16.5	7.1183	136.7832	5.0923	1
16.6	7.1396	137.5351	5.0925	1
16.7	7.1612	138.3609	5.1072	1
16.8	7.1825	139.2844	5.1292	1
16.9	7.2034	140.0838	5.1303	1
17	7.2244	140.9295	5.1208	1
17.1	7.2454	141.7974	5.1134	1
17.2	7.2663	142.7079	5.126	1
17.3	7.2869	143.6294	5.1355	1
17.4	7.3074	144.3691	5.134	1
17.5	7.3276	145.2922	5.1349	1
17.6	7.3477	146.0736	5.1341	1
17.7	7.3679	146.9322	5.1468	1
17.8	7.3881	147.8454	5.1543	1
17.9	7.4081	148.6042	5.1444	1
18	7.428	149.5101	5.1326	1
18.1	7.4478	150.3675	5.1092	1
18.2	7.4676	151.2709	5.1092	1
18.3	7.4871	152.1513	5.1224	1
18.4	7.5062	152.9702	5.1074	1
18.5	7.5253	153.8194	5.0964	1
18.6	7.5441	154.6762	5.1026	1
18.7	7.5629	155.6033	5.1099	1
18.8	7.5815	156.449	5.1138	1
18.9	7.6	157.204	5.1226	1
19	7.6189	158.0403	5.1213	1
19.1	7.6377	158.852	5.1069	1
19.2	7.6566	159.6369	5.1058	1
19.3	7.6757	160.4756	5.1071	1
19.4	7.6949	161.2686	5.0995	1
19.5	7.7142	162.107	5.0891	1
19.6	7.7328	163.0052	5.0768	1
19.7	7.751	163.9082	5.0935	1
19.8	7.7694	164.7996	5.1003	1
19.9	7.7878	165.6272	5.105	1
20	7.8058	166.5559	5.1134	1
20.1	7.8237	167.3087	5.1119	1
20.2	7.8416	168.1116	5.0988	1
20.3	7.86	168.8989	5.0984	1
20.4	7.8782	169.8109	5.1127	1
20.5	7.8963	170.6659	5.1229	1
20.6	7.9142	171.4579	5.1061	1
20.7	7.9321	172.3425	5.0916	1
20.8	7.9499	173.1981	5.1023	1
20.9	7.9678	174.0432	5.1135	1
21	7.9857	174.8015	5.1108	1
21.1	8.0035	175.6849	5.1142	1
21.2	8.0214	176.475	5.1232	1
21.3	8.0392	177.2362	5.1137	1
21.4	8.0576	178.0203	5.1119	1
21.5	8.0761	178.8364	5.1218	1
21.6	8.0944	179.7046	5.133	1
21.7	8.1127	180.5684	5.1191	1
21.8	8.1308	181.4161	5.1114	1
21.9	8.1488	182.2674	5.1194	1
22	8.1667	183.0615	5.11	1
22.1	8.1847	183.9435	5.0993	1
22.2	8.2029	184.7885	5.1062	1
22.3	8.2213	185.6344	5.1135	1
22.4	8.2394	186.4533	5.1132	1
22.5	8.2573	187.3122	5.1185	1
22.6	8.2753	188.1133	5.1256	1
22.7	8.293	189.0098	5.1147	1
22.8	8.3106	189.8527	5.1017	1
22.9	8.3281	190.6712	5.11	1
23	8.3458	191.4654	5.1011	1
23.1	8.3637	192.2666	5.087	1
23.2	8.3815	193.1046	5.0957	1
23.3	8.3994	193.9914	5.1054	1
23.4	8.4171	194.9027	5.0964	1
23.5	8.4344	195.7608	5.0937	1
23.6	8.4517	196.5859	5.1083	1
23.7	8.4689	197.4983	5.1102	1
23.8	8.4858	198.3503	5.1096	1
23.9	8.5027	199.1858	5.1201	1
24	8.5195	199.9934	5.1249	1
24.1	8.5365	200.7462	5.1189	1
24.2	8.5537	201.6414	5.1083	1
24.3	8.5707	202.445	5.1097	1
24.4	8.5876	203.2493	5.1076	1
24.5	8.6049	204.0513	5.1024	1
24.6	8.6221	204.9647	5.1056	1
24.7	8.6392	205.7721	5.1064	1
24.8	8.6563	206.5664	5.0891	1
24.9	8.6736	207.4016	5.0971	1
25	8.6907	208.2054	5.1044	1
25.1	8.708	209.0666	5.1051	1
25.2	8.7253	209.9373	5.1142	1
25.3	8.7422	210.84	5.1178	1
25.4	8.7588	211.6676	5.1051	1
25.5	8.7755	212.4881	5.1014	1
25.6	8.7922	213.3504	5.1155	1
25.7	8.809	214.1797	5.1239	1
25.8	8.8257	214.9641	5.1207	1
25.9	8.8426	215.7499	5.1134	1
26	8.8598	216.5984	5.1179	1
26.1	8.8765	217.4894	5.117	1
26.2	8.893	218.3555	5.1158	1
26.3	8.9097	219.1586	5.1187	1
26.4	8.9264	220.0412	5.115	1
26.5	8.9424	221.0187	5.1104	1
26.6	8.9584	221.8277	5.1025	1
26.7	8.9745	222.5763	5.0882	1
26.8	8.9908	223.3602	5.0886	1
26.9	9.0072	224.2918	5.0891	1
27	9.0234	225.1102	5.0868	1
27.1	9.0396	225.8621	5.0896	1
27.2	9.056	226.754	5.1141	1
27.3	9.0722	227.6402	5.1179	1
27.4	9.0879	228.5051	5.1171	1
27.5	9.1037	229.2385	5.1108	1
27.6	9.1199	230.1393	5.0899	1
27.7	9.1356	231.0356	5.092	1
27.8	9.1512	231.8962	5.1013	1
27.9	9.1666	232.7807	5.1026	1
28	9.1818	233.5556	5.0933	1
28.1	9.1974	234.3208	5.093	1
28.2	9.213	235.1332	5.0939	1
28.3	9.2286	236.0282	5.0879	1
28.4	9.2439	236.9868	5.0766	1
28.5	9.2587	237.8485	5.0814	1
28.6	9.2736	238.6348	5.106	1
28.7	9.2886	239.4994	5.1113	1
28.8	9.3034	240.3429	5.1021	1
28.9	9.318	241.1725	5.1067	1
29	9.3326	242.0703	5.1091	1
29.1	9.3471	242.9126	5.1129	1
29.2	9.3616	243.7259	5.1102	1
29.3	9.376	244.6067	5.1087	1
29.4	9.3898	245.5037	5.118	1
29.5	9.4036	246.3107	5.115	1
29.6	9.4177	247.1286	5.1007	1
29.7	9.4317	248.0003	5.1037	1
29.8	9.4455	248.9026	5.1172	1
29.9	9.4591	249.7326	5.1079	1
30	9.4729	250.5571	5.1047	1
30.1	9.4863	251.4129	5.1102	1
30.2	9.4998	252.2605	5.1152	1
30.3	9.5134	253.0639	5.1209	1
30.4	9.5268	253.9019	5.1161	1
30.5	9.5402	254.7044	5.1165	1
30.6	9.5537	255.5729	5.126	1
30.7	9.567	256.4089	5.137	1
30.8	9.5802	257.2399	5.1398	1
30.9	9.5935	258.0426	5.1317	1
31	9.607	258.9037	5.1282	1
31.1	9.6202	259.7531	5.1269	1
31.2	9.6334	260.566	5.135	1
31.3	9.6467	261.4195	5.1397	1
31.4	9.6599	262.2003	5.1294	1
31.5	9.6731	263.1328	5.1302	1
31.6	9.6861	263.9716	5.1335	1
31.7	9.699	264.8036	5.1302	1
31.8	9.712	265.7117	5.1307	1
31.9	9.7244	266.6224	5.1154	1
32	9.7362	267.448	5.106	1
32.1	9.7482	268.3391	5.1117	1
32.2	9.76	269.1816	5.1054	1
32.3	9.7718	270.0751	5.1052	1
32.4	9.7833	270.89	5.1065	1
32.5	9.7949	271.6015	5.1113	1
32.6	9.8071	272.4074	5.1306	1
32.7	9.8193	273.209	5.1274	1
32.8	9.8316	274.075	5.122	1
32.9	9.8438	274.8865	5.0991	1
33	9.8561	275.6963	5.1095	1
33.1	9.8683	276.5675	5.111	1
33.2	9.8803	277.4696	5.1104	1
33.3	9.8921	278.2833	5.1125	1
33.4	9.9042	279.0506	5.1095	1
33.5	9.9165	279.8527	5.1058	1
33.6	9.9289	280.7081	5.1039	1
33.7	9.9411	281.5562	5.0947	1
33.8	9.9533	282.3841	5.0885	1
33.9	9.9656	283.2725	5.1028	1
34	9.9774	284.118	5.1025	1
34.1	9.989	285.0421	5.1034	1
34.2	10.0004	285.9374	5.0994	1
34.3	10.0117	286.7766	5.1073	1
34.4	10.0227	287.621	5.1004	1
34.5	10.0339	288.4081	5.0959	1
34.6	10.0452	289.1944	5.0985	1
34.7	10.0568	289.923	5.1086	1
34.8	10.0692	290.6098	5.1055	1
34.9	10.0817	291.4387	5.1234	1
35	10.0946	292.2129	5.124	1
35.1	10.1078	292.9241	5.1021	1
35.2	10.121	293.8435	5.1039	1
35.3	10.1341	294.6859	5.1139	1
35.4	10.147	295.4966	5.1194	1
35.5	10.1601	296.3722	5.12	1
35.6	10.1731	297.155	5.1123	1
35.7	10.1864	298.0252	5.105	1
35.8	10.1997	298.8841	5.107	1
35.9	10.2126	299.7149	5.1216	1
36	10.2251	300.5637	5.1311	1
36.1	10.2379	301.3896	5.1309	1
36.2	10.2508	302.2454	5.1234	1
36.3	10.2633	303.1345	5.1184	1
36.4	10.2756	304.0133	5.1122	1
36.5	10.288	304.9004	5.105	1
36.6	10.3001	305.7227	5.1161	1
36.7	10.3125	306.5065	5.1108	1
36.8	10.3246	307.4013	5.0973	1
36.9	10.3369	308.1486	5.1077	1
37	10.3495	308.9376	5.1111	1
37.1	10.362	309.8136	5.0944	1
37.2	10.3745	310.6474	5.1055	1
37.3	10.3869	311.4812	5.1086	1
37.4	10.3995	312.3031	5.103	1
37.5	10.4123	313.0987	5.1009	1
37.6	10.425	313.9602	5.1068	1
37.7	10.4378	314.7515	5.1204	1
37.8	10.4504	315.6247	5.1247	1
37.9	10.463	316.4631	5.1165	1
38	10.4756	317.3194	5.1015	1
38.1	10.4881	318.1823	5.0962	1
38.2	10.5003	319.0345	5.1086	1
38.3	10.5128	319.8934	5.1074	1
38.4	10.5249	320.7071	5.0999	1
38.5	10.5371	321.4605	5.0896	1
38.6	10.5495	322.3538	5.0832	1
38.7	10.562	323.217	5.0916	1
38.8	10.574	324.0852	5.0788	1
38.9	10.5856	325.0129	5.0778	1
39	10.5973	325.8275	5.0957	1
39.1	10.609	326.6362	5.1024	1
39.2	10.6207	327.3863	5.1069	1
39.3	10.6326	328.293	5.0991	1
39.4	10.6442	329.1803	5.0954	1
39.5	10.6556	329.9841	5.0963	1
39.6	10.6672	330.7741	5.0915	1
39.7	10.6791	331.6357	5.0909	1
39.8	10.6905	332.5221	5.0933	1
39.9	10.7018	333.3217	5.0911	1
40	10.7134	334.1479	5.1039	1
40.1	10.7253	334.9859	5.1173	1
40.2	10.737	335.7968	5.1166	1
40.3	10.7486	336.6204	5.1021	1
40.4	10.7602	337.4608	5.0946	1
40.5	10.7718	338.292	5.1042	1
40.6	10.7834	339.1144	5.1083	1
40.7	10.795	339.9339	5.1031	1
40.8	10.8069	340.7478	5.0893	1
40.9	10.8188	341.6658	5.0849	1
41	10.8301	342.5129	5.0827	1
41.1	10.8415	343.306	5.0985	1
41.2	10.853	344.1614	5.1121	1
41.3	10.8645	345.0198	5.109	1
41.4	10.8759	345.8208	5.105	1
41.5	10.8872	346.6518	5.1033	1
41.6	10.8984	347.5598	5.0956	1
41.7	10.9096	348.3935	5.093	1
41.8	10.9208	349.2819	5.1079	1
41.9	10.9319	350.0551	5.1203	1
42	10.9431	350.8964	5.1025	1
42.1	10.9541	351.7383	5.0979	1
42.2	10.9651	352.6279	5.1149	1
42.3	10.976	353.4334	5.1096	1
42.4	10.987	354.2011	5.1076	1
42.5	10.9983	355.0164	5.1122	1
42.6	11.0094	355.9138	5.1189	1
42.7	11.0205	356.7667	5.115	1
42.8	11.0313	357.587	5.1087	1
42.9	11.042	358.3841	5.1212	1
43	11.0532	359.2368	5.1158	1
43.1	11.0643	360.0633	5.1011	1
43.2	11.0752	360.9565	5.1131	1
43.3	11.0858	361.759	5.1201	1
43.4	11.0964	362.6363	5.1126	1
43.5	11.1072	363.5018	5.1123	1
43.6	11.1178	364.3093	5.1127	1
43.7	11.1283	365.0963	5.1014	1
43.8	11.1392	365.9393	5.0994	1
43.9	11.15	366.8343	5.0925	1
44	11.1605	367.6758	5.088	1
44.1	11.171	368.5127	5.1045	1
44.2	11.1814	369.3187	5.1098	1
44.3	11.1918	370.2556	5.1043	1
44.4	11.2019	371.0593	5.1078	1
44.5	11.2119	371.9003	5.1129	1
44.6	11.222	372.8383	5.1034	1
44.7	11.2314	373.6047	5.1055	1
44.8	11.2412	374.4196	5.1106	1
44.9	11.2515	375.1804	5.0985	1
45	11.2617	376.0638	5.0983	1
45.1	11.2717	376.9501	5.1169	1
45.2	11.2814	377.8111	5.1172	1
45.3	11.2911	378.6945	5.1082	1
45.4	11.3005	379.5392	5.103	1
45.5	11.3099	380.3887	5.1212	1
45.6	11.3189	381.2765	5.1175	1
45.7	11.3277	382.136	5.1043	1
45.8	11.3368	382.9547	5.0983	1
45.9	11.3459	383.7596	5.1004	1
46	11.3549	384.585	5.0918	1
46.1	11.3638	385.4393	5.0963	1
46.2	11.3727	386.2701	5.1048	1
46.3	11.3815	387.0996	5.1165	1
46.4	11.3905	387.9162	5.1226	1
46.5	11.3995	388.7131	5.1193	1
46.6	11.4086	389.5389	5.1248	1
46.7	11.4179	390.3479	5.135	1
46.8	11.4272	391.2088	5.1323	1
46.9	11.4364	392.0243	5.1135	1
47	11.4457	392.8692	5.0923	1
47.1	11.455	393.6599	5.0911	1
47.2	11.4645	394.4489	5.0951	1
47.3	11.4742	395.238	5.0959	1
47.4	11.4841	396.0806	5.0977	1
47.5	11.4935	397.0382	5.1068	1
47.6	11.5028	397.8737	5.1132	1
47.7	11.5119	398.7105	5.1089	1
47.8	11.5209	399.5475	5.1155	1
47.9	11.5302	400.2873	5.1122	1
48	11.5395	401.1464	5.0945	1
48.1	11.5489	401.9807	5.076	1
48.2	11.5584	402.8532	5.0924	1
48.3	11.5675	403.6727	5.115	1
48.4	11.5766	404.5555	5.1241	1
48.5	11.5856	405.3613	5.1235	1
48.6	11.5948	406.2455	5.1236	1
48.7	11.6039	407.0184	5.1115	1
48.8	11.6132	407.8658	5.1129	1
48.9	11.6226	408.6835	5.1303	1
49	11.6317	409.4873	5.1199	1
49.1	11.6408	410.3503	5.1103	1
49.2	11.6499	411.2469	5.0968	1
49.3	11.6589	412.0609	5.0938	1
49.4	11.6678	412.8937	5.1047	1
49.5	11.6767	413.751	5.1006	1
49.6	11.6857	414.5574	5.1035	1
49.7	11.6946	415.4423	5.1247	1
49.8	11.7033	416.3101	5.1416	1
49.9	11.7118	417.1324	5.1419	1
50	11.7203	417.9288	5.1241	1
50.1	11.729	418.7212	5.1223	1
50.2	11.7378	419.6663	5.1304	1
50.3	11.7461	420.5122	5.1246	1
50.4	11.7544	421.3606	5.1204	1
50.5	11.7629	422.1561	5.1209	1
50.6	11.7713	422.9431	5.1317	1
50.7	11.7799	423.8	5.118	1
50.8	11.7884	424.6779	5.0939	1
50.9	11.7966	425.5314	5.0979	1
51	11.8048	426.3109	5.1044	1
51.1	11.813	427.2271	5.0908	1
51.2	11.8212	428.0118	5.0974	1
51.3	11.8293	428.8437	5.1123	1
51.4	11.8377	429.5817	5.1028	1
51.5	11.8463	430.4175	5.0925	1
51.6	11.8546	431.317	5.1071	1
51.7	11.8629	432.2341	5.1228	1
51.8	11.8712	432.9779	5.1214	1
51.9	11.8796	433.7359	5.1069	1
52	11.8883	434.6022	5.1072	1
52.1	11.8966	435.5635	5.1101	1
52.2	11.9044	436.4162	5.1081	1
52.3	11.9122	437.2459	5.1075	1
52.4	11.9201	438.0438	5.101	1
52.5	11.928	438.8353	5.1112	1
52.6	11.936	439.7256	5.1167	1
52.7	11.9441	440.5254	5.1054	1
52.8	11.952	441.3545	5.1077	1
52.9	11.9601	442.1547	5.1163	1
53	11.9685	442.9214	5.104	1
53.1	11.9768	443.8261	5.0938	1
53.2	11.9853	444.6165	5.1	1
53.3	11.9939	445.4047	5.1128	1
53.4	12.0027	446.2799	5.1194	1
53.5	12.0111	447.1218	5.1212	1
53.6	12.0195	447.9575	5.1136	1
53.7	12.0277	448.8294	5.1212	1
53.8	12.0359	449.6505	5.1311	1
53.9	12.0441	450.4617	5.1392	1
54	12.0521	451.303	5.1266	1
54.1	12.0604	452.1447	5.1244	1
54.2	12.0687	452.9944	5.1356	1
54.3	12.0771	453.7916	5.1349	1
54.4	12.0854	454.7249	5.1354	1
54.5	12.0932	455.5592	5.1385	1
54.6	12.1014	456.2679	5.14	1
54.7	12.1097	457.0844	5.1567	1
54.8	12.1182	457.9638	5.1525	1
54.9	12.1266	458.867	5.1342	1
55	12.1346	459.6017	5.1328	1
55.1	12.143	460.4545	5.132	1
55.2	12.151	461.325	5.1248	1
55.3	12.159	462.1464	5.116	1
55.4	12.1674	462.9715	5.1199	1
55.5	12.1759	463.8434	5.1272	1
55.6	12.1842	464.5522	5.1195	1
55.7	12.1927	465.4599	5.1171	1
55.8	12.201	466.2901	5.1244	1
55.9	12.2092	467.1168	5.1228	1
56	12.2176	467.9587	5.1325	1
56.1	12.2261	468.732	5.1333	1
56.2	12.2346	469.5523	5.1227	1
56.3	12.2435	470.4453	5.1197	1
56.4	12.252	471.3059	5.1075	1
56.5	12.2605	472.0711	5.1099	1
56.6	12.2688	472.967	5.1269	1
56.7	12.2769	473.8793	5.1292	1
56.8	12.285	474.6644	5.1308	1
56.9	12.2931	475.4408	5.1233	1
57	12.3015	476.2792	5.1184	1
57.1	12.3097	477.2203	5.1147	1
57.2	12.3175	478.07	5.1178	1
57.3	12.3255	478.8115	5.1144	1
57.4	12.3337	479.6477	5.1157	1
57.5	12.3416	480.5265	5.1069	1
57.6	12.3495	481.4304	5.1198	1
57.7	12.3573	482.229	5.1351	1
57.8	12.365	482.9784	5.1184	1
57.9	12.3729	483.911	5.1158	1
58	12.3807	484.8187	5.1192	1
58.1	12.3881	485.5405	5.1222	1
58.2	12.3959	486.4459	5.1351	1
58.3	12.4036	487.3213	5.1458	1
58.4	12.411	488.0913	5.1519	1
58.5	12.4186	488.8676	5.1615	1
58.6	12.4264	489.76	5.1486	1
58.7	12.4341	490.6548	5.1334	1
58.8	12.4417	491.3913	5.1282	1
58.9	12.4493	492.2948	5.1223	1
59	12.4568	493.1047	5.12	1
59.1	12.4643	493.8729	5.1152	1
59.2	12.4721	494.6681	5.1286	1
59.3	12.4799	495.5236	5.1343	1
59.4	12.4877	496.3818	5.1368	1
59.5	12.4955	497.158	5.1433	1
59.6	12.5036	498.0492	5.1389	1
59.7	12.5115	498.8749	5.1505	1
59.8	12.5193	499.628	5.1552	1
59.9	12.5275	500.4458	5.158	1
60	12.536	501.2531	5.174	1
60.1	12.5442	501.9924	5.1623	1
60.2	12.5527	502.8046	5.1412	1
60.3	12.5616	503.6453	5.1539	1
60.4	12.5703	504.4878	5.1542	1
60.5	12.5788	505.3832	5.1467	1
60.6	12.5874	506.195	5.1322	1
60.7	12.5964	506.931	5.1319	1
60.8	12.6057	507.6965	5.1317	1
60.9	12.6151	508.5978	5.1169	1
61	12.6242	509.5218	5.1186	1
61.1	12.633	510.3658	5.1342	1
61.2	12.6416	511.2629	5.1527	1
61.3	12.6502	512.0839	5.1464	1
61.4	12.6588	512.875	5.1436	1
61.5	12.6675	513.6751	5.1492	1
61.6	12.6765	514.3728	5.1517	1
61.7	12.686	515.2474	5.1453	1
61.8	12.695	516.1191	5.1352	1
61.9	12.7037	517.0014	5.1485	1
62	12.7127	517.7503	5.152	1
62.1	12.7218	518.6076	5.1478	1
62.2	12.7308	519.5187	5.1442	1
62.3	12.7397	520.3208	5.1345	1
62.4	12.7489	521.0976	5.1321	1
62.5	12.7584	521.8938	5.1295	1
62.6	12.7677	522.7505	5.1329	1
62.7	12.7767	523.5886	5.1286	1
62.8	12.7858	524.4595	5.1352	1
62.9	12.7949	525.3862	5.1464	1
63	12.8037	526.2049	5.1403	1
63.1	12.8125	527.0697	5.1405	1
63.2	12.821	527.9207	5.14	1
63.3	12.8292	528.9183	5.1365	1
63.4	12.837	529.7604	5.1411	1
63.5	12.8448	530.5377	5.1383	1
63.6	12.8526	531.3893	5.1399	1
63.7	12.8603	532.299	5.1328	1
63.8	12.8676	533.2145	5.1207	1
63.9	12.8748	533.9769	5.1104	1
64	12.8822	534.7573	5.1059	1
64.1	12.8897	535.6533	5.1155	1
64.2	12.8969	536.5477	5.1211	1
64.3	12.9043	537.3646	5.1244	1
64.4	12.9114	538.2569	5.1313	1
64.5	12.9182	539.1096	5.1352	1
64.6	12.925	539.89	5.1387	1
64.7	12.9321	540.6744	5.1372	1
64.8	12.9394	541.4283	5.1264	1
64.9	12.9467	542.3425	5.1173	1
65	12.9539	543.1758	5.1206	1
65.1	12.9613	543.9447	5.1174	1
65.2	12.9689	544.7512	5.1237	1
65.3	12.9766	545.4742	5.1215	1
65.4	12.9846	546.2894	5.1272	1
65.5	12.993	547.0508	5.1209	1
65.6	13.0019	547.8608	5.1308	1
65.7	13.0106	548.6703	5.1361	1
65.8	13.0192	549.4766	5.1317	1
65.9	13.0282	550.2697	5.129	1
66	13.0373	551.094	5.1361	1
66.1	13.0459	552.0239	5.142	1
66.2	13.0544	552.895	5.1403	1
66.3	13.0628	553.7506	5.1393	1
66.4	13.071	554.6859	5.1345	1
66.5	13.0788	555.5133	5.1326	1
66.6	13.0868	556.2599	5.1285	1
66.7	13.095	557.1751	5.1277	1
66.8	13.1028	558.0949	5.1297	1
66.9	13.1103	558.8607	5.1191	1
67	13.1184	559.6377	5.1089	1
67.1	13.1267	560.4611	5.1139	1
67.2	13.1343	561.4947	5.1105	1
67.3	13.1415	562.3074	5.1071	1
67.4	13.149	563.0409	5.1048	1
67.5	13.157	563.8396	5.1058	1
67.6	13.1647	564.7443	5.1102	1
67.7	13.1722	565.6509	5.1147	1
67.8	13.1795	566.3938	5.1031	1
67.9	13.1871	567.1732	5.0892	1
68	13.1948	568.0341	5.0812	1
68.1	13.2023	568.9649	5.0798	1
68.2	13.2099	569.7421	5.0862	1
68.3	13.2176	570.5719	5.0931	1
68.4	13.2257	571.2458	5.0952	1
68.5	13.2341	572.0408	5.1037	1
68.6	13.2423	572.9739	5.1176	1
68.7	13.2497	573.9068	5.1142	1
68.8	13.2571	574.8062	5.1161	1
68.9	13.2644	575.6298	5.1201	1
69	13.2715	576.487	5.0984	1
69.1	13.2787	577.3156	5.0856	1
69.2	13.2859	578.1756	5.095	1
69.3	13.2929	579.061	5.0976	1
69.4	13.2997	579.8497	5.0908	1
69.5	13.3065	580.7375	5.0924	1
69.6	13.3135	581.5849	5.0873	1
69.7	13.3203	582.4073	5.0772	1
69.8	13.3272	583.2423	5.0817	1
69.9	13.3339	584.0634	5.0918	1
70	13.3407	584.839	5.0904	1
70.1	13.3477	585.6396	5.0912	1
70.2	13.3548	586.491	5.0907	1
70.3	13.3618	587.3645	5.0945	1
70.4	13.3687	588.2079	5.1112	1
70.5	13.3758	588.9986	5.1124	1
70.6	13.3826	589.8924	5.1106	1
70.7	13.3892	590.7501	5.1112	1
70.8	13.3957	591.5902	5.113	1
70.9	13.4022	592.3554	5.1054	1
71	13.4091	593.1543	5.0898	1
71.1	13.4162	593.994	5.0878	1
71.2	13.423	594.8679	5.1019	1
71.3	13.4299	595.7119	5.1099	1
71.4	13.4368	596.503	5.1015	1
71.5	13.4436	597.4079	5.1002	1
71.6	13.4504	598.1672	5.1006	1
71.7	13.4571	599.0714	5.1099	1
71.8	13.4638	599.9547	5.1002	1
71.9	13.4702	600.7759	5.0948	1
72	13.4767	601.6289	5.0953	1
72.1	13.4832	602.3482	5.0987	1
72.2	13.4903	603.0948	5.1026	1
72.3	13.4978	603.8846	5.0952	1
72.4	13.5054	604.6647	5.1032	1
72.5	13.5131	605.526	5.12	1
72.6	13.5206	606.4637	5.1134	1
72.7	13.5278	607.294	5.1047	1
72.8	13.5346	608.2395	5.1116	1
72.9	13.5414	609.0652	5.1086	1
73	13.5482	609.7935	5.1004	1
73.1	13.5554	610.5629	5.0977	1
73.2	13.5627	611.4337	5.0982	1
73.3	13.5697	612.2667	5.0894	1
73.4	13.577	613.1749	5.089	1
73.5	13.584	614.0176	5.0879	1
73.6	13.5908	614.8494	5.0963	1
73.7	13.5977	615.7141	5.1034	1
73.8	13.6045	616.5089	5.1023	1
73.9	13.6115	617.3138	5.1045	1
74	13.6186	618.1347	5.1079	1
74.1	13.6254	619.0479	5.1114	1
74.2	13.6321	619.8959	5.1165	1
74.3	13.6389	620.6432	5.1102	1
74.4	13.6459	621.5243	5.0959	1
74.5	13.6528	622.4204	5.0948	1
74.6	13.6593	623.2008	5.1066	1
74.7	13.6658	624.0782	5.1146	1
74.8	13.6723	624.9138	5.1083	1
74.9	13.6788	625.7542	5.0924	1
75	13.6854	626.5409	5.098	1
75.1	13.6921	627.2789	5.1211	1
75.2	13.6992	628.1153	5.1197	1
75.3	13.7058	629.1494	5.0995	1
75.4	13.7121	629.9368	5.0859	1
75.5	13.7185	630.7251	5.0794	1
75.6	13.7252	631.513	5.0832	1
75.7	13.7317	632.441	5.0825	1
75.8	13.7382	633.3198	5.0843	1
75.9	13.7443	634.0765	5.0846	1
76	13.7508	634.9263	5.0913	1
76.1	13.7574	635.7422	5.1034	1
76.2	13.764	636.6195	5.1042	1
76.3	13.7705	637.4027	5.1045	1
76.4	13.777	638.241	5.0988	1
76.5	13.7837	639.0429	5.0998	1
76.6	13.79	639.9766	5.1077	1
76.7	13.7963	640.7418	5.108	1
76.8	13.8024	641.5788	5.0955	1
76.9	13.8087	642.508	5.1066	1
77	13.8151	643.1519	5.1124	1
77.1	13.8217	644.0228	5.1016	1
77.2	13.8285	644.7897	5.0897	1
77.3	13.8353	645.5962	5.083	1
77.4	13.8421	646.5603	5.0921	1
77.5	13.8487	647.2858	5.1025	1
77.6	13.8555	648.1954	5.1106	1
77.7	13.8623	649.0015	5.1153	1
77.8	13.8691	649.7846	5.1131	1
77.9	13.8759	650.6341	5.1225	1
78	13.8832	651.3938	5.1128	1
78.1	13.8903	652.1965	5.1058	1
78.2	13.8976	653.1109	5.1109	1
78.3	13.9048	653.9783	5.1144	1
78.4	13.9117	654.7228	5.1193	1
78.5	13.9187	655.6456	5.1351	1
78.6	13.9259	656.3701	5.1279	1
78.7	13.9331	657.2066	5.1132	1
78.8	13.9407	658.0598	5.1077	1
78.9	13.9481	658.8084	5.1012	1
79	13.9559	659.6317	5.0985	1
79.1	13.9638	660.4115	5.1048	1
79.2	13.9712	661.415	5.1108	1
79.3	13.9786	662.2527	5.1144	1
79.4	13.986	663.0055	5.109	1
79.5	13.9937	663.7595	5.104	1
79.6	14.0017	664.5962	5.1171	1
79.7	14.0093	665.466	5.1196	1
79.8	14.0173	666.2356	5.1053	1
79.9	14.0251	667.1614	5.0936	1
80	14.0325	668.184	5.1004	1
80.1	14.0392	669.0818	5.1176	1
80.2	14.0455	669.952	5.1303	1
80.3	14.0522	670.7786	5.1213	1
80.4	14.0585	671.6906	5.0992	1
80.5	14.0649	672.3852	5.0981	1
80.6	14.0715	673.1764	5.0933	1
80.7	14.0782	674.0743	5.0943	1
80.8	14.0848	674.8196	5.1004	1
80.9	14.0918	675.6575	5.111	1
81	14.0985	676.6109	5.114	1
81.1	14.1047	677.4307	5.1011	1
81.2	14.111	678.4091	5.0945	1
81.3	14.1172	679.0114	5.1028	1
81.4	14.1233	679.9871	5.1021	1
81.5	14.1293	680.8569	5.0996	1
81.6	14.1351	681.6041	5.1035	1
81.7	14.1412	682.6103	5.0989	1
81.8	14.1469	683.3595	5.102	1
81.9	14.1524	684.2361	5.1029	1
82	14.1582	685.1064	5.0993	1
82.1	14.1641	685.8349	5.0971	1
82.2	14.1698	686.767	5.0947	1
82.3	14.1753	687.5515	5.1014	1
82.4	14.1809	688.4265	5.1035	1
82.5	14.1865	689.2367	5.108	1
82.6	14.192	690.0262	5.0971	1
82.7	14.1978	690.8527	5.1044	1
82.8	14.2038	691.6684	5.1131	1
82.9	14.2097	692.4993	5.1117	1
83	14.2155	693.3486	5.1136	1
83.1	14.2213	694.2431	5.1112	1
83.2	14.2271	694.9674	5.1004	1
83.3	14.233	695.771	5.1067	1
83.4	14.2391	696.6081	5.1174	1
83.5	14.245	697.4689	5.1083	1
83.6	14.251	698.3782	5.1126	1
83.7	14.257	699.1326	5.1229	1
83.8	14.2629	699.9405	5.1162	1
83.9	14.2688	700.7823	5.0945	1
84	14.2744	701.5671	5.1084	1
84.1	14.2801	702.4398	5.1175	1
84.2	14.2863	703.2905	5.1162	1
84.3	14.2923	704.1001	5.1019	1
84.4	14.2988	704.8892	5.1025	1
84.5	14.3054	705.697	5.1116	1
84.6	14.312	706.5405	5.1094	1
84.7	14.3183	707.3347	5.0997	1
84.8	14.3247	708.1429	5.0938	1
84.9	14.3314	708.9173	5.115	1
85	14.3383	709.6869	5.1173	1
85.1	14.3456	710.5529	5.0981	1
85.2	14.3527	711.4108	5.0825	1
85.3	14.3598	712.2628	5.0924	1
85.4	14.3667	713.1739	5.1025	1
85.5	14.3734	713.9544	5.0957	1
85.6	14.3801	714.8557	5.0913	1
85.7	14.3866	715.7465	5.0925	1
85.8	14.3928	716.6204	5.0911	1
85.9	14.3992	717.4294	5.0869	1
86	14.4055	718.2825	5.0923	1
86.1	14.4115	719.1394	5.0989	1
86.2	14.4175	719.8901	5.0997	1
86.3	14.4237	720.7175	5.0991	1
86.4	14.43	721.4659	5.1005	1
86.5	14.4365	722.3816	5.103	1
86.6	14.443	723.2369	5.102	1
86.7	14.4495	724.0544	5.0968	1
86.8	14.456	724.801	5.09	1
86.9	14.4627	725.7179	5.0885	1
87	14.4695	726.4777	5.102	1
87.1	14.4762	727.2713	5.1105	1
87.2	14.4831	728.1597	5.0996	1
87.3	14.4901	728.9215	5.1015	1
87.4	14.4972	729.7496	5.1153	1
87.5	14.5043	730.5716	5.1069	1
87.6	14.5113	731.3977	5.1089	1
87.7	14.5182	732.2512	5.0949	1
87.8	14.5254	733.0791	5.0926	1
87.9	14.5329	733.8894	5.0902	1
88	14.5398	734.8448	5.0851	1
88.1	14.5462	735.6892	5.0872	1
88.2	14.5529	736.3879	5.0962	1
88.3	14.5602	737.1891	5.1018	1
88.4	14.5677	738.0452	5.106	1
88.5	14.575	738.9263	5.0995	1
88.6	14.582	739.7742	5.0966	1
88.7	14.589	740.5823	5.1017	1
88.8	14.5959	741.4951	5.1108	1
88.9	14.6026	742.276	5.1173	1
89	14.6094	743.1405	5.1143	1
89.1	14.6164	743.8734	5.1033	1
89.2	14.6233	744.8468	5.0917	1
89.3	14.6302	745.6761	5.0926	1
89.4	14.637	746.4434	5.0931	1
89.5	14.644	747.2968	5.0863	1
89.6	14.6509	748.0718	5.0929	1
89.7	14.6579	748.9378	5.1031	1
89.8	14.6651	749.7956	5.0947	1
89.9	14.6722	750.6388	5.0945	1
90	14.6791	751.5097	5.0977	1
90.1	14.6859	752.3256	5.0975	1
90.2	14.6925	753.1263	5.1023	1
90.3	14.6992	754.0656	5.0938	1
90.4	14.7059	754.874	5.0987	1
90.5	14.7123	755.7256	5.1123	1
90.6	14.7186	756.5899	5.1152	1
90.7	14.7246	757.5222	5.1142	1
90.8	14.7304	758.3289	5.1123	1
90.9	14.7361	759.2724	5.1097	1
91	14.7415	760.0629	5.1004	1
91.1	14.747	760.9056	5.0985	1
91.2	14.7526	761.7218	5.0822	1
91.3	14.7583	762.5744	5.0826	1
91.4	14.7641	763.3597	5.0961	1
91.5	14.77	764.0335	5.0996	1
91.6	14.7763	764.9621	5.0998	1
91.7	14.7825	765.8018	5.1134	1
91.8	14.7887	766.6139	5.1303	1
91.9	14.7948	767.4705	5.125	1
92	14.8008	768.2692	5.1146	1
92.1	14.8068	769.1569	5.1188	1
92.2	14.8128	769.9836	5.1229	1
92.3	14.8188	770.7732	5.1187	1
92.4	14.8251	771.5196	5.1136	1
92.5	14.8317	772.2728	5.0952	1
92.6	14.8386	773.043	5.085	1
92.7	14.8457	773.8117	5.0873	1
92.8	14.8533	774.5792	5.0872	1
92.9	14.8609	775.4035	5.0893	1
93	14.8686	776.3139	5.0889	1
93.1	14.8766	777.0874	5.0881	1
93.2	14.8842	778.0314	5.09	1
93.3	14.8915	778.8407	5.0859	1
93.4	14.8988	779.6554	5.0918	1
93.5	14.9061	780.6289	5.0908	1
93.6	14.9132	781.3986	5.0921	1
93.7	14.9201	782.2426	5.0864	1
93.8	14.9272	783.0989	5.0854	1
93.9	14.9339	784.0014	5.1036	1
94	14.9405	784.8625	5.0999	1
94.1	14.9471	785.6521	5.0941	1
94.2	14.9537	786.5263	5.0897	1
94.3	14.9602	787.3459	5.0867	1
94.4	14.967	788.1512	5.0996	1
94.5	14.9739	788.9773	5.1095	1
94.6	14.9806	789.8628	5.0983	1
94.7	14.9874	790.6133	5.1042	1
94.8	14.9945	791.3471	5.0982	1
94.9	15.002	792.2151	5.1034	1
95	15.0093	793.073	5.1183	1
95.1	15.0164	793.8533	5.128	1
95.2	15.0234	794.7207	5.1301	1
95.3	15.0305	795.6199	5.1134	1
95.4	15.0377	796.4161	5.0954	1
95.5	15.0449	797.2476	5.0923	1
95.6	15.0519	798.054	5.0996	1
95.7	15.0589	798.9276	5.1012	1
95.8	15.0658	799.8776	5.1029	1
95.9	15.0724	800.6634	5.1019	1
96	15.079	801.4893	5.0997	1
96.1	15.0857	802.3455	5.095	1
96.2	15.0924	803.184	5.0951	1
96.3	15.099	803.9939	5.0897	1
96.4	15.1056	804.8115	5.1014	1
96.5	15.1124	805.7305	5.0941	1
96.6	15.1189	806.5745	5.0871	1
96.7	15.1251	807.4191	5.0828	1
96.8	15.1314	808.2594	5.0882	1
96.9	15.1375	809.1001	5.0977	1
97	15.1436	809.9691	5.1062	1
97.1	15.1498	810.7091	5.1108	1
97.2	15.1562	811.498	5.1062	1
97.3	15.1629	812.3536	5.1013	1
97.4	15.1695	813.1911	5.0989	1
97.5	15.1759	814.0881	5.1059	1
97.6	15.1823	814.9145	5.1139	1
97.7	15.1886	815.7461	5.1141	1
97.8	15.195	816.4817	5.1095	1
97.9	15.2016	817.332	5.1201	1
98	15.2077	818.3164	5.1416	1
98.1	15.2137	819.1288	5.1359	1
98.2	15.2198	819.8986	5.118	1
98.3	15.2264	820.7383	5.1174	1
98.4	15.2328	821.5166	5.1193	1
98.5	15.2391	822.4439	5.1113	1
98.6	15.2455	823.2056	5.1179	1
98.7	15.2518	824.0221	5.1355	1
98.8	15.258	824.9498	5.1309	1
98.9	15.2641	825.7424	5.1276	1
99	15.2701	826.619	5.1301	1
99.1	15.2766	827.3954	5.1284	1
99.2	15.2829	828.205	5.1201	1
99.3	15.2893	829.0765	5.1112	1
99.4	15.2957	829.8286	5.1113	1
99.5	15.3027	830.5145	5.1178	1
99.6	15.3101	831.3362	5.1308	1
99.7	15.3172	832.2275	5.1418	1
99.8	15.3244	833.0484	5.1522	1
99.9	15.3315	833.8674	5.1377	1
100	15.3386	834.7286	5.1122	1
100.1	15.3457	835.5512	5.1085	1
100.2	15.3528	836.3857	5.1192	1
100.3	15.3598	837.3079	5.1194	1
100.4	15.3666	838.1617	5.1179	1
100.5	15.3732	838.9971	5.1095	1
100.6	15.3798	839.8456	5.1103	1
100.7	15.3862	840.7845	5.1171	1
100.8	15.3922	841.6415	5.1163	1
100.9	15.3983	842.4097	5.113	1
101	15.4049	843.2409	5.1294	1
101.1	15.4111	844.1074	5.1238	1
101.2	15.417	844.9703	5.1194	1
101.3	15.4231	845.8536	5.1172	1
101.4	15.4291	846.6492	5.1191	1
101.5	15.4348	847.5779	5.127	1
101.6	15.44	848.47	5.1309	1
101.7	15.4453	849.2231	5.1267	1
101.8	15.4509	849.9711	5.1218	1
101.9	15.4568	850.8602	5.1261	1
102	15.4622	851.782	5.1241	1
102.1	15.4672	852.6557	5.1254	1
102.2	15.4722	853.5141	5.1237	1
102.3	15.4772	854.2928	5.1183	1
102.4	15.4824	855.169	5.1222	1
102.5	15.4875	856.0517	5.1241	1
102.6	15.4926	856.8101	5.1265	1
102.7	15.4975	857.6657	5.1249	1
102.8	15.5025	858.507	5.1486	1
102.9	15.5072	859.3501	5.1539	1
103	15.5123	860.173	5.1391	1
103.1	15.5175	860.9385	5.1403	1
103.2	15.5226	861.7878	5.1513	1
103.3	15.5275	862.6459	5.1492	1
103.4	15.5325	863.4602	5.1375	1
103.5	15.5379	864.2214	5.131	1
103.6	15.5432	865.0502	5.1239	1
103.7	15.5484	865.951	5.1224	1
103.8	15.5537	866.7802	5.1196	1
103.9	15.559	867.5262	5.1194	1
104	15.5644	868.3954	5.1254	1
104.1	15.5698	869.196	5.1285	1
104.2	15.5748	870.0861	5.119	1
104.3	15.5799	870.8838	5.1258	1
104.4	15.5855	871.6589	5.1258	1
104.5	15.5914	872.4776	5.1355	1
104.6	15.5973	873.2745	5.1286	1
104.7	15.6028	874.2008	5.1212	1
104.8	15.6081	875.0683	5.1278	1
104.9	15.6135	875.8857	5.1368	1
105	15.619	876.6523	5.141	1
105.1	15.6246	877.4696	5.1259	1
105.2	15.6301	878.3513	5.1257	1
105.3	15.6357	879.1705	5.1295	1
105.4	15.6413	879.9696	5.1305	1
105.5	15.6472	880.7463	5.1272	1
105.6	15.653	881.5388	5.1284	1
105.7	15.659	882.3983	5.1201	1
105.8	15.665	883.2887	5.1207	1
105.9	15.6709	884.0749	5.1218	1
106	15.6767	884.898	5.1199	1
106.1	15.6827	885.7505	5.1287	1
106.2	15.6885	886.6104	5.121	1
106.3	15.6942	887.4754	5.1259	1
106.4	15.6999	888.2681	5.1369	1
106.5	15.7058	889.105	5.13	1
106.6	15.7115	890.0055	5.1395	1
106.7	15.7171	890.8572	5.137	1
106.8	15.7226	891.6456	5.1265	1
106.9	15.7282	892.4481	5.1339	1
107	15.7339	893.339	5.1315	1
107.1	15.7394	894.1836	5.1355	1
107.2	15.745	895.0173	5.1284	1
107.3	15.7505	895.8603	5.1162	1
107.4	15.7559	896.6631	5.113	1
107.5	15.7615	897.4912	5.1328	1
107.6	15.7669	898.3085	5.1402	1
107.7	15.7724	899.1759	5.1411	1
107.8	15.7779	900.0197	5.1239	1
107.9	15.7834	900.8697	5.1182	1
108	15.7887	901.7428	5.1271	1
108.1	15.7939	902.5584	5.1348	1
108.2	15.7994	903.3303	5.1318	1
108.3	15.8052	904.1699	5.1303	1
108.4	15.8107	905.0083	5.127	1
108.5	15.8162	905.8951	5.1247	1
108.6	15.8217	906.7034	5.1313	1
108.7	15.8272	907.4892	5.1272	1
108.8	15.8327	908.3866	5.1301	1
108.9	15.8382	909.1767	5.129	1
109	15.8438	909.9641	5.1199	1
109.1	15.8496	910.752	5.1115	1
109.2	15.8557	911.4082	5.1167	1
109.3	15.8625	912.2761	5.1272	1
109.4	15.8697	913.001	5.1276	1
109.5	15.8768	913.7852	5.1216	1
109.6	15.8836	914.7612	5.1072	1
109.7	15.8898	915.7132	5.1139	1
109.8	15.8956	916.6254	5.1105	1
109.9	15.9015	917.449	5.1191	1
110	15.9073	918.3187	5.1301	1
110.1	15.9135	919.1121	5.1259	1
110.2	15.9196	919.8431	5.1186	1
110.3	15.9258	920.7663	5.1251	1
110.4	15.9316	921.5911	5.1268	1
110.5	15.9376	922.3987	5.1365	1
110.6	15.944	923.1824	5.1454	1
110.7	15.9503	924.0176	5.1449	1
110.8	15.9565	924.9044	5.1309	1
110.9	15.9626	925.7224	5.1255	1
111	15.9689	926.5249	5.1308	1
111.1	15.9753	927.3453	5.1323	1
111.2	15.9813	928.2111	5.1122	1
111.3	15.9871	929.1013	5.1024	1
111.4	15.9931	929.9725	5.0994	1
111.5	15.9988	930.8271	5.0945	1
111.6	16.0047	931.6093	5.102	1
111.7	16.0103	932.5225	5.1117	1
111.8	16.016	933.2531	5.0994	1
111.9	16.0221	934.069	5.0989	1
112	16.0281	934.951	5.1054	1
112.1	16.0338	935.7383	5.1102	1
112.2	16.0398	936.6036	5.1094	1
112.3	16.046	937.3514	5.104	1
112.4	16.0525	938.1261	5.0996	1
112.5	16.0591	939.0072	5.0919	1
112.6	16.0657	939.8256	5.0921	1
112.7	16.0723	940.6706	5.1129	1
112.8	16.0787	941.4791	5.1313	1
112.9	16.0849	942.3358	5.1223	1
113	16.0912	943.1799	5.104	1
113.1	16.0974	944.1056	5.1003	1
113.2	16.1035	944.8449	5.109	1
113.3	16.1099	945.6226	5.105	1
113.4	16.1166	946.4006	5.0999	1
113.5	16.1235	947.3335	5.0922	1
113.6	16.13	948.1763	5.0962	1
113.7	16.1363	949.0285	5.1132	1
113.8	16.1426	949.8751	5.1089	1
113.9	16.1488	950.7315	5.0996	1
114	16.1547	951.593	5.1004	1
114.1	16.1608	952.3727	5.1028	1
114.2	16.1669	953.2369	5.1083	1
114.3	16.1729	954.0565	5.1013	1
114.4	16.1785	954.9849	5.0949	1
114.5	16.1842	955.8255	5.0768	1
114.6	16.1897	956.7329	5.0715	1
114.7	16.1953	957.458	5.0917	1
114.8	16.201	958.2899	5.1024	1
114.9	16.2069	959.1305	5.083	1
115	16.2126	959.9446	5.0758	1
115.1	16.2184	960.8549	5.0775	1
115.2	16.2242	961.6452	5.0887	1
115.3	16.2302	962.3911	5.102	1
115.4	16.2363	963.2687	5.1111	1
115.5	16.242	964.1334	5.1059	1
115.6	16.2477	964.961	5.0906	1
115.7	16.2533	965.8115	5.096	1
115.8	16.2588	966.7464	5.0938	1
115.9	16.2642	967.5467	5.1044	1
116	16.2699	968.2933	5.1212	1
116.1	16.2757	969.0456	5.1187	1
116.2	16.2816	969.9953	5.1	1
116.3	16.2871	970.8265	5.0979	1
116.4	16.2927	971.6828	5.1065	1
116.5	16.2981	972.5303	5.1073	1
116.6	16.3036	973.3603	5.1145	1
116.7	16.3093	974.1722	5.1065	1
116.8	16.3153	974.939	5.1151	1
116.9	16.321	975.781	5.1221	1
117	16.3265	976.7489	5.1071	1
117.1	16.3316	977.6547	5.113	1
117.2	16.3365	978.4336	5.1236	1
117.3	16.3416	979.2262	5.1117	1
117.4	16.3467	980.0706	5.1045	1
117.5	16.3516	981.036	5.095	1
117.6	16.356	981.9475	5.089	1
117.7	16.3603	982.7068	5.1109	1
117.8	16.3649	983.5464	5.1114	1
117.9	16.3693	984.3435	5.1047	1
118	16.3737	985.237	5.1088	1
118.1	16.3783	985.9764	5.1083	1
118.2	16.3828	986.9568	5.0922	1
118.3	16.3869	987.7627	5.0812	1
118.4	16.3912	988.5704	5.0817	1
118.5	16.3957	989.3583	5.0992	1
118.6	16.4003	990.1336	5.1114	1
118.7	16.4052	990.8902	5.1165	1
118.8	16.4108	991.6278	5.1251	1
118.9	16.4166	992.3646	5.1253	1
119	16.4228	993.1052	5.1016	1
119.1	16.4291	994.0085	5.0816	2
119.2	16.4353	994.8486	5.0783	2
119.3	16.4415	995.6402	5.0898	2
119.4	16.448	996.4778	5.0957	2
119.5	16.4541	997.1646	5.0932	2
119.6	16.46	997.4748	5.099	2
119.7	16.4655	997.5371	5.0968	2
119.8	16.4708	997.5478	5.1057	2
119.9	16.4762	997.5323	5.1018	2
120	16.4815	997.63	5.1071	2
120.1	16.4863	997.7234	5.1039	2
120.2	16.4905	997.7921	5.106	2
120.3	16.4946	997.7747	5.1126	2
120.4	16.4988	997.7546	5.1134	2
120.5	16.5028	997.7799	5.1041	2
120.6	16.5066	997.88	5.1005	2
120.7	16.5104	997.8497	5.1007	2
120.8	16.5143	997.8592	5.0869	2
120.9	16.518	997.873	5.0868	2
121	16.5216	997.8795	5.0952	2
121.1	16.5254	997.8018	5.1027	2
121.2	16.5293	997.8174	5.0917	2
121.3	16.533	997.8631	5.0891	2
121.4	16.5367	997.922	5.0972	2
121.5	16.5401	997.8591	5.1108	2
121.6	16.5442	997.7856	5.1104	2
121.7	16.5484	997.7781	5.1025	2
121.8	16.5524	997.7657	5.0988	2
121.9	16.5562	997.8024	5.0937	2
122	16.56	997.811	5.0963	2
122.1	16.5637	997.8818	5.0922	2
122.2	16.5671	997.9541	5.0762	2
122.3	16.5703	997.9309	5.0711	2
122.4	16.5736	997.9361	5.0777	2
122.5	16.5768	998.0043	5.0792	2
122.6	16.5797	998.0054	5.0944	2
122.7	16.5827	997.9775	5.1069	2
122.8	16.5856	997.9444	5.0895	2
122.9	16.5886	998.0879	5.0788	2
123	16.5912	998.1543	5.0865	2
123.1	16.5936	998.0542	5.0843	2
123.2	16.596	997.9839	5.078	2
123.3	16.5987	998.0436	5.0817	2
123.4	16.6013	998.0529	5.0931	2
123.5	16.6041	998.0237	5.0903	2
123.6	16.6067	998.0062	5.0939	2
123.7	16.6091	998.0695	5.0891	2
123.8	16.6115	998.0653	5.0859	2
123.9	16.6137	998.1556	5.0936	2
124	16.6158	998.2202	5.0956	2
124.1	16.6176	998.1911	5.0981	2
124.2	16.6193	998.2139	5.0909	2
124.3	16.6211	998.2265	5.0979	2
124.4	16.6223	998.2856	5.0923	2
124.5	16.6234	998.3438	5.0909	2
124.6	16.6245	998.3541	5.0988	2
124.7	16.6256	998.3862	5.0928	2
124.8	16.6266	998.29	5.0918	2
124.9	16.6277	998.3311	5.0941	2
125	16.6288	998.2704	5.1006	2
125.1	16.6301	998.3145	5.1033	2
125.2	16.6312	998.2736	5.1014	2
125.3	16.6324	998.2485	5.0944	2
125.4	16.6337	998.2938	5.0851	2
125.5	16.635	998.3153	5.0764	2
125.6	16.6361	998.3336	5.0736	2
125.7	16.637	998.2684	5.0807	2
125.8	16.6381	998.2409	5.0918	2
125.9	16.6394	998.2643	5.0984	2
126	16.6403	998.3027	5.0908	2
126.1	16.6414	998.2598	5.0901	2
126.2	16.6427	998.2254	5.0964	2
126.3	16.644	998.258	5.0978	2
126.4	16.6453	998.2649	5.0986	2
126.5	16.6465	998.262	5.0982	2
126.6	16.6475	998.3141	5.0959	2
126.7	16.6484	998.3318	5.092	2
126.8	16.6494	998.2655	5.0955	2
126.9	16.6506	998.2354	5.101	2
127	16.6517	998.189	5.0961	2
127.1	16.6529	998.3191	5.0966	2
127.2	16.6539	998.2658	5.0915	2
127.3	16.6548	998.2885	5.0962	2
127.4	16.6559	998.2744	5.1087	2
127.5	16.6567	998.2361	5.1037	2
127.6	16.6577	998.3223	5.094	2
127.7	16.6593	998.0717	5.1041	2
127.8	16.6614	998.014	5.1085	2
127.9	16.664	997.929	5.1071	2
128	16.6664	997.8761	5.1157	2
128.1	16.6691	998.0368	5.1146	2
128.2	16.6716	997.9345	5.1043	2
128.3	16.6734	998.1459	5.0966	2
128.4	16.6755	998.0602	5.0908	2
128.5	16.6774	997.9928	5.1001	2
128.6	16.6796	998.0674	5.091	2
128.7	16.6817	998.001	5.0792	2
128.8	16.6834	998.1245	5.0827	2
128.9	16.685	998.2295	5.0861	2
129	16.6867	998.0785	5.0698	2
129.1	16.6882	998.1481	5.0626	2
129.2	16.6898	998.1503	5.0754	2
129.3	16.6914	998.1112	5.0772	2
129.4	16.6929	998.1974	5.0735	2
129.5	16.6944	998.1449	5.0834	2
129.6	16.6959	998.0816	5.0824	2
129.7	16.6975	998.1449	5.0807	2
129.8	16.6994	998.1352	5.0927	2
129.9	16.7011	998.0635	5.0959	2
130	16.7027	998.1368	5.0912	2
130.1	16.7044	998.0599	5.0939	2
130.2	16.7059	998.1309	5.0993	2
130.3	16.7076	998.1762	5.0914	2
130.4	16.7094	998.0246	5.0895	2
130.5	16.7113	998.1267	5.0946	2
130.6	16.7129	998.1798	5.0972	2
130.7	16.714	998.1976	5.0936	2
130.8	16.7149	998.292	5.1018	2
130.9	16.7164	998.1167	5.1032	2
131	16.7179	998.1163	5.113	2
131.1	16.7194	998.2291	5.1097	2
131.2	16.7206	998.1392	5.112	2
131.3	16.7219	998.1713	5.1155	2
131.4	16.7236	998.0871	5.1073	2
131.5	16.725	998.1601	5.099	2
131.6	16.7264	998.2529	5.0948	2
131.7	16.7271	998.3834	5.0955	2
131.8	16.7274	998.3913	5.0869	2
131.9	16.7279	998.3878	5.0793	2
132	16.7284	998.269	5.074	2
132.1	16.729	998.3393	5.0647	2
132.2	16.7296	998.3497	5.0741	2
132.3	16.7303	998.2836	5.0858	2
132.4	16.7312	998.2646	5.0956	2
132.5	16.732	998.3056	5.1048	2
132.6	16.7327	998.2587	5.093	2
132.7	16.7338	998.2018	5.0809	2
132.8	16.7349	998.1564	5.0827	2
132.9	16.736	998.2236	5.0872	2
133	16.7371	998.2161	5.1	2
133.1	16.7383	998.2006	5.1084	2
133.2	16.7392	998.2541	5.0885	2
133.3	16.74	998.2878	5.0849	2
133.4	16.7407	998.2727	5.0872	2
133.5	16.7417	998.2245	5.0799	2
133.6	16.7427	998.2279	5.0933	2
133.7	16.7434	998.3371	5.1174	2
133.8	16.7439	998.3727	5.1119	2
133.9	16.744	998.3348	5.0984	2
134	16.7447	998.3075	5.1038	2
134.1	16.7457	998.1787	5.1033	2
134.2	16.7466	998.2408	5.0988	2
134.3	16.7477	998.2028	5.0938	2
134.4	16.7485	998.252	5.0979	2
134.5	16.7493	998.3395	5.098	2
134.6	16.75	998.2202	5.0876	2
134.7	16.7508	998.2924	5.0937	2
134.8	16.7516	998.2886	5.1116	2
134.9	16.7521	998.2724	5.1037	2
135	16.7526	998.3775	5.089	2
135.1	16.753	998.3304	5.0963	2
135.2	16.7534	998.3338	5.1029	2
135.3	16.7541	998.2724	5.0976	2
135.4	16.7547	998.2589	5.0948	2
135.5	16.7551	998.3117	5.0963	2
135.6	16.7557	998.3269	5.101	2
135.7	16.756	998.3493	5.1041	2
135.8	16.7563	998.4025	5.1115	2
135.9	16.7566	998.2864	5.0987	2
136	16.757	998.3617	5.0804	2
136.1	16.7574	998.3972	5.0785	2
136.2	16.7574	998.3833	5.0846	2
136.3	16.7575	998.4628	5.0809	2
136.4	16.7578	998.2751	5.0866	2
136.5	16.758	998.3862	5.0896	2
136.6	16.7581	998.3561	5.0905	2
136.7	16.7581	998.3676	5.0819	2
136.8	16.7581	998.4702	5.0922	2
136.9	16.7578	998.4416	5.0905	2
137	16.7574	998.4421	5.0822	2
137.1	16.7578	998.3351	5.0712	2
137.2	16.7585	998.1535	5.0651	2
137.3	16.7598	998.1258	5.0641	2
137.4	16.7615	998	5.0781	2
137.5	16.763	998.1189	5.093	2
137.6	16.7638	998.2089	5.0908	2
137.7	16.7644	998.252	5.0943	2
137.8	16.7649	998.2737	5.0901	2
137.9	16.7653	998.3358	5.0733	2
138	16.7657	998.3341	5.0784	2
138.1	16.7661	998.4254	5.084	2
138.2	16.7665	998.4445	5.0798	2
138.3	16.7667	998.422	5.0776	2
138.4	16.7667	998.4021	5.0881	2
138.5	16.7667	998.3472	5.0988	2
138.6	16.7673	998.2691	5.0991	2
138.7	16.7677	998.3556	5.0944	2
138.8	16.7677	998.4217	5.1052	2
138.9	16.7676	998.3663	5.1092	2
139	16.7679	998.412	5.0907	2
139.1	16.7682	998.2847	5.0975	2
139.2	16.7685	998.2907	5.1044	2
139.3	16.7692	998.2372	5.1161	2
139.4	16.7698	998.2352	5.1276	2
139.5	16.7704	998.3673	5.121	2
139.6	16.7705	998.2896	5.116	2
139.7	16.7706	998.3113	5.1059	2
139.8	16.771	998.3367	5.0981	2
139.9	16.7713	998.2901	5.0964	2
140	16.772	998.2477	5.0843	2
140.1	16.7728	998.2083	5.0748	2
140.2	16.7734	998.307	5.0924	2
140.3	16.7739	998.3098	5.113	2
140.4	16.774	998.3064	5.116	2
140.5	16.7746	998.2762	5.1044	2
140.6	16.7751	998.2392	5.0954	2
140.7	16.7756	998.2982	5.107	2
140.8	16.7762	998.2463	5.1206	2
140.9	16.7769	998.2294	5.1123	2
141	16.7775	998.2722	5.1077	2
141.1	16.778	998.2861	5.0975	2
141.2	16.7784	998.2575	5.0776	2
141.3	16.7789	998.246	5.0678	2
141.4	16.7794	998.3172	5.0888	2
141.5	16.78	998.2947	5.1024	2
141.6	16.7807	998.1442	5.0945	2
141.7	16.7818	998.1706	5.0918	2
141.8	16.7827	998.1736	5.0886	2
141.9	16.7834	998.1727	5.0814	2
142	16.7844	998.1833	5.0687	2
142.1	16.7854	998.1863	5.075	2
142.2	16.7862	998.2721	5.0789	2
142.3	16.7867	998.2977	5.0743	2
142.4	16.7871	998.2904	5.067	2
142.5	16.7874	998.27	5.0678	2
142.6	16.7877	998.3494	5.0656	2
142.7	16.788	998.3054	5.0668	2
142.8	16.7884	998.3161	5.0742	2
142.9	16.7889	998.2076	5.0679	2
143	16.7897	998.1158	5.0567	2
143.1	16.7912	998.1027	5.0621	2
143.2	16.7929	997.9679	5.0707	2
143.3	16.7945	998.1163	5.0793	2
143.4	16.7966	997.9086	5.0776	2
143.5	16.799	997.6656	5.0779	2
143.6	16.8023	997.6865	5.0731	2
143.7	16.8054	997.7177	5.0784	2
143.8	16.8082	997.8153	5.0814	2
143.9	16.8109	997.7616	5.0845	2
144	16.8133	997.7683	5.0899	2
144.1	16.8158	997.8811	5.0895	2
144.2	16.8181	997.8631	5.0863	2
144.3	16.8207	997.8721	5.079	2
144.4	16.8228	997.9991	5.0874	2
144.5	16.8246	998.0481	5.088	2
144.6	16.8261	998.1006	5.087	2
144.7	16.828	998.0233	5.0978	2
144.8	16.83	998.0124	5.1027	2
144.9	16.8319	997.8887	5.0918	2
145	16.8336	998.0116	5.0754	2
145.1	16.8353	998.0995	5.0697	2
145.2	16.8362	998.1742	5.0678	2
145.3	16.8374	998.1853	5.0553	2
145.4	16.8384	998.1225	5.0541	2
145.5	16.8394	998.2055	5.063	2
145.6	16.84	998.2926	5.0541	2
145.7	16.84	998.3089	5.0434	2
145.8	16.8404	998.246	5.0351	2
145.9	16.841	998.2432	5.035	2
146	16.8416	998.2924	5.0508	2
146.1	16.8422	998.2174	5.0707	2
146.2	16.8429	998.2041	5.0659	2
146.3	16.8435	998.2544	5.0651	2
146.4	16.8439	998.3236	5.077	2
146.5	16.844	998.3066	5.0792	2
146.6	16.8442	998.4135	5.0776	2
146.7	16.8445	998.2731	5.0863	2
146.8	16.8448	998.3274	5.0746	2
146.9	16.8452	998.2608	5.0641	2
147	16.8453	998.2601	5.0704	2
147.1	16.846	998.3295	5.0766	2
147.2	16.8463	998.2776	5.0724	2
147.3	16.8464	998.4076	5.0819	2
147.4	16.8465	998.3286	5.0946	2
147.5	16.8468	998.3232	5.0911	2
147.6	16.8473	998.3482	5.0968	2
147.7	16.8475	998.2393	5.096	2
147.8	16.8482	998.1749	5.0998	2
147.9	16.8495	998.0629	5.1149	2
148	16.851	997.9984	5.1099	2
148.1	16.8526	998.0993	5.1091	2
148.2	16.8538	998.1062	5.0999	2
148.3	16.8549	998.112	5.0988	2
148.4	16.8561	998.0631	5.104	2
148.5	16.8577	997.9787	5.0894	2
148.6	16.8595	997.9798	5.0749	2
148.7	16.8616	997.9239	5.0834	2
148.8	16.8638	997.8403	5.0962	2
148.9	16.866	997.9239	5.1033	2
149	16.8679	998.0735	5.1038	2
149.1	16.8692	998.1081	5.1012	3
149.2	16.8703	998.1364	5.1159	3
149.3	16.8714	998.1202	5.1285	3
149.4	16.8728	998.0282	5.1274	3
149.5	16.874	997.9955	5.1082	3
149.6	16.8747	997.6382	5.1148	3
149.7	16.8746	996.7255	5.1081	3
149.8	16.8746	995.9576	5.1004	3
149.9	16.8746	995.1206	5.102	3
150	16.8743	994.3814	5.101	3
150.1	16.8738	993.5543	5.0995	3
150.2	16.8732	992.7804	5.1069	3
150.3	16.8724	991.9372	5.1102	3
150.4	16.8715	991.1687	5.1113	3
150.5	16.8705	990.3255	5.1133	3
150.6	16.8694	989.3983	5.1025	3
150.7	16.8687	988.6533	5.0956	3
150.8	16.8678	987.8008	5.0983	3
150.9	16.8665	987.1181	5.1059	3
151	16.8649	986.2609	5.0968	3
151.1	16.8634	985.4271	5.085	3
151.2	16.8619	984.6056	5.0926	3
151.3	16.8604	983.8018	5.1018	3
151.4	16.8588	982.9373	5.1008	3
151.5	16.8573	982.1089	5.1148	3
151.6	16.8556	981.2586	5.1062	3
151.7	16.854	980.4522	5.0905	3
151.8	16.8525	979.5545	5.0911	3
151.9	16.8509	978.7795	5.0783	3
152	16.8491	978.0566	5.0763	3
152.1	16.8472	977.1413	5.0956	3
152.2	16.8456	976.2461	5.1063	3
152.3	16.844	975.4374	5.1039	3
152.4	16.8421	974.69	5.1039	3
152.5	16.84	973.8575	5.1068	3
152.6	16.8378	973.0844	5.0936	3
152.7	16.8353	972.3089	5.0809	3
152.8	16.8328	971.4693	5.0729	3
152.9	16.8304	970.5821	5.0794	3
153	16.8281	969.7271	5.0825	3
153.1	16.8256	968.9142	5.0755	3
153.2	16.8231	968.0739	5.0795	3
153.3	16.8208	967.2634	5.078	3
153.4	16.8182	966.4671	5.0832	3
153.5	16.8155	965.6799	5.0827	3
153.6	16.8129	964.8053	5.0784	3
153.7	16.8107	963.8867	5.0798	3
153.8	16.8086	963.0679	5.0783	3
153.9	16.8062	962.3023	5.0747	3
154	16.8035	961.5467	5.0824	3
154.1	16.8007	960.7108	5.0952	3
154.2	16.7976	959.933	5.0927	3
154.3	16.7942	959.1715	5.0865	3
154.4	16.7908	958.1912	5.0884	3
154.5	16.7878	957.4624	5.0989	3
154.6	16.7845	956.6361	5.0946	3
154.7	16.781	955.7626	5.0745	3
154.8	16.7777	955.001	5.0826	3
154.9	16.7742	954.2129	5.0907	3
155	16.7704	953.3518	5.0836	3
155.1	16.7667	952.4926	5.0854	3
155.2	16.7633	951.6336	5.0997	3
155.3	16.76	950.7477	5.1015	3
155.4	16.7567	949.9303	5.0805	3
155.5	16.7532	949.171	5.0773	3
155.6	16.7497	948.3101	5.0737	3
155.7	16.7461	947.5448	5.0797	3
155.8	16.7424	946.6631	5.0932	3
155.9	16.7389	945.7758	5.104	3
156	16.7357	944.8874	5.0971	3
156.1	16.7325	944.0692	5.0896	3
156.2	16.7293	943.2443	5.0769	3
156.3	16.726	942.4171	5.0674	3
156.4	16.7227	941.616	5.0711	3
156.5	16.7194	940.7731	5.0734	3
156.6	16.7158	939.999	5.0931	3
156.7	16.7124	939.12	5.1081	3
156.8	16.7091	938.2163	5.1029	3
156.9	16.7057	937.4496	5.0995	3
157	16.7022	936.7101	5.1042	3
157.1	16.6982	935.9504	5.1145	3
157.2	16.6937	935.2117	5.1104	3
157.3	16.6889	934.456	5.0999	3
157.4	16.6839	933.6503	5.1151	3
157.5	16.6791	932.8172	5.1122	3
157.6	16.6746	931.7845	5.1062	3
157.7	16.6703	930.9264	5.1113	3
157.8	16.6665	929.9724	5.1136	3
157.9	16.663	929.06	5.1133	3
158	16.66	928.2385	5.1075	3
158.1	16.657	927.3759	5.095	3
158.2	16.6538	926.6614	5.1039	3
158.3	16.6504	925.7562	5.1052	3
158.4	16.6468	924.9599	5.097	3
158.5	16.643	924.2045	5.098	3
158.6	16.6392	923.3545	5.0992	3
158.7	16.6355	922.472	5.1005	3
158.8	16.6319	921.6048	5.105	3
158.9	16.6281	920.9045	5.1083	3
159	16.6242	920.0676	5.1006	3
159.1	16.6203	919.1944	5.0932	3
159.2	16.6164	918.4468	5.0791	3
159.3	16.6121	917.7069	5.0867	3
159.4	16.6076	916.8445	5.0863	3
159.5	16.6034	915.9212	5.0893	3
159.6	16.5991	915.0962	5.0955	3
159.7	16.5948	914.3174	5.0791	3
159.8	16.5905	913.5103	5.0824	3
159.9	16.586	912.6542	5.091	3
160	16.5815	911.8533	5.1077	3
160.1	16.5768	911.0971	5.1251	3
160.2	16.572	910.2346	5.1287	3
160.3	16.5674	909.253	5.1291	3
160.4	16.5628	908.5474	5.1124	3
160.5	16.5584	907.6791	5.0949	3
160.6	16.5541	906.7582	5.0926	3
160.7	16.5501	905.8809	5.0926	3
160.8	16.546	905.0844	5.0932	3
160.9	16.5417	904.2607	5.0976	3
161	16.5378	903.3424	5.1045	3
161.1	16.534	902.5281	5.1089	3
161.2	16.5298	901.764	5.0946	3
161.3	16.5256	901.0033	5.1051	3
161.4	16.5215	900.0452	5.1152	3
161.5	16.5175	899.2907	5.113	3
161.6	16.5133	898.4528	5.1144	3
161.7	16.5092	897.5951	5.112	3
161.8	16.5053	896.6337	5.1102	3
161.9	16.5015	895.8875	5.1119	3
162	16.4974	895.1129	5.1017	3
162.1	16.4935	894.246	5.0931	3
162.2	16.4899	893.3597	5.0952	3
162.3	16.4863	892.486	5.0866	3
162.4	16.4827	891.6137	5.0859	3
162.5	16.4794	890.6841	5.0937	3
162.6	16.4766	889.7602	5.0817	3
162.7	16.4735	889.0427	5.0745	3
162.8	16.47	888.2927	5.0786	3
162.9	16.4667	887.3879	5.0863	3
163	16.4633	886.6068	5.1088	3
163.1	16.4598	885.8049	5.0968	3
163.2	16.4561	885.0467	5.0786	3
163.3	16.4523	884.201	5.0804	3
163.4	16.4484	883.3446	5.0995	3
163.5	16.4446	882.5169	5.1062	3
163.6	16.4404	881.7676	5.1067	3
163.7	16.436	880.9477	5.1039	3
163.8	16.4321	880.0228	5.1031	3
163.9	16.4282	879.2725	5.1	3
164	16.4238	878.5244	5.0942	3
164.1	16.4193	877.6689	5.0987	3
164.2	16.4149	876.7532	5.0995	3
164.3	16.4106	876.0017	5.0938	3
164.4	16.4063	875.1663	5.0944	3
164.5	16.4021	874.1228	5.0901	3
164.6	16.3985	873.272	5.0936	3
164.7	16.3954	872.4283	5.1007	3
164.8	16.392	871.5864	5.1033	3
164.9	16.3883	870.8916	5.1102	3
165	16.384	870.1638	5.0947	3
165.1	16.3793	869.3375	5.091	3
165.2	16.3746	868.5635	5.0997	3
165.3	16.3697	867.7373	5.0964	3
165.4	16.3649	866.8882	5.0925	3
165.5	16.3604	866.0537	5.0912	3
165.6	16.356	865.1605	5.102	3
165.7	16.3515	864.4041	5.108	3
165.8	16.3469	863.4739	5.1197	3
165.9	16.3426	862.5668	5.1245	3
166	16.3387	861.7233	5.1107	3
166.1	16.3345	860.8872	5.1018	3
166.2	16.3303	860.0836	5.0921	3
166.3	16.3264	859.1811	5.0929	3
166.4	16.3227	858.2936	5.0861	3
166.5	16.3189	857.5005	5.0852	3
166.6	16.3146	856.7192	5.0832	3
166.7	16.3101	855.8969	5.0824	3
166.8	16.3061	855.0622	5.0758	3
166.9	16.3019	854.2818	5.0712	3
167	16.2974	853.5496	5.0707	3
167.1	16.2925	852.7429	5.0819	3
167.2	16.288	851.81	5.1016	3
167.3	16.2836	851.0449	5.0997	3
167.4	16.2787	850.3011	5.1005	3
167.5	16.2734	849.5183	5.1172	3
167.6	16.2681	848.6371	5.1173	3
167.7	16.263	847.7402	5.106	3
167.8	16.2581	846.8765	5.1079	3
167.9	16.2531	846.0473	5.1101	3
168	16.2486	845.1671	5.1008	3
168.1	16.2438	844.4305	5.0939	3
168.2	16.2388	843.5728	5.1047	3
168.3	16.2338	842.827	5.0988	3
168.4	16.2285	841.9705	5.0841	3
168.5	16.2235	841.1744	5.0835	3
168.6	16.2184	840.2834	5.0884	3
168.7	16.2133	839.4259	5.0905	3
168.8	16.2082	838.7042	5.0835	3
168.9	16.203	837.7917	5.0852	3
169	16.1978	836.926	5.0798	3
169.1	16.1928	836.1031	5.0701	3
169.2	16.1877	835.2362	5.0781	3
169.3	16.1826	834.4233	5.075	3
169.4	16.1777	833.5476	5.0784	3
169.5	16.173	832.6857	5.0817	3
169.6	16.1685	831.8925	5.0783	3
169.7	16.1638	830.9545	5.0669	3
169.8	16.1594	830.2431	5.0609	3
169.9	16.1547	829.3595	5.09	3
170	16.1496	828.6035	5.1097	3
170.1	16.1448	827.7596	5.1139	3
170.2	16.1399	826.8483	5.0955	3
170.3	16.1352	826.0286	5.0872	3
170.4	16.1304	825.2375	5.0941	3
170.5	16.1252	824.5037	5.0926	3
170.6	16.1203	823.5812	5.0898	3
170.7	16.1154	822.6626	5.0961	3
170.8	16.1108	821.9312	5.1059	3
170.9	16.1059	821.0395	5.1007	3
171	16.101	820.2238	5.0964	3
171.1	16.096	819.4171	5.1003	3
171.2	16.0907	818.6967	5.1029	3
171.3	16.0855	817.8616	5.0956	3
171.4	16.0803	816.9545	5.0954	3
171.5	16.0752	816.1033	5.1007	3
171.6	16.07	815.2915	5.0993	3
171.7	16.0647	814.468	5.1024	3
171.8	16.0593	813.6386	5.1073	3
171.9	16.0538	812.8819	5.1149	3
172	16.0487	811.9472	5.1161	3
172.1	16.0439	810.9465	5.1227	3
172.2	16.0394	810.1509	5.1251	3
172.3	16.035	809.2676	5.1131	3
172.4	16.0306	808.4054	5.1136	3
172.5	16.0266	807.5307	5.1187	3
172.6	16.0229	806.5755	5.1294	3
172.7	16.0197	805.7209	5.1332	3
172.8	16.0165	804.8279	5.1187	3
172.9	16.0134	804.0231	5.1174	3
173	16.0104	803.1614	5.125	3
173.1	16.0074	802.363	5.1223	3
173.2	16.0042	801.4943	5.1093	3
173.3	16.001	800.7634	5.1021	3
173.4	15.9974	799.9024	5.105	3
173.5	15.9942	799.0676	5.1054	3
173.6	15.9911	798.2314	5.1092	3
173.7	15.9877	797.4603	5.0998	3
173.8	15.984	796.5808	5.1045	3
173.9	15.9804	795.7483	5.1082	3
174	15.9768	794.98	5.1009	3
174.1	15.9732	794.1989	5.0831	3
174.2	15.9694	793.2698	5.0864	3
174.3	15.9658	792.4382	5.0951	3
174.4	15.9622	791.6502	5.0975	3
174.5	15.9582	790.9446	5.0978	3
174.6	15.9539	790.1106	5.0933	3
174.7	15.9497	789.2691	5.0951	3
174.8	15.9456	788.4082	5.121	3
174.9	15.9413	787.6102	5.125	3
175	15.9371	786.7634	5.1143	3
175.1	15.9332	785.7821	5.1044	3
175.2	15.9295	785.0044	5.091	3
175.3	15.9258	784.217	5.0969	3
175.4	15.9219	783.3514	5.1067	3
175.5	15.9181	782.4866	5.1012	3
175.6	15.9143	781.709	5.0985	3
175.7	15.91	780.953	5.1127	3
175.8	15.9057	780.0782	5.1189	3
175.9	15.9015	779.2165	5.0915	3
176	15.8973	778.4697	5.0792	3
176.1	15.8929	777.592	5.083	3
176.2	15.8884	776.8972	5.082	3
176.3	15.8838	776.0797	5.0877	3
176.4	15.8789	775.2122	5.089	3
176.5	15.8741	774.4823	5.0925	3
176.6	15.8697	773.4271	5.0983	3
176.7	15.8651	772.5788	5.1016	3
176.8	15.8603	771.8855	5.1031	3
176.9	15.8553	771.0937	5.0986	3
177	15.8507	770.325	5.0859	3
177.1	15.846	769.3405	5.0891	3
177.2	15.841	768.5821	5.0959	3
177.3	15.8363	767.6859	5.0871	3
177.4	15.8317	766.7285	5.0845	3
177.5	15.8275	766.0116	5.0827	3
177.6	15.8232	765.0544	5.0705	3
177.7	15.8186	764.4283	5.0607	3
177.8	15.8139	763.574	5.0602	3
177.9	15.8092	762.6491	5.0729	3
178	15.8045	761.8521	5.0866	3
178.1	15.7999	760.9414	5.087	3
178.2	15.7955	760.0756	5.086	3
178.3	15.7912	759.293	5.0914	3
178.4	15.7867	758.4562	5.0932	3
178.5	15.7821	757.7577	5.0928	3
178.6	15.7774	756.8542	5.0807	3
178.7	15.7725	756.0723	5.0684	3
178.8	15.7676	755.2535	5.0664	3
178.9	15.7626	754.411	5.0695	3
179	15.7574	753.6382	5.0638	3
179.1	15.7519	752.8932	5.0723	3
179.2	15.7464	752.0793	5.0783	3
179.3	15.7411	751.1833	5.0645	3
179.4	15.7357	750.3579	5.0629	3
179.5	15.7302	749.5114	5.075	3
179.6	15.725	748.5964	5.0714	3
179.7	15.7199	747.8062	5.0662	3
179.8	15.7145	747.0001	5.0583	3
179.9	15.709	746.283	5.0602	3
180	15.7034	745.4658	5.0754	3
180.1	15.6975	744.5578	5.0857	3
180.2	15.6918	743.7409	5.0906	3
180.3	15.6863	742.8463	5.088	3
180.4	15.6803	742.1685	5.0884	3
180.5	15.6748	741.2063	5.0856	3
180.6	15.6696	740.2171	5.0901	3
180.7	15.665	739.3946	5.0824	3
180.8	15.6604	738.4438	5.065	3
180.9	15.6557	737.6922	5.0791	3
181	15.6516	736.8228	5.0964	3
181.1	15.647	735.9862	5.0911	3
181.2	15.6422	735.2644	5.0846	3
181.3	15.6376	734.2067	5.0884	3
181.4	15.6331	733.468	5.0887	3
181.5	15.6288	732.6268	5.0896	3
181.6	15.6241	731.8531	5.0818	3
181.7	15.6192	731.0041	5.1009	3
181.8	15.6146	730.1585	5.1161	3
181.9	15.6098	729.3799	5.1067	3
182	15.6052	728.5228	5.1139	3
182.1	15.6008	727.6298	5.1188	3
182.2	15.5963	726.8421	5.1311	3
182.3	15.5914	726.1417	5.1383	3
182.4	15.5858	725.317	5.1329	3
182.5	15.5806	724.495	5.1371	3
182.6	15.5754	723.6071	5.1504	3
182.7	15.5702	722.7696	5.1538	3
182.8	15.5655	721.8633	5.1424	3
182.9	15.5606	721.1387	5.1314	3
183	15.5553	720.3458	5.1256	3
183.1	15.5499	719.4374	5.119	3
183.2	15.544	718.731	5.116	3
183.3	15.5386	717.9038	5.1163	3
183.4	15.5331	716.9358	5.1316	3
183.5	15.5278	716.2082	5.1223	3
183.6	15.5224	715.2468	5.1124	3
183.7	15.5167	714.5204	5.1132	3
183.8	15.5115	713.7125	5.1124	3
183.9	15.5058	712.8217	5.1062	3
184	15.5002	712.1817	5.105	3
184.1	15.4945	711.185	5.1024	3
184.2	15.4888	710.365	5.0944	3
184.3	15.4834	709.5428	5.103	3
184.4	15.478	708.6259	5.1023	3
184.5	15.4727	707.8233	5.1044	3
184.6	15.4678	706.8815	5.1196	3
184.7	15.4627	706.0479	5.1211	3
184.8	15.4581	705.2115	5.1253	3
184.9	15.4533	704.3484	5.1342	3
185	15.4482	703.6465	5.1258	3
185.1	15.4429	702.7829	5.1273	3
185.2	15.4373	701.9984	5.1241	3
185.3	15.4318	701.278	5.1237	3
185.4	15.4261	700.4278	5.135	3
185.5	15.4202	699.5961	5.1482	3
185.6	15.4145	698.7379	5.1506	3
185.7	15.4089	697.844	5.1383	3
185.8	15.4034	697.0719	5.1218	3
185.9	15.398	696.1804	5.1211	3
186	15.3924	695.3553	5.1188	3
186.1	15.3868	694.6104	5.113	3
186.2	15.3812	693.7218	5.1194	3
186.3	15.3755	692.8662	5.1277	3
186.4	15.37	692.0546	5.1356	3
186.5	15.3643	691.2166	5.1456	3
186.6	15.3582	690.4289	5.1491	3
186.7	15.3524	689.548	5.1313	3
186.8	15.3464	688.8691	5.1295	3
186.9	15.3405	687.9889	5.1234	3
187	15.3341	687.1219	5.1212	3
187.1	15.3282	686.2835	5.1283	3
187.2	15.3224	685.4499	5.1308	3
187.3	15.3167	684.6374	5.1348	3
187.4	15.3108	683.7482	5.1416	3
187.5	15.3049	682.9559	5.1368	3
187.6	15.2989	682.08	5.1308	3
187.7	15.2932	681.2509	5.136	3
187.8	15.2877	680.32	5.1228	3
187.9	15.2822	679.5457	5.1264	3
188	15.2763	678.7481	5.1284	3
188.1	15.2704	677.9173	5.118	3
188.2	15.2649	677.0419	5.1124	3
188.3	15.2591	676.2485	5.1067	3
188.4	15.2534	675.4071	5.1042	3
188.5	15.2476	674.5798	5.1123	3
188.6	15.2417	673.8484	5.1296	3
188.7	15.2356	672.986	5.128	3
188.8	15.2293	672.1677	5.128	3
188.9	15.2232	671.2514	5.1371	3
189	15.2172	670.4732	5.1389	3
189.1	15.211	669.7517	5.1284	3
189.2	15.2046	668.8497	5.127	3
189.3	15.1981	668.0048	5.1306	3
189.4	15.1919	667.1431	5.1337	3
189.5	15.1857	666.3106	5.1277	3
189.6	15.1798	665.4763	5.1201	3
189.7	15.1741	664.5129	5.1264	3
189.8	15.1686	663.6602	5.1288	3
189.9	15.1631	662.851	5.1315	3
190	15.1575	662.0714	5.1335	3
190.1	15.1517	661.0884	5.1275	3
190.2	15.1463	660.3178	5.1158	3
190.3	15.1411	659.4824	5.1214	3
190.4	15.1357	658.6928	5.1276	3
190.5	15.1305	657.7312	5.1182	3
190.6	15.1255	656.9137	5.1093	3
190.7	15.1204	656.1101	5.1072	3
190.8	15.1152	655.2518	5.1055	3
190.9	15.1099	654.4642	5.1043	3
191	15.1044	653.7404	5.1167	3
191.1	15.0988	652.9146	5.1342	3
191.2	15.0927	652.1694	5.1279	3
191.3	15.0863	651.4271	5.1152	3
191.4	15.0799	650.4831	5.1134	3
191.5	15.0734	649.7174	5.109	3
191.6	15.0672	648.9035	5.107	3
191.7	15.0605	648.0381	5.1208	3
191.8	15.0544	647.1864	5.1304	3
191.9	15.0484	646.3162	5.135	3
192	15.0421	645.5025	5.145	3
192.1	15.0357	644.6739	5.1385	3
192.2	15.0292	643.8583	5.1253	3
192.3	15.0228	643.1246	5.1177	3
192.4	15.0163	642.243	5.1271	3
192.5	15.0098	641.3676	5.1328	3
192.6	15.0034	640.57	5.1307	3
192.7	14.9969	639.7361	5.1192	3
192.8	14.9902	638.9627	5.1294	3
192.9	14.9834	638.0756	5.1299	3
193	14.9767	637.2754	5.1267	3
193.1	14.97	636.4558	5.1313	3
193.2	14.9631	635.6622	5.1356	3
193.3	14.9565	634.7195	5.1196	3
193.4	14.95	633.8876	5.1167	3
193.5	14.9435	633.0621	5.1245	3
193.6	14.9369	632.1889	5.1213	3
193.7	14.9306	631.3449	5.1157	3
193.8	14.9247	630.4923	5.1339	3
193.9	14.9187	629.6738	5.1381	3
194	14.9126	628.8136	5.1363	3
194.1	14.9061	628.0503	5.1298	3
194.2	14.8997	627.118	5.1283	3
194.3	14.8937	626.2515	5.1314	3
194.4	14.8886	625.2258	5.1335	3
194.5	14.8833	624.513	5.1306	3
194.6	14.878	623.6607	5.1286	3
194.7	14.8722	622.8035	5.1305	3
194.8	14.8668	622.0408	5.1308	3
194.9	14.8615	620.9716	5.1172	3
195	14.8567	620.22	5.1202	3
195.1	14.8522	619.2796	5.1299	3
195.2	14.8477	618.5205	5.124	3
195.3	14.8431	617.6947	5.1312	3
195.4	14.8383	616.7947	5.1288	3
195.5	14.833	616.1427	5.1151	3
195.6	14.8276	615.4178	5.1175	3
195.7	14.8218	614.6013	5.1328	3
195.8	14.8155	613.8965	5.1418	3
195.9	14.8095	612.9544	5.1378	3
196	14.8031	612.2067	5.1328	3
196.1	14.7969	611.3651	5.1198	3
196.2	14.7905	610.4179	5.1057	3
196.3	14.7843	609.6565	5.1126	3
196.4	14.7782	608.8653	5.1157	3
196.5	14.7716	608.0784	5.1146	3
196.6	14.7652	607.2818	5.1298	3
196.7	14.7583	606.4393	5.1344	3
196.8	14.7514	605.6019	5.1425	3
196.9	14.7445	604.8764	5.1442	3
197	14.7373	604.086	5.1388	3
197.1	14.7299	603.2845	5.1295	3
197.2	14.7226	602.3499	5.1233	3
197.3	14.7157	601.452	5.1351	3
197.4	14.7088	600.6525	5.138	3
197.5	14.702	599.74	5.1125	3
197.6	14.6952	598.9216	5.0943	3
197.7	14.6884	598.1361	5.1037	3
197.8	14.6817	597.2799	5.1081	3
197.9	14.6748	596.4355	5.1199	3
198	14.6683	595.5982	5.1308	3
198.1	14.6615	594.7425	5.1176	3
198.2	14.655	593.9101	5.1017	3
198.3	14.6485	592.9602	5.1118	3
198.4	14.6423	592.1485	5.1113	3
198.5	14.6362	591.3205	5.1031	3
198.6	14.6298	590.5075	5.1064	3
198.7	14.6231	589.8049	5.1121	3
198.8	14.616	589.0285	5.1246	3
198.9	14.6086	588.214	5.118	3
199	14.6011	587.4209	5.1251	3
199.1	14.5938	586.5357	5.1349	3
199.2	14.5866	585.6712	5.1313	3
199.3	14.5794	584.8788	5.1223	3
199.4	14.5724	583.9838	5.1227	3
199.5	14.5655	583.1501	5.1188	3
199.6	14.5586	582.2919	5.1305	3
199.7	14.5515	581.5552	5.1327	3
199.8	14.5441	580.7427	5.1272	3
199.9	14.5367	579.8981	5.1405	3
200	14.5292	579.0416	5.1477	3
200.1	14.5219	578.1785	5.1404	3
200.2	14.5145	577.4472	5.1294	3
200.3	14.5072	576.5745	5.1421	3
200.4	14.4998	575.8053	5.159	3
200.5	14.4923	574.815	5.1604	3
200.6	14.4851	574.0592	5.1516	3
200.7	14.4776	573.2503	5.1316	3
200.8	14.4702	572.3672	5.1286	3
200.9	14.4627	571.5928	5.1379	3
201	14.4553	570.7258	5.1351	3
201.1	14.4476	569.9852	5.1366	3
201.2	14.4399	569.1231	5.1288	3
201.3	14.4321	568.3356	5.1199	3
201.4	14.424	567.5956	5.1349	3
201.5	14.4158	566.7132	5.1419	3
201.6	14.4077	565.8364	5.137	3
201.7	14.3998	565.0538	5.1251	3
201.8	14.3919	564.1827	5.1258	3
201.9	14.384	563.3154	5.1296	3
202	14.3761	562.5269	5.1354	3
202.1	14.3683	561.6461	5.1343	3
202.2	14.3603	560.8792	5.1256	3
202.3	14.3525	560.0034	5.138	3
202.4	14.3445	559.17	5.1406	3
202.5	14.3364	558.3558	5.1395	3
202.6	14.3283	557.5073	5.1345	3
202.7	14.3205	556.5975	5.1312	3
202.8	14.313	555.7639	5.1366	3
202.9	14.3054	554.8742	5.126	3
203	14.2981	554.0182	5.1399	3
203.1	14.2911	553.2043	5.1458	3
203.2	14.2839	552.334	5.1477	3
203.3	14.2772	551.5329	5.1661	3
203.4	14.2712	550.5307	5.1426	3
203.5	14.2652	549.6106	5.1249	3
203.6	14.259	548.8424	5.1452	3
203.7	14.2528	548.0369	5.1477	3
203.8	14.246	547.2331	5.1352	3
203.9	14.2395	546.4091	5.1365	3
204	14.2327	545.5473	5.1351	3
204.1	14.2257	544.7974	5.1138	3
204.2	14.2187	544.0381	5.105	3
204.3	14.2118	543.1733	5.1146	3
204.4	14.205	542.2136	5.1192	3
204.5	14.1986	541.2878	5.129	3
204.6	14.1927	540.3963	5.1389	3
204.7	14.1868	539.5681	5.1209	3
204.8	14.1813	538.6601	5.1058	3
204.9	14.1757	537.895	5.1068	3
205	14.1698	537.0453	5.1068	3
205.1	14.1637	536.2838	5.1057	3
205.2	14.1574	535.5083	5.0974	3
205.3	14.1512	534.5761	5.1007	3
205.4	14.1453	533.7622	5.1064	3
205.5	14.1396	532.9014	5.105	3
205.6	14.1338	532.0693	5.099	3
205.7	14.128	531.2643	5.1052	3
205.8	14.1222	530.384	5.1274	3
205.9	14.1163	529.538	5.1234	3
206	14.1103	528.7644	5.1093	3
206.1	14.1042	527.9671	5.119	3
206.2	14.0981	527.1349	5.1317	3
206.3	14.0917	526.3346	5.1289	3
206.4	14.0855	525.413	5.1138	3
206.5	14.0797	524.6135	5.1145	3
206.6	14.0738	523.7146	5.1204	3
206.7	14.0681	522.8986	5.1086	3
206.8	14.0622	522.0349	5.1101	3
206.9	14.0564	521.215	5.1161	3
207	14.0503	520.4552	5.128	3
207.1	14.0442	519.6011	5.111	3
207.2	14.0382	518.8117	5.1105	3
207.3	14.032	518.0234	5.124	3
207.4	14.0253	517.216	5.1223	3
207.5	14.0188	516.3397	5.1217	3
207.6	14.0124	515.4616	5.1022	3
207.7	14.0064	514.5763	5.111	3
207.8	14.0004	513.7167	5.1201	3
207.9	13.9946	512.904	5.1226	3
208	13.9888	512.1242	5.1199	3
208.1	13.9829	511.3211	5.1243	3
208.2	13.9768	510.5311	5.1258	3
208.3	13.9704	509.673	5.1191	3
208.4	13.9641	508.7936	5.1171	3
208.5	13.9579	507.9775	5.1123	3
208.6	13.9517	507.1405	5.0972	3
208.7	13.9454	506.3418	5.0913	3
208.8	13.9387	505.6319	5.0959	3
208.9	13.932	504.7175	5.0922	3
209	13.9254	503.8252	5.091	3
209.1	13.9191	503.1215	5.1025	3
209.2	13.9123	502.2206	5.0928	3
209.3	13.9055	501.4912	5.0724	3
209.4	13.8988	500.6298	5.0707	3
209.5	13.892	499.7952	5.0732	3
209.6	13.8852	499.0004	5.0751	3
209.7	13.878	498.1981	5.0792	3
209.8	13.8708	497.3294	5.0745	3
209.9	13.8636	496.5361	5.0724	3
210	13.856	495.7562	5.0687	3
210.1	13.8485	494.9045	5.0708	3
210.2	13.8416	493.9516	5.0777	3
210.3	13.835	493.051	5.0788	3
210.4	13.8285	492.249	5.0755	3
210.5	13.822	491.347	5.0879	3
210.6	13.8156	490.4476	5.0947	3
210.7	13.8092	489.7302	5.0911	3
210.8	13.8028	488.8619	5.0794	3
210.9	13.7963	488.045	5.0751	3
211	13.7899	487.1193	5.0812	3
211.1	13.7834	486.3053	5.0823	3
211.2	13.7772	485.4464	5.0809	3
211.3	13.7713	484.6361	5.0887	3
211.4	13.765	483.927	5.0852	3
211.5	13.7581	483.0715	5.089	3
211.6	13.7511	482.276	5.0988	3
211.7	13.7443	481.435	5.0966	3
211.8	13.7378	480.5044	5.0853	3
211.9	13.7315	479.7259	5.0868	3
212	13.7248	478.9313	5.1	3
212.1	13.7179	478.0969	5.1034	3
212.2	13.7114	477.2027	5.0858	3
212.3	13.7045	476.4244	5.0942	3
212.4	13.6977	475.6284	5.0996	3
212.5	13.691	474.8183	5.0827	3
212.6	13.6843	473.9241	5.0732	3
212.7	13.6778	473.0388	5.058	3
212.8	13.6712	472.2335	5.0725	3
212.9	13.6646	471.4143	5.0932	3
213	13.6577	470.5802	5.0886	3
213.1	13.6509	469.7968	5.0899	3
213.2	13.644	468.9714	5.0896	3
213.3	13.6367	468.2195	5.0767	3
213.4	13.6297	467.3295	5.0803	3
213.5	13.6227	466.4112	5.0812	3
213.6	13.6158	465.6168	5.0766	3
213.7	13.6089	464.7981	5.0729	3
213.8	13.6019	463.9938	5.0712	3
213.9	13.595	463.1079	5.0656	3
214	13.5881	462.2093	5.07	3
214.1	13.5816	461.3682	5.0826	3
214.2	13.5751	460.5553	5.0781	3
214.3	13.5687	459.7007	5.0852	3
214.4	13.5622	458.8623	5.107	3
214.5	13.5558	458.0111	5.0981	3
214.6	13.5494	457.1465	5.0963	3
214.7	13.5429	456.4315	5.1099	3
214.8	13.5363	455.5825	5.1075	3
214.9	13.5296	454.7386	5.1015	3
215	13.5226	453.9986	5.0833	3
215.1	13.5157	453.1343	5.0837	3
215.2	13.5086	452.2853	5.0798	3
215.3	13.5017	451.4709	5.0744	3
215.4	13.4945	450.6836	5.0757	3
215.5	13.4872	449.8246	5.0644	3
215.6	13.4804	448.9337	5.0586	3
215.7	13.4736	448.1524	5.0599	3
215.8	13.4664	447.3603	5.0762	3
215.9	13.4592	446.4928	5.0853	3
216	13.4521	445.648	5.0902	3
216.1	13.4452	444.8431	5.0826	3
216.2	13.4383	443.9908	5.0773	3
216.3	13.4312	443.1634	5.08	3
216.4	13.4243	442.3191	5.0753	3
216.5	13.4173	441.458	5.0705	3
216.6	13.4102	440.6829	5.0713	3
216.7	13.403	439.7981	5.0689	3
216.8	13.3955	439.0502	5.0678	3
216.9	13.388	438.2943	5.0596	3
217	13.3801	437.566	5.0623	3
217.1	13.3722	436.6988	5.0733	3
217.2	13.3642	435.8119	5.078	3
217.3	13.3564	435.0485	5.0864	3
217.4	13.3483	434.2716	5.0888	3
217.5	13.3401	433.3706	5.0843	3
217.6	13.3321	432.5267	5.0861	3
217.7	13.3242	431.6282	5.0839	3
217.8	13.3161	430.9444	5.0792	3
217.9	13.3079	430.0828	5.0804	3
218	13.2995	429.2249	5.0783	3
218.1	13.2915	428.3505	5.0654	3
218.2	13.2835	427.4724	5.0763	3
218.3	13.2755	426.7427	5.0852	3
218.4	13.2677	425.786	5.0855	3
218.5	13.26	424.9358	5.0788	3
218.6	13.2524	424.1162	5.0891	3
218.7	13.2446	423.2841	5.0889	3
218.8	13.2367	422.4309	5.0904	3
218.9	13.2291	421.6149	5.0936	3
219	13.2213	420.7826	5.0995	3
219.1	13.2137	419.9601	5.1032	3
219.2	13.2064	419.0304	5.1063	3
219.3	13.1989	418.2392	5.1059	3
219.4	13.1913	417.3822	5.1118	3
219.5	13.1835	416.5899	5.1153	3
219.6	13.176	415.743	5.1194	3
219.7	13.1685	414.8417	5.1215	3
219.8	13.1611	414.0523	5.1049	3
219.9	13.1534	413.306	5.1064	3
220	13.1456	412.4305	5.1009	3
220.1	13.1379	411.6117	5.1091	3
220.2	13.1302	410.7621	5.1149	3
220.3	13.1226	409.9714	5.1214	3
220.4	13.1149	409.1098	5.1113	3
220.5	13.1071	408.2751	5.109	3
220.6	13.0991	407.4824	5.1085	3
220.7	13.0913	406.6318	5.0978	3
220.8	13.0834	405.8265	5.0936	3
220.9	13.0751	405.1082	5.0936	3
221	13.0669	404.2242	5.0983	3
221.1	13.0587	403.3734	5.1116	3
221.2	13.0508	402.5131	5.1239	3
221.3	13.0427	401.7391	5.1216	3
221.4	13.0345	400.8583	5.1202	3
221.5	13.0264	400.0628	5.1225	3
221.6	13.0184	399.115	5.1298	3
221.7	13.0103	398.2954	5.1366	3
221.8	13.0023	397.4736	5.1307	3
221.9	12.9947	396.512	5.1181	3
222	12.9877	395.5921	5.1239	3
222.1	12.9812	394.6563	5.1223	3
222.2	12.9751	393.6994	5.1216	3
222.3	12.9696	392.801	5.1235	3
222.4	12.964	391.9574	5.1112	3
222.5	12.9582	391.2871	5.1106	3
222.6	12.9515	390.5804	5.1019	3
222.7	12.9445	389.7814	5.0956	3
222.8	12.9374	389.0177	5.1066	3
222.9	12.9299	388.2203	5.1121	3
223	12.9224	387.4566	5.1235	3
223.1	12.9147	386.6186	5.1121	3
223.2	12.9068	385.8536	5.0952	3
223.3	12.8989	385.0302	5.1009	3
223.4	12.8908	384.1267	5.1075	3
223.5	12.883	383.3421	5.1058	3
223.6	12.8749	382.5799	5.1071	3
223.7	12.8666	381.7645	5.116	3
223.8	12.8579	381.0808	5.1232	3
223.9	12.849	380.2064	5.1232	3
224	12.8397	379.4674	5.1127	3
224.1	12.8306	378.658	5.1126	3
224.2	12.8213	377.6973	5.1181	3
224.3	12.8123	376.8845	5.1265	3
224.4	12.8036	375.9829	5.1126	3
224.5	12.7947	375.2072	5.109	3
224.6	12.7858	374.3	5.1243	3
224.7	12.7773	373.4634	5.1331	3
224.8	12.7688	372.7359	5.1208	3
224.9	12.76	371.8499	5.1078	3
225	12.7513	370.9178	5.1203	3
225.1	12.7428	370.0312	5.1212	3
225.2	12.7346	369.1678	5.1155	3
225.3	12.7263	368.4063	5.1127	3
225.4	12.7181	367.4969	5.1089	3
225.5	12.7099	366.6223	5.1138	3
225.6	12.702	365.8657	5.1133	3
225.7	12.6941	364.9592	5.1106	3
225.8	12.6862	364.1346	5.1206	3
225.9	12.6784	363.2201	5.1168	3
226	12.6706	362.4159	5.1146	3
226.1	12.6629	361.6227	5.1093	3
226.2	12.6552	360.7429	5.1067	3
226.3	12.6474	360.0222	5.0997	3
226.4	12.6395	359.144	5.0864	3
226.5	12.6315	358.321	5.078	3
226.6	12.6235	357.5037	5.0852	3
226.7	12.6154	356.7067	5.0874	3
226.8	12.6072	355.9795	5.1024	3
226.9	12.5986	355.1333	5.1114	3
227	12.5899	354.2974	5.1093	3
227.1	12.5813	353.4096	5.1117	3
227.2	12.573	352.4784	5.1095	3
227.3	12.5652	351.5604	5.1155	3
227.4	12.5577	350.7048	5.1133	3
227.5	12.5504	349.921	5.114	3
227.6	12.5428	349.1332	5.1151	3
227.7	12.5346	348.4122	5.1151	3
227.8	12.5259	347.7533	5.1133	3
227.9	12.5168	346.9267	5.1057	3
228	12.5076	346.0938	5.1125	3
228.1	12.4983	345.2775	5.112	3
228.2	12.4886	344.5171	5.1043	3
228.3	12.479	343.6063	5.1075	3
228.4	12.4698	342.7539	5.1099	3
228.5	12.4606	341.9953	5.1084	3
228.6	12.4511	341.0784	5.093	3
228.7	12.4419	340.2444	5.0903	3
228.8	12.4331	339.304	5.0991	3
228.9	12.4242	338.449	5.0907	3
229	12.4158	337.5408	5.0879	3
229.1	12.4074	336.6056	5.086	3
229.2	12.3996	335.8347	5.0943	3
229.3	12.3919	334.961	5.0986	3
229.4	12.3837	334.1799	5.0939	3
229.5	12.3757	333.3229	5.0922	3
229.6	12.3674	332.5106	5.0866	3
229.7	12.3588	331.7583	5.0845	3
229.8	12.3501	331.0617	5.0819	3
229.9	12.3411	330.2885	5.0781	3
230	12.3318	329.4597	5.0827	3
230.1	12.3225	328.571	5.0853	3
230.2	12.313	327.7699	5.1074	3
230.3	12.3036	327.0074	5.1092	3
230.4	12.2942	326.088	5.1038	3
230.5	12.285	325.3292	5.1162	3
230.6	12.2757	324.3446	5.1178	3
230.7	12.2668	323.4357	5.1156	3
230.8	12.2582	322.6502	5.1196	3
230.9	12.2493	321.8242	5.1164	3
231	12.24	321.0737	5.1084	3
231.1	12.2304	320.2865	5.094	3
231.2	12.2213	319.4282	5.0963	3
231.3	12.212	318.5479	5.099	3
231.4	12.2026	317.8478	5.1117	3
231.5	12.1929	316.9313	5.1216	3
231.6	12.1836	316.1499	5.1164	3
231.7	12.1742	315.1909	5.1181	3
231.8	12.1648	314.4511	5.1178	3
231.9	12.1551	313.6899	5.1151	3
232	12.1455	312.7958	5.1109	3
232.1	12.1363	311.8667	5.0975	3
232.2	12.1272	311.0395	5.0962	3
232.3	12.1179	310.3351	5.0998	3
232.4	12.1083	309.4332	5.0952	3
232.5	12.0988	308.6434	5.0965	3
232.6	12.0893	307.804	5.0887	3
232.7	12.0797	307.0234	5.0966	3
232.8	12.0701	306.1825	5.1097	3
232.9	12.0602	305.3184	5.0994	3
233	12.0502	304.5496	5.0942	3
233.1	12.0402	303.7734	5.0999	3
233.2	12.0299	302.9385	5.0987	3
233.3	12.0199	302.0471	5.0972	3
233.4	12.0099	301.1943	5.0939	3
233.5	12	300.3612	5.091	3
233.6	11.9899	299.553	5.1097	3
233.7	11.9797	298.8652	5.1158	3
233.8	11.9693	297.9733	5.0989	3
233.9	11.9589	297.1119	5.0983	3
234	11.9483	296.3463	5.1017	3
234.1	11.9374	295.5813	5.096	3
234.2	11.9265	294.7801	5.1013	3
234.3	11.9158	293.818	5.1155	3
234.4	11.9055	293.0375	5.1179	3
234.5	11.8948	292.2537	5.1173	3
234.6	11.884	291.385	5.1087	3
234.7	11.8731	290.6306	5.1107	3
234.8	11.8621	289.7992	5.1072	3
234.9	11.8504	289.0682	5.1073	3
235	11.8385	288.288	5.1193	3
235.1	11.8269	287.3286	5.1205	3
235.2	11.8156	286.5212	5.1236	3
235.3	11.8044	285.5707	5.1333	3
235.4	11.7937	284.6551	5.1251	3
235.5	11.7836	283.7062	5.1205	3
235.6	11.7733	282.9249	5.1216	3
235.7	11.7627	282.2271	5.1252	3
235.8	11.752	281.3742	5.1171	3
235.9	11.7412	280.5431	5.1118	3
236	11.7303	279.7559	5.1223	3
236.1	11.719	278.9374	5.1163	3
236.2	11.7082	278.0133	5.1196	3
236.3	11.6978	277.0239	5.1301	3
236.4	11.6876	276.2128	5.1303	3
236.5	11.6774	275.4135	5.1221	3
236.6	11.6672	274.6319	5.1162	3
236.7	11.6568	273.7632	5.1091	3
236.8	11.6465	272.9566	5.1054	3
236.9	11.6363	271.9848	5.1039	3
237	11.6265	271.1784	5.1074	3
237.1	11.6168	270.3074	5.1189	3
237.2	11.6071	269.5284	5.1017	3
237.3	11.5972	268.622	5.0973	3
237.4	11.5874	267.8324	5.0936	3
237.5	11.5773	267.1157	5.0919	3
237.6	11.5667	266.2914	5.087	3
237.7	11.5562	265.4414	5.0894	3
237.8	11.5459	264.5503	5.0981	3
237.9	11.5358	263.7221	5.0986	3
238	11.5256	262.9251	5.0863	3
238.1	11.5153	262.1215	5.0875	3
238.2	11.5049	261.2908	5.1113	3
238.3	11.4946	260.4953	5.1143	3
238.4	11.484	259.6988	5.1096	3
238.5	11.4733	258.8294	5.1231	3
238.6	11.463	257.8333	5.1362	3
238.7	11.453	257.0782	5.1296	3
238.8	11.4427	256.2817	5.1166	3
238.9	11.4323	255.4279	5.1249	3
239	11.4221	254.6492	5.1214	3
239.1	11.4117	253.7397	5.1259	3
239.2	11.4013	253.0358	5.1174	3
239.3	11.3906	252.1951	5.1178	3
239.4	11.3797	251.3329	5.1268	3
239.5	11.3691	250.4835	5.1271	3
239.6	11.3588	249.6302	5.1464	3
239.7	11.3485	248.7578	5.1431	3
239.8	11.3383	247.9173	5.1303	3
239.9	11.3282	246.9983	5.1318	3
240	11.3184	246.1514	5.1254	3
240.1	11.3086	245.3396	5.1319	3
240.2	11.2986	244.5306	5.1392	3
240.3	11.2885	243.6686	5.1402	3
240.4	11.2786	242.889	5.1336	3
240.5	11.2683	242.0917	5.1252	3
240.6	11.2579	241.3681	5.1286	3
240.7	11.247	240.5632	5.1288	3
240.8	11.2363	239.6319	5.1182	3
240.9	11.226	238.809	5.1217	3
241	11.2154	237.9988	5.1196	3
241.1	11.2047	237.3367	5.1121	3
241.2	11.1933	236.4476	5.1207	3
241.3	11.1822	235.603	5.1292	3
241.4	11.171	234.8607	5.1179	3
241.5	11.1595	234.0131	5.1241	3
241.6	11.1481	233.164	5.1341	3
241.7	11.1369	232.2492	5.1288	3
241.8	11.1255	231.4986	5.1154	3
241.9	11.1142	230.6751	5.1224	3
242	11.1027	229.8277	5.1351	3
242.1	11.0914	228.9811	5.1217	3
242.2	11.0802	228.1553	5.128	3
242.3	11.0687	227.3312	5.1312	3
242.4	11.0574	226.4146	5.1335	3
242.5	11.0462	225.6285	5.1337	3
242.6	11.0346	224.8576	5.1472	3
242.7	11.023	223.9526	5.1461	3
242.8	11.0117	223.1782	5.1306	3
242.9	11.0006	222.3052	5.1381	3
243	10.9892	221.4878	5.1373	3
243.1	10.9774	220.6205	5.1435	3
243.2	10.966	219.7595	5.1503	3
243.3	10.9546	218.9626	5.1521	3
243.4	10.9432	218.1955	5.1478	3
243.5	10.9319	217.2662	5.1363	3
243.6	10.9207	216.4283	5.1373	3
243.7	10.9092	215.6679	5.1328	3
243.8	10.8977	214.8131	5.125	3
243.9	10.8862	213.9786	5.1269	3
244	10.8747	213.1443	5.1244	3
244.1	10.8632	212.3414	5.1214	3
244.2	10.8516	211.6133	5.128	3
244.3	10.8397	210.7258	5.1391	3
244.4	10.8278	209.8532	5.137	3
244.5	10.8163	209.0353	5.1276	3
244.6	10.8046	208.1486	5.1267	3
244.7	10.7934	207.1994	5.1198	3
244.8	10.7826	206.3356	5.1093	3
244.9	10.7715	205.629	5.1112	3
245	10.7602	204.813	5.1145	3
245.1	10.7488	203.9726	5.1103	3
245.2	10.7373	203.1726	5.1149	3
245.3	10.7253	202.3553	5.1447	3
245.4	10.7131	201.6154	5.1536	3
245.5	10.701	200.7632	5.1623	3
245.6	10.6889	199.9782	5.1595	3
245.7	10.6768	199.1081	5.1548	3
245.8	10.6641	198.3811	5.1513	3
245.9	10.6514	197.5569	5.1556	3
246	10.6387	196.7572	5.1591	3
246.1	10.6258	195.9497	5.1537	3
246.2	10.6128	195.1419	5.1507	3
246.3	10.5999	194.3162	5.1427	3
246.4	10.587	193.4924	5.1396	3
246.5	10.5737	192.7155	5.1404	3
246.6	10.5605	191.91	5.1413	3
246.7	10.5469	191.0662	5.1405	3
246.8	10.5333	190.2465	5.1518	3
246.9	10.5197	189.4107	5.1468	3
247	10.5062	188.5683	5.1426	3
247.1	10.4926	187.785	5.1452	3
247.2	10.479	186.9066	5.1484	3
247.3	10.4651	186.0789	5.1495	3
247.4	10.4517	185.0834	5.1458	3
247.5	10.4391	184.1802	5.1471	3
247.6	10.4267	183.3757	5.1426	3
247.7	10.4142	182.436	5.1379	3
247.8	10.4018	181.6718	5.1437	3
247.9	10.3894	180.7576	5.1344	3
248	10.3768	180.003	5.1336	3
248.1	10.3643	179.2243	5.1404	3
248.2	10.3515	178.4813	5.1312	3
248.3	10.3383	177.7516	5.1271	3
248.4	10.3245	176.9405	5.1215	3
248.5	10.3104	176.19	5.1131	3
248.6	10.2963	175.3165	5.1254	3
248.7	10.2824	174.5405	5.1453	3
248.8	10.2684	173.7039	5.1346	3
248.9	10.2545	172.841	5.1257	3
249	10.2406	171.9781	5.1254	3
249.1	10.2267	171.1437	5.1178	3
249.2	10.2126	170.3895	5.1278	3
249.3	10.1982	169.6106	5.1296	3
249.4	10.1838	168.7845	5.1389	3
249.5	10.1697	167.777	5.1427	3
249.6	10.1555	166.9776	5.1372	3
249.7	10.1412	166.1495	5.1226	3
249.8	10.1269	165.3631	5.1246	3
249.9	10.113	164.5379	5.13	3
250	10.0987	163.7138	5.1193	3
250.1	10.0842	162.8744	5.1092	3
250.2	10.07	161.996	5.1059	3
250.3	10.0558	161.1867	5.0955	3
250.4	10.0411	160.4559	5.0902	3
250.5	10.0263	159.655	5.0956	3
250.6	10.0117	158.7517	5.1096	3
250.7	9.9969	157.9832	5.1046	3
250.8	9.9821	157.1795	5.1003	3
250.9	9.9671	156.3178	5.1051	3
251	9.9523	155.5025	5.1179	3
251.1	9.9374	154.683	5.1256	3
251.2	9.9221	153.9541	5.1245	3
251.3	9.9066	153.0727	5.1213	3
251.4	9.8912	152.2347	5.1072	3
251.5	9.8759	151.3949	5.1202	3
251.6	9.8602	150.6436	5.1284	3
251.7	9.8445	149.8318	5.1227	3
251.8	9.8288	148.9088	5.1247	3
251.9	9.8143	147.7172	5.1372	3
252	9.8011	146.6424	5.1329	3
252.1	9.7879	145.9337	5.1316	3
252.2	9.7726	145.9469	5.1378	3
252.3	9.754	145.6588	5.1298	3
252.4	9.7349	144.628	5.1194	3
252.5	9.7164	143.7094	5.1215	3
252.6	9.698	142.7814	5.1166	3
252.7	9.6802	141.9381	5.1225	3
252.8	9.6626	140.9969	5.1185	3
252.9	9.6451	140.1721	5.1136	3
253	9.6276	139.3004	5.118	3
253.1	9.6101	138.5071	5.1174	3
253.2	9.5924	137.6975	5.1128	3
253.3	9.5745	136.879	5.1204	3
253.4	9.5567	136.0391	5.1067	3
253.5	9.5387	135.2784	5.1018	3
253.6	9.5206	134.3892	5.1004	3
253.7	9.5025	133.5577	5.0919	3
253.8	9.4845	132.7374	5.0943	3
253.9	9.4663	131.9069	5.1096	3
254	9.4482	131.0689	5.1109	3
254.1	9.4302	130.1782	5.1032	3
254.2	9.4122	129.4038	5.091	3
254.3	9.3942	128.5752	5.1092	3
254.4	9.3762	127.7362	5.122	3
254.5	9.3584	126.8949	5.1129	3
254.6	9.3404	126.0605	5.1102	3
254.7	9.3222	125.1797	5.109	3
254.8	9.3043	124.2861	5.1131	3
254.9	9.2865	123.5095	5.1126	3
255	9.2689	122.6708	5.1147	3
255.1	9.2515	121.7822	5.1181	3
255.2	9.2342	120.8841	5.1112	3
255.3	9.217	120.0243	5.1064	3
255.4	9.1996	119.2856	5.1007	3
255.5	9.1821	118.4202	5.1037	3
255.6	9.1644	117.6506	5.1061	3
255.7	9.1467	116.7928	5.1058	3
255.8	9.1287	116.041	5.1096	3
255.9	9.111	115.1151	5.1133	3
256	9.0937	114.2211	5.1067	3
256.1	9.0764	113.3562	5.1	3
256.2	9.0592	112.4944	5.1099	3
256.3	9.0419	111.7485	5.1208	3
256.4	9.0245	110.9065	5.1121	3
256.5	9.0071	110.0924	5.1087	3
256.6	8.9893	109.3588	5.1187	3
256.7	8.9713	108.5483	5.129	3
256.8	8.9532	107.6561	5.1141	3
256.9	8.9355	106.8662	5.1071	3
257	8.9176	106.0678	5.1235	3
257.1	8.8993	105.2192	5.1364	3
257.2	8.8811	104.429	5.1237	3
257.3	8.8626	103.6733	5.1004	3
257.4	8.844	102.8304	5.1042	3
257.5	8.8253	102.0183	5.1189	3
257.6	8.8066	101.1724	5.1221	3
257.7	8.7878	100.321	5.1068	3
257.8	8.769	99.5667	5.1073	3
257.9	8.7499	98.7392	5.1142	3
258	8.7306	97.937	5.114	3
258.1	8.7114	97.0526	5.1168	3
258.2	8.6922	96.2651	5.124	3
258.3	8.6731	95.4473	5.1238	3
258.4	8.6537	94.5928	5.1264	3
258.5	8.6344	93.8136	5.1268	3
258.6	8.6151	92.9268	5.1216	3
258.7	8.5955	92.209	5.1208	3
258.8	8.576	91.3533	5.1177	3
258.9	8.5562	90.4918	5.1169	3
259	8.5364	89.6716	5.1179	3
259.1	8.5167	88.8414	5.1124	3
259.2	8.497	88.0596	5.1171	3
259.3	8.4773	87.2029	5.1187	3
259.4	8.4572	86.3713	5.1159	3
259.5	8.4372	85.5886	5.112	3
259.6	8.4173	84.7325	5.1148	3
259.7	8.3973	83.9428	5.1313	3
259.8	8.3771	83.0692	5.1359	3
259.9	8.3571	82.2254	5.1265	3
260	8.3372	81.4163	5.126	3
260.1	8.317	80.6188	5.145	3
260.2	8.2965	79.7911	5.135	3
260.3	8.276	78.9625	5.12	3
260.4	8.2557	78.1499	5.1236	3
260.5	8.2352	77.3743	5.1285	3
260.6	8.214	76.5137	5.1279	3
260.7	8.1932	75.6358	5.1348	3
260.8	8.1727	74.7768	5.1377	3
260.9	8.1524	74.0929	5.1416	3
261	8.1313	73.2644	5.1394	3
261.1	8.1103	72.4625	5.1391	3
261.2	8.0889	71.7565	5.133	3
261.3	8.0678	70.8256	5.1346	3
261.4	8.0461	70.1362	5.1375	3
261.5	8.0242	69.1915	5.1189	3
261.6	8.0022	68.4443	5.0985	3
261.7	7.9802	67.7037	5.099	3
261.8	7.9577	66.8201	5.1005	3
261.9	7.9349	66.1151	5.1039	3
262	7.9119	65.3714	5.1076	3
262.1	7.8885	64.6327	5.1026	3
262.2	7.8647	63.7827	5.1112	3
262.3	7.8412	62.9337	5.1154	3
262.4	7.8174	62.1619	5.1195	3
262.5	7.7937	61.3398	5.1127	3
262.6	7.7697	60.5623	5.1236	3
262.7	7.7452	59.7546	5.1232	3
262.8	7.7206	58.8974	5.1158	3
262.9	7.6957	58.1711	5.1255	3
263	7.6708	57.2595	5.1179	3
263.1	7.6464	56.5387	5.1268	3
263.2	7.6215	55.6158	5.1266	3
263.3	7.5968	54.7522	5.0997	3
263.4	7.5719	54.1351	5.0896	3
263.5	7.5465	53.2781	5.0991	3
263.6	7.5211	52.3584	5.1042	3
263.7	7.4957	51.59	5.1046	3
263.8	7.4704	50.74	5.1214	3
263.9	7.4446	49.9641	5.124	3
264	7.4188	49.1107	5.1219	3
264.1	7.3931	48.2857	5.1353	3
264.2	7.3671	47.5437	5.1286	3
264.3	7.341	46.7077	5.124	3
264.4	7.3146	45.9216	5.1246	3
264.5	7.2882	45.168	5.1302	3
264.6	7.2615	44.3343	5.1276	3
264.7	7.2347	43.5618	5.1118	3
264.8	7.2079	42.7158	5.1078	3
264.9	7.1806	41.8447	5.1091	3
265	7.1535	41.0281	5.1123	3
265.1	7.1263	40.271	5.1224	3
265.2	7.0988	39.5034	5.1267	3
265.3	7.071	38.7155	5.1264	3
265.4	7.0431	37.8637	5.126	3
265.5	7.0153	37.0695	5.1284	3
265.6	6.9869	36.3688	5.1343	3
265.7	6.9579	35.616	5.132	3
265.8	6.9287	34.7559	5.1196	3
265.9	6.8994	33.9813	5.118	3
266	6.8699	33.1988	5.1141	3
266.1	6.8401	32.4658	5.1267	3
266.2	6.8099	31.5626	5.1235	3
266.3	6.7798	30.8227	5.1023	3
266.4	6.7494	29.9846	5.1072	3
266.5	6.7191	29.1366	5.1214	3
266.6	6.6889	28.2399	5.1149	3
266.7	6.6589	27.4048	5.1153	3
266.8	6.6287	26.6066	5.1123	3
266.9	6.5982	25.7863	5.1022	3
267	6.5678	24.9949	5.1105	3
267.1	6.5373	24.1926	5.1163	3
267.2	6.5067	23.3489	5.1185	3
267.3	6.4756	22.6101	5.1302	3
267.4	6.444	21.8428	5.1342	3
267.5	6.4125	21.0174	5.1332	3
267.6	6.3807	20.2517	5.1342	3
267.7	6.3489	19.4243	5.1347	3
267.8	6.3169	18.6181	5.1214	3
267.9	6.2846	17.8762	5.1129	3
268	6.2519	17.054	5.1015	3
268.1	6.2198	16.3582	5.1052	3
268.2	6.1872	15.643	5.109	3
268.3	6.1529	15.0823	5.1207	3
268.4	6.117	14.5124	5.1307	3
268.5	6.081	13.3641	5.1343	3
268.6	6.0481	11.7993	5.1344	3
268.7	6.0168	10.8813	5.1283	3
268.8	5.9838	10.5478	5.1255	3
268.9	5.9487	10.1381	5.1192	3
269	5.9123	9.5727	5.1285	3
269.1	5.8755	8.7599	5.1398	4
269.2	5.8384	7.9786	5.1348	4
269.3	5.8008	7.2732	5.1382	4
269.4	5.764	6.5183	5.1454	4
269.5	5.6954	2.102	5.1379	4
269.6	5.4554	-13.4613	5.1385	4
269.7	5.0444	-26.3648	5.1384	4
269.8	4.5821	-29.6365	5.1316	4
269.9	4.1025	-29.6845	5.1157	4
270	3.6141	-29.4004	5.0993	4
270.1	3.1202	-28.9081	5.1007	4
270.2	2.6223	-28.6917	5.1097	4
270.3	2.1218	-28.3982	5.1161	4
270.4	1.6187	-27.5309	5.1197	4
270.5	1.1134	-25.991	5.1204	4
270.6	0.6057	-23.4861	5.1214	4
270.7	0.0971	-22.2634	5.1304	4
270.8	-0.4122	-21.3316	5.1367	4
270.9	-0.9228	-20.3293	5.1166	4
271	-1.4336	-19.6353	5.116	4
271.1	-1.9452	-18.91	5.1149	4
271.2	-2.4577	-18.4265	5.1088	4
271.3	-2.9707	-18.4432	5.111	4
271.4	-3.4846	-18.6736	5.1058	4
271.5	-3.9988	-19.2319	5.0968	4
271.6	-4.5138	-19.2093	5.0916	4
271.7	-5.0289	-19.2932	5.1034	4
271.8	-5.544	-19.7697	5.1075	4
271.9	-6.0594	-20.2712	5.0948	4
272	-6.5752	-20.2822	5.0964	4
272.1	-7.0914	-20.0054	5.1026	4
272.2	-7.6083	-19.2524	5.1115	4
272.3	-8.1239	-19.4408	5.1046	4
272.4	-8.6393	-19.866	5.0992	4
272.5	-9.1541	-20.4357	5.1107	4
272.6	-9.6697	-20.6429	5.1189	4
272.7	-10.1729	-20.7912	5.1187	4
272.8	-10.5607	-20.3907	5.1117	4
272.9	-10.7935	-19.8419	5.1019	4
273	-10.9782	-19.3247	5.096	4
273.1	-11.1534	-18.9623	5.1053	4
273.2	-11.3234	-18.6076	5.1072	4
273.3	-11.49	-17.8855	5.108	4
273.4	-11.6543	-17.2679	5.1113	4
273.5	-11.8172	-16.8989	5.1099	4
273.6	-11.9789	-16.7761	5.1149	4
273.7	-12.1398	-16.8003	5.1172	4
273.8	-12.3003	-16.7788	5.1153	4
273.9	-12.4602	-16.8081	5.1217	4
274	-12.6197	-16.8105	5.1176	4
274.1	-12.7786	-16.8909	5.1236	4
