Indentation

 + Advanced

+ Advanced
   Acquisition rate :	10.0 [Hz]
   Linear loading
   Max load :	1000.00 	µN
   Loading rate :	500.00 	µN/min
   Unloading rate :	500.00 	µN/min
   Pause :	30.0 s

+ TTX - UNHT Bio S/N: 1000136751 settings
   Fn contact : 25 µN
   Approach distance : 20 µm
   Approach speed : 100 µm/min
   Retract speed : 200 µm/min
   Retract time : 5 sec
   Dz sensor in large range
   Load in fine range
   FnRef in fine range
   FnRef contactload :500.000 µN
   Stiffness threshold : 1 µN/µm

   X Position :10204.70 µm
   Y Position :40363.97 µm
   Z Position :8768.39 µm

Date :6/9/2026
Time :1:51:01 PM

Analysis n # 1

   Method :	Hertz

 + Parameters

  Load Fit [10%,98%]

 + Main results

   EHz=	1033.4 	kPa

 + Hypothesis


 + Additional results

   ErHz=	1135.63 kPa
   h offset=	18.88 µm
   R2=	0.99

Analysis n # 2

   Method :	Oliver & Pharr

 + Parameters

  Unload Fit [40%,98%]

 + Main results

   HIT=	13.002 	kPa
   EIT=	632.16 	kPa
   E*=	694.68 	kPa

 + Hypothesis

   !!! Indenter not calibrated !!!
   m out of O&P hypothesis
   Poisson's ratio(nu)=	0.30 

 + Additional results

   HVIT=	0.0013254 	 Vickers
   CIT 0.001/120/30=	0.81 	%
   nIT=	79.02 %
   Fmax=	1000.15 	µN
   hmax=	28.46 	µm
   S=	217.4062 	µN/µm
   F/S²=	0.0212 	µm²/µN
   hc=	25.12 	µm
   hr=	23.86 	µm
   hp=	16.81 	µm
   m=	2.5320 
   Epsilon=	0.73 
   R2=	1.000
   Ap=	76924.79 	µm²
   Welast=	3104.32 pJ
   Wplast=	824.20 pJ
   Wtotal=	3928.52 pJ
   Er=	694.68 	kPa

Measured values
Time (s)	Pd (µm)	Fn (µN)	FnRef (µN)	SegmentID

0	0	0	5.1266	0
0.1	0.1496	-0.0043	5.1358	0
0.2	0.2994	-0.0033	5.131	0
0.3	0.4964	0.1068	5.1217	0
0.4	0.8519	0.1325	5.1208	0
0.5	1.3047	0.2541	5.1303	0
0.6	1.7598	0.3247	5.1379	0
0.7	2.2036	0.3683	5.1305	0
0.8	2.6341	0.4159	5.1093	0
0.9	3.0513	0.5506	5.1001	0
1	3.4559	0.6255	5.1037	0
1.1	3.8471	0.7327	5.1066	0
1.2	4.2253	0.7876	5.1041	0
1.3	4.5916	0.8125	5.1065	0
1.4	4.9467	0.8483	5.1147	0
1.5	5.2908	0.9208	5.1252	0
1.6	5.6247	0.9848	5.1323	0
1.7	5.9492	1.0912	5.1343	0
1.8	6.2643	1.101	5.1268	0
1.9	6.5706	1.1965	5.1347	0
2	6.8687	1.2424	5.1262	0
2.1	7.1587	1.3955	5.1251	0
2.2	7.4412	1.344	5.1299	0
2.3	7.7164	1.4765	5.132	0
2.4	7.9847	1.5254	5.1252	0
2.5	8.2466	1.5535	5.1205	0
2.6	8.5027	1.6082	5.1146	0
2.7	8.753	1.6629	5.1007	0
2.8	8.9974	1.7661	5.0985	0
2.9	9.2369	1.8604	5.1011	0
3	9.4722	1.8343	5.0879	0
3.1	9.7031	1.8815	5.0909	0
3.2	9.9293	1.9766	5.0962	0
3.3	10.1519	1.9964	5.1057	0
3.4	10.3712	2.1291	5.1181	0
3.5	10.587	2.1163	5.1171	0
3.6	10.7995	2.1244	5.1121	0
3.7	11.0092	2.1489	5.0985	0
3.8	11.2163	2.2374	5.0903	0
3.9	11.4206	2.328	5.1014	0
4	11.6225	2.3323	5.1044	0
4.1	11.8218	2.3346	5.112	0
4.2	12.0188	2.4215	5.1085	0
4.3	12.2143	2.3597	5.093	0
4.4	12.4081	2.4545	5.0905	0
4.5	12.6001	2.4756	5.1015	0
4.6	12.7897	2.5356	5.1116	0
4.7	12.9778	2.5528	5.1074	0
4.8	13.1653	2.6419	5.1033	0
4.9	13.3518	2.6833	5.1115	0
5	13.5369	2.7109	5.1107	0
5.1	13.7207	2.805	5.1172	0
5.2	13.9033	2.8535	5.1184	0
5.3	14.085	3.0299	5.118	0
5.4	14.2661	3.1698	5.1191	0
5.5	14.4462	3.3562	5.1268	0
5.6	14.6253	3.7036	5.1346	0
5.7	14.8041	3.9468	5.1421	1
5.8	14.982	4.4212	5.1369	1
5.9	15.1593	4.9812	5.1273	1
6	15.3358	5.5391	5.1192	1
6.1	15.4877	6.0165	5.1064	1
6.2	15.574	6.1267	5.1062	1
6.3	15.624	6.2744	5.1207	1
6.4	15.6698	6.4667	5.138	1
6.5	15.715	6.6444	5.1413	1
6.6	15.7598	6.9807	5.1346	1
6.7	15.8059	7.1741	5.1329	1
6.8	15.8537	7.4603	5.1263	1
6.9	15.9028	7.8485	5.1158	1
7	15.9535	8.1585	5.1081	1
7.1	16.0058	8.5755	5.1029	1
7.2	16.0596	9.0147	5.1185	1
7.3	16.1152	9.4093	5.1298	1
7.4	16.1724	9.9578	5.113	1
7.5	16.231	10.4862	5.1002	1
7.6	16.2908	11.0106	5.1258	1
7.7	16.3522	11.5483	5.1367	1
7.8	16.4147	12.2408	5.126	1
7.9	16.4779	13.052	5.1282	1
8	16.5419	13.629	5.1312	1
8.1	16.6063	14.5039	5.1246	1
8.2	16.671	15.263	5.1245	1
8.3	16.736	16.1507	5.1201	1
8.4	16.8008	16.9764	5.1231	1
8.5	16.8657	17.8458	5.1347	1
8.6	16.9307	18.7777	5.1246	1
8.7	16.9954	19.7223	5.1205	1
8.8	17.0592	20.7378	5.1219	1
8.9	17.1224	21.6329	5.1223	1
9	17.1853	22.6226	5.1263	1
9.1	17.2476	23.5875	5.1279	1
9.2	17.3087	24.5889	5.1389	1
9.3	17.3688	25.6514	5.1478	1
9.4	17.4282	26.669	5.1295	1
9.5	17.4872	27.651	5.1387	1
9.6	17.5446	28.7424	5.1503	1
9.7	17.6008	29.7937	5.1439	1
9.8	17.6556	30.8508	5.125	1
9.9	17.7091	31.8784	5.1256	1
10	17.7617	32.9351	5.1215	1
10.1	17.8132	33.9152	5.1265	1
10.2	17.864	34.8542	5.1175	1
10.3	17.9141	35.8709	5.1187	1
10.4	17.9632	36.8964	5.1331	1
10.5	18.0111	37.931	5.1325	1
10.6	18.0579	38.9137	5.1231	1
10.7	18.1039	39.895	5.1102	1
10.8	18.1491	40.8704	5.0959	1
10.9	18.1934	41.8749	5.0984	1
11	18.2369	42.8193	5.1089	1
11.1	18.2795	43.8915	5.0946	1
11.2	18.3212	44.8414	5.0951	1
11.3	18.362	45.8314	5.0983	1
11.4	18.4023	46.7228	5.1115	1
11.5	18.4416	47.728	5.1104	1
11.6	18.4799	48.7179	5.1099	1
11.7	18.5175	49.6651	5.1149	1
11.8	18.5542	50.6013	5.1221	1
11.9	18.5908	51.5025	5.1231	1
12	18.6266	52.4093	5.1216	1
12.1	18.6621	53.3455	5.1185	1
12.2	18.6971	54.2599	5.1171	1
12.3	18.7312	55.2172	5.1242	1
12.4	18.765	56.1264	5.1297	1
12.5	18.7982	57.0168	5.1243	1
12.6	18.8307	57.9542	5.1158	1
12.7	18.8628	58.8048	5.1258	1
12.8	18.8945	59.6835	5.1205	1
12.9	18.9262	60.599	5.1172	1
13	18.9575	61.4373	5.1277	1
13.1	18.9884	62.3182	5.1199	1
13.2	19.0189	63.2471	5.1166	1
13.3	19.0491	64.0856	5.1142	1
13.4	19.0791	64.9577	5.1114	1
13.5	19.1089	65.8317	5.1096	1
13.6	19.1385	66.6975	5.1122	1
13.7	19.1679	67.5916	5.1127	1
13.8	19.197	68.4433	5.1107	1
13.9	19.2255	69.2946	5.1114	1
14	19.254	70.1964	5.1158	1
14.1	19.2823	71.0706	5.1134	1
14.2	19.3102	71.9265	5.1115	1
14.3	19.3381	72.7439	5.1175	1
14.4	19.3659	73.6927	5.1148	1
14.5	19.3932	74.476	5.1079	1
14.6	19.4207	75.3217	5.1055	1
14.7	19.4478	76.2612	5.1239	1
14.8	19.4745	77.1312	5.1394	1
14.9	19.5011	77.9768	5.1397	1
15	19.5274	78.8131	5.1302	1
15.1	19.5536	79.7149	5.1235	1
15.2	19.5795	80.5789	5.1192	1
15.3	19.605	81.4531	5.1211	1
15.4	19.6304	82.3514	5.1189	1
15.5	19.6553	83.186	5.1148	1
15.6	19.68	84.0306	5.1222	1
15.7	19.7048	84.9021	5.1198	1
15.8	19.7297	85.7632	5.1168	1
15.9	19.7544	86.6105	5.1121	1
16	19.7789	87.4609	5.1196	1
16.1	19.8032	88.3216	5.1352	1
16.2	19.8275	89.191	5.1313	1
16.3	19.8514	90.0548	5.1189	1
16.4	19.875	90.9399	5.1127	1
16.5	19.8984	91.8294	5.1118	1
16.6	19.9216	92.6298	5.1288	1
16.7	19.9449	93.5082	5.1361	1
16.8	19.9679	94.3967	5.141	1
16.9	19.9906	95.2439	5.1425	1
17	20.0131	96.099	5.1311	1
17.1	20.0356	96.9689	5.1357	1
17.2	20.0579	97.8101	5.1432	1
17.3	20.0801	98.6305	5.1368	1
17.4	20.1023	99.4839	5.1297	1
17.5	20.1242	100.4348	5.125	1
17.6	20.1459	101.2113	5.1252	1
17.7	20.168	102.0634	5.1294	1
17.8	20.1897	102.9318	5.1279	1
17.9	20.2113	103.7408	5.1296	1
18	20.2329	104.563	5.1272	1
18.1	20.2544	105.3927	5.1251	1
18.2	20.2758	106.2537	5.1224	1
18.3	20.2971	107.1062	5.1167	1
18.4	20.3182	107.9406	5.1248	1
18.5	20.3391	108.759	5.1268	1
18.6	20.3603	109.6664	5.1097	1
18.7	20.3815	110.4486	5.113	1
18.8	20.4027	111.2854	5.1314	1
18.9	20.4239	112.1578	5.1332	1
19	20.4449	112.9299	5.1326	1
19.1	20.4658	113.8384	5.1316	1
19.2	20.4866	114.6238	5.1332	1
19.3	20.5076	115.4485	5.1324	1
19.4	20.5288	116.2495	5.1363	1
19.5	20.5497	117.1854	5.1385	1
19.6	20.5703	118.0494	5.1404	1
19.7	20.5909	118.872	5.1494	1
19.8	20.6113	119.7604	5.1544	1
19.9	20.6313	120.6408	5.141	1
20	20.6506	121.504	5.1399	1
20.1	20.6697	122.306	5.1359	1
20.2	20.6895	123.131	5.1419	1
20.3	20.7095	123.9707	5.1505	1
20.4	20.7294	124.7748	5.1383	1
20.5	20.7498	125.5584	5.1436	1
20.6	20.7702	126.4042	5.1446	1
20.7	20.7902	127.3516	5.1345	1
20.8	20.8097	128.2972	5.1357	1
20.9	20.829	129.0551	5.1266	1
21	20.8484	129.8795	5.1255	1
21.1	20.8676	130.805	5.1211	1
21.2	20.8864	131.7191	5.1275	1
21.3	20.905	132.5379	5.1309	1
21.4	20.924	133.3282	5.1344	1
21.5	20.9426	134.2506	5.1396	1
21.6	20.9609	135.0907	5.1454	1
21.7	20.9791	135.983	5.1486	1
21.8	20.997	136.8228	5.1356	1
21.9	21.0149	137.7028	5.1233	1
22	21.0326	138.5754	5.1303	1
22.1	21.05	139.4559	5.134	1
22.2	21.0675	140.2678	5.1245	1
22.3	21.0843	141.2374	5.114	1
22.4	21.1015	141.9838	5.1139	1
22.5	21.1183	142.849	5.1103	1
22.6	21.1356	143.6277	5.1138	1
22.7	21.153	144.4624	5.1131	1
22.8	21.1699	145.3617	5.1157	1
22.9	21.1868	146.0963	5.1143	1
23	21.2038	146.9853	5.1015	1
23.1	21.2205	147.7954	5.1071	1
23.2	21.2373	148.6869	5.1134	1
23.3	21.2539	149.481	5.1071	1
23.4	21.2708	150.3944	5.1044	1
23.5	21.2872	151.1696	5.1061	1
23.6	21.3039	152.0467	5.1113	1
23.7	21.3203	152.9518	5.1153	1
23.8	21.3367	153.7475	5.1172	1
23.9	21.3529	154.6346	5.111	1
24	21.369	155.4567	5.1158	1
24.1	21.385	156.2872	5.1246	1
24.2	21.4009	157.1733	5.1263	1
24.3	21.4167	158.0208	5.1195	1
24.4	21.4322	158.8998	5.1165	1
24.5	21.4481	159.6762	5.1213	1
24.6	21.4638	160.6155	5.1216	1
24.7	21.4791	161.4315	5.121	1
24.8	21.4941	162.2697	5.1237	1
24.9	21.5092	163.0919	5.1313	1
25	21.5245	163.8903	5.1406	1
25.1	21.54	164.706	5.1363	1
25.2	21.5554	165.5108	5.126	1
25.3	21.5707	166.4001	5.1238	1
25.4	21.586	167.1446	5.1121	1
25.5	21.6015	168.0478	5.1131	1
25.6	21.617	168.8758	5.1344	1
25.7	21.6324	169.696	5.1303	1
25.8	21.6476	170.5889	5.1249	1
25.9	21.6623	171.4201	5.1213	1
26	21.6776	172.2339	5.1231	1
26.1	21.6924	173.1303	5.1241	1
26.2	21.7072	173.9468	5.122	1
26.3	21.7221	174.8477	5.1109	1
26.4	21.7369	175.6809	5.1239	1
26.5	21.7514	176.5856	5.1322	1
26.6	21.7654	177.5058	5.1331	1
26.7	21.7793	178.2779	5.1265	1
26.8	21.7931	179.2235	5.1232	1
26.9	21.8065	180.032	5.1184	1
27	21.8201	180.8871	5.1216	1
27.1	21.8336	181.7199	5.1289	1
27.2	21.8469	182.5875	5.1311	1
27.3	21.8606	183.4267	5.1314	1
27.4	21.8743	184.1392	5.1261	1
27.5	21.8879	185.0554	5.1204	1
27.6	21.9013	185.8702	5.1196	1
27.7	21.9147	186.7731	5.1307	1
27.8	21.9277	187.6309	5.14	1
27.9	21.9408	188.5528	5.1286	1
28	21.9534	189.4239	5.1189	1
28.1	21.9658	190.2167	5.1167	1
28.2	21.978	191.0261	5.1203	1
28.3	21.9906	191.9227	5.1312	1
28.4	22.0026	192.8317	5.1214	1
28.5	22.0148	193.6035	5.1098	1
28.6	22.0269	194.433	5.0987	1
28.7	22.0389	195.2552	5.0829	1
28.8	22.0509	196.155	5.0981	1
28.9	22.0629	196.9711	5.112	1
29	22.0749	197.8084	5.1098	1
29.1	22.0866	198.6896	5.0995	1
29.2	22.0981	199.5599	5.0943	1
29.3	22.1096	200.3426	5.1013	1
29.4	22.1212	201.1476	5.1054	1
29.5	22.1329	201.9413	5.1031	1
29.6	22.1449	202.7728	5.1021	1
29.7	22.1569	203.6595	5.1034	1
29.8	22.1688	204.4939	5.1067	1
29.9	22.1805	205.3054	5.1032	1
30	22.1922	206.134	5.0981	1
30.1	22.2038	206.9201	5.0927	1
30.2	22.2157	207.7605	5.1012	1
30.3	22.2273	208.6073	5.1121	1
30.4	22.2393	209.385	5.1138	1
30.5	22.2513	210.2599	5.1028	1
30.6	22.2631	211.1267	5.1019	1
30.7	22.2745	211.9833	5.1055	1
30.8	22.2862	212.8533	5.111	1
30.9	22.2977	213.6855	5.1181	1
31	22.309	214.5488	5.1127	1
31.1	22.3202	215.3683	5.1025	1
31.2	22.3316	216.1236	5.1095	1
31.3	22.3432	216.9054	5.115	1
31.4	22.3547	217.8283	5.1207	1
31.5	22.3662	218.617	5.1216	1
31.6	22.3778	219.4678	5.1088	1
31.7	22.3893	220.4143	5.0996	1
31.8	22.4005	221.3088	5.0976	1
31.9	22.4115	222.0362	5.1074	1
32	22.4231	222.7038	5.1139	1
32.1	22.4353	223.5257	5.1139	1
32.2	22.4474	224.3182	5.108	1
32.3	22.4594	225.2102	5.1103	1
32.4	22.4713	226.0439	5.1168	1
32.5	22.4828	226.9646	5.1177	1
32.6	22.4942	227.8213	5.1223	1
32.7	22.5056	228.661	5.1241	1
32.8	22.5171	229.4975	5.1213	1
32.9	22.5284	230.3272	5.1019	1
33	22.5397	231.1144	5.1045	1
33.1	22.5512	231.9921	5.1132	1
33.2	22.5626	232.8794	5.1035	1
33.3	22.5738	233.7223	5.1117	1
33.4	22.5847	234.6128	5.1157	1
33.5	22.5955	235.4028	5.127	1
33.6	22.6063	236.2118	5.1194	1
33.7	22.6171	237.1005	5.1163	1
33.8	22.6279	238.0188	5.1156	1
33.9	22.6386	238.7606	5.1121	1
34	22.6493	239.6185	5.1125	1
34.1	22.6602	240.5175	5.1166	1
34.2	22.6704	241.4253	5.0983	1
34.3	22.6807	242.2057	5.0893	1
34.4	22.6913	242.9651	5.104	1
34.5	22.7017	243.8084	5.1062	1
34.6	22.7125	244.6097	5.0956	1
34.7	22.723	245.4683	5.1008	1
34.8	22.7338	246.2931	5.0985	1
34.9	22.7443	247.0763	5.0924	1
35	22.7548	247.9936	5.0919	1
35.1	22.7654	248.7782	5.0971	1
35.2	22.7755	249.7264	5.1038	1
35.3	22.7859	250.4534	5.1049	1
35.4	22.7963	251.3588	5.1075	1
35.5	22.8068	252.1308	5.1025	1
35.6	22.8174	252.9672	5.0997	1
35.7	22.8277	253.882	5.1162	1
35.8	22.8379	254.7084	5.1227	1
35.9	22.8478	255.5667	5.1068	1
36	22.8579	256.312	5.0987	1
36.1	22.868	257.1407	5.0907	1
36.2	22.8783	258.0131	5.0861	1
36.3	22.8885	258.8428	5.0954	1
36.4	22.8987	259.7378	5.0961	1
36.5	22.9092	260.5082	5.0994	1
36.6	22.9194	261.4339	5.101	1
36.7	22.929	262.2662	5.0965	1
36.8	22.9389	262.9791	5.0943	1
36.9	22.949	263.8519	5.0859	1
37	22.9592	264.613	5.0975	1
37.1	22.9693	265.5176	5.1079	1
37.2	22.9796	266.3747	5.1091	1
37.3	22.9898	267.1483	5.112	1
37.4	23.0001	268.0597	5.1103	1
37.5	23.0102	268.8758	5.1103	1
37.6	23.02	269.7402	5.1052	1
37.7	23.03	270.5952	5.093	1
37.8	23.0397	271.4481	5.0775	1
37.9	23.0493	272.2709	5.0844	1
38	23.0589	273.0777	5.0922	1
38.1	23.0688	273.9219	5.1013	1
38.2	23.0787	274.7678	5.1108	1
38.3	23.088	275.662	5.1104	1
38.4	23.0974	276.472	5.1011	1
38.5	23.107	277.2	5.1075	1
38.6	23.1169	278.0669	5.105	1
38.7	23.1266	278.9481	5.0963	1
38.8	23.1361	279.7633	5.0968	1
38.9	23.1461	280.6029	5.1008	1
39	23.1557	281.5387	5.106	1
39.1	23.1647	282.4533	5.0913	1
39.2	23.1732	283.2724	5.0912	1
39.3	23.182	284.024	5.1077	1
39.4	23.1915	284.7286	5.1158	1
39.5	23.2013	285.5134	5.1025	1
39.6	23.211	286.415	5.0911	1
39.7	23.2207	287.2151	5.0989	1
39.8	23.2301	288.2189	5.0867	1
39.9	23.2391	289.1191	5.0807	1
40	23.2478	289.9007	5.0775	1
40.1	23.2572	290.6326	5.0779	1
40.2	23.2666	291.497	5.0769	1
40.3	23.2755	292.3513	5.0664	1
40.4	23.2847	293.1718	5.0744	1
40.5	23.2941	293.9585	5.0796	1
40.6	23.3039	294.7187	5.0848	1
40.7	23.3134	295.5894	5.0841	1
40.8	23.3228	296.4492	5.0761	1
40.9	23.3321	297.2633	5.0754	1
41	23.3419	298.1329	5.0721	1
41.1	23.3515	298.8444	5.0725	1
41.2	23.3618	299.5898	5.0761	1
41.3	23.3718	300.4605	5.0776	1
41.4	23.3818	301.3462	5.0825	1
41.5	23.3917	302.1711	5.0876	1
41.6	23.4015	303.0579	5.0884	1
41.7	23.4113	303.9489	5.0879	1
41.8	23.4205	304.864	5.0854	1
41.9	23.4296	305.6329	5.095	1
42	23.4387	306.4734	5.0834	1
42.1	23.4476	307.5107	5.0689	1
42.2	23.4558	308.3551	5.0708	1
42.3	23.4643	309.0768	5.0789	1
42.4	23.4733	309.8443	5.0789	1
42.5	23.4822	310.7903	5.0837	1
42.6	23.4906	311.6456	5.0774	1
42.7	23.4991	312.3844	5.0713	1
42.8	23.5078	313.2473	5.0732	1
42.9	23.5165	314.1007	5.0748	1
43	23.5251	315.0155	5.085	1
43.1	23.5338	315.6957	5.078	1
43.2	23.5428	316.5283	5.0847	1
43.3	23.5517	317.4277	5.0934	1
43.4	23.5603	318.2532	5.0884	1
43.5	23.5695	318.8424	5.0861	1
43.6	23.5794	319.5589	5.0815	1
43.7	23.5898	320.3359	5.0855	1
43.8	23.6001	321.2742	5.0913	1
43.9	23.6092	322.5414	5.101	1
44	23.6163	323.803	5.0995	1
44.1	23.6222	324.6938	5.0922	1
44.2	23.6286	325.3843	5.0948	1
44.3	23.6358	325.9727	5.0953	1
44.4	23.6437	326.6909	5.0935	1
44.5	23.6519	327.4889	5.0856	1
44.6	23.6603	328.2426	5.0891	1
44.7	23.6688	329.0276	5.1066	1
44.8	23.6774	329.8646	5.1185	1
44.9	23.686	330.6782	5.1095	1
45	23.6948	331.5657	5.1048	1
45.1	23.7036	332.3962	5.1069	1
45.2	23.712	333.2318	5.1012	1
45.3	23.7204	334.1059	5.0836	1
45.4	23.729	334.8904	5.081	1
45.5	23.7375	335.7917	5.095	1
45.6	23.7459	336.6364	5.0993	1
45.7	23.7544	337.4253	5.1009	1
45.8	23.7627	338.2906	5.099	1
45.9	23.7711	339.1264	5.0881	1
46	23.7793	340.0146	5.0845	1
46.1	23.7874	340.7785	5.0899	1
46.2	23.7955	341.6497	5.0997	1
46.3	23.8036	342.5349	5.0895	1
46.4	23.8117	343.3182	5.0833	1
46.5	23.8198	344.1999	5.0828	1
46.6	23.8281	344.9499	5.0699	1
46.7	23.8361	345.8259	5.0714	1
46.8	23.8442	346.6988	5.0796	1
46.9	23.8522	347.5148	5.0823	1
47	23.8602	348.379	5.0961	1
47.1	23.868	349.2074	5.0862	1
47.2	23.8755	350.092	5.0801	1
47.3	23.883	350.9495	5.0856	1
47.4	23.891	351.6719	5.0879	1
47.5	23.8989	352.5378	5.0883	1
47.6	23.9067	353.4399	5.0904	1
47.7	23.9148	354.1768	5.0985	1
47.8	23.9228	354.9719	5.1017	1
47.9	23.931	355.7923	5.0829	1
48	23.9389	356.6605	5.0752	1
48.1	23.9467	357.5849	5.083	1
48.2	23.9546	358.3666	5.0915	1
48.3	23.9624	359.2882	5.0982	1
48.4	23.9699	360.1085	5.1052	1
48.5	23.9777	360.8644	5.0946	1
48.6	23.9855	361.6617	5.0943	1
48.7	23.9936	362.4753	5.1036	1
48.8	24.0015	363.3959	5.1166	1
48.9	24.009	364.327	5.114	1
49	24.0162	365.144	5.1197	1
49.1	24.0233	366.0329	5.1268	1
49.2	24.0302	366.8609	5.1093	1
49.3	24.0373	367.737	5.0964	1
49.4	24.0442	368.5898	5.0975	1
49.5	24.0511	369.3837	5.1044	1
49.6	24.0581	370.2054	5.1023	1
49.7	24.065	371.0694	5.0952	1
49.8	24.0714	372.136	5.0881	1
49.9	24.0767	373.159	5.0817	1
50	24.0814	374.091	5.0699	1
50.1	24.0863	374.6504	5.0687	1
50.2	24.0925	375.1726	5.0741	1
50.3	24.1	375.7085	5.0785	1
50.4	24.1086	376.3534	5.0817	1
50.5	24.1177	377.2688	5.0793	1
50.6	24.1265	378.1631	5.083	1
50.7	24.1345	379.1472	5.0806	1
50.8	24.1422	380.0217	5.074	1
50.9	24.1496	380.8949	5.0816	1
51	24.157	381.8759	5.0883	1
51.1	24.1642	382.7231	5.0858	1
51.2	24.1712	383.4862	5.0702	1
51.3	24.1783	384.3672	5.0722	1
51.4	24.1851	385.2045	5.0918	1
51.5	24.1918	386.1263	5.09	1
51.6	24.1984	386.8889	5.087	1
51.7	24.2049	387.7052	5.0835	1
51.8	24.2116	388.5932	5.082	1
51.9	24.2179	389.3945	5.0891	1
52	24.2246	390.1698	5.0957	1
52.1	24.2316	391.0463	5.0907	1
52.2	24.2384	391.924	5.0903	1
52.3	24.2451	392.7416	5.0966	1
52.4	24.2518	393.5276	5.0917	1
52.5	24.2587	394.3447	5.0752	1
52.6	24.2655	395.2182	5.0648	1
52.7	24.2722	396.0342	5.0706	1
52.8	24.279	396.8987	5.0795	1
52.9	24.2856	397.7103	5.0774	1
53	24.2922	398.5822	5.0865	1
53.1	24.2987	399.4589	5.0944	1
53.2	24.3049	400.3051	5.0929	1
53.3	24.311	401.2312	5.0965	1
53.4	24.3171	401.9497	5.1011	1
53.5	24.3239	402.6501	5.0905	1
53.6	24.3307	403.6154	5.0912	1
53.7	24.337	404.496	5.0889	1
53.8	24.343	405.3194	5.0852	1
53.9	24.3493	406.1127	5.0855	1
54	24.3557	406.89	5.074	1
54.1	24.3622	407.6866	5.0702	1
54.2	24.3689	408.5829	5.0756	1
54.3	24.3751	409.5152	5.0779	1
54.4	24.3815	410.1975	5.0731	1
54.5	24.3879	411.0785	5.0729	1
54.6	24.3944	411.9545	5.0809	1
54.7	24.4009	412.648	5.082	1
54.8	24.4077	413.5199	5.087	1
54.9	24.4145	414.3481	5.0925	1
55	24.4213	415.2341	5.0841	1
55.1	24.4281	416.0654	5.0758	1
55.2	24.4346	416.8628	5.0756	1
55.3	24.4411	417.8027	5.0941	1
55.4	24.4473	418.639	5.1009	1
55.5	24.4536	419.3989	5.0874	1
55.6	24.46	420.3106	5.0942	1
55.7	24.4662	421.1859	5.1194	1
55.8	24.4725	421.8946	5.1172	1
55.9	24.4789	422.7601	5.114	1
56	24.4852	423.584	5.104	1
56.1	24.4915	424.3549	5.0948	1
56.2	24.498	425.2441	5.1027	1
56.3	24.5044	426.0873	5.1075	1
56.4	24.5104	426.9066	5.1054	1
56.5	24.5167	427.8121	5.0974	1
56.6	24.523	428.5921	5.0928	1
56.7	24.5293	429.381	5.0878	1
56.8	24.536	430.1427	5.0869	1
56.9	24.5429	430.9238	5.0853	1
57	24.5501	431.7428	5.0718	1
57.1	24.5573	432.5364	5.0682	1
57.2	24.5643	433.4735	5.0604	1
57.3	24.5708	434.4958	5.0688	1
57.4	24.5765	435.53	5.0938	1
57.5	24.5808	436.5492	5.1131	1
57.6	24.5854	437.2914	5.1221	1
57.7	24.5905	438.0527	5.1216	1
57.8	24.596	438.7116	5.1233	1
57.9	24.6018	439.4878	5.1159	1
58	24.6077	440.3472	5.11	1
58.1	24.6138	441.1188	5.1138	1
58.2	24.6201	441.8249	5.106	1
58.3	24.6268	442.6658	5.0986	1
58.4	24.6333	443.5065	5.0986	1
58.5	24.64	444.3354	5.1092	1
58.6	24.647	445.1253	5.0989	1
58.7	24.6539	445.8781	5.0971	1
58.8	24.6607	446.82	5.106	1
58.9	24.6674	447.6254	5.1263	1
59	24.6742	448.4919	5.128	1
59.1	24.681	449.2944	5.1186	1
59.2	24.6878	450.0923	5.1191	1
59.3	24.6951	450.9786	5.122	1
59.4	24.7021	451.7671	5.1306	1
59.5	24.7086	452.6684	5.1341	1
59.6	24.7148	453.5475	5.1269	1
59.7	24.721	454.4652	5.1138	1
59.8	24.7273	455.2763	5.1144	1
59.9	24.7336	456.1066	5.1191	1
60	24.7403	456.8125	5.1149	1
60.1	24.747	457.6596	5.1104	1
60.2	24.7536	458.4783	5.1101	1
60.3	24.7604	459.33	5.1193	1
60.4	24.7671	460.1912	5.1315	1
60.5	24.7735	461.0541	5.1216	1
60.6	24.7799	461.9093	5.1237	1
60.7	24.7862	462.7216	5.1265	1
60.8	24.7927	463.498	5.1139	1
60.9	24.7993	464.3332	5.1023	1
61	24.806	465.1994	5.0822	1
61.1	24.8123	466.0463	5.0786	1
61.2	24.8187	466.8679	5.1012	1
61.3	24.8251	467.7371	5.1121	1
61.4	24.8316	468.5881	5.1007	1
61.5	24.8378	469.4625	5.0887	1
61.6	24.8441	470.2672	5.0785	1
61.7	24.8503	471.0966	5.0839	1
61.8	24.8563	472.0186	5.0991	1
61.9	24.8622	472.8103	5.1188	1
62	24.8682	473.6308	5.1204	1
62.1	24.8743	474.5147	5.1048	1
62.2	24.88	475.3663	5.0988	1
62.3	24.8856	476.2003	5.0939	1
62.4	24.8914	477.014	5.102	1
62.5	24.8973	477.8592	5.1069	1
62.6	24.9031	478.6705	5.1029	1
62.7	24.909	479.4874	5.1201	1
62.8	24.9151	480.307	5.1293	1
62.9	24.9213	481.1087	5.1103	1
63	24.9273	481.943	5.1082	1
63.1	24.9333	482.7915	5.1264	1
63.2	24.9392	483.6765	5.1246	1
63.3	24.9451	484.5378	5.1032	1
63.4	24.9511	485.2873	5.1033	1
63.5	24.9572	486.1104	5.0977	1
63.6	24.9633	486.8996	5.0982	1
63.7	24.9695	487.7427	5.0962	1
63.8	24.9758	488.5507	5.0947	1
63.9	24.9825	489.2843	5.1035	1
64	24.9896	489.9948	5.1101	1
64.1	24.9975	490.6637	5.1102	1
64.2	25.0058	491.4794	5.1131	1
64.3	25.0137	492.3882	5.1228	1
64.4	25.0214	493.3381	5.1195	1
64.5	25.0286	494.164	5.1155	1
64.6	25.0359	495.0176	5.109	1
64.7	25.0436	495.7638	5.1094	1
64.8	25.0512	496.6169	5.1023	1
64.9	25.0586	497.5104	5.0952	1
65	25.0658	498.4044	5.0987	1
65.1	25.073	499.2325	5.1143	1
65.2	25.0802	500.1313	5.1219	1
65.3	25.0872	500.9678	5.1121	1
65.4	25.0942	501.7249	5.1049	1
65.5	25.1013	502.4915	5.0996	1
65.6	25.1087	503.3168	5.0909	1
65.7	25.1162	504.2205	5.0968	1
65.8	25.1235	505.048	5.0967	1
65.9	25.1308	505.8699	5.0972	1
66	25.1383	506.7178	5.0907	1
66.1	25.1457	507.4916	5.0901	1
66.2	25.153	508.3833	5.1001	1
66.3	25.1604	509.3036	5.113	1
66.4	25.1672	510.1677	5.1147	1
66.5	25.1738	511.0975	5.116	1
66.6	25.1805	511.8466	5.1126	1
66.7	25.1872	512.6583	5.1113	1
66.8	25.1939	513.5199	5.1085	1
66.9	25.2002	514.398	5.1057	1
67	25.2069	515.1972	5.1161	1
67.1	25.2136	516.045	5.1057	1
67.2	25.2201	516.8901	5.1093	1
67.3	25.2266	517.7141	5.1096	1
67.4	25.2331	518.5127	5.1108	1
67.5	25.2398	519.334	5.1123	1
67.6	25.2464	520.2669	5.0999	1
67.7	25.2529	520.9917	5.0954	1
67.8	25.2594	521.8308	5.0951	1
67.9	25.2661	522.6634	5.0884	1
68	25.2729	523.5068	5.1002	1
68.1	25.2796	524.3261	5.1098	1
68.2	25.2862	525.2075	5.117	1
68.3	25.2928	526.0832	5.1259	1
68.4	25.2989	526.8872	5.1058	1
68.5	25.3054	527.6871	5.0916	1
68.6	25.312	528.452	5.1068	1
68.7	25.3187	529.3975	5.108	1
68.8	25.3252	530.2159	5.1005	1
68.9	25.3316	531.0872	5.1084	1
69	25.338	531.8843	5.1199	1
69.1	25.3441	532.7868	5.1299	1
69.2	25.3502	533.6815	5.1086	1
69.3	25.3562	534.4038	5.093	1
69.4	25.3626	535.2538	5.0855	1
69.5	25.3693	535.9852	5.0839	1
69.6	25.3759	536.8203	5.1002	1
69.7	25.3828	537.6881	5.1065	1
69.8	25.3891	538.5844	5.1122	1
69.9	25.3954	539.3829	5.1143	1
70	25.4015	540.309	5.1121	1
70.1	25.4075	541.1793	5.1247	1
70.2	25.4135	541.9955	5.1286	1
70.3	25.4197	542.7618	5.1233	1
70.4	25.4263	543.5671	5.1138	1
70.5	25.4326	544.3938	5.1041	1
70.6	25.4391	545.1883	5.0986	1
70.7	25.4455	546.0504	5.1056	1
70.8	25.4517	546.8975	5.1138	1
70.9	25.4578	547.8339	5.1081	1
71	25.4636	548.7362	5.105	1
71.1	25.4691	549.6395	5.1104	1
71.2	25.4745	550.3779	5.1111	1
71.3	25.4802	551.1895	5.1127	1
71.4	25.4858	551.9963	5.1193	1
71.5	25.4919	552.7206	5.122	1
71.6	25.4981	553.6132	5.1135	1
71.7	25.5041	554.4799	5.0997	1
71.8	25.5099	555.3623	5.0921	1
71.9	25.5157	556.1709	5.0941	1
72	25.5213	557.0093	5.1127	1
72.1	25.5271	557.8331	5.1097	1
72.2	25.5326	558.7264	5.0964	1
72.3	25.5381	559.5099	5.0846	1
72.4	25.5437	560.3876	5.0925	1
72.5	25.5493	561.2837	5.1035	1
72.6	25.5549	562.0162	5.1	1
72.7	25.5603	562.887	5.0983	1
72.8	25.5656	563.7615	5.1005	1
72.9	25.5708	564.5456	5.0942	1
73	25.5765	565.3615	5.0932	1
73.1	25.5821	566.2135	5.0924	1
73.2	25.5877	567.0444	5.0854	1
73.3	25.5933	567.8788	5.0939	1
73.4	25.5989	568.6705	5.1091	1
73.5	25.6044	569.5038	5.1106	1
73.6	25.61	570.4251	5.0967	1
73.7	25.6155	571.1492	5.0917	1
73.8	25.621	572.0177	5.1059	1
73.9	25.6266	572.8359	5.1024	1
74	25.6323	573.6721	5.1005	1
74.1	25.638	574.5199	5.0969	1
74.2	25.6437	575.3915	5.1044	1
74.3	25.6491	576.2302	5.1039	1
74.4	25.6546	577.0867	5.1022	1
74.5	25.66	577.824	5.1076	1
74.6	25.6653	578.7739	5.1036	1
74.7	25.6703	579.6097	5.0926	1
74.8	25.6754	580.3684	5.0849	1
74.9	25.6808	581.2818	5.1016	1
75	25.6861	582.1088	5.1128	1
75.1	25.691	583.0252	5.1183	1
75.2	25.6959	583.851	5.1233	1
75.3	25.7009	584.6692	5.1224	1
75.4	25.7056	585.5065	5.1189	1
75.5	25.7106	586.2074	5.1134	1
75.6	25.7159	587.0459	5.116	1
75.7	25.7213	587.9522	5.1344	1
75.8	25.7262	588.84	5.1444	1
75.9	25.7312	589.633	5.1311	1
76	25.7361	590.5235	5.1292	1
76.1	25.7412	591.2675	5.1368	1
76.2	25.7462	592.0915	5.1282	1
76.3	25.7515	592.8577	5.115	1
76.4	25.7569	593.701	5.1164	1
76.5	25.7623	594.5378	5.1162	1
76.6	25.7677	595.4456	5.1087	1
76.7	25.773	596.2757	5.1142	1
76.8	25.7782	597.0456	5.1154	1
76.9	25.7832	597.9325	5.1306	1
77	25.7883	598.7976	5.1313	1
77.1	25.7933	599.5999	5.13	1
77.2	25.7984	600.4368	5.1277	1
77.3	25.8036	601.2845	5.1129	1
77.4	25.809	601.9989	5.114	1
77.5	25.8143	602.8596	5.1249	1
77.6	25.8197	603.6606	5.1367	1
77.7	25.8251	604.5591	5.1353	1
77.8	25.8306	605.4131	5.1301	1
77.9	25.8357	606.2137	5.126	1
78	25.8411	607.0353	5.1092	1
78.1	25.8468	607.6965	5.1154	1
78.2	25.8528	608.5791	5.1247	1
78.3	25.8584	609.5261	5.1179	1
78.4	25.8639	610.3896	5.0953	1
78.5	25.8691	611.2751	5.0921	1
78.6	25.8743	612.0319	5.103	1
78.7	25.8794	612.9133	5.1092	1
78.8	25.8845	613.8051	5.1014	1
78.9	25.8896	614.5487	5.1102	1
79	25.8949	615.4297	5.1267	1
79.1	25.8999	616.2796	5.1209	1
79.2	25.9049	617.1432	5.1146	1
79.3	25.9098	617.9719	5.1185	1
79.4	25.9145	618.7778	5.1346	1
79.5	25.9193	619.6156	5.1448	1
79.6	25.9241	620.5558	5.148	1
79.7	25.929	621.3567	5.1537	1
79.8	25.9336	622.1972	5.1471	1
79.9	25.9383	623.0549	5.1388	1
80	25.9431	623.8167	5.1448	1
80.1	25.948	624.6505	5.1478	1
80.2	25.9527	625.5206	5.146	1
80.3	25.9573	626.2977	5.1312	1
80.4	25.9622	627.0936	5.1188	1
80.5	25.9671	627.9781	5.1311	1
80.6	25.9719	628.8279	5.1444	1
80.7	25.9766	629.7363	5.1537	1
80.8	25.9811	630.5807	5.1372	1
80.9	25.9855	631.3472	5.1199	1
81	25.9901	632.1864	5.1148	1
81.1	25.9947	632.9934	5.111	1
81.2	25.9993	633.832	5.0938	1
81.3	26.004	634.6322	5.0847	1
81.4	26.0086	635.5621	5.0926	1
81.5	26.0131	636.3686	5.097	1
81.6	26.0174	637.243	5.1077	1
81.7	26.0216	638.0946	5.1132	1
81.8	26.0258	638.9071	5.1139	1
81.9	26.0303	639.7289	5.1013	1
82	26.0348	640.5013	5.1008	1
82.1	26.0391	641.3632	5.1085	1
82.2	26.0436	642.2283	5.1152	1
82.3	26.048	643.0375	5.1226	1
82.4	26.0523	643.9615	5.1258	1
82.5	26.0568	644.6944	5.1328	1
82.6	26.0612	645.4655	5.1286	1
82.7	26.0657	646.4159	5.1265	1
82.8	26.0701	647.1464	5.1231	1
82.9	26.0747	648.0574	5.102	1
83	26.0791	648.8478	5.1023	1
83.1	26.0836	649.7044	5.1154	1
83.2	26.088	650.5225	5.105	1
83.3	26.0924	651.3484	5.104	1
83.4	26.0967	652.2739	5.1064	1
83.5	26.1008	653.0482	5.1158	1
83.6	26.1053	653.8515	5.1159	1
83.7	26.1099	654.6424	5.1176	1
83.8	26.1142	655.5008	5.1058	1
83.9	26.1186	656.3565	5.105	1
84	26.123	657.2164	5.1128	1
84.1	26.1274	658.0541	5.1054	1
84.2	26.1319	658.8851	5.0979	1
84.3	26.1366	659.621	5.1079	1
84.4	26.1416	660.326	5.1201	1
84.5	26.1467	661.2754	5.1137	1
84.6	26.1515	662.1671	5.1121	1
84.7	26.1559	663.0489	5.1032	1
84.8	26.1605	663.749	5.1006	1
84.9	26.165	664.6451	5.0902	1
85	26.1697	665.5346	5.0733	1
85.1	26.1739	666.3946	5.0856	1
85.2	26.1783	667.2617	5.0988	1
85.3	26.1829	667.9344	5.0913	1
85.4	26.1877	668.8153	5.0836	1
85.5	26.1923	669.7356	5.0906	1
85.6	26.1966	670.5076	5.0933	1
85.7	26.2008	671.4672	5.0943	1
85.8	26.2052	672.1232	5.0816	1
85.9	26.2097	672.9826	5.0904	1
86	26.2144	673.8266	5.0955	1
86.1	26.2189	674.6306	5.0939	1
86.2	26.2232	675.579	5.0963	1
86.3	26.2277	676.3858	5.1088	1
86.4	26.232	677.2266	5.1132	1
86.5	26.2365	678.0113	5.1094	1
86.6	26.2406	678.8175	5.1018	1
86.7	26.2451	679.7318	5.0976	1
86.8	26.2494	680.5654	5.0936	1
86.9	26.2538	681.3186	5.0905	1
87	26.258	682.2693	5.0929	1
87.1	26.2623	682.9267	5.0853	1
87.2	26.2669	683.7902	5.085	1
87.3	26.2717	684.6354	5.0885	1
87.4	26.2763	685.5445	5.0879	1
87.5	26.2806	686.3012	5.0873	1
87.6	26.2855	687.165	5.0911	1
87.7	26.2901	687.948	5.0998	1
87.8	26.2949	688.7247	5.1017	1
87.9	26.2997	689.5933	5.1014	1
88	26.3045	690.3551	5.0999	1
88.1	26.3091	691.3645	5.0925	1
88.2	26.3137	692.0515	5.0885	1
88.3	26.3186	692.9011	5.0881	1
88.4	26.324	693.6918	5.0932	1
88.5	26.3291	694.5012	5.0968	1
88.6	26.3342	695.3787	5.1039	1
88.7	26.3396	696.155	5.1065	1
88.8	26.3448	696.99	5.1068	1
88.9	26.3504	697.7958	5.1036	1
89	26.3555	698.5902	5.094	1
89.1	26.3604	699.5472	5.0982	1
89.2	26.3658	700.3084	5.1	1
89.3	26.3713	701.096	5.1033	1
89.4	26.3771	701.9376	5.106	1
89.5	26.3827	702.659	5.1003	1
89.6	26.3886	703.5863	5.1032	1
89.7	26.3947	704.2886	5.1079	1
89.8	26.4005	705.2677	5.114	1
89.9	26.4063	705.9599	5.1149	1
90	26.4121	706.901	5.1121	1
90.1	26.4184	707.7475	5.1176	1
90.2	26.4239	708.5698	5.1137	1
90.3	26.4296	709.5204	5.1048	1
90.4	26.4352	710.2016	5.1054	1
90.5	26.4409	711.1204	5.1106	1
90.6	26.4468	711.9202	5.117	1
90.7	26.4522	712.7603	5.1196	1
90.8	26.4579	713.6262	5.1215	1
90.9	26.4635	714.4587	5.1202	1
91	26.4691	715.2826	5.1189	1
91.1	26.4745	716.1367	5.129	1
91.2	26.4801	716.9722	5.1266	1
91.3	26.4854	717.9035	5.1085	1
91.4	26.4904	718.7595	5.1112	1
91.5	26.4952	719.6775	5.1218	1
91.6	26.4997	720.397	5.1187	1
91.7	26.5041	721.422	5.1158	1
91.8	26.5086	722.2555	5.121	1
91.9	26.5131	723.0051	5.1156	1
92	26.518	723.8018	5.1125	1
92.1	26.5227	724.6055	5.129	1
92.2	26.5277	725.4711	5.1342	1
92.3	26.5329	726.1504	5.1089	1
92.4	26.5382	727.0348	5.0985	1
92.5	26.5432	727.8814	5.1069	1
92.6	26.5482	728.7407	5.103	1
92.7	26.5531	729.5934	5.0946	1
92.8	26.5576	730.5568	5.0859	1
92.9	26.5623	731.3566	5.0942	1
93	26.5668	732.1496	5.0987	1
93.1	26.5714	732.9484	5.0868	1
93.2	26.576	733.8211	5.0844	1
93.3	26.5807	734.6181	5.0913	1
93.4	26.5855	735.4448	5.104	1
93.5	26.5902	736.2581	5.099	1
93.6	26.5952	737.1313	5.0998	1
93.7	26.6003	737.8001	5.1031	1
93.8	26.6054	738.7052	5.0997	1
93.9	26.6107	739.4886	5.0899	1
94	26.6164	740.2175	5.071	1
94.1	26.6222	741.1133	5.0759	1
94.2	26.6279	741.8647	5.0777	1
94.3	26.6335	742.8046	5.0819	1
94.4	26.6393	743.5612	5.08	1
94.5	26.6449	744.409	5.0759	1
94.6	26.6507	745.2509	5.0759	1
94.7	26.6564	746.0166	5.0677	1
94.8	26.6622	746.907	5.0662	1
94.9	26.668	747.7381	5.0765	1
95	26.6736	748.6201	5.0822	1
95.1	26.6792	749.4559	5.0845	1
95.2	26.6851	750.2643	5.0908	1
95.3	26.6909	751.0852	5.102	1
95.4	26.6966	751.9147	5.1107	1
95.5	26.7023	752.7416	5.1094	1
95.6	26.7084	753.5724	5.0964	1
95.7	26.7142	754.3929	5.0982	1
95.8	26.7201	755.217	5.096	1
95.9	26.7261	755.96	5.0913	1
96	26.7323	756.9235	5.087	1
96.1	26.7383	757.7484	5.0914	1
96.2	26.7439	758.5832	5.0972	1
96.3	26.7499	759.3422	5.09	1
96.4	26.756	760.1794	5.0971	1
96.5	26.762	761.1141	5.1025	1
96.6	26.7677	761.9821	5.1087	1
96.7	26.7733	762.8116	5.1118	1
96.8	26.7792	763.542	5.1151	1
96.9	26.7852	764.2575	5.1184	1
97	26.7915	765.113	5.1105	1
97.1	26.7979	765.8913	5.1022	1
97.2	26.8041	766.9188	5.0918	1
97.3	26.8096	767.8932	5.092	1
97.4	26.8145	768.8252	5.0983	1
97.5	26.8198	769.4104	5.1046	1
97.6	26.826	770.1982	5.0951	1
97.7	26.8322	770.9492	5.0878	1
97.8	26.8382	771.9491	5.0789	1
97.9	26.8437	772.7317	5.0606	1
98	26.8497	773.6114	5.0551	1
98.1	26.8554	774.4143	5.0742	1
98.2	26.8612	775.3373	5.0857	1
98.3	26.8664	776.1509	5.0819	1
98.4	26.872	777.0066	5.0767	1
98.5	26.877	777.8921	5.0711	1
98.6	26.8822	778.8136	5.072	1
98.7	26.887	779.5441	5.0861	1
98.8	26.8923	780.4026	5.118	1
98.9	26.8976	781.2098	5.1283	1
99	26.9025	782.1677	5.1187	1
99.1	26.9071	783.0826	5.1232	1
99.2	26.9114	783.8754	5.1238	1
99.3	26.9158	784.6723	5.1045	1
99.4	26.9203	785.5048	5.1007	1
99.5	26.9246	786.4677	5.1227	1
99.6	26.9288	787.2928	5.1242	1
99.7	26.9331	788.0363	5.1233	1
99.8	26.9374	788.9265	5.1257	1
99.9	26.9417	789.7519	5.1244	1
100	26.946	790.5427	5.1372	1
100.1	26.9506	791.277	5.14	1
100.2	26.9557	792.093	5.128	1
100.3	26.9605	792.951	5.1228	1
100.4	26.9653	793.7953	5.1303	1
100.5	26.9701	794.6125	5.1329	1
100.6	26.9752	795.4359	5.1286	1
100.7	26.98	796.2904	5.1257	1
100.8	26.9846	797.0982	5.1212	1
100.9	26.989	797.9579	5.1256	1
101	26.9936	798.7694	5.1201	1
101.1	26.9986	799.5718	5.1139	1
101.2	27.0037	800.3577	5.1143	1
101.3	27.0088	801.1896	5.1161	1
101.4	27.0138	802.0831	5.1218	1
101.5	27.0189	802.9076	5.1071	1
101.6	27.024	803.7195	5.0978	1
101.7	27.0292	804.5533	5.1019	1
101.8	27.034	805.4094	5.1122	1
101.9	27.039	806.1355	5.118	1
102	27.0441	807.0592	5.1163	1
102.1	27.0492	807.9323	5.1072	1
102.2	27.054	808.7588	5.1099	1
102.3	27.0593	809.541	5.1232	1
102.4	27.0643	810.3938	5.1177	1
102.5	27.0691	811.3312	5.1156	1
102.6	27.0736	812.1812	5.1067	1
102.7	27.0783	812.9146	5.1043	1
102.8	27.0828	813.7172	5.1136	1
102.9	27.0875	814.7169	5.1136	1
103	27.0919	815.4958	5.1217	1
103.1	27.0964	816.3342	5.116	1
103.2	27.1011	817.1044	5.111	1
103.3	27.1057	818.0519	5.1106	1
103.4	27.1101	818.8126	5.1192	1
103.5	27.1145	819.6395	5.108	1
103.6	27.1192	820.4751	5.1075	1
103.7	27.1238	821.2578	5.1076	1
103.8	27.1285	822.1421	5.1082	1
103.9	27.1334	822.896	5.1221	1
104	27.1384	823.7644	5.1223	1
104.1	27.1436	824.4995	5.1157	1
104.2	27.1486	825.3458	5.1079	1
104.3	27.1539	826.2282	5.1217	1
104.4	27.1588	827.0628	5.1299	1
104.5	27.1638	827.9138	5.1142	1
104.6	27.1688	828.6657	5.1137	1
104.7	27.1736	829.6729	5.122	1
104.8	27.1782	830.4318	5.1184	1
104.9	27.1825	831.3987	5.111	1
105	27.1869	832.182	5.1095	1
105.1	27.1913	832.9704	5.1073	1
105.2	27.1956	833.8729	5.1058	1
105.3	27.2	834.6553	5.1135	1
105.4	27.2042	835.6117	5.124	1
105.5	27.2083	836.4472	5.1133	1
105.6	27.2122	837.2547	5.0882	1
105.7	27.2162	838.102	5.0889	1
105.8	27.2206	838.7854	5.0964	1
105.9	27.225	839.7059	5.0864	1
106	27.2296	840.5784	5.0971	1
106.1	27.2339	841.2385	5.1078	1
106.2	27.2385	842.1481	5.0982	1
106.3	27.2429	842.9878	5.089	1
106.4	27.2468	843.835	5.0806	1
106.5	27.2509	844.7911	5.0965	1
106.6	27.2549	845.6026	5.0985	1
106.7	27.259	846.4218	5.0918	1
106.8	27.263	847.2842	5.088	1
106.9	27.2671	848.0323	5.0937	1
107	27.2713	848.8797	5.0956	1
107.1	27.2755	849.724	5.0883	1
107.2	27.2798	850.4753	5.0851	1
107.3	27.2842	851.2878	5.0937	1
107.4	27.2889	852.0973	5.103	1
107.5	27.2933	852.9347	5.104	1
107.6	27.2976	853.8399	5.1014	1
107.7	27.3021	854.6879	5.1062	1
107.8	27.3066	855.4558	5.1055	1
107.9	27.3111	856.3587	5.0945	1
108	27.3152	857.1639	5.0974	1
108.1	27.3192	858.0625	5.1089	1
108.2	27.3237	858.7223	5.1155	1
108.3	27.3286	859.5837	5.1016	1
108.4	27.3335	860.372	5.089	1
108.5	27.3385	861.0908	5.0876	1
108.6	27.3439	861.9134	5.0803	1
108.7	27.3496	862.7294	5.0677	1
108.8	27.3556	863.4608	5.0674	1
108.9	27.3618	864.2258	5.0748	1
109	27.3684	865.0624	5.0791	1
109.1	27.3748	865.9249	5.0727	1
109.2	27.381	866.8187	5.0585	1
109.3	27.3873	867.5479	5.0653	1
109.4	27.3935	868.4186	5.0802	1
109.5	27.3997	869.2659	5.0859	1
109.6	27.4059	870.1111	5.076	1
109.7	27.4122	870.9554	5.0719	1
109.8	27.4183	871.9044	5.0861	1
109.9	27.424	872.7364	5.0869	1
110	27.4297	873.5302	5.0841	1
110.1	27.4354	874.3215	5.0812	1
110.2	27.441	875.313	5.0755	1
110.3	27.4466	876.1869	5.0753	1
110.4	27.4523	876.9076	5.0835	1
110.5	27.4579	877.795	5.0762	1
110.6	27.4633	878.5804	5.084	1
110.7	27.4686	879.4714	5.0871	1
110.8	27.4743	880.204	5.0842	1
110.9	27.4802	881.0743	5.0891	1
111	27.486	881.806	5.0943	1
111.1	27.4918	882.8007	5.0965	1
111.2	27.4976	883.5836	5.0987	1
111.3	27.5033	884.4137	5.0926	1
111.4	27.5088	885.284	5.0893	1
111.5	27.5142	886.1154	5.0914	1
111.6	27.5198	886.9738	5.096	1
111.7	27.5254	887.8058	5.0989	1
111.8	27.5306	888.6569	5.0927	1
111.9	27.5362	889.4152	5.089	1
112	27.5414	890.4081	5.0863	1
112.1	27.5467	891.2474	5.0821	1
112.2	27.5516	892.0681	5.0909	1
112.3	27.5565	893.013	5.0892	1
112.4	27.5614	893.7096	5.0744	1
112.5	27.5659	894.6664	5.0751	1
112.6	27.571	895.3802	5.0815	1
112.7	27.576	896.1426	5.0826	1
112.8	27.5812	897.1072	5.0874	1
112.9	27.5864	897.7938	5.0869	1
113	27.5913	898.6965	5.0836	1
113.1	27.5966	899.5812	5.0896	1
113.2	27.6017	900.3383	5.0843	1
113.3	27.6066	901.276	5.0806	1
113.4	27.6118	902.027	5.0858	1
113.5	27.6169	902.7875	5.0783	1
113.6	27.6221	903.8069	5.0732	1
113.7	27.6268	904.5492	5.0693	1
113.8	27.6315	905.5081	5.0748	1
113.9	27.6365	906.2372	5.0871	1
114	27.641	907.0755	5.0813	1
114.1	27.6453	908.1665	5.0694	1
114.2	27.6497	908.8253	5.0645	1
114.3	27.6536	909.6953	5.0728	1
114.4	27.6581	910.6868	5.095	1
114.5	27.6621	911.2238	5.0915	1
114.6	27.6662	912.3859	5.0842	1
114.7	27.6708	912.9439	5.0852	1
114.8	27.6746	913.8846	5.0838	1
114.9	27.679	914.8977	5.09	1
115	27.6833	915.2815	5.0799	1
115.1	27.6875	916.5003	5.0798	1
115.2	27.6924	917.015	5.0808	1
115.3	27.6962	917.9919	5.0846	1
115.4	27.7009	919.0146	5.0744	1
115.5	27.7049	919.5051	5.0771	1
115.6	27.7091	920.7312	5.0721	1
115.7	27.7137	921.2158	5.07	1
115.8	27.7177	922.138	5.0821	1
115.9	27.7227	923.1495	5.091	1
116	27.727	923.597	5.0765	1
116.1	27.7313	924.8536	5.068	1
116.2	27.736	925.3972	5.0698	1
116.3	27.7399	926.3193	5.0758	1
116.4	27.7445	927.3053	5.0734	1
116.5	27.7485	927.8255	5.0786	1
116.6	27.7528	929.0579	5.0893	1
116.7	27.7574	929.6116	5.0799	1
116.8	27.7612	930.5207	5.0559	1
116.9	27.7658	931.4911	5.047	1
117	27.7695	932.0336	5.062	1
117.1	27.7738	933.1669	5.0759	1
117.2	27.7782	933.7095	5.0724	1
117.3	27.7824	934.6252	5.0594	1
117.4	27.7871	935.5515	5.0804	1
117.5	27.7914	936.2177	5.0945	1
117.6	27.7957	937.2506	5.0971	1
117.7	27.8005	937.8658	5.0905	1
117.8	27.8047	938.7312	5.0813	1
117.9	27.8094	939.7484	5.0807	1
118	27.8135	940.3256	5.0763	1
118.1	27.818	941.4632	5.0689	1
118.2	27.8226	942.1193	5.0768	1
118.3	27.8269	942.9901	5.077	1
118.4	27.8312	943.9215	5.0776	1
118.5	27.8354	944.5799	5.0845	1
118.6	27.8395	945.5983	5.0739	1
118.7	27.8437	946.3678	5.0784	1
118.8	27.8476	947.2076	5.0846	1
118.9	27.852	948.0786	5.0711	1
119	27.8561	948.8229	5.0669	1
119.1	27.86	949.7619	5.0844	1
119.2	27.8639	950.6211	5.0943	1
119.3	27.8679	951.377	5.0946	1
119.4	27.8719	952.2722	5.0774	1
119.5	27.8762	952.9149	5.0724	1
119.6	27.8805	953.8258	5.0857	1
119.7	27.8846	954.6662	5.0926	1
119.8	27.8888	955.4675	5.0946	1
119.9	27.8931	956.3357	5.0881	1
120	27.8974	957.2416	5.0886	1
120.1	27.9013	958.0868	5.0875	1
120.2	27.9053	958.9153	5.0782	1
120.3	27.9094	959.6689	5.0849	1
120.4	27.9136	960.4833	5.1072	1
120.5	27.9179	961.3828	5.1091	1
120.6	27.922	962.1255	5.1154	1
120.7	27.9264	962.9147	5.1067	1
120.8	27.9315	963.636	5.0965	1
120.9	27.9364	964.5165	5.0982	1
121	27.9416	965.434	5.0991	1
121.1	27.9464	966.167	5.0994	1
121.2	27.9511	967.1501	5.1002	1
121.3	27.9557	967.9125	5.0995	1
121.4	27.9597	968.9077	5.0933	1
121.5	27.9638	969.7736	5.0894	1
121.6	27.9678	970.4208	5.0966	1
121.7	27.9721	971.3514	5.102	1
121.8	27.9765	972.1909	5.1157	1
121.9	27.9806	973.0075	5.1137	1
122	27.9849	973.772	5.1039	1
122.1	27.9893	974.6275	5.0935	1
122.2	27.9936	975.5794	5.0826	1
122.3	27.9975	976.3839	5.0845	1
122.4	28.0018	977.149	5.1005	1
122.5	28.006	977.9909	5.0886	1
122.6	28.0106	978.8765	5.0777	1
122.7	28.015	979.5605	5.0801	1
122.8	28.0195	980.4891	5.0931	1
122.9	28.0244	981.0565	5.1127	1
123	28.029	982.1227	5.107	1
123.1	28.0342	982.8197	5.0997	1
123.2	28.0391	983.6408	5.1048	1
123.3	28.0443	984.5059	5.1014	1
123.4	28.0492	985.3001	5.0948	1
123.5	28.0541	986.2966	5.0869	1
123.6	28.0591	986.9732	5.0762	1
123.7	28.0639	987.8331	5.0912	1
123.8	28.0689	988.6933	5.0941	1
123.9	28.0737	989.5361	5.0775	1
124	28.0786	990.2939	5.0738	1
124.1	28.0832	991.2114	5.0729	1
124.2	28.0879	992.1547	5.0782	1
124.3	28.0926	992.8227	5.0791	1
124.4	28.0977	993.7569	5.081	1
124.5	28.1025	994.478	5.0961	1
124.6	28.1074	995.3856	5.0943	1
124.7	28.1122	996.2661	5.0831	2
124.8	28.1167	997.0893	5.0796	2
124.9	28.1213	998.0209	5.0799	2
125	28.1262	998.5273	5.0808	2
125.1	28.1313	999.1617	5.0897	2
125.2	28.1361	999.3332	5.0974	2
125.3	28.1404	999.4141	5.1009	2
125.4	28.1451	999.3364	5.112	2
125.5	28.1494	999.3822	5.1052	2
125.6	28.1536	999.4668	5.0868	2
125.7	28.1573	999.4819	5.0838	2
125.8	28.1612	999.4817	5.0965	2
125.9	28.1652	999.4378	5.0937	2
126	28.1691	999.5098	5.0846	2
126.1	28.1729	999.5931	5.0736	2
126.2	28.1763	999.5941	5.083	2
126.3	28.1796	999.5996	5.0805	2
126.4	28.1827	999.5936	5.0695	2
126.5	28.1854	999.7404	5.0696	2
126.6	28.1882	999.6753	5.0789	2
126.7	28.1906	999.7431	5.0878	2
126.8	28.1931	999.8134	5.0876	2
126.9	28.1952	999.779	5.0841	2
127	28.1974	999.8239	5.087	2
127.1	28.1994	999.838	5.0864	2
127.2	28.2018	999.817	5.0874	2
127.3	28.2042	999.7373	5.0861	2
127.4	28.2065	999.7614	5.0762	2
127.5	28.209	999.7985	5.0731	2
127.6	28.2115	999.7771	5.085	2
127.7	28.2138	999.7981	5.0885	2
127.8	28.2158	999.8173	5.0768	2
127.9	28.2176	999.8151	5.0841	2
128	28.2194	999.9279	5.0877	2
128.1	28.221	999.87	5.0855	2
128.2	28.2227	999.9463	5.0826	2
128.3	28.2244	999.9076	5.0635	2
128.4	28.2258	999.9245	5.057	2
128.5	28.2274	999.9127	5.0627	2
128.6	28.229	999.8808	5.0641	2
128.7	28.2306	999.9629	5.0652	2
128.8	28.2321	999.9954	5.0809	2
128.9	28.2333	999.943	5.0783	2
129	28.2345	999.9297	5.0741	2
129.1	28.236	999.9281	5.0815	2
129.2	28.2373	999.9523	5.0816	2
129.3	28.2382	1000.0612	5.0694	2
129.4	28.2391	1000.0935	5.0684	2
129.5	28.2399	1000.0867	5.0935	2
129.6	28.2407	1000.0399	5.1058	2
129.7	28.2414	1000.0661	5.1004	2
129.8	28.242	1000.137	5.0942	2
129.9	28.2425	1000.0266	5.09	2
130	28.243	1000.0904	5.0907	2
130.1	28.2439	999.9661	5.0986	2
130.2	28.2445	1000.1335	5.1089	2
130.3	28.2453	1000.0243	5.103	2
130.4	28.2458	1000.0477	5.098	2
130.5	28.2467	1000.0205	5.1071	2
130.6	28.2475	999.9652	5.1083	2
130.7	28.2482	1000.0257	5.0866	2
130.8	28.2493	999.9477	5.0867	2
130.9	28.2506	999.8507	5.0886	2
131	28.2521	999.887	5.0829	2
131.1	28.2537	999.8162	5.0857	2
131.2	28.2552	999.8472	5.0838	2
131.3	28.2571	999.8533	5.0812	2
131.4	28.2587	999.7773	5.0778	2
131.5	28.2603	999.8707	5.0814	2
131.6	28.2618	999.7828	5.0891	2
131.7	28.2637	999.8184	5.078	2
131.8	28.2657	999.7003	5.0713	2
131.9	28.2677	999.7505	5.0694	2
132	28.2698	999.648	5.0799	2
132.1	28.2722	999.7132	5.0876	2
132.2	28.2746	999.6804	5.0873	2
132.3	28.277	999.6189	5.0711	2
132.4	28.2794	999.652	5.0735	2
132.5	28.2814	999.7423	5.0706	2
132.6	28.2831	999.8094	5.0675	2
132.7	28.2846	999.9081	5.0676	2
132.8	28.2862	999.7865	5.0716	2
132.9	28.2877	999.8463	5.0818	2
133	28.289	999.8501	5.0878	2
133.1	28.2906	999.8252	5.0821	2
133.2	28.2922	999.8203	5.0708	2
133.3	28.2939	999.8536	5.0803	2
133.4	28.2953	999.9154	5.0902	2
133.5	28.2963	999.9904	5.0745	2
133.6	28.2967	1000.0819	5.0706	2
133.7	28.2971	1000.0212	5.0778	2
133.8	28.2979	999.99	5.0714	2
133.9	28.2986	1000.0339	5.0697	2
134	28.299	1000.0654	5.0879	2
134.1	28.2996	1000.0337	5.0881	2
134.2	28.3002	1000.054	5.0789	2
134.3	28.3006	1000.1123	5.071	2
134.4	28.3012	1000.0116	5.0654	2
134.5	28.3019	1000.0331	5.0776	2
134.6	28.3024	1000.0486	5.0894	2
134.7	28.3027	1000.0888	5.0816	2
134.8	28.3033	1000.0367	5.0882	2
134.9	28.3038	1000.0219	5.09	2
135	28.3043	1000.1244	5.083	2
135.1	28.3048	999.9673	5.0768	2
135.2	28.3054	999.9847	5.0716	2
135.3	28.3061	1000.0032	5.0805	2
135.4	28.3066	1000.0415	5.0776	2
135.5	28.3068	1000.1475	5.0747	2
135.6	28.3065	1000.2018	5.0773	2
135.7	28.3062	1000.2389	5.0948	2
135.8	28.3058	1000.2602	5.0996	2
135.9	28.3052	1000.2712	5.0979	2
136	28.3049	1000.193	5.086	2
136.1	28.3046	1000.136	5.0809	2
136.2	28.3046	1000.2217	5.08	2
136.3	28.3042	1000.112	5.0895	2
136.4	28.304	1000.2417	5.1031	2
136.5	28.3039	1000.052	5.1073	2
136.6	28.3041	1000.1127	5.1067	2
136.7	28.3043	1000.129	5.1022	2
136.8	28.3045	1000.0862	5.11	2
136.9	28.3046	1000.0678	5.1041	2
137	28.305	1000.0134	5.1061	2
137.1	28.3051	1000.1204	5.0972	2
137.2	28.3054	1000.0351	5.0958	2
137.3	28.3055	1000.0702	5.106	2
137.4	28.3057	1000.1478	5.1032	2
137.5	28.3057	1000.0878	5.1077	2
137.6	28.3056	1000.1448	5.1167	2
137.7	28.3057	1000.0686	5.1128	2
137.8	28.3057	1000.1343	5.1147	2
137.9	28.3054	1000.1948	5.1139	2
138	28.3053	1000.0501	5.1052	2
138.1	28.3056	1000.0204	5.1094	2
138.2	28.3061	1000.0557	5.0998	2
138.3	28.3061	1000.1683	5.0813	2
138.4	28.3059	1000.1169	5.0753	2
138.5	28.3059	1000.0508	5.0743	2
138.6	28.306	1000.1279	5.0863	2
138.7	28.3062	1000.004	5.1018	2
138.8	28.3063	1000.1435	5.0823	2
138.9	28.3065	1000.0992	5.0815	2
139	28.3065	1000.0846	5.0862	2
139.1	28.3063	1000.2581	5.0895	2
139.2	28.3059	1000.0095	5.0749	2
139.3	28.306	1000.0817	5.0548	2
139.4	28.3064	1000.0112	5.0676	2
139.5	28.3064	1000.0421	5.086	2
139.6	28.3068	1000.0895	5.0659	2
139.7	28.3074	999.7952	5.0571	2
139.8	28.3084	999.8621	5.0574	2
139.9	28.31	999.8172	5.0643	2
140	28.3113	999.7755	5.0802	2
140.1	28.3124	999.968	5.0817	2
140.2	28.3129	999.9552	5.0846	2
140.3	28.3132	1000.0676	5.091	2
140.4	28.3136	1000.0924	5.1013	2
140.5	28.3137	999.9778	5.106	2
140.6	28.314	1000.0181	5.0927	2
140.7	28.3147	999.8805	5.0884	2
140.8	28.3156	999.8409	5.0854	2
140.9	28.3171	999.8013	5.082	2
141	28.3182	999.7948	5.0879	2
141.1	28.3196	999.8499	5.083	2
141.2	28.3204	999.8329	5.085	2
141.3	28.3212	1000.0566	5.0891	2
141.4	28.3215	999.9527	5.0946	2
141.5	28.3223	999.8704	5.0926	2
141.6	28.3237	999.7622	5.0945	2
141.7	28.3247	999.8537	5.0985	2
141.8	28.3256	999.9538	5.0982	2
141.9	28.3266	999.7862	5.0952	2
142	28.3274	999.9617	5.0911	2
142.1	28.3282	999.9549	5.096	2
142.2	28.3288	999.9363	5.0968	2
142.3	28.3294	999.9388	5.0977	2
142.4	28.3304	999.9438	5.1087	2
142.5	28.3308	1000.0541	5.1146	2
142.6	28.3312	999.9835	5.1154	2
142.7	28.3317	999.8961	5.1111	2
142.8	28.3323	999.9006	5.1035	2
142.9	28.3333	999.8762	5.0991	2
143	28.3345	999.7952	5.1152	2
143.1	28.3359	999.7584	5.1168	2
143.2	28.3372	999.7546	5.1091	2
143.3	28.3385	999.856	5.1045	2
143.4	28.3397	999.8634	5.0936	2
143.5	28.3411	999.8159	5.0841	2
143.6	28.3421	999.8389	5.092	2
143.7	28.3428	999.9375	5.0979	2
143.8	28.3431	1000.1053	5.1003	2
143.9	28.3433	1000.0031	5.0958	2
144	28.3438	999.9415	5.1016	2
144.1	28.3447	999.8531	5.1109	2
144.2	28.3458	999.8875	5.0986	2
144.3	28.347	999.8088	5.0883	2
144.4	28.348	999.8888	5.0795	2
144.5	28.3486	999.9361	5.077	2
144.6	28.3492	1000.0243	5.0922	2
144.7	28.3498	999.9347	5.0969	2
144.8	28.3505	999.9491	5.1013	2
144.9	28.3511	999.9494	5.1088	2
145	28.3516	999.9292	5.115	2
145.1	28.3519	1000.0544	5.0939	2
145.2	28.352	1000.1129	5.0857	2
145.3	28.352	1000.1257	5.0959	2
145.4	28.3517	1000.1311	5.0946	2
145.5	28.3514	1000.0968	5.0868	2
145.6	28.3514	1000.1307	5.0836	2
145.7	28.3515	1000.0668	5.0855	2
145.8	28.3517	999.9537	5.0956	2
145.9	28.352	999.9974	5.0968	2
146	28.3526	999.9367	5.102	2
146.1	28.353	1000.0108	5.1172	2
146.2	28.3536	999.9663	5.115	2
146.3	28.354	999.9926	5.1057	2
146.4	28.3543	999.9697	5.1043	2
146.5	28.3549	999.9333	5.1103	2
146.6	28.3557	999.8464	5.1075	2
146.7	28.357	999.8296	5.103	2
146.8	28.3579	999.831	5.1031	2
146.9	28.3587	999.9548	5.1027	2
147	28.3595	999.8732	5.0988	2
147.1	28.3602	999.9847	5.1032	2
147.2	28.3607	1000.111	5.1087	2
147.3	28.3604	1000.0462	5.109	2
147.4	28.3603	1000.2165	5.1122	2
147.5	28.3605	999.9219	5.1097	2
147.6	28.3605	1000.0966	5.0974	2
147.7	28.3611	1000.0169	5.1031	2
147.8	28.361	999.9542	5.1026	2
147.9	28.3614	1000.1562	5.1019	2
148	28.3615	999.9131	5.0944	2
148.1	28.3613	1000.1658	5.0981	2
148.2	28.3615	1000.0612	5.1165	2
148.3	28.3612	1000.0548	5.111	2
148.4	28.3611	1000.2151	5.1135	2
148.5	28.3607	1000.0224	5.1198	2
148.6	28.3601	1000.2309	5.1146	2
148.7	28.36	1000.2117	5.1142	2
148.8	28.3592	1000.0763	5.1086	2
148.9	28.3588	1000.2939	5.106	2
149	28.3588	999.931	5.1051	2
149.1	28.3587	1000.1261	5.1103	2
149.2	28.3592	1000.0507	5.1261	2
149.3	28.3589	1000.0628	5.116	2
149.4	28.359	1000.1065	5.1058	2
149.5	28.3592	999.9113	5.1012	2
149.6	28.3593	1000.0238	5.1008	2
149.7	28.3595	1000.1384	5.1021	2
149.8	28.3593	1000.1159	5.1017	2
149.9	28.3591	999.997	5.1164	2
150	28.3592	1000.1462	5.121	2
150.1	28.3588	1000.0956	5.1206	2
150.2	28.3583	1000.2218	5.1119	2
150.3	28.358	1000.0927	5.1115	2
150.4	28.3575	1000.1351	5.1114	2
150.5	28.357	1000.192	5.11	2
150.6	28.3565	1000.0664	5.1107	2
150.7	28.356	1000.254	5.1095	2
150.8	28.3557	1000.12	5.1018	2
150.9	28.3551	1000.2392	5.0864	2
151	28.3546	1000.1879	5.088	2
151.1	28.3542	1000.1513	5.0986	2
151.2	28.3535	1000.2467	5.107	2
151.3	28.3528	1000.192	5.0961	2
151.4	28.3521	1000.1818	5.0734	2
151.5	28.3515	1000.2344	5.0796	2
151.6	28.3508	1000.2014	5.0886	2
151.7	28.3502	1000.1082	5.0868	2
151.8	28.3497	1000.1669	5.0857	2
151.9	28.3494	1000.0967	5.0861	2
152	28.3492	1000.1168	5.0966	2
152.1	28.3488	1000.0434	5.0951	2
152.2	28.3486	1000.1443	5.0982	2
152.3	28.3483	1000.0374	5.106	2
152.4	28.3479	1000.1261	5.1036	2
152.5	28.3478	1000.0976	5.1011	2
152.6	28.3475	1000.0353	5.1167	2
152.7	28.3475	1000.1173	5.1297	2
152.8	28.3473	1000.0094	5.128	2
152.9	28.3471	1000.1876	5.1229	2
153	28.3469	1000.0786	5.1142	2
153.1	28.3463	1000.1772	5.1111	2
153.2	28.3459	1000.1805	5.1174	2
153.3	28.345	1000.131	5.122	2
153.4	28.345	1000.1571	5.1219	2
153.5	28.3445	1000.1133	5.1209	2
153.6	28.3438	1000.2673	5.1286	2
153.7	28.343	1000.1367	5.1368	2
153.8	28.3426	1000.0669	5.1338	2
153.9	28.3427	1000.098	5.1245	2
154	28.3428	1000.013	5.1235	2
154.1	28.3427	1000.0507	5.1289	2
154.2	28.343	999.9109	5.1207	2
154.3	28.3434	1000.0002	5.1141	2
154.4	28.3436	999.9748	5.1017	2
154.5	28.344	999.9787	5.1	2
154.6	28.3444	999.9451	5.0975	2
154.7	28.3444	1000.0472	5.0892	3
154.8	28.3442	1000.1531	5.094	3
154.9	28.3439	1000.0329	5.1044	3
155	28.3437	1000.147	5.1066	3
155.1	28.3433	999.8413	5.1057	3
155.2	28.3423	999.2886	5.1113	3
155.3	28.3415	998.3297	5.1142	3
155.4	28.3403	997.5401	5.1087	3
155.5	28.3391	996.7391	5.1029	3
155.6	28.338	995.9583	5.0971	3
155.7	28.3369	994.9459	5.0971	3
155.8	28.3359	994.332	5.0886	3
155.9	28.3346	993.3672	5.09	3
156	28.3331	992.6896	5.0961	3
156.1	28.3317	991.697	5.0988	3
156.2	28.3309	990.7471	5.101	3
156.3	28.3302	990.0169	5.1142	3
156.4	28.3297	989.0905	5.1117	3
156.5	28.329	988.3124	5.1252	3
156.6	28.3282	987.5221	5.1239	3
156.7	28.3275	986.6487	5.1256	3
156.8	28.3265	985.8903	5.1269	3
156.9	28.3254	985.0386	5.1205	3
157	28.3241	984.3175	5.1085	3
157.1	28.3223	983.4777	5.1001	3
157.2	28.3206	982.6588	5.1036	3
157.3	28.3191	981.7354	5.1102	3
157.4	28.3176	981.0386	5.1171	3
157.5	28.3158	980.2054	5.1219	3
157.6	28.3136	979.5035	5.1164	3
157.7	28.3116	978.5732	5.1049	3
157.8	28.3094	977.7613	5.1069	3
157.9	28.3072	976.9973	5.1055	3
158	28.3049	976.0697	5.0957	3
158.1	28.3026	975.2947	5.1038	3
158.2	28.3005	974.4951	5.1186	3
158.3	28.298	973.6493	5.113	3
158.4	28.2958	972.8044	5.1086	3
158.5	28.2934	972.038	5.1214	3
158.6	28.2911	971.2327	5.1186	3
158.7	28.2883	970.3854	5.1078	3
158.8	28.2857	969.5946	5.1032	3
158.9	28.283	968.6949	5.1034	3
159	28.2804	967.8307	5.101	3
159.1	28.2777	967.0245	5.1149	3
159.2	28.2749	966.2805	5.1252	3
159.3	28.2721	965.3897	5.1212	3
159.4	28.2695	964.5412	5.1246	3
159.5	28.267	963.6706	5.1237	3
159.6	28.2644	962.8676	5.1064	3
159.7	28.2617	962.0081	5.1041	3
159.8	28.2591	961.2012	5.1232	3
159.9	28.2565	960.4152	5.1268	3
160	28.2536	959.5976	5.1263	3
160.1	28.2506	958.7653	5.1229	3
160.2	28.2476	957.911	5.1136	3
160.3	28.2447	957.0353	5.1151	3
160.4	28.2422	956.2289	5.1272	3
160.5	28.2396	955.3815	5.1357	3
160.6	28.2369	954.6168	5.1351	3
160.7	28.2339	953.7671	5.1252	3
160.8	28.2309	952.8627	5.1194	3
160.9	28.2279	952.1925	5.1289	3
161	28.2247	951.3671	5.1283	3
161.1	28.2212	950.5022	5.1157	3
161.2	28.218	949.5819	5.1134	3
161.3	28.215	948.7729	5.1111	3
161.4	28.2117	948.0981	5.1106	3
161.5	28.2079	947.2711	5.1267	3
161.6	28.2045	946.2949	5.1256	3
161.7	28.2015	945.402	5.1076	3
161.8	28.1986	944.6025	5.1106	3
161.9	28.1958	943.7504	5.1179	3
162	28.1934	942.7517	5.1104	3
162.1	28.1912	941.9303	5.1034	3
162.2	28.1889	941.114	5.1109	3
162.3	28.187	940.1694	5.1167	3
162.4	28.1856	939.2718	5.1233	3
162.5	28.1842	938.5219	5.1367	3
162.6	28.1822	937.7234	5.1369	3
162.7	28.1797	937.0027	5.1399	3
162.8	28.1773	936.1805	5.1497	3
162.9	28.175	935.2861	5.1468	3
163	28.1728	934.4689	5.1445	3
163.1	28.1702	933.6557	5.1413	3
163.2	28.1677	932.8323	5.1422	3
163.3	28.1651	932.0088	5.1461	3
163.4	28.1624	931.2148	5.141	3
163.5	28.1598	930.3686	5.1372	3
163.6	28.157	929.5415	5.1354	3
163.7	28.1542	928.7625	5.134	3
163.8	28.1516	927.9309	5.1315	3
163.9	28.1487	927.1203	5.1281	3
164	28.1455	926.2351	5.1164	3
164.1	28.1426	925.5029	5.1118	3
164.2	28.1393	924.6621	5.1224	3
164.3	28.1358	923.8295	5.1116	3
164.4	28.1322	923.1477	5.1022	3
164.5	28.1285	922.2096	5.1147	3
164.6	28.1247	921.4344	5.121	3
164.7	28.121	920.5971	5.1142	3
164.8	28.1171	919.8783	5.1201	3
164.9	28.1131	919.0553	5.1382	3
165	28.109	918.1536	5.1444	3
165.1	28.1052	917.3139	5.1353	3
165.2	28.1013	916.4083	5.1255	3
165.3	28.0975	915.5791	5.1163	3
165.4	28.0936	914.7552	5.1187	3
165.5	28.0897	914.0668	5.132	3
165.6	28.0859	913.0992	5.1309	3
165.7	28.0821	912.3377	5.134	3
165.8	28.0783	911.4838	5.1433	3
165.9	28.0744	910.5658	5.1407	3
166	28.0705	909.7733	5.1401	3
166.1	28.0666	908.9418	5.1366	3
166.2	28.0627	908.1238	5.1273	3
166.3	28.0586	907.3626	5.1293	3
166.4	28.0543	906.5508	5.1459	3
166.5	28.0498	905.7166	5.1357	3
166.6	28.0456	904.8745	5.1262	3
166.7	28.0412	904.0606	5.1324	3
166.8	28.0369	903.2907	5.1318	3
166.9	28.0323	902.4083	5.1239	3
167	28.0278	901.6063	5.1195	3
167.1	28.0234	900.7737	5.127	3
167.2	28.0185	900.0427	5.1235	3
167.3	28.0135	899.123	5.1165	3
167.4	28.0085	898.4194	5.1213	3
167.5	28.0038	897.4696	5.1327	3
167.6	27.9986	896.6026	5.1318	3
167.7	27.9939	895.8093	5.118	3
167.8	27.9888	895.0164	5.121	3
167.9	27.9843	894.1233	5.1347	3
168	27.9796	893.2246	5.1353	3
168.1	27.9752	892.4685	5.128	3
168.2	27.9703	891.6199	5.1263	3
168.3	27.9653	890.8192	5.1111	3
168.4	27.9605	890.0742	5.1032	3
168.5	27.9555	889.2471	5.1063	3
168.6	27.9503	888.4526	5.1048	3
168.7	27.9452	887.498	5.1104	3
168.8	27.9402	886.7341	5.1169	3
168.9	27.9353	885.8304	5.1289	3
169	27.9304	885.0337	5.1339	3
169.1	27.9254	884.2774	5.129	3
169.2	27.9203	883.3526	5.1263	3
169.3	27.9153	882.5368	5.1155	3
169.4	27.9101	881.7562	5.1227	3
169.5	27.9046	880.9416	5.13	3
169.6	27.8993	880.1008	5.1184	3
169.7	27.8941	879.2209	5.1225	3
169.8	27.8889	878.4343	5.1152	3
169.9	27.8838	877.5292	5.1078	3
170	27.8788	876.6474	5.1179	3
170.1	27.8742	875.8586	5.1153	3
170.2	27.8695	874.9735	5.1124	3
170.3	27.8647	874.0503	5.1133	3
170.4	27.8601	873.2645	5.1176	3
170.5	27.8556	872.4137	5.1258	3
170.6	27.8509	871.5926	5.1272	3
170.7	27.8462	870.798	5.1198	3
170.8	27.8414	869.9861	5.124	3
170.9	27.8367	869.0996	5.1129	3
171	27.8319	868.2482	5.1111	3
171.1	27.8272	867.4669	5.1202	3
171.2	27.8224	866.7651	5.1311	3
171.3	27.8173	865.8087	5.1368	3
171.4	27.8125	864.9767	5.1207	3
171.5	27.8078	864.141	5.1257	3
171.6	27.8028	863.3516	5.1389	3
171.7	27.7978	862.4892	5.1273	3
171.8	27.793	861.6222	5.1174	3
171.9	27.7885	860.8043	5.1179	3
172	27.7835	859.9345	5.1179	3
172.1	27.7789	859.2075	5.1317	3
172.2	27.7742	858.2963	5.1311	3
172.3	27.7693	857.4197	5.1295	3
172.4	27.7648	856.6754	5.126	3
172.5	27.76	855.7932	5.123	3
172.6	27.7551	855.065	5.132	3
172.7	27.7504	854.1247	5.1275	3
172.8	27.7456	853.2578	5.123	3
172.9	27.7407	852.507	5.1254	3
173	27.7356	851.6487	5.135	3
173.1	27.7309	850.776	5.1254	3
173.2	27.7263	849.9222	5.1184	3
173.3	27.7217	849.1213	5.1201	3
173.4	27.7172	848.2487	5.1209	3
173.5	27.7126	847.3802	5.1159	3
173.6	27.7083	846.4707	5.1125	3
173.7	27.7041	845.7216	5.1002	3
173.8	27.6999	844.8258	5.11	3
173.9	27.6959	843.9929	5.1275	3
174	27.6918	843.1962	5.1273	3
174.1	27.6876	842.4466	5.116	3
174.2	27.6832	841.5058	5.1174	3
174.3	27.679	840.6435	5.1298	3
174.4	27.675	839.7757	5.1281	3
174.5	27.6709	839.0116	5.1191	3
174.6	27.6666	838.2492	5.13	3
174.7	27.6619	837.4137	5.1326	3
174.8	27.6572	836.5853	5.1214	3
174.9	27.6528	835.706	5.1214	3
175	27.6486	834.8612	5.1288	3
175.1	27.6441	834.1369	5.1262	3
175.2	27.6392	833.3011	5.1262	3
175.3	27.6346	832.3762	5.1222	3
175.4	27.6301	831.5699	5.1242	3
175.5	27.6256	830.7428	5.1117	3
175.6	27.6209	830.0414	5.0946	3
175.7	27.6163	829.0803	5.1055	3
175.8	27.6117	828.3048	5.1107	3
175.9	27.607	827.4927	5.1092	3
176	27.6021	826.6395	5.1135	3
176.1	27.5971	825.8302	5.1066	3
176.2	27.5923	824.8819	5.0967	3
176.3	27.5875	824.1741	5.1048	3
176.4	27.5827	823.3343	5.0993	3
176.5	27.5776	822.4396	5.1013	3
176.6	27.5732	821.5769	5.0997	3
176.7	27.5688	820.7214	5.0907	3
176.8	27.5642	819.9362	5.1058	3
176.9	27.5598	818.98	5.1147	3
177	27.5558	818.0976	5.122	3
177.1	27.5523	817.2513	5.1223	3
177.2	27.5486	816.3744	5.1146	3
177.3	27.5447	815.5911	5.1113	3
177.4	27.5409	814.7195	5.1184	3
177.5	27.537	813.9313	5.1077	3
177.6	27.533	813.1576	5.0921	3
177.7	27.5289	812.2423	5.0946	3
177.8	27.525	811.439	5.1174	3
177.9	27.5213	810.5707	5.1146	3
178	27.5176	809.7183	5.0921	3
178.1	27.5142	808.8541	5.0954	3
178.2	27.5105	808.0271	5.1138	3
178.3	27.5068	807.2689	5.1195	3
178.4	27.5027	806.4889	5.114	3
178.5	27.4986	805.6806	5.1111	3
178.6	27.4944	804.8651	5.1193	3
178.7	27.4906	804.0085	5.1188	3
178.8	27.4863	803.2452	5.1191	3
178.9	27.4822	802.3418	5.1126	3
179	27.4777	801.492	5.1048	3
179.1	27.4734	800.7133	5.114	3
179.2	27.4691	799.8489	5.1167	3
179.3	27.4648	798.9788	5.1154	3
179.4	27.4606	798.2579	5.125	3
179.5	27.4559	797.4022	5.1208	3
179.6	27.4512	796.6613	5.1183	3
179.7	27.4464	795.7	5.1205	3
179.8	27.442	794.8799	5.1267	3
179.9	27.4376	793.9709	5.1318	3
180	27.4337	793.0925	5.126	3
180.1	27.4298	792.2794	5.123	3
180.2	27.4258	791.4964	5.1334	3
180.3	27.4214	790.7134	5.1431	3
180.4	27.4175	789.8084	5.1317	3
180.5	27.4133	788.9567	5.1232	3
180.6	27.4093	788.1448	5.1175	3
180.7	27.405	787.4359	5.1118	3
180.8	27.4006	786.4532	5.1005	3
180.9	27.3966	785.6151	5.0964	3
181	27.3923	784.8627	5.1021	3
181.1	27.3881	784.0974	5.1133	3
181.2	27.3837	783.1527	5.1323	3
181.3	27.3795	782.3544	5.1304	3
181.4	27.3753	781.5208	5.123	3
181.5	27.371	780.7207	5.1173	3
181.6	27.3665	779.8414	5.1131	3
181.7	27.3621	779.075	5.1176	3
181.8	27.3576	778.209	5.1103	3
181.9	27.353	777.4654	5.1007	3
182	27.3487	776.5896	5.0964	3
182.1	27.3441	775.7258	5.0922	3
182.2	27.3396	774.9574	5.1103	3
182.3	27.3349	774.0738	5.1178	3
182.4	27.3304	773.2239	5.1033	3
182.5	27.3258	772.3945	5.1066	3
182.6	27.3211	771.635	5.1024	3
182.7	27.3163	770.7904	5.0962	3
182.8	27.3117	769.9485	5.0989	3
182.9	27.3072	769.0313	5.0999	3
183	27.3028	768.301	5.1056	3
183.1	27.2979	767.5221	5.1094	3
183.2	27.293	766.545	5.1068	3
183.3	27.2883	765.861	5.0914	3
183.4	27.2837	764.9039	5.1004	3
183.5	27.2789	764.1517	5.1137	3
183.6	27.2741	763.278	5.1078	3
183.7	27.2695	762.4698	5.1013	3
183.8	27.2649	761.5476	5.0945	3
183.9	27.2602	760.7941	5.0963	3
184	27.2557	759.8068	5.0967	3
184.1	27.2517	758.9896	5.1012	3
184.2	27.2478	758.1003	5.1201	3
184.3	27.2437	757.2933	5.1208	3
184.4	27.2397	756.5205	5.1153	3
184.5	27.2354	755.6719	5.118	3
184.6	27.2311	754.8025	5.1226	3
184.7	27.2268	754.0085	5.12	3
184.8	27.2227	753.1647	5.1116	3
184.9	27.2184	752.3815	5.1126	3
185	27.2142	751.6319	5.1167	3
185.1	27.2095	750.7245	5.1151	3
185.2	27.205	749.8887	5.0978	3
185.3	27.2005	749.0148	5.0939	3
185.4	27.1962	748.1587	5.1026	3
185.5	27.1918	747.3764	5.0972	3
185.6	27.1873	746.5091	5.0977	3
185.7	27.1829	745.7843	5.0979	3
185.8	27.1784	744.903	5.0895	3
185.9	27.1737	744.1109	5.0862	3
186	27.1692	743.2234	5.0861	3
186.1	27.1647	742.3791	5.0785	3
186.2	27.1602	741.5639	5.0822	3
186.3	27.1561	740.6291	5.0946	3
186.4	27.1518	739.8414	5.0953	3
186.5	27.1475	739.0732	5.0876	3
186.6	27.1427	738.3441	5.0859	3
186.7	27.1375	737.5335	5.0894	3
186.8	27.1325	736.6939	5.0781	3
186.9	27.1275	735.8544	5.0729	3
187	27.1229	734.9263	5.0731	3
187.1	27.1186	733.9729	5.073	3
187.2	27.1142	733.23	5.0847	3
187.3	27.1095	732.4344	5.108	3
187.4	27.1049	731.6439	5.1264	3
187.5	27.1001	730.7477	5.1083	3
187.6	27.0956	729.885	5.1048	3
187.7	27.0909	729.1089	5.1099	3
187.8	27.0861	728.2392	5.1099	3
187.9	27.0815	727.5897	5.1072	3
188	27.0765	726.6834	5.0935	3
188.1	27.0711	725.9445	5.0939	3
188.2	27.0659	725.0428	5.0891	3
188.3	27.0608	724.2065	5.0959	3
188.4	27.056	723.244	5.1055	3
188.5	27.0513	722.3765	5.1007	3
188.6	27.0467	721.5937	5.0878	3
188.7	27.0421	720.7919	5.0836	3
188.8	27.0375	719.8231	5.0969	3
188.9	27.0332	719.0815	5.1012	3
189	27.0288	718.1724	5.0973	3
189.1	27.0243	717.3919	5.0936	3
189.2	27.0197	716.5577	5.1005	3
189.3	27.0153	715.7237	5.0917	3
189.4	27.0104	715.0124	5.0793	3
189.5	27.0058	714.1129	5.0829	3
189.6	27.001	713.2987	5.0802	3
189.7	26.9964	712.4835	5.0635	3
189.8	26.9914	711.6902	5.0735	3
189.9	26.9866	710.8049	5.0927	3
190	26.9817	710.0186	5.0833	3
190.1	26.9765	709.2595	5.0774	3
190.2	26.9709	708.5128	5.0872	3
190.3	26.9654	707.5443	5.0943	3
190.4	26.9599	706.8018	5.0933	3
190.5	26.9543	706.0542	5.0933	3
190.6	26.9482	705.2281	5.0941	3
190.7	26.9421	704.4625	5.1025	3
190.8	26.9359	703.5775	5.1102	3
190.9	26.9298	702.7219	5.1064	3
191	26.9237	701.8772	5.1061	3
191.1	26.9177	701.0375	5.1149	3
191.2	26.9118	700.1689	5.1223	3
191.3	26.9061	699.3472	5.1286	3
191.4	26.9004	698.5091	5.1285	3
191.5	26.8948	697.6789	5.1176	3
191.6	26.8892	696.7189	5.1089	3
191.7	26.8838	695.8461	5.1155	3
191.8	26.8785	694.9975	5.1035	3
191.9	26.8734	694.2214	5.0814	3
192	26.8683	693.3638	5.0887	3
192.1	26.8635	692.4854	5.095	3
192.2	26.8589	691.5253	5.0925	3
192.3	26.8542	690.8231	5.0822	3
192.4	26.8494	689.944	5.0793	3
192.5	26.8443	689.1151	5.0916	3
192.6	26.8397	688.2798	5.0912	3
192.7	26.8353	687.3855	5.0882	3
192.8	26.8307	686.5513	5.0806	3
192.9	26.8262	685.7149	5.0877	3
193	26.8214	684.9287	5.1021	3
193.1	26.8169	684.0929	5.1104	3
193.2	26.8123	683.2347	5.0876	3
193.3	26.8078	682.4225	5.0835	3
193.4	26.8032	681.576	5.1021	3
193.5	26.7985	680.6963	5.1041	3
193.6	26.794	679.9003	5.1088	3
193.7	26.7897	679.032	5.1144	3
193.8	26.7857	678.1105	5.1024	3
193.9	26.7816	677.3306	5.1004	3
194	26.7777	676.4646	5.1097	3
194.1	26.7738	675.6013	5.0963	3
194.2	26.77	674.6574	5.089	3
194.3	26.7665	673.7456	5.0908	3
194.4	26.7628	673.1115	5.0876	3
194.5	26.7591	672.3191	5.0916	3
194.6	26.7547	671.4697	5.1114	3
194.7	26.7501	670.8855	5.1113	3
194.8	26.7452	669.9172	5.1032	3
194.9	26.7399	669.203	5.1013	3
195	26.7351	668.4196	5.1019	3
195.1	26.7299	667.4397	5.1047	3
195.2	26.7248	666.8046	5.0991	3
195.3	26.7202	665.7714	5.0985	3
195.4	26.7151	665.0048	5.096	3
195.5	26.7105	664.2626	5.0941	3
195.6	26.7057	663.1396	5.0952	3
195.7	26.7007	662.6044	5.0974	3
195.8	26.6957	661.6839	5.1043	3
195.9	26.6901	660.9068	5.1011	3
196	26.6848	660.1827	5.0851	3
196.1	26.6792	659.0952	5.0882	3
196.2	26.6738	658.5647	5.104	3
196.3	26.6688	657.5254	5.1016	3
196.4	26.6634	656.5954	5.0933	3
196.5	26.6586	656.0178	5.0947	3
196.6	26.6535	654.8982	5.0995	3
196.7	26.648	654.3779	5.0934	3
196.8	26.6431	653.3052	5.0701	3
196.9	26.6378	652.4349	5.0716	3
197	26.6331	651.7962	5.0746	3
197.1	26.6283	650.6613	5.0674	3
197.2	26.6231	650.0552	5.076	3
197.3	26.6185	649.0993	5.0849	3
197.4	26.6135	648.2495	5.0978	3
197.5	26.6089	647.616	5.101	3
197.6	26.604	646.5076	5.0888	3
197.7	26.599	645.7673	5.0815	3
197.8	26.5947	644.9001	5.0786	3
197.9	26.5901	643.9346	5.086	3
198	26.5857	643.3319	5.093	3
198.1	26.5816	642.2587	5.0899	3
198.2	26.5769	641.6323	5.0973	3
198.3	26.5729	640.6423	5.0993	3
198.4	26.5682	639.8566	5.0933	3
198.5	26.5637	639.0625	5.0834	3
198.6	26.5594	638.2296	5.0845	3
198.7	26.5546	637.2786	5.0848	3
198.8	26.5505	636.6035	5.0873	3
198.9	26.5462	635.5561	5.0963	3
199	26.5423	634.887	5.0917	3
199.1	26.5386	633.8054	5.095	3
199.2	26.5345	633.2304	5.0938	3
199.3	26.5301	632.3147	5.0734	3
199.4	26.5258	631.468	5.0846	3
199.5	26.5216	630.6383	5.0972	3
199.6	26.5176	629.8765	5.0899	3
199.7	26.5129	629.0799	5.0848	3
199.8	26.5086	628.2137	5.1023	3
199.9	26.5042	627.4252	5.1203	3
200	26.4996	626.6282	5.1146	3
200.1	26.4947	625.8701	5.1056	3
200.2	26.4893	625.0052	5.0982	3
200.3	26.4844	624.2063	5.1007	3
200.4	26.4794	623.3434	5.1216	3
200.5	26.4741	622.449	5.1305	3
200.6	26.4693	621.6939	5.1195	3
200.7	26.4645	620.7378	5.0986	3
200.8	26.4599	619.9478	5.102	3
200.9	26.4552	619.1165	5.1027	3
201	26.4504	618.2244	5.1033	3
201.1	26.4454	617.5823	5.1065	3
201.2	26.4406	616.6028	5.1042	3
201.3	26.4353	615.8407	5.0943	3
201.4	26.4306	614.9971	5.0834	3
201.5	26.4258	614.0253	5.0819	3
201.6	26.4214	613.2649	5.0788	3
201.7	26.4171	612.2774	5.0941	3
201.8	26.4126	611.5884	5.1015	3
201.9	26.4082	610.6863	5.1002	3
202	26.4037	609.8155	5.0973	3
202.1	26.3995	609.0111	5.0953	3
202.2	26.3957	608.093	5.0835	3
202.3	26.3919	607.2398	5.0876	3
202.4	26.3884	606.355	5.1083	3
202.5	26.385	605.4458	5.0995	3
202.6	26.3816	604.6894	5.1092	3
202.7	26.3779	603.9434	5.1219	3
202.8	26.3739	603.0881	5.1119	3
202.9	26.3701	602.2576	5.1113	3
203	26.3664	601.4537	5.1153	3
203.1	26.3621	600.6497	5.1161	3
203.2	26.358	599.862	5.1164	3
203.3	26.3537	599.0452	5.1283	3
203.4	26.349	598.3418	5.127	3
203.5	26.3441	597.5559	5.1169	3
203.6	26.339	596.7031	5.1074	3
203.7	26.3339	595.8429	5.0959	3
203.8	26.3288	594.9609	5.103	3
203.9	26.3238	594.1641	5.1172	3
204	26.3188	593.367	5.1139	3
204.1	26.3136	592.5053	5.1045	3
204.2	26.3085	591.7207	5.1172	3
204.3	26.3033	590.9103	5.1288	3
204.4	26.2981	590.044	5.1295	3
204.5	26.2929	589.2072	5.122	3
204.6	26.2878	588.389	5.1076	3
204.7	26.2827	587.5561	5.1049	3
204.8	26.2773	586.7616	5.1002	3
204.9	26.2716	585.9308	5.0971	3
205	26.266	585.1085	5.0993	3
205.1	26.2606	584.1636	5.0919	3
205.2	26.2552	583.3948	5.0919	3
205.3	26.2499	582.6399	5.1041	3
205.4	26.2441	581.8834	5.1102	3
205.5	26.2384	581.0249	5.0988	3
205.6	26.2328	580.0458	5.1001	3
205.7	26.2275	579.314	5.0975	3
205.8	26.2218	578.4956	5.108	3
205.9	26.216	577.636	5.1168	3
206	26.2105	576.7645	5.0994	3
206.1	26.205	575.9232	5.0799	3
206.2	26.1994	575.1218	5.0861	3
206.3	26.1938	574.3114	5.0965	3
206.4	26.1881	573.4939	5.0968	3
206.5	26.1823	572.6921	5.1084	3
206.6	26.1766	571.7161	5.1055	3
206.7	26.1713	570.9088	5.1086	3
206.8	26.1659	570.1051	5.109	3
206.9	26.1603	569.3545	5.1144	3
207	26.1544	568.5628	5.1186	3
207.1	26.1481	567.834	5.1151	3
207.2	26.1417	566.8967	5.1089	3
207.3	26.1356	565.9523	5.0997	3
207.4	26.1299	565.1732	5.1113	3
207.5	26.124	564.3666	5.1256	3
207.6	26.1181	563.4587	5.1266	3
207.7	26.1129	562.4946	5.1169	3
207.8	26.1078	561.638	5.0953	3
207.9	26.1026	560.8319	5.1032	3
208	26.0973	560.0363	5.1117	3
208.1	26.092	559.2763	5.1177	3
208.2	26.0865	558.5334	5.1246	3
208.3	26.0808	557.6961	5.105	3
208.4	26.0751	556.8738	5.0953	3
208.5	26.0693	556.0371	5.1024	3
208.6	26.0631	555.1929	5.1096	3
208.7	26.0572	554.3369	5.1092	3
208.8	26.0514	553.5285	5.0939	3
208.9	26.0454	552.7582	5.088	3
209	26.0393	551.9565	5.0926	3
209.1	26.0331	551.0834	5.1012	3
209.2	26.0269	550.2268	5.1042	3
209.3	26.0206	549.414	5.0961	3
209.4	26.0145	548.6009	5.1002	3
209.5	26.0087	547.6347	5.0901	3
209.6	26.003	546.7799	5.0823	3
209.7	25.9974	545.9411	5.0839	3
209.8	25.9917	545.0944	5.0863	3
209.9	25.9861	544.2949	5.0887	3
210	25.9803	543.5792	5.0942	3
210.1	25.9742	542.8178	5.1019	3
210.2	25.9682	541.819	5.1086	3
210.3	25.9625	541.0079	5.0957	3
210.4	25.9568	540.0964	5.088	3
210.5	25.951	539.3497	5.0985	3
210.6	25.9455	538.5179	5.1053	3
210.7	25.9399	537.593	5.119	3
210.8	25.9343	536.7408	5.1208	3
210.9	25.929	535.9225	5.1093	3
211	25.9234	535.0481	5.1061	3
211.1	25.9179	534.306	5.1107	3
211.2	25.9122	533.4317	5.1171	3
211.3	25.907	532.5401	5.1111	3
211.4	25.9018	531.703	5.1036	3
211.5	25.8963	530.9578	5.1087	3
211.6	25.8903	530.2294	5.1113	3
211.7	25.8845	529.3335	5.1095	3
211.8	25.8788	528.439	5.124	3
211.9	25.873	527.6554	5.1202	3
212	25.867	526.9868	5.1198	3
212.1	25.8607	526.1484	5.126	3
212.2	25.8541	525.315	5.1191	3
212.3	25.8479	524.4919	5.1151	3
212.4	25.8415	523.5365	5.1075	3
212.5	25.8354	522.7044	5.1037	3
212.6	25.8294	521.8087	5.1035	3
212.7	25.8233	521.0676	5.0945	3
212.8	25.8174	520.2618	5.0914	3
212.9	25.8112	519.4624	5.0972	3
213	25.8052	518.5016	5.1099	3
213.1	25.7994	517.6959	5.1203	3
213.2	25.7936	516.8239	5.1262	3
213.3	25.7881	515.9883	5.1352	3
213.4	25.7823	515.1042	5.1208	3
213.5	25.7768	514.2703	5.1062	3
213.6	25.771	513.4103	5.1019	3
213.7	25.7654	512.6243	5.1155	3
213.8	25.7602	511.6946	5.1183	3
213.9	25.755	510.8762	5.0989	3
214	25.7498	509.9907	5.0868	3
214.1	25.7448	509.1399	5.0992	3
214.2	25.7399	508.2977	5.0988	3
214.3	25.735	507.4496	5.1011	3
214.4	25.7303	506.6303	5.106	3
214.5	25.7255	505.8343	5.1024	3
214.6	25.7206	504.9423	5.0942	3
214.7	25.7155	504.2175	5.1003	3
214.8	25.7104	503.3504	5.1093	3
214.9	25.7052	502.5356	5.1158	3
215	25.7002	501.6532	5.1132	3
215.1	25.6951	500.8903	5.1097	3
215.2	25.6897	500.0315	5.1206	3
215.3	25.6842	499.3436	5.1286	3
215.4	25.6786	498.5018	5.1234	3
215.5	25.6728	497.7077	5.1123	3
215.6	25.6669	496.8382	5.1015	3
215.7	25.6609	496.0616	5.112	3
215.8	25.6547	495.2833	5.1259	3
215.9	25.6484	494.4811	5.1207	3
216	25.6418	493.7314	5.1184	3
216.1	25.6349	493.0036	5.1121	3
216.2	25.6276	492.161	5.1138	3
216.3	25.6206	491.2118	5.1321	3
216.4	25.6138	490.4121	5.1394	3
216.5	25.6069	489.4743	5.1243	3
216.6	25.6	488.8028	5.1199	3
216.7	25.5933	487.8381	5.1183	3
216.8	25.5866	487.001	5.1122	3
216.9	25.5801	486.1449	5.1166	3
217	25.5735	485.3609	5.1169	3
217.1	25.5672	484.4601	5.1183	3
217.2	25.5609	483.6798	5.1201	3
217.3	25.5544	482.7688	5.1257	3
217.4	25.5479	481.8542	5.1209	3
217.5	25.5417	481.0986	5.1254	3
217.6	25.5354	480.289	5.1193	3
217.7	25.529	479.4964	5.1131	3
217.8	25.5227	478.6311	5.1098	3
217.9	25.5163	477.7246	5.1113	3
218	25.51	476.9744	5.1103	3
218.1	25.5038	476.1632	5.1076	3
218.2	25.4973	475.3479	5.1141	3
218.3	25.4909	474.4488	5.1102	3
218.4	25.4845	473.6469	5.1149	3
218.5	25.4782	472.676	5.1062	3
218.6	25.4722	471.8359	5.102	3
218.7	25.4662	471.0867	5.1049	3
218.8	25.46	470.2332	5.1088	3
218.9	25.4539	469.3304	5.1084	3
219	25.4478	468.5372	5.1045	3
219.1	25.4418	467.737	5.1047	3
219.2	25.4354	466.9796	5.0979	3
219.3	25.4289	466.1535	5.0926	3
219.4	25.4223	465.3333	5.0919	3
219.5	25.4157	464.4674	5.0941	3
219.6	25.4091	463.6481	5.0933	3
219.7	25.4026	462.8133	5.0976	3
219.8	25.3963	461.9884	5.096	3
219.9	25.3898	461.209	5.1003	3
220	25.3831	460.3573	5.1138	3
220.1	25.3763	459.5628	5.1138	3
220.2	25.3694	458.7325	5.1055	3
220.3	25.3625	457.8686	5.0948	3
220.4	25.3557	457.0002	5.0905	3
220.5	25.3491	456.1541	5.0805	3
220.6	25.3426	455.3245	5.0757	3
220.7	25.3359	454.508	5.0874	3
220.8	25.3293	453.7274	5.0863	3
220.9	25.3225	452.8049	5.0977	3
221	25.3158	452.0613	5.1063	3
221.1	25.3092	451.2442	5.1007	3
221.2	25.3022	450.3539	5.0995	3
221.3	25.2955	449.541	5.091	3
221.4	25.2886	448.6937	5.0794	3
221.5	25.2817	447.8381	5.0896	3
221.6	25.2752	446.9779	5.0828	3
221.7	25.2688	446.1865	5.0693	3
221.8	25.2621	445.343	5.063	3
221.9	25.2553	444.4977	5.0692	3
222	25.2487	443.615	5.0715	3
222.1	25.2423	442.7517	5.074	3
222.2	25.2361	441.9532	5.08	3
222.3	25.2298	441.1494	5.0897	3
222.4	25.2235	440.2541	5.0923	3
222.5	25.217	439.5209	5.0948	3
222.6	25.2105	438.695	5.0986	3
222.7	25.2036	437.8805	5.1077	3
222.8	25.1968	437.0361	5.1223	3
222.9	25.1904	436.1249	5.1164	3
223	25.1841	435.2315	5.1025	3
223.1	25.1775	434.4418	5.1077	3
223.2	25.1708	433.623	5.1096	3
223.3	25.1641	432.835	5.1055	3
223.4	25.1576	431.9921	5.1035	3
223.5	25.151	431.1104	5.1088	3
223.6	25.1447	430.2929	5.1017	3
223.7	25.1384	429.4146	5.1054	3
223.8	25.1318	428.6711	5.1143	3
223.9	25.125	427.9099	5.1074	3
224	25.1181	427.0528	5.1034	3
224.1	25.1115	426.1415	5.1039	3
224.2	25.1051	425.3056	5.0955	3
224.3	25.0986	424.4757	5.0752	3
224.4	25.092	423.7008	5.0775	3
224.5	25.0855	422.8645	5.082	3
224.6	25.0789	421.9279	5.0801	3
224.7	25.0723	421.1849	5.0849	3
224.8	25.0658	420.226	5.0945	3
224.9	25.0596	419.4271	5.0925	3
225	25.0534	418.604	5.0758	3
225.1	25.0468	417.8757	5.0716	3
225.2	25.0403	416.9406	5.0579	3
225.3	25.0339	416.117	5.0548	3
225.4	25.0276	415.3234	5.0638	3
225.5	25.0212	414.381	5.0655	3
225.6	25.0151	413.6671	5.0747	3
225.7	25.0086	412.7457	5.0821	3
225.8	25.002	412.0213	5.0802	3
225.9	24.9955	411.0623	5.0749	3
226	24.9893	410.2115	5.0774	3
226.1	24.9832	409.4072	5.081	3
226.2	24.9771	408.5518	5.0844	3
226.3	24.9711	407.7072	5.0954	3
226.4	24.9648	407.0063	5.0995	3
226.5	24.9581	406.1467	5.1041	3
226.6	24.9514	405.3508	5.0997	3
226.7	24.9447	404.5877	5.0995	3
226.8	24.9377	403.7357	5.1013	3
226.9	24.9308	402.8619	5.0937	3
227	24.9238	402.0957	5.0916	3
227.1	24.9168	401.2453	5.1098	3
227.2	24.9096	400.3962	5.1129	3
227.3	24.9026	399.5839	5.1059	3
227.4	24.8957	398.7264	5.1026	3
227.5	24.8887	397.9693	5.1003	3
227.6	24.8817	397.0378	5.108	3
227.7	24.8749	396.1054	5.1164	3
227.8	24.8683	395.3842	5.1088	3
227.9	24.8615	394.5098	5.0998	3
228	24.8548	393.6666	5.0963	3
228.1	24.8484	392.7546	5.0986	3
228.2	24.842	391.9541	5.1082	3
228.3	24.8354	391.1627	5.1202	3
228.4	24.8288	390.3196	5.1152	3
228.5	24.8222	389.4939	5.105	3
228.6	24.8155	388.6525	5.1009	3
228.7	24.809	387.8327	5.0963	3
228.8	24.8024	387.0119	5.0905	3
228.9	24.7956	386.1786	5.0828	3
229	24.7889	385.345	5.083	3
229.1	24.7824	384.398	5.0808	3
229.2	24.7762	383.6973	5.0941	3
229.3	24.7695	382.8454	5.1045	3
229.4	24.7625	382.015	5.0968	3
229.5	24.7558	381.2722	5.1017	3
229.6	24.7489	380.3879	5.1063	3
229.7	24.7419	379.5774	5.1047	3
229.8	24.7349	378.7322	5.0993	3
229.9	24.7282	377.8232	5.0909	3
230	24.7215	377.0267	5.096	3
230.1	24.7146	376.2547	5.1058	3
230.2	24.7075	375.4911	5.102	3
230.3	24.7002	374.5908	5.0953	3
230.4	24.6929	373.7755	5.0966	3
230.5	24.6857	372.9395	5.0876	3
230.6	24.6785	372.1637	5.0943	3
230.7	24.6714	371.2735	5.0873	3
230.8	24.6646	370.4501	5.088	3
230.9	24.6577	369.6266	5.0926	3
231	24.6506	368.6676	5.0881	3
231.1	24.6436	367.8955	5.073	3
231.2	24.6367	367.1316	5.0836	3
231.3	24.6293	366.3371	5.0986	3
231.4	24.6222	365.4417	5.0893	3
231.5	24.6151	364.5391	5.0972	3
231.6	24.608	363.758	5.1057	3
231.7	24.6009	362.9613	5.0976	3
231.8	24.5936	362.1038	5.1021	3
231.9	24.5864	361.3438	5.0972	3
232	24.5785	360.6309	5.0819	3
232.1	24.5707	359.7159	5.0894	3
232.2	24.5631	358.8967	5.0807	3
232.3	24.5551	358.2141	5.0651	3
232.4	24.5468	357.3035	5.0692	3
232.5	24.5392	356.207	5.0769	3
232.6	24.533	355.1453	5.0919	3
232.7	24.5271	354.3576	5.0984	3
232.8	24.5212	353.5717	5.0987	3
232.9	24.515	352.7011	5.0827	3
233	24.5086	351.9223	5.0749	3
233.1	24.5024	351.0679	5.0806	3
233.2	24.4962	350.264	5.0889	3
233.3	24.49	349.401	5.0912	3
233.4	24.4838	348.5784	5.0881	3
233.5	24.4775	347.7783	5.0894	3
233.6	24.4712	346.8523	5.0957	3
233.7	24.465	346.0327	5.0963	3
233.8	24.4591	345.1759	5.0974	3
233.9	24.453	344.4213	5.0898	3
234	24.447	343.4898	5.0856	3
234.1	24.441	342.6399	5.0756	3
234.2	24.4348	341.9733	5.0657	3
234.3	24.4285	341.0974	5.0546	3
234.4	24.4222	340.1816	5.0558	3
234.5	24.4163	339.3006	5.0594	3
234.6	24.4101	338.5463	5.0703	3
234.7	24.4038	337.7822	5.075	3
234.8	24.3976	336.9421	5.0766	3
234.9	24.3914	336.0439	5.094	3
235	24.3853	335.2336	5.1033	3
235.1	24.3788	334.4589	5.0908	3
235.2	24.3725	333.5768	5.083	3
235.3	24.3661	332.7441	5.0886	3
235.4	24.3599	331.9593	5.0953	3
235.5	24.3538	331.0302	5.0891	3
235.6	24.3477	330.1738	5.0749	3
235.7	24.3416	329.4525	5.0651	3
235.8	24.3353	328.5716	5.074	3
235.9	24.329	327.8117	5.0761	3
236	24.3231	326.8067	5.0836	3
236.1	24.3171	326.0386	5.0869	3
236.2	24.311	325.1955	5.0914	3
236.3	24.3049	324.4047	5.0917	3
236.4	24.2987	323.6343	5.0827	3
236.5	24.2924	322.7298	5.0907	3
236.6	24.2858	322.0044	5.0919	3
236.7	24.2793	321.1562	5.0742	3
236.8	24.2725	320.3485	5.0664	3
236.9	24.2658	319.5072	5.0732	3
237	24.259	318.7359	5.0807	3
237.1	24.2519	317.96	5.0737	3
237.2	24.2453	316.9702	5.0757	3
237.3	24.2388	316.1574	5.0768	3
237.4	24.2322	315.3789	5.0643	3
237.5	24.2251	314.5906	5.0607	3
237.6	24.218	313.7871	5.0686	3
237.7	24.211	312.9219	5.086	3
237.8	24.2041	312.0608	5.0902	3
237.9	24.1966	311.3625	5.0863	3
238	24.1895	310.4443	5.0747	3
238.1	24.1821	309.5736	5.0763	3
238.2	24.175	308.8511	5.0711	3
238.3	24.1679	307.877	5.0548	3
238.4	24.1607	307.1055	5.0685	3
238.5	24.1536	306.2231	5.0754	3
238.6	24.1461	305.4354	5.0739	3
238.7	24.1392	304.6496	5.0696	3
238.8	24.1323	303.6149	5.0791	3
238.9	24.1255	302.8971	5.0915	3
239	24.1186	302.0933	5.0842	3
239.1	24.1117	301.2508	5.083	3
239.2	24.1046	300.455	5.1003	3
239.3	24.0972	299.6232	5.0928	3
239.4	24.0897	298.8103	5.0976	3
239.5	24.0822	298.0273	5.1069	3
239.6	24.0745	297.2724	5.1003	3
239.7	24.067	296.3582	5.1067	3
239.8	24.0596	295.4676	5.1254	3
239.9	24.0524	294.5481	5.1363	3
240	24.0454	293.7223	5.1282	3
240.1	24.0382	292.8722	5.1078	3
240.2	24.0311	292.1084	5.0964	3
240.3	24.024	291.2561	5.1041	3
240.4	24.0171	290.422	5.1254	3
240.5	24.0101	289.4962	5.1185	3
240.6	24.0032	288.7572	5.1112	3
240.7	23.9963	287.9181	5.1159	3
240.8	23.9894	287.0812	5.1194	3
240.9	23.9823	286.2082	5.1197	3
241	23.9753	285.3833	5.1181	3
241.1	23.9682	284.5282	5.1138	3
241.2	23.961	283.7494	5.1107	3
241.3	23.9539	282.9361	5.1188	3
241.4	23.947	282.0523	5.1079	3
241.5	23.9398	281.2645	5.0909	3
241.6	23.9323	280.5127	5.0886	3
241.7	23.9247	279.688	5.0965	3
241.8	23.9174	278.8123	5.0913	3
241.9	23.9101	277.9989	5.1011	3
242	23.9024	277.2278	5.1043	3
242.1	23.8947	276.3337	5.0924	3
242.2	23.8871	275.4687	5.0829	3
242.3	23.8795	274.7678	5.0884	3
242.4	23.8717	273.9512	5.0987	3
242.5	23.8638	273.0582	5.1022	3
242.6	23.856	272.2245	5.1056	3
242.7	23.848	271.4189	5.103	3
242.8	23.8402	270.5615	5.0921	3
242.9	23.8325	269.784	5.0937	3
243	23.8247	268.9011	5.0898	3
243.1	23.817	268.1067	5.0837	3
243.2	23.8091	267.271	5.0853	3
243.3	23.8007	266.4847	5.0865	3
243.4	23.7924	265.6333	5.0792	3
243.5	23.7842	264.8303	5.0827	3
243.6	23.7761	263.9239	5.0834	3
243.7	23.7682	263.0493	5.1054	3
243.8	23.7605	262.2107	5.1076	3
243.9	23.7527	261.3893	5.084	3
244	23.7448	260.5736	5.0782	3
244.1	23.737	259.7476	5.0777	3
244.2	23.7292	258.9657	5.0755	3
244.3	23.7208	258.193	5.08	3
244.4	23.7123	257.3652	5.0857	3
244.5	23.7042	256.4649	5.0895	3
244.6	23.6962	255.6247	5.0856	3
244.7	23.6881	254.8098	5.0841	3
244.8	23.68	253.9128	5.0867	3
244.9	23.6722	253.0706	5.0932	3
245	23.6646	252.1828	5.0823	3
245.1	23.6568	251.4374	5.0868	3
245.2	23.6489	250.6027	5.1054	3
245.3	23.641	249.7438	5.1132	3
245.4	23.6332	248.8684	5.0981	3
245.5	23.625	248.1249	5.0812	3
245.6	23.617	247.2874	5.0812	3
245.7	23.609	246.4268	5.0849	3
245.8	23.6009	245.6383	5.0973	3
245.9	23.5925	244.8909	5.092	3
246	23.584	244.1138	5.0739	3
246.1	23.5753	243.2374	5.0817	3
246.2	23.5667	242.3929	5.0783	3
246.3	23.5578	241.6414	5.0798	3
246.4	23.5488	240.7382	5.084	3
246.5	23.5399	239.9036	5.0883	3
246.6	23.5315	239.1161	5.0946	3
246.7	23.523	238.2638	5.0832	3
246.8	23.5144	237.3614	5.0789	3
246.9	23.5059	236.5498	5.0918	3
247	23.4973	235.643	5.0945	3
247.1	23.4888	234.8281	5.0812	3
247.2	23.4804	234.064	5.0729	3
247.3	23.4716	233.2721	5.0697	3
247.4	23.4629	232.4142	5.0736	3
247.5	23.4543	231.5579	5.0794	3
247.6	23.4459	230.6578	5.0785	3
247.7	23.4375	229.8827	5.0928	3
247.8	23.4291	229.0478	5.1002	3
247.9	23.4207	228.2105	5.0869	3
248	23.412	227.3487	5.0809	3
248.1	23.4034	226.4064	5.0886	3
248.2	23.3954	225.5344	5.0917	3
248.3	23.3877	224.7274	5.094	3
248.4	23.3799	223.8869	5.0874	3
248.5	23.372	223.1098	5.0867	3
248.6	23.3642	222.2512	5.0915	3
248.7	23.3562	221.4219	5.0765	3
248.8	23.3483	220.598	5.0775	3
248.9	23.3401	219.7588	5.0788	3
249	23.332	218.9466	5.0716	3
249.1	23.3235	218.1623	5.0633	3
249.2	23.3148	217.4424	5.061	3
249.3	23.3061	216.6094	5.0621	3
249.4	23.2973	215.7493	5.0674	3
249.5	23.2886	214.9791	5.0842	3
249.6	23.2799	214.0881	5.0924	3
249.7	23.2712	213.2442	5.0945	3
249.8	23.2625	212.3852	5.09	3
249.9	23.2538	211.5722	5.0923	3
250	23.2452	210.6938	5.0754	3
250.1	23.2366	209.832	5.0593	3
250.2	23.2281	208.9843	5.0548	3
250.3	23.2196	208.2075	5.0545	3
250.4	23.2113	207.2962	5.0582	3
250.5	23.2033	206.4408	5.0528	3
250.6	23.1951	205.6238	5.0555	3
250.7	23.1868	204.7473	5.0639	3
250.8	23.1788	203.9022	5.0635	3
250.9	23.1707	203.0986	5.0686	3
251	23.1625	202.3258	5.0701	3
251.1	23.1543	201.4293	5.0589	3
251.2	23.1463	200.5952	5.0679	3
251.3	23.1383	199.7954	5.0687	3
251.4	23.1301	199.0438	5.0753	3
251.5	23.1215	198.2524	5.0936	3
251.6	23.1129	197.3055	5.0975	3
251.7	23.1046	196.5004	5.0888	3
251.8	23.0962	195.6538	5.0884	3
251.9	23.0877	194.8318	5.0928	3
252	23.0792	194.015	5.0854	3
252.1	23.0709	193.136	5.0837	3
252.2	23.0625	192.3657	5.0787	3
252.3	23.0538	191.6473	5.0725	3
252.4	23.0449	190.8009	5.0672	3
252.5	23.036	190.0065	5.0724	3
252.6	23.0268	189.1152	5.0816	3
252.7	23.0176	188.3293	5.0726	3
252.8	23.0082	187.5104	5.0717	3
252.9	22.9989	186.7246	5.083	3
253	22.9896	185.8375	5.0736	3
253.1	22.9806	184.9977	5.0735	3
253.2	22.9714	184.2702	5.0766	3
253.3	22.9616	183.487	5.0769	3
253.4	22.9514	182.753	5.0874	3
253.5	22.9412	181.8845	5.0857	3
253.6	22.9312	181.0496	5.0936	3
253.7	22.9213	180.1991	5.0939	3
253.8	22.9111	179.408	5.0868	3
253.9	22.9004	178.5979	5.0798	3
254	22.8898	177.7831	5.07	3
254.1	22.8795	176.9285	5.063	3
254.2	22.8692	176.07	5.0645	3
254.3	22.8589	175.2197	5.0735	3
254.4	22.8485	174.3524	5.0845	3
254.5	22.8384	173.4556	5.0827	3
254.6	22.8286	172.6	5.0793	3
254.7	22.8191	171.7665	5.0875	3
254.8	22.8094	170.9419	5.085	3
254.9	22.7999	170.0218	5.0836	3
255	22.7904	169.2073	5.0909	3
255.1	22.7809	168.4342	5.0908	3
255.2	22.7712	167.6382	5.0904	3
255.3	22.7611	166.8025	5.0981	3
255.4	22.751	165.9336	5.1103	3
255.5	22.7412	165.1118	5.1032	3
255.6	22.7314	164.3505	5.0832	3
255.7	22.7215	163.4652	5.0828	3
255.8	22.7113	162.6021	5.0786	3
255.9	22.7015	161.907	5.0829	3
256	22.6913	161.0731	5.0878	3
256.1	22.681	160.1939	5.102	3
256.2	22.6708	159.3437	5.1196	3
256.3	22.6603	158.6307	5.1055	3
256.4	22.6494	157.8638	5.1099	3
256.5	22.6383	156.9803	5.1286	3
256.6	22.6272	156.1966	5.13	3
256.7	22.6164	155.3909	5.1264	3
256.8	22.6054	154.5838	5.1083	3
256.9	22.5943	153.7707	5.107	3
257	22.5827	153.0021	5.1232	3
257.1	22.571	152.1899	5.1247	3
257.2	22.5594	151.2697	5.1125	3
257.3	22.548	150.4746	5.1023	3
257.4	22.5368	149.6105	5.1044	3
257.5	22.5252	148.8239	5.1022	3
257.6	22.5133	148.0785	5.0963	3
257.7	22.5013	147.2072	5.0906	3
257.8	22.4896	146.387	5.0781	3
257.9	22.4779	145.4766	5.0732	3
258	22.4662	144.6714	5.0907	3
258.1	22.455	143.7274	5.1049	3
258.2	22.4438	142.9147	5.1082	3
258.3	22.4323	142.1008	5.0926	3
258.4	22.421	141.2015	5.0844	3
258.5	22.4096	140.4909	5.0853	3
258.6	22.3977	139.686	5.0888	3
258.7	22.3857	138.8808	5.0934	3
258.8	22.3736	138.0555	5.0947	3
258.9	22.3618	137.1547	5.089	3
259	22.3502	136.2814	5.0948	3
259.1	22.3388	135.438	5.0862	3
259.2	22.3273	134.6306	5.0771	3
259.3	22.3159	133.7711	5.08	3
259.4	22.3044	132.9336	5.078	3
259.5	22.293	132.1012	5.0906	3
259.6	22.2813	131.3431	5.0959	3
259.7	22.2694	130.5861	5.1091	3
259.8	22.2575	129.77	5.1029	3
259.9	22.2453	128.9565	5.1038	3
260	22.2329	128.1286	5.1117	3
260.1	22.2205	127.22	5.1069	3
260.2	22.2083	126.3959	5.0947	3
260.3	22.1962	125.607	5.0852	3
260.4	22.184	124.8323	5.0877	3
260.5	22.1716	123.8992	5.0981	3
260.6	22.1591	123.056	5.0982	3
260.7	22.1467	122.2736	5.099	3
260.8	22.1344	121.4644	5.1139	3
260.9	22.1221	120.6698	5.1104	3
261	22.1095	119.7614	5.0981	3
261.1	22.0969	119.0781	5.0986	3
261.2	22.0841	118.2947	5.0923	3
261.3	22.0709	117.4125	5.0881	3
261.4	22.058	116.5406	5.0922	3
261.5	22.0451	115.745	5.0994	3
261.6	22.0321	114.9603	5.1037	3
261.7	22.0189	114.1553	5.0958	3
261.8	22.0054	113.3506	5.0976	3
261.9	21.9921	112.4211	5.104	3
262	21.9787	111.7437	5.118	3
262.1	21.9651	110.8491	5.1296	3
262.2	21.9517	110.0079	5.1156	3
262.3	21.9382	109.2084	5.1112	3
262.4	21.9243	108.4566	5.115	3
262.5	21.9101	107.6517	5.1072	3
262.6	21.8959	106.7672	5.1092	3
262.7	21.8819	105.8992	5.1162	3
262.8	21.8679	105.1301	5.1235	3
262.9	21.8534	104.3888	5.112	3
263	21.8391	103.4859	5.1079	3
263.1	21.8249	102.6321	5.1019	3
263.2	21.8106	101.783	5.094	3
263.3	21.7965	101.0166	5.1085	3
263.4	21.782	100.2297	5.1136	3
263.5	21.7675	99.3595	5.1094	3
263.6	21.7536	98.3778	5.1112	3
263.7	21.7399	97.5027	5.0986	3
263.8	21.7266	96.5873	5.0827	3
263.9	21.7133	95.7793	5.0941	3
264	21.6999	94.9488	5.1033	3
264.1	21.6867	94.0903	5.0932	3
264.2	21.6736	93.3182	5.0921	3
264.3	21.6602	92.489	5.0847	3
264.4	21.6466	91.7589	5.0825	3
264.5	21.6327	90.8965	5.0922	3
264.6	21.6187	90.0902	5.1	3
264.7	21.6046	89.3073	5.1032	3
264.8	21.5901	88.5277	5.1003	3
264.9	21.5755	87.6945	5.0956	3
265	21.5609	86.9717	5.0898	3
265.1	21.5461	86.1158	5.0928	3
265.2	21.5313	85.2676	5.1014	3
265.3	21.5164	84.4959	5.1021	3
265.4	21.5014	83.6867	5.0977	3
265.5	21.4861	82.8756	5.0913	3
265.6	21.4708	82.0553	5.0798	3
265.7	21.4552	81.3054	5.0849	3
265.8	21.4396	80.4133	5.0894	3
265.9	21.424	79.5864	5.0878	3
266	21.4082	78.8012	5.0725	3
266.1	21.3917	78.0582	5.0673	3
266.2	21.3751	77.2892	5.0738	3
266.3	21.3585	76.4955	5.0629	3
266.4	21.3422	75.6565	5.0681	3
266.5	21.3255	74.8637	5.0712	3
266.6	21.3083	74.0896	5.0683	3
266.7	21.2912	73.2334	5.0558	3
266.8	21.2739	72.4425	5.0598	3
266.9	21.2566	71.6311	5.0709	3
267	21.239	70.8166	5.0719	3
267.1	21.2213	70.0004	5.078	3
267.2	21.2037	69.1489	5.0849	3
267.3	21.1859	68.4044	5.079	3
267.4	21.1676	67.6013	5.083	3
267.5	21.1492	66.7636	5.0952	3
267.6	21.1311	65.9199	5.0895	3
267.7	21.1129	65.1682	5.0864	3
267.8	21.0941	64.452	5.099	3
267.9	21.0747	63.6735	5.1083	3
268	21.0552	62.8152	5.0959	3
268.1	21.0357	62.0176	5.0834	3
268.2	21.0162	61.2147	5.0943	3
268.3	20.9967	60.3633	5.105	3
268.4	20.9774	59.5273	5.103	3
268.5	20.9581	58.6205	5.0979	3
268.6	20.9387	57.8358	5.0843	3
268.7	20.9192	56.9863	5.0822	3
268.8	20.8995	56.1381	5.0856	3
268.9	20.8797	55.3821	5.0926	3
269	20.8601	54.5473	5.0878	3
269.1	20.84	53.8218	5.0959	3
269.2	20.8195	53.0639	5.1066	3
269.3	20.7988	52.2241	5.0926	3
269.4	20.7778	51.4832	5.0859	3
269.5	20.7567	50.6359	5.0796	3
269.6	20.7355	49.7857	5.0772	3
269.7	20.7143	49.0628	5.0803	3
269.8	20.6927	48.247	5.0847	3
269.9	20.6712	47.4832	5.0873	3
270	20.6502	46.6781	5.0942	3
270.1	20.6286	45.8745	5.0842	3
270.2	20.6064	45.0601	5.0696	3
270.3	20.5839	44.185	5.0836	3
270.4	20.5614	43.429	5.0902	3
270.5	20.5389	42.6435	5.095	3
270.6	20.516	41.841	5.0977	3
270.7	20.4929	41.0184	5.0903	3
270.8	20.4699	40.1313	5.0888	3
270.9	20.4466	39.4581	5.0953	3
271	20.423	38.5731	5.091	3
271.1	20.3992	37.7818	5.0906	3
271.2	20.3756	36.9613	5.1062	3
271.3	20.3518	36.2057	5.1098	3
271.4	20.3275	35.4754	5.1143	3
271.5	20.3029	34.6753	5.1046	3
271.6	20.2778	33.9192	5.1112	3
271.7	20.2526	33.1016	5.1225	3
271.8	20.2273	32.2635	5.1078	3
271.9	20.202	31.4538	5.0963	3
272	20.1763	30.6629	5.0875	3
272.1	20.1503	29.8788	5.0774	3
272.2	20.1245	29.0773	5.0818	3
272.3	20.0986	28.211	5.097	3
272.4	20.0723	27.3634	5.1058	3
272.5	20.0462	26.6123	5.1027	3
272.6	20.0198	25.8115	5.0954	3
272.7	19.9934	24.9939	5.1033	3
272.8	19.9666	24.1987	5.1038	3
272.9	19.9398	23.3132	5.0945	3
273	19.9133	22.4784	5.0901	3
273.1	19.8863	21.6888	5.0911	3
273.2	19.8596	20.8604	5.0861	3
273.3	19.8328	20.0287	5.0761	3
273.4	19.8059	19.2334	5.075	3
273.5	19.7791	18.3701	5.0875	3
273.6	19.7519	17.7051	5.0893	3
273.7	19.7235	17.0458	5.0963	3
273.8	19.6943	16.4003	5.1031	3
273.9	19.6646	15.765	5.0924	3
274	19.6344	14.9387	5.0765	3
274.1	19.6036	14.1926	5.0767	3
274.2	19.5723	13.4689	5.087	3
274.3	19.5406	12.7123	5.0912	3
274.4	19.5088	11.9085	5.0913	3
274.5	19.4764	11.1685	5.0897	3
274.6	19.4437	10.4338	5.0992	3
274.7	19.4099	9.7853	5.1033	4
274.8	19.3755	9.0894	5.097	4
274.9	19.3406	8.5567	5.0885	4
275	19.3042	7.4278	5.0915	4
275.1	19.2011	-8.0492	5.1032	4
275.2	18.9022	-39.7155	5.1022	4
275.3	18.4767	-56.2977	5.0862	4
275.4	18.0189	-60.2412	5.0846	4
275.5	17.5481	-60.6455	5.0939	4
275.6	17.0691	-59.6355	5.099	4
275.7	16.5841	-56.7922	5.1038	4
275.8	16.0944	-52.1107	5.116	4
275.9	15.6021	-47.1632	5.1052	4
276	15.1071	-41.479	5.0982	4
276.1	14.61	-36.6827	5.1022	4
276.2	14.1119	-32.611	5.0981	4
276.3	13.6132	-29.621	5.0927	4
276.4	13.1141	-27.6269	5.0984	4
276.5	12.6149	-26.3742	5.1026	4
276.6	12.1146	-26.0727	5.0964	4
276.7	11.6126	-25.1351	5.1064	4
276.8	11.1088	-23.7436	5.1167	4
276.9	10.6046	-22.8588	5.1037	4
277	10.1002	-22.412	5.0858	4
277.1	9.5955	-22.441	5.099	4
277.2	9.0902	-22.5838	5.1277	4
277.3	8.5847	-22.4756	5.1355	4
277.4	8.0779	-21.9893	5.1288	4
277.5	7.5707	-21.5219	5.1101	4
277.6	7.0632	-21.5954	5.1149	4
277.7	6.5556	-21.8556	5.1179	4
277.8	6.048	-21.6379	5.1183	4
277.9	5.5401	-21.208	5.1218	4
278	5.0325	-20.5687	5.1194	4
278.1	4.5236	-20.0718	5.1116	4
278.2	4.0367	-18.9277	5.1175	4
278.3	3.6848	-17.4871	5.1148	4
278.4	3.4719	-16.6888	5.105	4
278.5	3.2932	-16.225	5.0986	4
278.6	3.1224	-16.0455	5.0941	4
278.7	2.9562	-15.6957	5.0955	4
278.8	2.7924	-15.3222	5.12	4
278.9	2.6309	-15.1079	5.1296	4
279	2.4711	-15.1034	5.132	4
279.1	2.3121	-15.06	5.1314	4
279.2	2.1535	-15.0637	5.1113	4
279.3	1.9952	-14.9852	5.1049	4
279.4	1.8375	-14.9618	5.1217	4
279.5	1.6805	-15.1391	5.1153	4
279.6	1.5236	-15.1316	5.1085	4
