Indentation

 + Advanced

+ Advanced
   Acquisition rate :	10.0 [Hz]
   Linear loading
   Max load :	1000.00 	µN
   Loading rate :	500.00 	µN/min
   Unloading rate :	500.00 	µN/min
   Pause :	30.0 s

+ TTX - UNHT Bio S/N: 1000136751 settings
   Fn contact : 25 µN
   Approach distance : 20 µm
   Approach speed : 100 µm/min
   Retract speed : 200 µm/min
   Retract time : 5 sec
   Dz sensor in large range
   Load in fine range
   FnRef in fine range
   FnRef contactload :500.000 µN
   Stiffness threshold : 1 µN/µm

   X Position :10104.70 µm
   Y Position :40263.90 µm
   Z Position :8749.74 µm

Date :6/9/2026
Time :1:44:28 PM

Analysis n # 1

   Method :	Hertz

 + Parameters

  Load Fit [10%,98%]

 + Main results

   EHz=	805.18 	kPa

 + Hypothesis


 + Additional results

   ErHz=	884.81 kPa
   h offset=	7.42 µm
   R2=	0.99

Analysis n # 2

   Method :	Oliver & Pharr

 + Parameters

  Unload Fit [40%,98%]

 + Main results

   HIT=	21.242 	kPa
   EIT=	798.72 	kPa
   E*=	877.71 	kPa

 + Hypothesis

   !!! Indenter not calibrated !!!
   m out of O&P hypothesis
   Poisson's ratio(nu)=	0.30 

 + Additional results

   HVIT=	0.0021654 	 Vickers
   CIT 0.001/120/30=	1.48 	%
   nIT=	77.19 %
   Fmax=	998.99 	µN
   hmax=	18.58 	µm
   S=	214.7763 	µN/µm
   F/S²=	0.0217 	µm²/µN
   hc=	15.20 	µm
   hr=	13.93 	µm
   hp=	-10.98 	µm
   m=	6.3549 
   Epsilon=	0.73 
   R2=	0.999
   Ap=	47028.17 	µm²
   Welast=	3442.23 pJ
   Wplast=	1017.43 pJ
   Wtotal=	4459.66 pJ
   Er=	877.71 	kPa

Measured values
Time (s)	Pd (µm)	Fn (µN)	FnRef (µN)	SegmentID

0	0	0	5.0989	0
0.1	0.2043	0.1671	5.0925	0
0.2	0.4064	0.2494	5.0898	0
0.3	0.6058	0.3638	5.0952	0
0.4	0.8028	0.5521	5.0981	0
0.5	0.9982	0.6244	5.1065	0
0.6	1.1919	0.8352	5.1076	0
0.7	1.3839	1.0147	5.1147	0
0.8	1.574	1.1637	5.1129	0
0.9	1.762	1.4428	5.1077	0
1	1.9495	1.6235	5.104	0
1.1	2.1358	1.9644	5.1069	0
1.2	2.3207	2.2619	5.1118	1
1.3	2.5045	2.6333	5.1183	1
1.4	2.6872	3.0102	5.1132	1
1.5	2.8695	3.5335	5.0985	1
1.6	3.0382	3.958	5.0922	1
1.7	3.1377	3.877	5.0856	1
1.8	3.1765	3.7236	5.0795	1
1.9	3.2045	3.818	5.0967	1
2	3.2314	3.8033	5.1051	1
2.1	3.2587	3.9143	5.109	1
2.2	3.2872	4.0196	5.1007	1
2.3	3.3179	4.1292	5.1024	1
2.4	3.351	4.1602	5.104	1
2.5	3.3862	4.3608	5.0927	1
2.6	3.4237	4.478	5.0799	1
2.7	3.4639	4.6642	5.0852	1
2.8	3.507	4.8267	5.0881	1
2.9	3.5532	5.0786	5.0948	1
3	3.6023	5.2725	5.1106	1
3.1	3.6539	5.528	5.1139	1
3.2	3.7081	5.7356	5.1101	1
3.3	3.765	6.0434	5.0992	1
3.4	3.8251	6.3178	5.0974	1
3.5	3.8881	6.648	5.1048	1
3.6	3.9536	7.0197	5.1039	1
3.7	4.0215	7.382	5.0992	1
3.8	4.0917	7.8333	5.1073	1
3.9	4.1644	8.3325	5.1154	1
4	4.239	8.8016	5.1157	1
4.1	4.3158	9.3207	5.1105	1
4.2	4.3948	9.8513	5.0964	1
4.3	4.4752	10.4857	5.0885	1
4.4	4.557	11.0183	5.0987	1
4.5	4.6409	11.595	5.1063	1
4.6	4.7259	12.3486	5.0837	1
4.7	4.8119	13.069	5.0818	1
4.8	4.8989	13.849	5.0953	1
4.9	4.986	14.6638	5.0974	1
5	5.074	15.3743	5.0993	1
5.1	5.1624	16.2207	5.1041	1
5.2	5.2512	17.0118	5.099	1
5.3	5.3404	17.9517	5.0958	1
5.4	5.4291	18.9624	5.1044	1
5.5	5.5168	19.997	5.0987	1
5.6	5.6034	21.058	5.1081	1
5.7	5.6896	22.0563	5.1057	1
5.8	5.7747	23.153	5.1115	1
5.9	5.8587	24.2052	5.1267	1
6	5.9412	25.3213	5.1196	1
6.1	6.0229	26.3295	5.1032	1
6.2	6.1034	27.5229	5.0983	1
6.3	6.1822	28.6402	5.0958	1
6.4	6.2593	29.794	5.096	1
6.5	6.3345	30.9439	5.1036	1
6.6	6.408	32.1529	5.1012	1
6.7	6.4797	33.2545	5.1082	1
6.8	6.5495	34.4487	5.1128	1
6.9	6.6179	35.5466	5.098	1
7	6.6847	36.7153	5.0981	1
7.1	6.7494	37.9026	5.0957	1
7.2	6.8125	39.049	5.0888	1
7.3	6.874	40.1443	5.0937	1
7.4	6.9336	41.3246	5.0955	1
7.5	6.9913	42.5025	5.0992	1
7.6	7.0475	43.5703	5.1072	1
7.7	7.1022	44.6873	5.1114	1
7.8	7.1551	45.7941	5.1087	1
7.9	7.2066	46.8797	5.1052	1
8	7.2568	48.0103	5.107	1
8.1	7.3054	49.0339	5.1069	1
8.2	7.3527	50.0592	5.1044	1
8.3	7.3986	51.156	5.1045	1
8.4	7.4433	52.1344	5.0961	1
8.5	7.4872	53.2167	5.0931	1
8.6	7.5297	54.2515	5.0994	1
8.7	7.5708	55.2019	5.1115	1
8.8	7.6107	56.3018	5.1126	1
8.9	7.6496	57.1214	5.1139	1
9	7.6881	58.1503	5.1147	1
9.1	7.7261	59.0938	5.1155	1
9.2	7.7633	59.8973	5.1143	1
9.3	7.7999	60.9021	5.1055	1
9.4	7.8359	61.8256	5.0859	1
9.5	7.8712	62.767	5.0801	1
9.6	7.9056	63.7057	5.0799	1
9.7	7.9398	64.5382	5.0794	1
9.8	7.9737	65.4861	5.0863	1
9.9	8.0069	66.4206	5.0925	1
10	8.0395	67.2182	5.0908	1
10.1	8.0719	68.049	5.0895	1
10.2	8.1045	68.9294	5.1017	1
10.3	8.1366	69.9187	5.1031	1
10.4	8.1679	70.7938	5.1092	1
10.5	8.1989	71.679	5.1073	1
10.6	8.2295	72.6486	5.0907	1
10.7	8.2595	73.6233	5.0826	1
10.8	8.2885	74.5253	5.0948	1
10.9	8.3171	75.4829	5.1021	1
11	8.345	76.3994	5.0966	1
11.1	8.3726	77.2662	5.1025	1
11.2	8.3999	78.1719	5.1126	1
11.3	8.4268	79.0271	5.1209	1
11.4	8.4533	79.8579	5.1185	1
11.5	8.4795	80.7626	5.1039	1
11.6	8.5056	81.6035	5.1063	1
11.7	8.5316	82.5065	5.1051	1
11.8	8.5574	83.2827	5.1061	1
11.9	8.5832	84.0995	5.1096	1
12	8.6088	85.0091	5.1016	1
12.1	8.6341	85.8564	5.1005	1
12.2	8.6594	86.6951	5.1055	1
12.3	8.6844	87.5497	5.1151	1
12.4	8.7093	88.4062	5.1145	1
12.5	8.734	89.2793	5.1156	1
12.6	8.7588	90.2106	5.1228	1
12.7	8.7829	91.0723	5.1197	1
12.8	8.8066	91.9407	5.1078	1
12.9	8.8301	92.7929	5.0966	1
13	8.8531	93.7777	5.1042	1
13.1	8.876	94.5429	5.1131	1
13.2	8.8988	95.434	5.1095	1
13.3	8.9215	96.2079	5.119	1
13.4	8.9441	97.0883	5.1188	1
13.5	8.9666	98.0098	5.1259	1
13.6	8.9892	98.8059	5.1251	1
13.7	9.0118	99.6181	5.1187	1
13.8	9.0341	100.4565	5.1177	1
13.9	9.0564	101.3301	5.1007	1
14	9.0785	102.1634	5.0893	1
14.1	9.1005	102.9542	5.0921	1
14.2	9.1227	103.7696	5.0907	1
14.3	9.1445	104.6406	5.0925	1
14.4	9.1664	105.4527	5.0976	1
14.5	9.1886	106.3039	5.1073	1
14.6	9.2106	107.1721	5.1155	1
14.7	9.2324	108.0208	5.1083	1
14.8	9.254	108.8896	5.1134	1
14.9	9.2754	109.7272	5.1261	1
15	9.2968	110.5831	5.1264	1
15.1	9.318	111.4441	5.1258	1
15.2	9.339	112.3503	5.1348	1
15.3	9.3596	113.219	5.1188	1
15.4	9.3802	114.0636	5.1042	1
15.5	9.4007	114.9261	5.1075	1
15.6	9.4209	115.7641	5.1147	1
15.7	9.4411	116.6038	5.1104	1
15.8	9.4608	117.4991	5.0995	1
15.9	9.4802	118.3151	5.1096	1
16	9.4997	119.2027	5.1143	1
16.1	9.5197	119.9465	5.1218	1
16.2	9.5399	120.6744	5.1179	1
16.3	9.5603	121.4974	5.1027	1
16.4	9.5811	122.3514	5.1027	1
16.5	9.6016	123.1992	5.1076	1
16.6	9.6219	124.1082	5.1157	1
16.7	9.6421	124.927	5.1099	1
16.8	9.6622	125.7006	5.0986	1
16.9	9.6826	126.5801	5.1067	1
17	9.7027	127.4503	5.1241	1
17.1	9.7227	128.2338	5.1318	1
17.2	9.743	129.0957	5.114	1
17.3	9.7627	129.9596	5.0975	1
17.4	9.7823	130.9356	5.1104	1
17.5	9.8016	131.795	5.1248	1
17.6	9.8208	132.5217	5.1172	1
17.7	9.8402	133.4086	5.1083	1
17.8	9.859	134.3897	5.1114	1
17.9	9.8777	135.044	5.1162	1
18	9.8985	135.2767	5.1153	1
18.1	9.9208	136.079	5.1166	1
18.2	9.9416	137.3791	5.1143	1
18.3	9.962	138.1211	5.1197	1
18.4	9.9823	139.174	5.1264	1
18.5	10.0012	140.2919	5.1287	1
18.6	10.0197	141.0883	5.1321	1
18.7	10.0379	141.9602	5.1398	1
18.8	10.0563	142.7568	5.1382	1
18.9	10.0743	143.6248	5.1327	1
19	10.0922	144.4523	5.1191	1
19.1	10.1101	145.3095	5.1146	1
19.2	10.128	146.1998	5.1233	1
19.3	10.1456	147.0386	5.1268	1
19.4	10.1631	147.8763	5.1256	1
19.5	10.1807	148.6771	5.1191	1
19.6	10.1983	149.5616	5.1075	1
19.7	10.2157	150.4567	5.1037	1
19.8	10.233	151.3057	5.115	1
19.9	10.2498	152.2164	5.1261	1
20	10.2667	153.0027	5.1278	1
20.1	10.2833	153.8518	5.124	1
20.2	10.3	154.6673	5.1211	1
20.3	10.3166	155.5381	5.1262	1
20.4	10.3333	156.3449	5.1138	1
20.5	10.3499	157.1813	5.1076	1
20.6	10.3662	158.0305	5.1033	1
20.7	10.3828	158.8171	5.1004	1
20.8	10.3991	159.7595	5.0997	1
20.9	10.4153	160.5792	5.0945	1
21	10.4315	161.4131	5.1021	1
21.1	10.4478	162.2127	5.0981	1
21.2	10.464	163.1322	5.0902	1
21.3	10.4798	163.9299	5.1012	1
21.4	10.4957	164.7344	5.1092	1
21.5	10.5119	165.5674	5.1157	1
21.6	10.5284	166.324	5.1182	1
21.7	10.5449	167.1432	5.1273	1
21.8	10.5619	167.915	5.1276	1
21.9	10.5786	168.691	5.1261	1
22	10.5955	169.5904	5.1246	1
22.1	10.6124	170.354	5.1149	1
22.2	10.6296	171.1552	5.1049	1
22.3	10.6469	171.9429	5.104	1
22.4	10.6643	172.8306	5.1129	1
22.5	10.6817	173.6191	5.118	1
22.6	10.699	174.4049	5.1099	1
22.7	10.7165	175.3894	5.1147	1
22.8	10.7337	176.259	5.121	1
22.9	10.7505	177.1545	5.1256	1
23	10.7671	177.9633	5.136	1
23.1	10.7838	178.7596	5.1238	1
23.2	10.8008	179.5774	5.1219	1
23.3	10.8176	180.3911	5.1224	1
23.4	10.8345	181.2671	5.1222	1
23.5	10.8514	182.1078	5.1284	1
23.6	10.8677	183.0183	5.1255	1
23.7	10.885	183.3223	5.1185	1
23.8	10.9055	183.5327	5.1153	1
23.9	10.9273	184.432	5.1186	1
24	10.9453	186.7415	5.1336	1
24.1	10.9573	188.4736	5.1414	1
24.2	10.97	188.5852	5.1334	1
24.3	10.9848	189.2534	5.1337	1
24.4	10.999	190.0812	5.1319	1
24.5	11.0137	190.8624	5.1156	1
24.6	11.0287	191.5864	5.1146	1
24.7	11.0439	192.4119	5.132	1
24.8	11.0588	193.325	5.131	1
24.9	11.0735	194.1943	5.1319	1
25	11.0881	194.9693	5.1278	1
25.1	11.1032	195.6728	5.1122	1
25.2	11.1188	196.4527	5.1231	1
25.3	11.1345	197.2997	5.131	1
25.4	11.1502	198.0857	5.1339	1
25.5	11.1658	198.9469	5.1399	1
25.6	11.1812	199.7858	5.1303	1
25.7	11.1965	200.6099	5.1218	1
25.8	11.2123	201.4606	5.1128	1
25.9	11.2282	202.2488	5.11	1
26	11.244	203.1127	5.1027	1
26.1	11.2596	203.9716	5.1073	1
26.2	11.275	204.8108	5.1148	1
26.3	11.2903	205.746	5.0945	1
26.4	11.3055	206.5657	5.0902	1
26.5	11.3205	207.3539	5.0996	1
26.6	11.3357	208.2216	5.1094	1
26.7	11.3504	209.1833	5.1167	1
26.8	11.3647	210.0708	5.1139	1
26.9	11.3789	210.9046	5.1224	1
27	11.3931	211.7754	5.1267	1
27.1	11.4071	212.5995	5.1261	1
27.2	11.421	213.4005	5.129	1
27.3	11.4349	214.2466	5.1276	1
27.4	11.4487	215.1399	5.1159	1
27.5	11.4625	215.9919	5.1139	1
27.6	11.4763	216.8869	5.1149	1
27.7	11.49	217.7405	5.1113	1
27.8	11.5035	218.4835	5.104	1
27.9	11.5167	219.3736	5.1021	1
28	11.5303	220.1661	5.1047	1
28.1	11.5437	221.0219	5.0931	1
28.2	11.5571	221.9111	5.0919	1
28.3	11.57	222.712	5.0969	1
28.4	11.5831	223.5621	5.091	1
28.5	11.5964	224.3886	5.0976	1
28.6	11.6096	225.2631	5.1049	1
28.7	11.6226	226.0538	5.1004	1
28.8	11.6357	226.8756	5.1042	1
28.9	11.6488	227.7417	5.0939	1
29	11.6619	228.5844	5.0906	1
29.1	11.6749	229.4366	5.1047	1
29.2	11.6878	230.2388	5.1079	1
29.3	11.7007	231.1334	5.099	1
29.4	11.7135	231.9387	5.1101	1
29.5	11.7266	232.7481	5.1174	1
29.6	11.7397	233.5013	5.1159	1
29.7	11.753	234.2367	5.1103	1
29.8	11.7665	235.1374	5.1126	1
29.9	11.7799	235.9826	5.1242	1
30	11.7934	236.7804	5.1223	1
30.1	11.8071	237.5295	5.1191	1
30.2	11.8208	238.3498	5.1085	1
30.3	11.8346	239.1883	5.1004	1
30.4	11.8485	240.0547	5.1027	1
30.5	11.8622	240.9168	5.1204	1
30.6	11.8758	241.8005	5.1075	1
30.7	11.8893	242.6512	5.0884	1
30.8	11.9029	243.4057	5.0923	1
30.9	11.9166	244.2884	5.1003	1
31	11.93	245.1073	5.1043	1
31.1	11.9434	245.9404	5.1074	1
31.2	11.9567	246.7989	5.1015	1
31.3	11.9702	247.6028	5.0975	1
31.4	11.9837	248.4755	5.0894	1
31.5	11.997	249.332	5.0856	1
31.6	12.0103	250.1902	5.0935	1
31.7	12.0233	251.0705	5.0925	1
31.8	12.0365	251.8571	5.095	1
31.9	12.0498	252.6674	5.1055	1
32	12.0629	253.563	5.1094	1
32.1	12.0758	254.4754	5.1035	1
32.2	12.0883	255.3517	5.0974	1
32.3	12.1006	256.2265	5.092	1
32.4	12.1126	257.0538	5.0891	1
32.5	12.1246	257.946	5.0888	1
32.6	12.1364	258.7526	5.0864	1
32.7	12.1484	259.5535	5.0849	1
32.8	12.1605	260.3554	5.0853	1
32.9	12.1726	261.2778	5.0806	1
33	12.1844	262.1125	5.0944	1
33.1	12.1963	262.9521	5.097	1
33.2	12.2079	263.8055	5.0949	1
33.3	12.2194	264.6826	5.1138	1
33.4	12.2311	265.4905	5.1258	1
33.5	12.2422	266.2836	5.1191	1
33.6	12.2537	267.105	5.1047	1
33.7	12.2652	267.9462	5.099	1
33.8	12.2766	268.8941	5.0972	1
33.9	12.288	269.6614	5.1112	1
34	12.2993	270.4875	5.125	1
34.1	12.3106	271.4307	5.1054	1
34.2	12.3216	272.2895	5.0925	1
34.3	12.3321	273.2188	5.1053	1
34.4	12.3425	274.0287	5.1161	1
34.5	12.3527	274.9876	5.1213	1
34.6	12.3626	275.8746	5.1139	1
34.7	12.3717	276.7907	5.1016	1
34.8	12.381	277.4085	5.0944	1
34.9	12.3936	277.1997	5.0894	1
35	12.4101	277.326	5.1031	1
35.1	12.4275	278.664	5.1037	1
35.2	12.4405	280.5293	5.1006	1
35.3	12.4505	281.7962	5.1019	1
35.4	12.4602	282.4811	5.1067	1
35.5	12.4702	283.1975	5.1184	1
35.6	12.4806	283.9909	5.114	1
35.7	12.4912	284.8055	5.1033	1
35.8	12.5023	285.5056	5.1067	1
35.9	12.5133	286.4263	5.1064	1
36	12.5241	287.2128	5.1079	1
36.1	12.535	288.0281	5.1125	1
36.2	12.5458	288.9412	5.0983	1
36.3	12.5567	289.6995	5.1043	1
36.4	12.5675	290.609	5.0987	1
36.5	12.5782	291.3782	5.0909	1
36.6	12.5891	292.1648	5.0956	1
36.7	12.6004	293.0789	5.101	1
36.8	12.6112	293.8734	5.1022	1
36.9	12.6219	294.7054	5.1075	1
37	12.6331	295.4954	5.1046	1
37.1	12.644	296.3613	5.1068	1
37.2	12.6551	297.1969	5.0978	1
37.3	12.666	298.0186	5.0998	1
37.4	12.6772	298.8144	5.1112	1
37.5	12.6888	299.5955	5.1069	1
37.6	12.6999	300.5016	5.119	1
37.7	12.7111	301.3435	5.1168	1
37.8	12.7223	302.1699	5.1002	1
37.9	12.7335	303.0164	5.0912	1
38	12.7449	303.8101	5.0986	1
38.1	12.7558	304.7232	5.1038	1
38.2	12.7667	305.5532	5.0835	1
38.3	12.7775	306.3946	5.0871	1
38.4	12.7882	307.2449	5.1078	1
38.5	12.7988	308.1247	5.1009	1
38.6	12.8091	308.9997	5.0816	1
38.7	12.8198	309.7313	5.0861	1
38.8	12.8306	310.5219	5.0929	1
38.9	12.8416	311.3396	5.0843	1
39	12.8524	312.2796	5.0867	1
39.1	12.863	313.0948	5.0881	1
39.2	12.8733	313.9821	5.0826	1
39.3	12.8835	314.8497	5.0882	1
39.4	12.8938	315.6713	5.0938	1
39.5	12.904	316.4588	5.107	1
39.6	12.9146	317.2109	5.1094	1
39.7	12.9255	318.05	5.108	1
39.8	12.9361	318.8968	5.1094	1
39.9	12.9468	319.7294	5.0994	1
40	12.9576	320.5412	5.0985	1
40.1	12.9684	321.41	5.0969	1
40.2	12.9791	322.1882	5.0937	1
40.3	12.99	323.0018	5.104	1
40.4	13.0011	323.8358	5.1106	1
40.5	13.0122	324.5864	5.1022	1
40.6	13.0233	325.5073	5.0976	1
40.7	13.0342	326.358	5.0963	1
40.8	13.0449	327.2127	5.0907	1
40.9	13.0559	327.9734	5.0738	1
41	13.067	328.743	5.0827	1
41.1	13.0783	329.6352	5.0958	1
41.2	13.0893	330.518	5.0968	1
41.3	13.1002	331.3584	5.0994	1
41.4	13.1111	332.1989	5.1032	1
41.5	13.1219	333.1122	5.0919	1
41.6	13.1322	334.0044	5.0984	1
41.7	13.1424	334.8281	5.1072	1
41.8	13.1528	335.595	5.1011	1
41.9	13.1635	336.4091	5.0986	1
42	13.1741	337.2177	5.1002	1
42.1	13.1846	338.1032	5.1143	1
42.2	13.1951	338.9004	5.1118	1
42.3	13.2056	339.7386	5.1052	1
42.4	13.2163	340.6328	5.104	1
42.5	13.2263	341.5525	5.0951	1
42.6	13.2366	342.3618	5.0978	1
42.7	13.2467	343.0997	5.1082	1
42.8	13.257	344.0123	5.1285	1
42.9	13.2672	344.8427	5.1145	1
43	13.2772	345.7172	5.1059	1
43.1	13.2873	346.489	5.1139	1
43.2	13.2976	347.357	5.1254	1
43.3	13.3078	348.1005	5.1247	1
43.4	13.318	348.9401	5.1242	1
43.5	13.3283	349.7916	5.1224	1
43.6	13.3386	350.5872	5.117	1
43.7	13.349	351.4922	5.1262	1
43.8	13.3594	352.2809	5.1241	1
43.9	13.3696	353.1522	5.1132	1
44	13.3797	353.964	5.1	1
44.1	13.3901	354.7333	5.0974	1
44.2	13.4002	355.7046	5.1146	1
44.3	13.4103	356.5619	5.126	1
44.4	13.4203	357.2497	5.1295	1
44.5	13.4306	358.1653	5.1315	1
44.6	13.4407	358.9276	5.1456	1
44.7	13.4506	359.9144	5.1302	1
44.8	13.4604	360.7434	5.1124	1
44.9	13.47	361.5879	5.1077	1
45	13.4794	362.5237	5.1039	1
45.1	13.4883	363.3143	5.1057	1
45.2	13.4977	364.1043	5.1086	1
45.3	13.5072	364.9482	5.1077	1
45.4	13.5166	365.8457	5.1114	1
45.5	13.5257	366.6854	5.1142	1
45.6	13.5349	367.5063	5.1132	1
45.7	13.5443	368.2653	5.1155	1
45.8	13.5533	369.1285	5.1042	1
45.9	13.5624	370.0267	5.0916	1
46	13.5715	370.884	5.0845	1
46.1	13.5803	371.7493	5.0894	1
46.2	13.5891	372.5433	5.0935	1
46.3	13.5981	373.4239	5.0968	1
46.4	13.6072	374.1022	5.1108	1
46.5	13.6165	374.9266	5.1062	1
46.6	13.6259	375.7998	5.1014	1
46.7	13.6351	376.6707	5.095	1
46.8	13.6443	377.462	5.0905	1
46.9	13.6534	378.4042	5.0927	1
47	13.6622	379.283	5.094	1
47.1	13.6708	380.0892	5.0809	1
47.2	13.6793	380.9652	5.0776	1
47.3	13.6877	381.7622	5.0779	1
47.4	13.6962	382.6359	5.0782	1
47.5	13.7047	383.4839	5.0955	1
47.6	13.713	384.2684	5.1	1
47.7	13.7212	385.159	5.0942	1
47.8	13.7295	386.0336	5.0994	1
47.9	13.7378	386.8789	5.1014	1
48	13.746	387.7113	5.1055	1
48.1	13.7541	388.5373	5.1009	1
48.2	13.7621	389.3598	5.1061	1
48.3	13.7702	390.1285	5.0981	1
48.4	13.7785	391.0245	5.0925	1
48.5	13.7867	391.8557	5.0981	1
48.6	13.7945	392.7892	5.0929	1
48.7	13.8023	393.5213	5.1035	1
48.8	13.8103	394.3263	5.0998	1
48.9	13.8183	395.2238	5.0898	1
49	13.8263	395.9165	5.0902	1
49.1	13.8342	396.9596	5.0913	1
49.2	13.8419	397.6978	5.0993	1
49.3	13.8498	398.4837	5.1184	1
49.4	13.8583	399.3772	5.1174	1
49.5	13.8662	400.195	5.105	1
49.6	13.8741	400.9057	5.1053	1
49.7	13.882	401.9152	5.1152	1
49.8	13.8895	402.7468	5.1169	1
49.9	13.8973	403.5484	5.1066	1
50	13.9051	404.3754	5.1022	1
50.1	13.9128	405.2486	5.1066	1
50.2	13.9205	406.0285	5.1071	1
50.3	13.9284	406.818	5.1028	1
50.4	13.9364	407.6664	5.1079	1
50.5	13.9444	408.518	5.1003	1
50.6	13.9523	409.4004	5.1078	1
50.7	13.96	410.1368	5.1056	1
50.8	13.9678	411.0973	5.1092	1
50.9	13.9756	411.9115	5.105	1
51	13.9832	412.8372	5.0922	1
51.1	13.9908	413.5888	5.088	1
51.2	13.9986	414.3224	5.0935	1
51.3	14.0065	415.2318	5.1039	1
51.4	14.0144	416.0372	5.1196	1
51.5	14.0221	416.8396	5.1183	1
51.6	14.0297	417.7191	5.1091	1
51.7	14.0373	418.4565	5.1102	1
51.8	14.0451	419.3291	5.1113	1
51.9	14.0529	420.2086	5.1108	1
52	14.0606	421.0337	5.1174	1
52.1	14.0683	421.889	5.1342	1
52.2	14.0763	422.6794	5.1392	1
52.3	14.0843	423.4917	5.128	1
52.4	14.0921	424.2892	5.1157	1
52.5	14.1001	425.1661	5.1195	1
52.6	14.108	426.0163	5.1345	1
52.7	14.1158	426.8283	5.1278	1
52.8	14.1236	427.604	5.1289	1
52.9	14.1315	428.4583	5.128	1
53	14.1396	429.2752	5.1208	1
53.1	14.1478	430.1507	5.1248	1
53.2	14.1561	430.9546	5.1216	1
53.3	14.1642	431.75	5.1156	1
53.4	14.1724	432.5414	5.1091	1
53.5	14.1809	433.4216	5.1057	1
53.6	14.189	434.317	5.1123	1
53.7	14.197	435.1565	5.1055	1
53.8	14.2051	435.9581	5.093	1
53.9	14.213	436.8239	5.0874	1
54	14.2209	437.7134	5.089	1
54.1	14.2288	438.495	5.0936	1
54.2	14.2365	439.3363	5.0915	1
54.3	14.2441	440.2232	5.0955	1
54.4	14.2518	441.0297	5.1067	1
54.5	14.2597	441.8422	5.1077	1
54.6	14.2674	442.6824	5.0986	1
54.7	14.2751	443.532	5.1043	1
54.8	14.283	444.2834	5.1133	1
54.9	14.2909	445.151	5.1062	1
55	14.2988	446.0419	5.0974	1
55.1	14.3066	446.7992	5.0916	1
55.2	14.3145	447.677	5.0922	1
55.3	14.3222	448.5018	5.1093	1
55.4	14.3295	449.4315	5.1178	1
55.5	14.3369	450.2518	5.1096	1
55.6	14.3444	450.9978	5.1082	1
55.7	14.352	451.8509	5.097	1
55.8	14.3598	452.7386	5.1021	1
55.9	14.3675	453.5641	5.122	1
56	14.375	454.3401	5.1116	1
56.1	14.3826	455.1258	5.0916	1
56.2	14.3903	456.0017	5.0893	1
56.3	14.398	456.9429	5.0969	1
56.4	14.4056	457.6994	5.101	1
56.5	14.413	458.558	5.1049	1
56.6	14.4202	459.3639	5.108	1
56.7	14.428	460.2153	5.1069	1
56.8	14.4358	461.0165	5.1121	1
56.9	14.4435	461.8689	5.1222	1
57	14.451	462.7512	5.1268	1
57.1	14.4584	463.569	5.1319	1
57.2	14.4659	464.4246	5.1364	1
57.3	14.4732	465.2283	5.1405	1
57.4	14.4806	466.0772	5.157	1
57.5	14.488	466.8613	5.1531	1
57.6	14.4954	467.7485	5.1404	1
57.7	14.5028	468.5929	5.1336	1
57.8	14.5099	469.4634	5.123	1
57.9	14.5173	470.204	5.1335	1
58	14.5248	471.0019	5.1391	1
58.1	14.5323	471.8709	5.1284	1
58.2	14.5398	472.7516	5.1181	1
58.3	14.5473	473.5992	5.1082	1
58.4	14.5545	474.4086	5.0978	1
58.5	14.5616	475.3176	5.1028	1
58.6	14.5687	476.1336	5.1156	1
58.7	14.5758	476.9616	5.1157	1
58.8	14.583	477.822	5.104	1
58.9	14.5902	478.586	5.0996	1
59	14.5975	479.3864	5.0938	1
59.1	14.6047	480.3121	5.0913	1
59.2	14.6116	481.1543	5.0939	1
59.3	14.6187	481.9749	5.1019	1
59.4	14.6258	482.7627	5.1048	1
59.5	14.6328	483.5955	5.101	1
59.6	14.64	484.4139	5.1079	1
59.7	14.6474	485.2413	5.1122	1
59.8	14.6546	486.1035	5.1133	1
59.9	14.6619	486.9319	5.1056	1
60	14.6693	487.7322	5.1188	1
60.1	14.6766	488.5509	5.1359	1
60.2	14.6839	489.4271	5.13	1
60.3	14.6911	490.2541	5.1231	1
60.4	14.6983	491.0689	5.1292	1
60.5	14.7058	491.9057	5.1182	1
60.6	14.7132	492.6667	5.1097	1
60.7	14.7208	493.5621	5.1028	1
60.8	14.7284	494.2438	5.0967	1
60.9	14.7363	495.039	5.1027	1
61	14.7446	495.9099	5.1193	1
61.1	14.7528	496.722	5.1247	1
61.2	14.7608	497.5972	5.1239	1
61.3	14.7687	498.5455	5.1247	1
61.4	14.7763	499.4374	5.1229	1
61.5	14.7836	500.2542	5.1335	1
61.6	14.7909	501.0934	5.1482	1
61.7	14.7983	501.9623	5.1452	1
61.8	14.8054	502.7719	5.1383	1
61.9	14.8128	503.5486	5.1284	1
62	14.8201	504.3336	5.1258	1
62.1	14.8275	505.2207	5.1314	1
62.2	14.8348	506.0895	5.126	1
62.3	14.8422	506.9105	5.1232	1
62.4	14.8495	507.7155	5.1219	1
62.5	14.8567	508.5668	5.1067	1
62.6	14.864	509.4217	5.1072	1
62.7	14.8712	510.2963	5.1191	1
62.8	14.8783	511.1567	5.1053	1
62.9	14.8851	512.0338	5.0972	1
63	14.892	512.8481	5.0997	1
63.1	14.8988	513.6826	5.1022	1
63.2	14.9054	514.493	5.0912	1
63.3	14.9121	515.3581	5.0942	1
63.4	14.919	516.2039	5.1022	1
63.5	14.9258	517.0291	5.1069	1
63.6	14.9323	517.8739	5.1093	1
63.7	14.9387	518.7108	5.1053	1
63.8	14.9454	519.425	5.1065	1
63.9	14.9522	520.3754	5.106	1
64	14.9589	521.1498	5.1019	1
64.1	14.9662	521.8733	5.1081	1
64.2	14.974	522.6345	5.1047	1
64.3	14.9819	523.3539	5.1065	1
64.4	14.9899	524.2834	5.1095	1
64.5	14.998	525.1152	5.1034	1
64.6	15.0057	525.9775	5.1022	1
64.7	15.0134	526.8489	5.1094	1
64.8	15.021	527.7147	5.1109	1
64.9	15.0284	528.4795	5.0963	1
65	15.0358	529.3503	5.0857	1
65.1	15.0433	530.1439	5.0954	1
65.2	15.0509	531.0044	5.1047	1
65.3	15.0587	531.7645	5.101	1
65.4	15.0665	532.6441	5.0896	1
65.5	15.0742	533.5279	5.0785	1
65.6	15.0817	534.3565	5.0729	1
65.7	15.0891	535.2104	5.0858	1
65.8	15.0965	536.1182	5.1008	1
65.9	15.1035	536.9346	5.1078	1
66	15.1104	537.8843	5.0919	1
66.1	15.1173	538.6722	5.0789	1
66.2	15.1241	539.5095	5.0832	1
66.3	15.1308	540.3706	5.0845	1
66.4	15.1377	541.1533	5.0821	1
66.5	15.1447	541.9445	5.0895	1
66.6	15.1516	542.8367	5.0983	1
66.7	15.158	543.749	5.0895	1
66.8	15.164	544.6227	5.0884	1
66.9	15.1701	545.5155	5.0893	1
67	15.176	546.3662	5.0786	1
67.1	15.182	547.1962	5.0956	1
67.2	15.188	548.0545	5.1069	1
67.3	15.1937	548.8248	5.1054	1
67.4	15.1998	549.6185	5.1052	1
67.5	15.2058	550.5235	5.0956	1
67.6	15.2116	551.4005	5.1024	1
67.7	15.2175	552.2696	5.1077	1
67.8	15.2231	553.049	5.0915	1
67.9	15.2286	553.9045	5.0836	1
68	15.2339	554.7173	5.0932	1
68.1	15.2395	555.5513	5.1032	1
68.2	15.2456	556.2399	5.1166	1
68.3	15.2519	557.168	5.1143	1
68.4	15.2579	558.0194	5.0982	1
68.5	15.2638	558.7635	5.0961	1
68.6	15.2699	559.5404	5.0846	1
68.7	15.2759	560.4412	5.0889	1
68.8	15.282	561.2511	5.0893	1
68.9	15.2883	562.0434	5.0856	1
69	15.2949	562.8732	5.0959	1
69.1	15.3018	563.5301	5.1107	1
69.2	15.309	564.3348	5.0999	1
69.3	15.317	564.9514	5.096	1
69.4	15.3253	565.766	5.1028	1
69.5	15.3335	566.7296	5.1012	1
69.6	15.3412	567.5485	5.099	1
69.7	15.3492	568.3636	5.0991	1
69.8	15.3576	569.0928	5.1035	1
69.9	15.3659	569.9121	5.1091	1
70	15.3743	570.8854	5.1139	1
70.1	15.3825	571.65	5.1176	1
70.2	15.3904	572.5962	5.1124	1
70.3	15.3982	573.4271	5.1055	1
70.4	15.4061	574.2947	5.103	1
70.5	15.4138	575.0998	5.1096	1
70.6	15.4217	575.8955	5.0982	1
70.7	15.4297	576.7117	5.0955	1
70.8	15.4378	577.5199	5.0998	1
70.9	15.446	578.4215	5.1055	1
71	15.4538	579.2766	5.1109	1
71.1	15.4611	580.2318	5.1022	1
71.2	15.4687	580.9779	5.0949	1
71.3	15.4762	581.8616	5.0942	1
71.4	15.4836	582.7411	5.0904	1
71.5	15.4907	583.5249	5.0931	1
71.6	15.4982	584.3542	5.0994	1
71.7	15.506	585.1943	5.1037	1
71.8	15.5134	586.0039	5.0955	1
71.9	15.5207	586.9048	5.0883	1
72	15.5281	587.7581	5.1042	1
72.1	15.5355	588.5381	5.1038	1
72.2	15.5426	589.4689	5.1015	1
72.3	15.5495	590.2738	5.1042	1
72.4	15.5565	591.1384	5.1066	1
72.5	15.5635	591.8728	5.1045	1
72.6	15.5703	592.8525	5.0994	1
72.7	15.5772	593.709	5.0935	1
72.8	15.5837	594.5268	5.0978	1
72.9	15.5904	595.449	5.0906	1
73	15.5967	596.3101	5.0861	1
73.1	15.6029	597.1951	5.0985	1
73.2	15.6094	597.832	5.1024	1
73.3	15.6158	598.7157	5.111	1
73.4	15.6219	599.639	5.1145	1
73.5	15.628	600.4908	5.1082	1
73.6	15.6341	601.3045	5.0986	1
73.7	15.6402	602.1063	5.0984	1
73.8	15.6462	603.0161	5.1318	1
73.9	15.6522	603.819	5.1369	1
74	15.658	604.6621	5.1303	1
74.1	15.6638	605.5334	5.1222	1
74.2	15.6692	606.4135	5.1008	1
74.3	15.6751	607.1368	5.1023	1
74.4	15.6811	607.9504	5.1123	1
74.5	15.6874	608.7088	5.099	1
74.6	15.6938	609.5383	5.0894	1
74.7	15.7005	610.3271	5.1048	1
74.8	15.7073	611.0629	5.102	1
74.9	15.714	612.012	5.0954	1
75	15.7204	612.8476	5.1026	1
75.1	15.7267	613.6943	5.0935	1
75.2	15.7334	614.4867	5.1045	1
75.3	15.7401	615.3159	5.1117	1
75.4	15.7469	616.1542	5.1047	1
75.5	15.7537	616.9459	5.1033	1
75.6	15.7605	617.7349	5.1099	1
75.7	15.7673	618.7169	5.1073	1
75.8	15.7739	619.4058	5.1093	1
75.9	15.7804	620.3936	5.109	1
76	15.7869	621.2484	5.1013	1
76.1	15.7931	622.0379	5.1074	1
76.2	15.7994	622.9681	5.1204	1
76.3	15.8052	623.8432	5.1207	1
76.4	15.8106	624.746	5.1245	1
76.5	15.8163	625.505	5.1153	1
76.6	15.8219	626.3627	5.12	1
76.7	15.8277	627.2091	5.1295	1
76.8	15.8334	628.031	5.1272	1
76.9	15.839	628.9064	5.1188	1
77	15.8445	629.659	5.1134	1
77.1	15.8502	630.471	5.1121	1
77.2	15.8561	631.3405	5.0959	1
77.3	15.8617	632.1687	5.0944	1
77.4	15.8671	633.0978	5.0918	1
77.5	15.8722	633.9529	5.0847	1
77.6	15.8771	634.882	5.0845	1
77.7	15.882	635.6528	5.0963	1
77.8	15.8868	636.5335	5.0918	1
77.9	15.8919	637.3733	5.088	1
78	15.897	638.093	5.0804	1
78.1	15.9024	638.8614	5.0857	1
78.2	15.9083	639.523	5.104	1
78.3	15.9147	640.3283	5.1079	1
78.4	15.9213	641.1831	5.0991	1
78.5	15.9274	642.1222	5.1075	1
78.6	15.933	643.0593	5.113	1
78.7	15.9383	643.9224	5.1093	1
78.8	15.9434	644.798	5.1158	1
78.9	15.9486	645.5389	5.1038	1
79	15.9537	646.3618	5.1015	1
79.1	15.9591	647.2809	5.1087	1
79.2	15.9643	648.0809	5.1077	1
79.3	15.9697	648.8755	5.115	1
79.4	15.9751	649.7155	5.105	1
79.5	15.9804	650.4937	5.1137	1
79.6	15.986	651.3012	5.1159	1
79.7	15.9918	652.0742	5.0995	1
79.8	15.9982	652.8042	5.0994	1
79.9	16.0055	653.4876	5.1092	1
80	16.0131	654.2336	5.1041	1
80.1	16.0208	655.0544	5.0958	1
80.2	16.0286	655.7847	5.0906	1
80.3	16.0368	656.6015	5.094	1
80.4	16.0448	657.5841	5.1007	1
80.5	16.0521	658.502	5.094	1
80.6	16.0593	659.3156	5.0887	1
80.7	16.0666	660.1339	5.0977	1
80.8	16.0738	660.9986	5.102	1
80.9	16.0806	661.9185	5.0976	1
81	16.0875	662.8046	5.1047	1
81.1	16.0943	663.6033	5.1011	1
81.2	16.1009	664.5207	5.1029	1
81.3	16.1072	665.4002	5.1213	1
81.4	16.1131	666.2718	5.1116	1
81.5	16.1192	667.0827	5.1088	1
81.6	16.1254	667.8155	5.1174	1
81.7	16.1319	668.6845	5.1136	1
81.8	16.1383	669.5223	5.1178	1
81.9	16.1451	670.2396	5.1121	1
82	16.1522	670.9948	5.11	1
82.1	16.159	671.8947	5.1009	1
82.2	16.1657	672.7967	5.0929	1
82.3	16.1728	673.5298	5.1091	1
82.4	16.1797	674.3568	5.1147	1
82.5	16.1868	675.2979	5.1218	1
82.6	16.1935	676.1154	5.1164	1
82.7	16.2002	676.9395	5.1135	1
82.8	16.2074	677.7589	5.1143	1
82.9	16.2143	678.5029	5.1197	1
83	16.2215	679.3913	5.1208	1
83.1	16.2284	680.2572	5.1162	1
83.2	16.2349	681.1695	5.1103	1
83.3	16.2417	681.9899	5.1034	1
83.4	16.2482	682.7965	5.1189	1
83.5	16.2549	683.6627	5.1294	1
83.6	16.2616	684.4638	5.1166	1
83.7	16.2685	685.2235	5.0918	1
83.8	16.2755	686.0713	5.0861	1
83.9	16.2821	687.0287	5.107	1
84	16.2884	687.8611	5.1175	1
84.1	16.2948	688.6541	5.1181	1
84.2	16.3017	689.4449	5.1089	1
84.3	16.3085	690.2793	5.0997	1
84.4	16.3151	691.1645	5.112	1
84.5	16.3217	691.9279	5.1295	1
84.6	16.3284	692.7075	5.1255	1
84.7	16.3355	693.5835	5.1174	1
84.8	16.3422	694.4452	5.0974	1
84.9	16.3489	695.3423	5.0903	1
85	16.3557	696.1167	5.1051	1
85.1	16.3623	696.9631	5.1126	1
85.2	16.3688	697.8498	5.1079	1
85.3	16.3751	698.6992	5.0897	1
85.4	16.3812	699.5951	5.0821	1
85.5	16.3877	700.3921	5.0863	1
85.6	16.3939	701.2507	5.0897	1
85.7	16.4	702.1232	5.101	1
85.8	16.4059	702.958	5.1049	1
85.9	16.4119	703.7431	5.1124	1
86	16.4177	704.699	5.1128	1
86.1	16.4234	705.5345	5.1103	1
86.2	16.4289	706.3293	5.1152	1
86.3	16.4347	707.1724	5.1115	1
86.4	16.4405	708.0062	5.1147	1
86.5	16.4462	708.9045	5.1234	1
86.6	16.4517	709.6854	5.1267	1
86.7	16.4569	710.5565	5.1356	1
86.8	16.4619	711.5496	5.125	1
86.9	16.4667	712.2906	5.1076	1
87	16.4719	713.1079	5.0969	1
87.1	16.4771	713.884	5.0988	1
87.2	16.4823	714.7152	5.0934	1
87.3	16.4876	715.519	5.0857	1
87.4	16.4932	716.3704	5.0958	1
87.5	16.4989	717.1629	5.0941	1
87.6	16.5045	718.0023	5.0994	1
87.7	16.5102	718.8863	5.0993	1
87.8	16.5155	719.6956	5.1046	1
87.9	16.5208	720.5255	5.109	1
88	16.5262	721.3232	5.1065	1
88.1	16.5317	722.1944	5.1054	1
88.2	16.5369	723.0894	5.0981	1
88.3	16.5422	723.8115	5.0913	1
88.4	16.5477	724.7314	5.1008	1
88.5	16.553	725.5831	5.1064	1
88.6	16.558	726.4838	5.0934	1
88.7	16.5629	727.2515	5.0903	1
88.8	16.5681	728.0129	5.0833	1
88.9	16.5734	728.8547	5.0763	1
89	16.5789	729.7149	5.0935	1
89.1	16.5841	730.5351	5.1032	1
89.2	16.5892	731.4029	5.0939	1
89.3	16.5941	732.281	5.0872	1
89.4	16.5991	733.1069	5.0809	1
89.5	16.6042	733.9667	5.0858	1
89.6	16.6092	734.759	5.0975	1
89.7	16.6144	735.5594	5.0965	1
89.8	16.6196	736.3905	5.1025	1
89.9	16.6248	737.1812	5.1049	1
90	16.6301	738.0283	5.1006	1
90.1	16.6354	738.972	5.1159	1
90.2	16.6406	739.6652	5.1333	1
90.3	16.6457	740.6344	5.1339	1
90.4	16.6506	741.4545	5.1252	1
90.5	16.6555	742.2453	5.1212	1
90.6	16.6609	743.0038	5.1198	1
90.7	16.6663	743.786	5.1143	1
90.8	16.672	744.6548	5.1206	1
90.9	16.6775	745.4106	5.1195	1
91	16.6833	746.2825	5.1121	1
91.1	16.689	747.0687	5.12	1
91.2	16.6945	747.9414	5.1211	1
91.3	16.7002	748.7973	5.1225	1
91.4	16.7058	749.6108	5.1219	1
91.5	16.7113	750.5594	5.1158	1
91.6	16.7167	751.3433	5.1144	1
91.7	16.7218	752.2103	5.1095	1
91.8	16.7271	753.0408	5.1045	1
91.9	16.7325	753.8252	5.1095	1
92	16.7377	754.7392	5.1086	1
92.1	16.7429	755.5397	5.0988	1
92.2	16.7482	756.3262	5.1018	1
92.3	16.7534	757.3121	5.1144	1
92.4	16.7584	758.0965	5.1133	1
92.5	16.7634	758.8959	5.095	1
92.6	16.7687	759.6818	5.0892	1
92.7	16.7742	760.5149	5.093	1
92.8	16.7794	761.3897	5.102	1
92.9	16.7847	762.1778	5.1093	1
93	16.79	763.0062	5.1232	1
93.1	16.7949	763.887	5.116	1
93.2	16.7998	764.7915	5.1148	1
93.3	16.8047	765.603	5.1107	1
93.4	16.81	766.4033	5.1169	1
93.5	16.8151	767.3342	5.1307	1
93.6	16.8201	768.0884	5.1267	1
93.7	16.8251	768.8855	5.1241	1
93.8	16.83	769.7347	5.1182	1
93.9	16.8351	770.5806	5.1091	1
94	16.8401	771.4031	5.1216	1
94.1	16.8451	772.3176	5.1275	1
94.2	16.85	773.0988	5.1231	1
94.3	16.8547	773.9597	5.1185	1
94.4	16.8596	774.7798	5.1179	1
94.5	16.8645	775.5973	5.1149	1
94.6	16.8693	776.3837	5.1095	1
94.7	16.8744	777.176	5.1059	1
94.8	16.8796	778.0306	5.0973	1
94.9	16.8847	778.8478	5.0935	1
95	16.89	779.6434	5.1133	1
95.1	16.8955	780.4248	5.1215	1
95.2	16.9009	781.3776	5.1157	1
95.3	16.9064	782.1893	5.1176	1
95.4	16.9117	782.9965	5.1211	1
95.5	16.917	783.8812	5.1114	1
95.6	16.922	784.6722	5.0897	1
95.7	16.927	785.5579	5.0973	1
95.8	16.9324	786.2978	5.1027	1
95.9	16.9378	787.2157	5.0907	1
96	16.9431	788.0018	5.0959	1
96.1	16.9483	788.7881	5.0927	1
96.2	16.9535	789.6631	5.0833	1
96.3	16.9588	790.5684	5.0887	1
96.4	16.9638	791.4657	5.0942	1
96.5	16.9686	792.2372	5.0928	1
96.6	16.9736	793.0691	5.0892	1
96.7	16.9784	793.9379	5.0999	1
96.8	16.9835	794.673	5.1038	1
96.9	16.9885	795.571	5.1113	1
97	16.9937	796.2995	5.1098	1
97.1	16.9993	797.179	5.1111	1
97.2	17.0042	798.1894	5.1	1
97.3	17.0088	798.9666	5.0901	1
97.4	17.0135	799.7746	5.0911	1
97.5	17.0184	800.613	5.0961	1
97.6	17.0229	801.5293	5.0913	1
97.7	17.0273	802.402	5.0961	1
97.8	17.0316	803.1657	5.0978	1
97.9	17.0363	803.9482	5.0967	1
98	17.0411	804.7732	5.1034	1
98.1	17.0457	805.6478	5.1122	1
98.2	17.0504	806.4788	5.1151	1
98.3	17.055	807.2309	5.1069	1
98.4	17.0601	808.0978	5.1022	1
98.5	17.0653	808.821	5.1091	1
98.6	17.0707	809.6529	5.1177	1
98.7	17.0762	810.3978	5.1107	1
98.8	17.0819	811.2442	5.1057	1
98.9	17.0876	811.9956	5.0986	1
99	17.0934	812.8754	5.0964	1
99.1	17.0993	813.7184	5.1069	1
99.2	17.1051	814.5335	5.1082	1
99.3	17.1109	815.3958	5.1081	1
99.4	17.1168	816.1673	5.1074	1
99.5	17.1229	817.0303	5.1101	1
99.6	17.1291	817.7705	5.1141	1
99.7	17.1354	818.6019	5.1091	1
99.8	17.1419	819.428	5.1135	1
99.9	17.1483	820.3107	5.126	1
100	17.1544	821.1174	5.132	1
100.1	17.1604	821.9702	5.1262	1
100.2	17.1667	822.8187	5.1157	1
100.3	17.1728	823.6751	5.105	1
100.4	17.1788	824.5316	5.1027	1
100.5	17.1849	825.3362	5.0962	1
100.6	17.191	826.1352	5.1092	1
100.7	17.1969	827.0588	5.1316	1
100.8	17.2028	827.9345	5.1249	1
100.9	17.2088	828.7076	5.108	1
101	17.2146	829.5759	5.1118	1
101.1	17.2199	830.5122	5.1004	1
101.2	17.2252	831.396	5.0998	1
101.3	17.2306	832.2017	5.1034	1
101.4	17.236	832.9557	5.1037	1
101.5	17.2413	833.8441	5.1118	1
101.6	17.2468	834.665	5.11	1
101.7	17.2521	835.5697	5.1119	1
101.8	17.2574	836.3571	5.1233	1
101.9	17.2627	837.1447	5.1176	1
102	17.2679	838.0881	5.1106	1
102.1	17.2729	838.8478	5.1099	1
102.2	17.278	839.7611	5.1102	1
102.3	17.2832	840.584	5.1128	1
102.4	17.288	841.4262	5.0965	1
102.5	17.2929	842.2708	5.0858	1
102.6	17.2976	843.1615	5.0872	1
102.7	17.3022	844.0321	5.0868	1
102.8	17.3065	844.8857	5.0813	1
102.9	17.3108	845.7228	5.0849	1
103	17.3151	846.5246	5.0938	1
103.1	17.3194	847.4283	5.1063	1
103.2	17.3237	848.2254	5.1025	1
103.3	17.3277	849.0774	5.1044	1
103.4	17.3319	849.9151	5.1032	1
103.5	17.3358	850.6873	5.0967	1
103.6	17.3401	851.5728	5.0922	1
103.7	17.3448	852.2596	5.0794	1
103.8	17.3493	853.1833	5.0878	1
103.9	17.3539	854.0699	5.1085	1
104	17.3583	854.8095	5.0975	1
104.1	17.3627	855.6327	5.0827	1
104.2	17.3673	856.5564	5.091	1
104.3	17.3717	857.2746	5.0973	1
104.4	17.3762	858.1781	5.1025	1
104.5	17.3807	859.0102	5.0923	1
104.6	17.3851	859.8489	5.0835	1
104.7	17.3895	860.5967	5.0829	1
104.8	17.3941	861.3909	5.0761	1
104.9	17.399	862.2432	5.072	1
105	17.4041	862.9829	5.0861	1
105.1	17.4093	863.9122	5.0938	1
105.2	17.4142	864.7058	5.1012	1
105.3	17.4192	865.5562	5.1135	1
105.4	17.4242	866.3671	5.1038	1
105.5	17.4289	867.2744	5.0887	1
105.6	17.4338	868.0788	5.0817	1
105.7	17.4388	868.8532	5.0904	1
105.8	17.444	869.6368	5.0899	1
105.9	17.4492	870.5203	5.0872	1
106	17.4539	871.42	5.0947	1
106.1	17.4588	872.2293	5.1051	1
106.2	17.4638	872.9407	5.1027	1
106.3	17.4691	873.925	5.1032	1
106.4	17.4739	874.8004	5.1097	1
106.5	17.4785	875.607	5.1075	1
106.6	17.4833	876.3663	5.0972	1
106.7	17.4881	877.2296	5.0954	1
106.8	17.493	878.0786	5.0984	1
106.9	17.4976	878.9204	5.1104	1
107	17.5025	879.7872	5.1155	1
107.1	17.5071	880.6348	5.1091	1
107.2	17.5116	881.5597	5.1051	1
107.3	17.5162	882.2514	5.1027	1
107.4	17.5208	883.2071	5.1136	1
107.5	17.525	883.9901	5.1174	1
107.6	17.5293	884.8046	5.1177	1
107.7	17.5335	885.7175	5.118	1
107.8	17.5372	886.5364	5.0978	1
107.9	17.541	887.3544	5.0847	1
108	17.5451	888.1737	5.099	1
108.1	17.5497	888.9377	5.117	1
108.2	17.5542	889.7853	5.1192	1
108.3	17.5587	890.6802	5.1132	1
108.4	17.5632	891.4936	5.1266	1
108.5	17.5675	892.3325	5.1223	1
108.6	17.5713	893.3497	5.1069	1
108.7	17.575	894.0912	5.1166	1
108.8	17.5788	894.9555	5.1153	1
108.9	17.5831	895.6546	5.113	1
109	17.5872	896.4695	5.1235	1
109.1	17.5918	897.3365	5.1209	1
109.2	17.5965	897.9396	5.1179	1
109.3	17.6016	898.827	5.1235	1
109.4	17.6069	899.6628	5.1152	1
109.5	17.6117	900.5461	5.1058	1
109.6	17.6164	901.4331	5.116	1
109.7	17.6215	902.1515	5.1153	1
109.8	17.6265	903.0014	5.1032	1
109.9	17.6318	903.82	5.1066	1
110	17.6371	904.5608	5.121	1
110.1	17.6429	905.3966	5.1068	1
110.2	17.6483	906.2753	5.0993	1
110.3	17.6538	907.1275	5.1068	1
110.4	17.6595	907.8704	5.1016	1
110.5	17.6653	908.6414	5.0957	1
110.6	17.671	909.5789	5.1063	1
110.7	17.6763	910.4034	5.1136	1
110.8	17.6819	911.1968	5.1138	1
110.9	17.6875	912.0639	5.1035	1
111	17.6926	913.0701	5.0919	1
111.1	17.6979	913.7927	5.092	1
111.2	17.7032	914.6209	5.0933	1
111.3	17.7087	915.4689	5.0961	1
111.4	17.714	916.3647	5.0961	1
111.5	17.7188	917.2724	5.0987	1
111.6	17.7237	917.9987	5.1066	1
111.7	17.7287	918.8442	5.0921	1
111.8	17.7338	919.7081	5.0874	1
111.9	17.7387	920.5642	5.1033	1
112	17.7437	921.4267	5.113	1
112.1	17.7483	922.2361	5.102	1
112.2	17.753	923.0692	5.0815	1
112.3	17.758	923.819	5.0821	1
112.4	17.763	924.8268	5.09	1
112.5	17.7682	925.4875	5.0852	1
112.6	17.7727	926.4282	5.0849	1
112.7	17.7774	927.3327	5.0884	1
112.8	17.782	927.9857	5.099	1
112.9	17.7869	928.9412	5.1046	1
113	17.7922	929.5814	5.1131	1
113.1	17.7971	930.6683	5.1159	1
113.2	17.8019	931.4318	5.1121	1
113.3	17.8063	932.296	5.0946	1
113.4	17.8111	933.0825	5.0943	1
113.5	17.8159	933.8027	5.0973	1
113.6	17.8204	934.9317	5.1007	1
113.7	17.8246	935.7292	5.0943	1
113.8	17.8287	936.5342	5.0799	1
113.9	17.8332	937.3032	5.0843	1
114	17.8379	938.1086	5.0957	1
114.1	17.8424	938.9824	5.0993	1
114.2	17.8468	939.764	5.0973	1
114.3	17.8514	940.6138	5.101	1
114.4	17.8562	941.368	5.0973	1
114.5	17.8607	942.3551	5.1076	1
114.6	17.8651	943.1982	5.0974	1
114.7	17.8694	943.9254	5.098	1
114.8	17.8742	944.7387	5.0924	1
114.9	17.8789	945.5582	5.0794	1
115	17.8835	946.4575	5.0719	1
115.1	17.8883	947.1819	5.0806	1
115.2	17.8931	948.0072	5.0807	1
115.3	17.898	949.0187	5.079	1
115.4	17.9027	949.6752	5.0766	1
115.5	17.9074	950.5612	5.0728	1
115.6	17.9125	951.3585	5.0866	1
115.7	17.9177	952.0338	5.0953	1
115.8	17.9231	952.9621	5.0953	1
115.9	17.9285	953.7941	5.0925	1
116	17.9338	954.62	5.0826	1
116.1	17.9394	955.4102	5.0898	1
116.2	17.9448	956.2387	5.0982	1
116.3	17.9501	957.1345	5.0781	1
116.4	17.9553	957.9884	5.0666	1
116.5	17.9608	958.8093	5.0743	1
116.6	17.9661	959.566	5.0831	1
116.7	17.9715	960.4497	5.0875	1
116.8	17.9768	961.3109	5.0776	1
116.9	17.9822	962.1059	5.0767	1
117	17.9873	963.0622	5.0832	1
117.1	17.9924	963.8452	5.0725	1
117.2	17.9975	964.6248	5.0652	1
117.3	18.003	965.3858	5.0741	1
117.4	18.0086	966.2638	5.0804	1
117.5	18.0141	967.1025	5.0796	1
117.6	18.0195	967.9995	5.0762	1
117.7	18.0249	968.7695	5.0824	1
117.8	18.0306	969.513	5.0934	1
117.9	18.0363	970.3957	5.1091	1
118	18.0415	971.3703	5.116	1
118.1	18.0462	972.2901	5.1082	1
118.2	18.0507	973.1493	5.1014	1
118.3	18.0554	973.9855	5.0854	1
118.4	18.0601	974.7729	5.0854	1
118.5	18.0645	975.7284	5.0945	1
118.6	18.0688	976.4782	5.0918	1
118.7	18.0732	977.3057	5.0867	1
118.8	18.078	978.1023	5.0929	1
118.9	18.0826	978.8749	5.0866	1
119	18.0874	979.7498	5.0961	1
119.1	18.0923	980.4843	5.1125	1
119.2	18.0971	981.4992	5.1043	1
119.3	18.1015	982.3025	5.0989	1
119.4	18.1057	983.121	5.0851	1
119.5	18.1104	983.9836	5.0833	1
119.6	18.1151	984.752	5.0771	1
119.7	18.1197	985.6806	5.0838	1
119.8	18.1243	986.3996	5.0945	1
119.9	18.129	987.1911	5.0868	1
120	18.134	988.0849	5.0809	1
120.1	18.1386	988.915	5.0844	1
120.2	18.1435	989.7009	5.0797	1
120.3	18.1482	990.6335	5.0749	1
120.4	18.1528	991.4243	5.0779	1
120.5	18.1571	992.3078	5.0758	1
120.6	18.162	993.0423	5.0814	1
120.7	18.1669	993.8921	5.1031	1
120.8	18.172	994.7203	5.0934	2
120.9	18.1769	995.4753	5.0869	2
121	18.1823	996.2817	5.0801	2
121.1	18.1879	996.9528	5.08	2
121.2	18.1936	997.8317	5.0845	2
121.3	18.1987	998.0942	5.0881	2
121.4	18.2038	998.1658	5.0962	2
121.5	18.2089	998.1568	5.1022	2
121.6	18.214	998.1442	5.0892	2
121.7	18.2189	998.2161	5.0796	2
121.8	18.2235	998.1915	5.0818	2
121.9	18.2279	998.3092	5.0829	2
122	18.2322	998.2827	5.0906	2
122.1	18.2363	998.3344	5.087	2
122.2	18.2404	998.3507	5.0867	2
122.3	18.2449	998.2897	5.0772	2
122.4	18.2492	998.2889	5.0576	2
122.5	18.2535	998.3392	5.0557	2
122.6	18.2576	998.2173	5.0652	2
122.7	18.2619	998.2761	5.0658	2
122.8	18.2664	998.2461	5.0652	2
122.9	18.2711	998.2565	5.0587	2
123	18.2758	998.1466	5.058	2
123.1	18.2805	998.2407	5.0601	2
123.2	18.2847	998.368	5.0528	2
123.3	18.2883	998.405	5.053	2
123.4	18.2918	998.5419	5.0627	2
123.5	18.2952	998.4938	5.0744	2
123.6	18.2984	998.568	5.0889	2
123.7	18.3021	998.4339	5.0816	2
123.8	18.3057	998.4227	5.0743	2
123.9	18.3082	998.6699	5.0776	2
124	18.3106	998.7195	5.0753	2
124.1	18.3129	998.7548	5.0709	2
124.2	18.3148	998.8181	5.0673	2
124.3	18.3165	998.7529	5.0556	2
124.4	18.3183	998.8021	5.0543	2
124.5	18.3205	998.6467	5.0726	2
124.6	18.3225	998.8477	5.0924	2
124.7	18.324	998.8525	5.1121	2
124.8	18.3256	998.7856	5.1108	2
124.9	18.3273	998.689	5.104	2
125	18.3296	998.6738	5.0993	2
125.1	18.3318	998.7137	5.0986	2
125.2	18.3339	998.6664	5.0875	2
125.3	18.336	998.7126	5.0799	2
125.4	18.338	998.7758	5.0837	2
125.5	18.3394	998.8294	5.0911	2
125.6	18.3411	998.7635	5.087	2
125.7	18.3425	998.8805	5.1006	2
125.8	18.3439	998.942	5.1205	2
125.9	18.3445	998.9163	5.1105	2
126	18.3457	998.9217	5.0917	2
126.1	18.3468	998.8799	5.0884	2
126.2	18.3476	998.9449	5.0963	2
126.3	18.3482	999.0415	5.0887	2
126.4	18.3485	998.9702	5.0792	2
126.5	18.3495	998.9516	5.0839	2
126.6	18.3502	998.9026	5.0906	2
126.7	18.3514	998.8054	5.0852	2
126.8	18.3527	998.7864	5.0741	2
126.9	18.354	998.9457	5.0863	2
127	18.3546	998.9762	5.0779	2
127.1	18.3555	998.8936	5.061	2
127.2	18.3564	998.8828	5.0637	2
127.3	18.3573	998.9169	5.0618	2
127.4	18.3578	999.0098	5.0778	2
127.5	18.3582	998.8576	5.0992	2
127.6	18.359	999.0298	5.1004	2
127.7	18.3596	998.9311	5.0995	2
127.8	18.3601	999.0289	5.1003	2
127.9	18.3608	998.8898	5.1029	2
128	18.3616	998.8897	5.105	2
128.1	18.3619	999.0776	5.1107	2
128.2	18.3622	998.9303	5.1068	2
128.3	18.3627	998.9662	5.1078	2
128.4	18.3638	998.9152	5.0982	2
128.5	18.3643	998.8578	5.0893	2
128.6	18.3649	998.9948	5.0905	2
128.7	18.3654	998.9563	5.0975	2
128.8	18.3657	999.0406	5.1051	2
128.9	18.3656	999.0861	5.1209	2
129	18.3653	999.0401	5.1326	2
129.1	18.3656	999.0273	5.1272	2
129.2	18.3661	998.851	5.1273	2
129.3	18.3668	998.917	5.1217	2
129.4	18.3677	998.7709	5.104	2
129.5	18.3689	998.7884	5.1041	2
129.6	18.3699	998.9252	5.1053	2
129.7	18.3701	999.0124	5.0944	2
129.8	18.37	999.0541	5.0958	2
129.9	18.3702	998.9657	5.088	2
130	18.3704	999.0311	5.0873	2
130.1	18.3706	998.9543	5.0952	2
130.2	18.3708	999.0078	5.1025	2
130.3	18.3712	998.9582	5.1025	2
130.4	18.3713	998.9801	5.097	2
130.5	18.3714	999.0257	5.0925	2
130.6	18.3718	998.9501	5.0881	2
130.7	18.3719	999.0296	5.0881	2
130.8	18.3719	999.0227	5.0845	2
130.9	18.3719	998.9198	5.0821	2
131	18.3723	998.9416	5.0936	2
131.1	18.3731	998.8869	5.0923	2
131.2	18.3733	998.9764	5.0885	2
131.3	18.3739	998.8982	5.0838	2
131.4	18.3743	998.9181	5.0877	2
131.5	18.3744	999.0144	5.0991	2
131.6	18.3744	999.0141	5.1098	2
131.7	18.3745	998.9518	5.1128	2
131.8	18.3749	998.8969	5.1042	2
131.9	18.3752	998.9461	5.0995	2
132	18.3754	999.0368	5.094	2
132.1	18.3754	999.0124	5.0842	2
132.2	18.3759	998.8787	5.0865	2
132.3	18.3762	998.9181	5.09	2
132.4	18.3765	998.9784	5.0933	2
132.5	18.3767	998.8708	5.1091	2
132.6	18.3773	998.912	5.1013	2
132.7	18.3777	998.9979	5.098	2
132.8	18.3778	998.9766	5.0919	2
132.9	18.3779	998.9124	5.0729	2
133	18.3785	998.8653	5.0732	2
133.1	18.3788	998.9919	5.0904	2
133.2	18.3789	998.979	5.0959	2
133.3	18.379	998.9331	5.0925	2
133.4	18.3793	998.9465	5.0954	2
133.5	18.3794	998.9524	5.1066	2
133.6	18.3797	998.9291	5.0978	2
133.7	18.38	998.9053	5.0931	2
133.8	18.3803	998.927	5.0975	2
133.9	18.3805	999.0172	5.0886	2
134	18.3806	999.0023	5.0702	2
134.1	18.3804	999.0319	5.081	2
134.2	18.3802	999.0321	5.0921	2
134.3	18.3801	999.0413	5.0838	2
134.4	18.3799	999.0111	5.0754	2
134.5	18.3798	998.9925	5.0857	2
134.6	18.3797	999.0131	5.1053	2
134.7	18.3797	998.973	5.1161	2
134.8	18.3796	998.9006	5.0984	2
134.9	18.3799	998.9649	5.0699	2
135	18.3798	998.9892	5.061	2
135.1	18.38	998.9532	5.0751	2
135.2	18.3802	998.8735	5.0807	2
135.3	18.3807	998.9338	5.0791	2
135.4	18.3809	998.8636	5.0807	2
135.5	18.3813	998.9199	5.0956	2
135.6	18.3818	998.8061	5.1132	2
135.7	18.3825	998.8376	5.1133	2
135.8	18.3832	998.8254	5.0998	2
135.9	18.384	998.7855	5.1073	2
136	18.385	998.758	5.118	2
136.1	18.3859	998.8057	5.1138	2
136.2	18.3865	998.8296	5.11	2
136.3	18.387	998.918	5.1058	2
136.4	18.3874	998.8626	5.0927	2
136.5	18.3878	998.8351	5.0944	2
136.6	18.3885	998.8989	5.1122	2
136.7	18.3888	998.8731	5.1035	2
136.8	18.3895	998.785	5.0853	2
136.9	18.3904	998.7319	5.0751	2
137	18.3913	998.7818	5.0812	2
137.1	18.3923	998.8378	5.0907	2
137.2	18.3933	998.6581	5.091	2
137.3	18.3943	998.6867	5.1009	2
137.4	18.3953	998.8569	5.1082	2
137.5	18.3963	998.6862	5.0973	2
137.6	18.3975	998.6836	5.0893	2
137.7	18.3989	998.7394	5.0958	2
137.8	18.4003	998.6705	5.1043	2
137.9	18.4015	998.7704	5.1	2
138	18.4027	998.6297	5.0992	2
138.1	18.4039	998.6791	5.0934	2
138.2	18.4052	998.7359	5.0859	2
138.3	18.4063	998.6815	5.08	2
138.4	18.4075	998.6864	5.084	2
138.5	18.4088	998.725	5.1004	2
138.6	18.4097	998.8281	5.1042	2
138.7	18.4106	998.7721	5.1141	2
138.8	18.4115	998.7899	5.1037	2
138.9	18.4122	998.8488	5.0995	2
139	18.4126	998.9033	5.0988	2
139.1	18.4127	998.9209	5.081	2
139.2	18.413	998.9064	5.0824	2
139.3	18.4135	998.7985	5.086	2
139.4	18.4141	998.8286	5.08	2
139.5	18.4147	998.9262	5.0853	2
139.6	18.4151	998.9137	5.0983	2
139.7	18.4153	998.8267	5.1008	2
139.8	18.4157	998.966	5.0994	2
139.9	18.4159	998.9054	5.1029	2
140	18.4159	998.9477	5.0962	2
140.1	18.4159	998.9897	5.091	2
140.2	18.4156	999.0551	5.0976	2
140.3	18.4154	998.9969	5.1076	2
140.4	18.4154	998.9623	5.1074	2
140.5	18.4151	999.0411	5.0934	2
140.6	18.415	998.9097	5.0785	2
140.7	18.4146	999.1244	5.0726	2
140.8	18.4141	999.0231	5.0891	2
140.9	18.4136	999.0801	5.0959	2
141	18.4131	999.0096	5.0885	2
141.1	18.4129	998.9814	5.0952	2
141.2	18.4128	999.0294	5.1086	2
141.3	18.4125	999.0762	5.0988	2
141.4	18.412	999.0436	5.0866	2
141.5	18.4118	998.9667	5.0897	2
141.6	18.4118	998.9893	5.1023	2
141.7	18.4116	998.9843	5.1032	2
141.8	18.4112	999.0351	5.0932	2
141.9	18.411	998.9755	5.0862	2
142	18.411	998.9281	5.0851	2
142.1	18.4113	998.9101	5.0965	2
142.2	18.4112	998.9821	5.1034	2
142.3	18.4114	998.9471	5.097	2
142.4	18.4113	998.9273	5.1047	2
142.5	18.4115	998.8449	5.1073	2
142.6	18.4116	998.9651	5.0957	2
142.7	18.4116	998.9765	5.1073	2
142.8	18.4117	998.9053	5.1026	2
142.9	18.4118	998.9312	5.0916	2
143	18.4119	998.963	5.0956	2
143.1	18.4118	998.9865	5.1	2
143.2	18.4115	998.9917	5.0956	2
143.3	18.4113	998.9647	5.0882	2
143.4	18.4114	998.9449	5.0963	2
143.5	18.4113	998.9004	5.0882	2
143.6	18.4117	998.8627	5.0733	2
143.7	18.4122	998.7577	5.0835	2
143.8	18.4129	998.8154	5.0941	2
143.9	18.4136	998.7557	5.0958	2
144	18.4143	998.7655	5.092	2
144.1	18.4152	998.6971	5.1009	2
144.2	18.4165	998.6848	5.1031	2
144.3	18.4178	998.6823	5.0884	2
144.4	18.4189	998.6133	5.0756	2
144.5	18.4203	998.6508	5.0699	2
144.6	18.4217	998.5984	5.0719	2
144.7	18.4232	998.7024	5.0802	2
144.8	18.4244	998.6449	5.0855	2
144.9	18.4256	998.6362	5.0843	2
145	18.427	998.7726	5.082	2
145.1	18.4279	998.7541	5.0767	2
145.2	18.4286	998.77	5.071	2
145.3	18.4291	998.8174	5.0751	2
145.4	18.4293	998.911	5.0666	2
145.5	18.43	998.7286	5.0714	2
145.6	18.4312	998.6481	5.086	2
145.7	18.4325	998.721	5.093	2
145.8	18.4333	998.8272	5.0893	2
145.9	18.4337	998.7985	5.0721	2
146	18.4345	998.7314	5.0613	2
146.1	18.4358	998.6789	5.0704	2
146.2	18.437	998.6672	5.0796	2
146.3	18.438	998.644	5.0915	2
146.4	18.4393	998.6681	5.0974	2
146.5	18.4406	998.696	5.0925	2
146.6	18.4415	998.8918	5.0882	2
146.7	18.442	998.814	5.088	2
146.8	18.442	998.8424	5.0801	2
146.9	18.4424	998.8936	5.078	2
147	18.4431	998.7573	5.0786	2
147.1	18.4439	998.7673	5.0806	2
147.2	18.4449	998.7373	5.0856	2
147.3	18.4458	998.7899	5.0797	2
147.4	18.4465	998.7722	5.0619	2
147.5	18.4472	998.7541	5.07	2
147.6	18.448	998.8069	5.0793	2
147.7	18.4486	998.7619	5.0836	2
147.8	18.4489	998.8224	5.091	2
147.9	18.4494	998.8515	5.0785	2
148	18.45	998.8021	5.0821	2
148.1	18.4503	998.903	5.0867	2
148.2	18.4506	998.8796	5.0825	2
148.3	18.4507	998.9444	5.0802	2
148.4	18.4512	998.8368	5.0871	2
148.5	18.4515	998.9389	5.101	2
148.6	18.4517	998.8864	5.1033	2
148.7	18.4517	998.923	5.1074	2
148.8	18.4519	998.9056	5.1069	2
148.9	18.452	998.9243	5.0952	2
149	18.4522	998.9301	5.1052	2
149.1	18.4521	998.8431	5.0913	2
149.2	18.452	999.0792	5.0765	2
149.3	18.4517	998.9139	5.0662	2
149.4	18.4516	998.901	5.0666	2
149.5	18.4519	998.9674	5.069	2
149.6	18.4517	999.0146	5.0596	2
149.7	18.4513	998.982	5.0655	2
149.8	18.4509	999.0269	5.0796	2
149.9	18.4505	998.9988	5.0785	2
150	18.4502	999.0115	5.0811	2
150.1	18.4495	999.0282	5.0782	2
150.2	18.4488	999.139	5.0807	2
150.3	18.4482	999.0218	5.1023	2
150.4	18.4476	999.1655	5.0955	2
150.5	18.4473	998.9314	5.0846	2
150.6	18.4467	999.0599	5.0955	2
150.7	18.4467	998.8619	5.0967	2
150.8	18.4465	998.9664	5.0784	3
150.9	18.4465	998.9874	5.0774	3
151	18.4463	998.8117	5.078	3
151.1	18.4461	999.0918	5.0748	3
151.2	18.4457	998.8927	5.0777	3
151.3	18.4449	998.4444	5.0779	3
151.4	18.444	997.6334	5.0787	3
151.5	18.4429	996.7668	5.0828	3
151.6	18.4419	996.0228	5.0932	3
151.7	18.4409	995.1539	5.0881	3
151.8	18.4399	994.3206	5.0789	3
151.9	18.4389	993.496	5.0764	3
152	18.4382	992.6056	5.079	3
152.1	18.4369	991.8332	5.0752	3
152.2	18.436	991.0994	5.0649	3
152.3	18.4338	990.327	5.062	3
152.4	18.4322	989.4648	5.0737	3
152.5	18.4306	988.5021	5.0766	3
152.6	18.4291	987.8505	5.0743	3
152.7	18.4273	987.0143	5.084	3
152.8	18.4256	986.1117	5.0904	3
152.9	18.4239	985.2158	5.0775	3
153	18.422	984.4838	5.0808	3
153.1	18.4201	983.7666	5.0938	3
153.2	18.4179	982.8889	5.086	3
153.3	18.4159	982.0279	5.0828	3
153.4	18.4142	981.1426	5.0731	3
153.5	18.4121	980.409	5.0561	3
153.6	18.4099	979.5484	5.0517	3
153.7	18.4078	978.6473	5.0622	3
153.8	18.4058	977.8535	5.0798	3
153.9	18.4037	977.1145	5.0865	3
154	18.4014	976.1661	5.0818	3
154.1	18.3994	975.4067	5.0847	3
154.2	18.3973	974.4741	5.0901	3
154.3	18.3952	973.7118	5.0917	3
154.4	18.3928	972.9423	5.0859	3
154.5	18.3905	972.1328	5.0856	3
154.6	18.3881	971.3347	5.1008	3
154.7	18.3857	970.4188	5.1015	3
154.8	18.3832	969.5483	5.0887	3
154.9	18.3807	968.7537	5.0724	3
155	18.3781	968.0509	5.0747	3
155.1	18.3754	967.211	5.0847	3
155.2	18.3725	966.3283	5.0912	3
155.3	18.3698	965.4733	5.0781	3
155.4	18.3669	964.6319	5.0719	3
155.5	18.3638	963.9498	5.0845	3
155.6	18.3609	962.9678	5.0848	3
155.7	18.358	962.2042	5.0816	3
155.8	18.3552	961.4397	5.0808	3
155.9	18.3521	960.5635	5.0876	3
156	18.3494	959.7215	5.1047	3
156.1	18.3466	958.8136	5.0969	3
156.2	18.3433	958.1205	5.089	3
156.3	18.3401	957.216	5.0902	3
156.4	18.3368	956.4251	5.0928	3
156.5	18.3342	955.4629	5.093	3
156.6	18.3314	954.7345	5.0925	3
156.7	18.3286	953.9647	5.0976	3
156.8	18.3253	953.0699	5.0911	3
156.9	18.3219	952.3677	5.0936	3
157	18.3185	951.4415	5.1123	3
157.1	18.3153	950.5989	5.1054	3
157.2	18.3126	949.5821	5.1004	3
157.3	18.3102	948.7022	5.0905	3
157.4	18.3079	947.9518	5.0907	3
157.5	18.3052	947.1204	5.0975	3
157.6	18.3024	946.3481	5.1024	3
157.7	18.2993	945.5523	5.1088	3
157.8	18.2962	944.7297	5.1169	3
157.9	18.2933	943.7617	5.1033	3
158	18.2905	943.0319	5.0952	3
158.1	18.2875	942.2394	5.1087	3
158.2	18.2847	941.3327	5.0968	3
158.3	18.2822	940.421	5.0859	3
158.4	18.2801	939.547	5.0945	3
158.5	18.2781	938.5375	5.0967	3
158.6	18.2765	937.6992	5.0845	3
158.7	18.275	936.912	5.0738	3
158.8	18.2731	936.1919	5.0763	3
158.9	18.271	935.3565	5.0777	3
159	18.2686	934.5316	5.0904	3
159.1	18.2664	933.7609	5.0946	3
159.2	18.264	932.9147	5.0957	3
159.3	18.2611	932.231	5.0885	3
159.4	18.2581	931.4072	5.0949	3
159.5	18.2551	930.592	5.1001	3
159.6	18.2519	929.6975	5.1017	3
159.7	18.2486	928.8859	5.1113	3
159.8	18.2453	928.136	5.1122	3
159.9	18.2422	927.22	5.0982	3
160	18.2391	926.4199	5.0967	3
160.1	18.236	925.5977	5.1103	3
160.2	18.2328	924.6499	5.1155	3
160.3	18.23	923.8093	5.115	3
160.4	18.2274	922.9625	5.1119	3
160.5	18.2247	922.2224	5.1137	3
160.6	18.2217	921.3226	5.1069	3
160.7	18.2187	920.5331	5.0993	3
160.8	18.2155	919.8497	5.1093	3
160.9	18.2117	919.1638	5.1255	3
161	18.2078	918.2688	5.1319	3
161.1	18.2039	917.3398	5.1258	3
161.2	18.2	916.5801	5.1266	3
161.3	18.196	915.8207	5.1202	3
161.4	18.1916	914.9056	5.1099	3
161.5	18.1875	914.1055	5.1083	3
161.6	18.184	913.1095	5.1154	3
161.7	18.1802	912.4166	5.1187	3
161.8	18.1766	911.6047	5.1308	3
161.9	18.1729	910.6122	5.1359	3
162	18.1694	909.7968	5.123	3
162.1	18.1663	908.9381	5.1131	3
162.2	18.1624	908.2485	5.1148	3
162.3	18.1587	907.4382	5.1143	3
162.4	18.1547	906.4281	5.1165	3
162.5	18.1509	905.7732	5.1086	3
162.6	18.1474	904.8036	5.0979	3
162.7	18.1435	904.084	5.0958	3
162.8	18.1399	903.2699	5.1059	3
162.9	18.1361	902.2044	5.1034	3
163	18.1323	901.7013	5.095	3
163.1	18.1284	900.7147	5.095	3
163.2	18.1239	899.9052	5.0959	3
163.3	18.1201	899.1644	5.1034	3
163.4	18.116	898.123	5.1106	3
163.5	18.1117	897.5565	5.1037	3
163.6	18.108	896.5572	5.0993	3
163.7	18.1033	895.7696	5.1093	3
163.8	18.0992	895.1201	5.1086	3
163.9	18.0947	894.002	5.1043	3
164	18.0901	893.4339	5.0971	3
164.1	18.0866	892.3023	5.0912	3
164.2	18.0825	891.4687	5.0874	3
164.3	18.0787	890.9635	5.0928	3
164.4	18.0743	889.7586	5.0961	3
164.5	18.07	889.2787	5.0812	3
164.6	18.0667	888.1505	5.0855	3
164.7	18.0624	887.2977	5.1092	3
164.8	18.059	886.7516	5.1194	3
164.9	18.0548	885.5466	5.11	3
165	18.0502	885.2158	5.103	3
165.1	18.0464	884.0413	5.1213	3
165.2	18.0417	883.204	5.121	3
165.3	18.0378	882.6003	5.1122	3
165.4	18.0335	881.4855	5.0977	3
165.5	18.0291	880.9133	5.1064	3
165.6	18.025	879.9508	5.1183	3
165.7	18.0206	879.0215	5.1068	3
165.8	18.0167	878.3554	5.1031	3
165.9	18.013	877.3336	5.1091	3
166	18.0089	876.5812	5.1068	3
166.1	18.0048	875.7942	5.1172	3
166.2	18.0007	874.8852	5.1252	3
166.3	17.9968	873.9799	5.1212	3
166.4	17.9932	873.2137	5.1137	3
166.5	17.9897	872.2336	5.1137	3
166.6	17.9858	871.5584	5.1205	3
166.7	17.9828	870.5799	5.1336	3
166.8	17.9791	869.6328	5.1302	3
166.9	17.976	869.0539	5.1225	3
167	17.9728	867.886	5.1157	3
167.1	17.9692	867.3955	5.1151	3
167.2	17.9659	866.5702	5.1082	3
167.3	17.9617	865.559	5.1058	3
167.4	17.9582	865.0463	5.1101	3
167.5	17.9543	863.8693	5.1255	3
167.6	17.9499	863.4095	5.1248	3
167.7	17.9462	862.4854	5.1158	3
167.8	17.9414	861.5267	5.1199	3
167.9	17.9371	861.0991	5.1276	3
168	17.9327	859.8533	5.1326	3
168.1	17.9279	859.2686	5.1325	3
168.2	17.9239	858.3398	5.1405	3
168.3	17.9188	857.4377	5.1355	3
168.4	17.9141	857.048	5.1342	3
168.5	17.9092	855.7999	5.1276	3
168.6	17.9038	855.191	5.1281	3
168.7	17.8994	854.3106	5.1277	3
168.8	17.894	853.3509	5.1318	3
168.9	17.8889	852.9026	5.1418	3
169	17.8836	851.6674	5.122	3
169.1	17.8779	851.1004	5.0974	3
169.2	17.8731	850.2865	5.1024	3
169.3	17.8674	849.2847	5.1167	3
169.4	17.862	848.6395	5.1333	3
169.5	17.8568	847.5724	5.1271	3
169.6	17.8514	846.7929	5.1208	3
169.7	17.8467	845.918	5.112	3
169.8	17.8419	844.9718	5.114	3
169.9	17.8369	844.3909	5.1251	3
170	17.8321	843.3292	5.1267	3
170.1	17.8273	842.4882	5.1262	3
170.2	17.8229	841.7857	5.1292	3
170.3	17.8181	840.8584	5.1241	3
170.4	17.8133	840.0527	5.1314	3
170.5	17.8092	839.1502	5.1263	3
170.6	17.8048	838.3206	5.1263	3
170.7	17.8	837.5766	5.1291	3
170.8	17.7951	836.7354	5.1278	3
170.9	17.7901	835.7969	5.142	3
171	17.7853	835.1516	5.1354	3
171.1	17.7803	834.2568	5.1327	3
171.2	17.775	833.5508	5.128	3
171.3	17.7703	832.5939	5.1186	3
171.4	17.7651	831.7542	5.1171	3
171.5	17.7601	831.0223	5.1076	3
171.6	17.7549	830.0582	5.106	3
171.7	17.7499	829.4322	5.1136	3
171.8	17.7447	828.5588	5.1015	3
171.9	17.7391	827.6412	5.1013	3
172	17.7342	826.8029	5.1197	3
172.1	17.7295	825.7562	5.1166	3
172.2	17.7249	825.0393	5.1103	3
172.3	17.7203	824.2115	5.1132	3
172.4	17.7155	823.3754	5.1092	3
172.5	17.7109	822.5793	5.1132	3
172.6	17.7062	821.7057	5.1049	3
172.7	17.7012	820.8389	5.1039	3
172.8	17.6967	820.0521	5.1069	3
172.9	17.6921	819.1273	5.1067	3
173	17.6874	818.3621	5.0999	3
173.1	17.6827	817.5972	5.1046	3
173.2	17.6781	816.7189	5.1091	3
173.3	17.6734	815.8683	5.0962	3
173.4	17.6684	815.1561	5.0795	3
173.5	17.6634	814.2954	5.073	3
173.6	17.6585	813.3297	5.0789	3
173.7	17.654	812.5555	5.0861	3
173.8	17.6493	811.7609	5.0905	3
173.9	17.6444	810.9298	5.0925	3
174	17.6397	810.0537	5.102	3
174.1	17.635	809.2141	5.1115	3
174.2	17.6298	808.4191	5.1015	3
174.3	17.6246	807.657	5.0933	3
174.4	17.6196	806.7527	5.1024	3
174.5	17.6146	806.0078	5.115	3
174.6	17.6097	805.1265	5.1137	3
174.7	17.6047	804.176	5.1119	3
174.8	17.6001	803.4162	5.107	3
174.9	17.5956	802.4898	5.1096	3
175	17.591	801.6795	5.116	3
175.1	17.5866	800.8108	5.1025	3
175.2	17.5821	799.979	5.0937	3
175.3	17.5778	799.182	5.1036	3
175.4	17.5735	798.2946	5.1053	3
175.5	17.5691	797.4462	5.1039	3
175.6	17.5646	796.5979	5.1106	3
175.7	17.5603	795.8435	5.1093	3
175.8	17.5558	794.9618	5.0966	3
175.9	17.5515	794.1763	5.0963	3
176	17.5472	793.2325	5.0912	3
176.1	17.5428	792.5185	5.0898	3
176.2	17.5388	791.7223	5.0936	3
176.3	17.5349	790.8199	5.0962	3
176.4	17.5307	790.0333	5.1028	3
176.5	17.5262	789.1287	5.1146	3
176.6	17.5216	788.3586	5.1104	3
176.7	17.5172	787.5027	5.1019	3
176.8	17.5126	786.7246	5.1056	3
176.9	17.5079	785.8946	5.1187	3
177	17.5029	785.0975	5.1232	3
177.1	17.498	784.2408	5.123	3
177.2	17.4931	783.4205	5.1093	3
177.3	17.4882	782.6141	5.1006	3
177.4	17.4831	781.755	5.0903	3
177.5	17.4781	780.9785	5.0855	3
177.6	17.473	780.0987	5.0906	3
177.7	17.468	779.2346	5.1	3
177.8	17.4634	778.3757	5.1201	3
177.9	17.4587	777.5424	5.1327	3
178	17.4539	776.7863	5.1325	3
178.1	17.4489	775.9559	5.1296	3
178.2	17.4439	775.0858	5.1271	3
178.3	17.4389	774.2038	5.1155	3
178.4	17.434	773.4495	5.1206	3
178.5	17.4292	772.5881	5.1255	3
178.6	17.4243	771.768	5.1187	3
178.7	17.4192	770.9852	5.1164	3
178.8	17.4139	770.215	5.1188	3
178.9	17.4084	769.4259	5.1183	3
179	17.4027	768.5964	5.1117	3
179.1	17.397	767.8436	5.1229	3
179.2	17.3909	767.0314	5.1238	3
179.3	17.3848	766.1047	5.127	3
179.4	17.3792	765.2554	5.129	3
179.5	17.3737	764.4233	5.118	3
179.6	17.3681	763.5753	5.1096	3
179.7	17.3624	762.7275	5.1183	3
179.8	17.3566	761.8958	5.1276	3
179.9	17.351	761.1105	5.1418	3
180	17.3452	760.2638	5.1302	3
180.1	17.3395	759.4739	5.1224	3
180.2	17.3338	758.5774	5.1259	3
180.3	17.3283	757.7548	5.1132	3
180.4	17.3228	756.909	5.1155	3
180.5	17.317	756.0051	5.1227	3
180.6	17.3116	755.1685	5.1249	3
180.7	17.3065	754.3043	5.1248	3
180.8	17.3012	753.5398	5.1369	3
180.9	17.296	752.5656	5.1544	3
181	17.2911	751.7253	5.1477	3
181.1	17.2862	750.9733	5.1326	3
181.2	17.2809	750.1144	5.1304	3
181.3	17.2756	749.3137	5.1195	3
181.4	17.2703	748.4347	5.1156	3
181.5	17.2649	747.7267	5.1233	3
181.6	17.2596	746.8144	5.1302	3
181.7	17.2545	745.9784	5.1382	3
181.8	17.2496	745.0787	5.1408	3
181.9	17.2446	744.2954	5.1372	3
182	17.2395	743.4979	5.1269	3
182.1	17.2345	742.6472	5.1279	3
182.2	17.2294	741.8258	5.128	3
182.3	17.2242	740.9522	5.1251	3
182.4	17.2189	740.0431	5.1138	3
182.5	17.2137	739.2956	5.1115	3
182.6	17.2085	738.4411	5.1263	3
182.7	17.2034	737.6908	5.1377	3
182.8	17.1985	736.7932	5.1382	3
182.9	17.1935	735.9029	5.1266	3
183	17.1885	735.1544	5.1244	3
183.1	17.1832	734.3215	5.1326	3
183.2	17.1778	733.5841	5.1346	3
183.3	17.1727	732.5924	5.1462	3
183.4	17.1672	731.8268	5.1505	3
183.5	17.1619	731.0431	5.137	3
183.6	17.1565	730.1743	5.1375	3
183.7	17.151	729.4002	5.138	3
183.8	17.1453	728.6799	5.1263	3
183.9	17.1391	727.8192	5.1219	3
184	17.1331	726.9318	5.1286	3
184.1	17.1274	726.0954	5.1323	3
184.2	17.1218	725.307	5.1422	3
184.3	17.1158	724.4722	5.1303	3
184.4	17.11	723.6258	5.1219	3
184.5	17.1043	722.725	5.1365	3
184.6	17.0986	721.9412	5.149	3
184.7	17.0931	721.0579	5.1478	3
184.8	17.0874	720.2601	5.1495	3
184.9	17.0821	719.3093	5.1457	3
185	17.0769	718.4159	5.1415	3
185.1	17.0717	717.706	5.1435	3
185.2	17.0662	716.8638	5.1372	3
185.3	17.0608	716.0412	5.1225	3
185.4	17.0556	715.1577	5.1357	3
185.5	17.0502	714.3616	5.1503	3
185.6	17.0447	713.5281	5.1536	3
185.7	17.039	712.7451	5.1476	3
185.8	17.0334	711.9467	5.1398	3
185.9	17.0276	711.035	5.1297	3
186	17.0219	710.1849	5.1266	3
186.1	17.0164	709.3161	5.1327	3
186.2	17.0111	708.508	5.1307	3
186.3	17.0058	707.7119	5.1272	3
186.4	17.0004	706.7936	5.1122	3
186.5	16.995	705.9897	5.1078	3
186.6	16.9895	705.227	5.1403	3
186.7	16.984	704.4454	5.158	3
186.8	16.9781	703.65	5.1517	3
186.9	16.9721	702.8495	5.1438	3
187	16.966	701.9843	5.1284	3
187.1	16.9599	701.1282	5.1303	3
187.2	16.954	700.3057	5.1314	3
187.3	16.9482	699.4929	5.1364	3
187.4	16.9424	698.6042	5.1246	3
187.5	16.9365	697.7034	5.1265	3
187.6	16.9306	696.9681	5.146	3
187.7	16.9247	696.0774	5.1618	3
187.8	16.919	695.3818	5.1644	3
187.9	16.913	694.5014	5.1455	3
188	16.907	693.5813	5.1352	3
188.1	16.9013	692.7702	5.1449	3
188.2	16.8958	691.8809	5.143	3
188.3	16.8902	691.0451	5.1445	3
188.4	16.8845	690.226	5.1347	3
188.5	16.8788	689.4608	5.1258	3
188.6	16.873	688.5592	5.1317	3
188.7	16.8672	687.6114	5.1318	3
188.8	16.8618	686.8925	5.1323	3
188.9	16.8563	686.0405	5.1235	3
189	16.8507	685.2476	5.1185	3
189.1	16.8451	684.3582	5.1249	3
189.2	16.8393	683.6323	5.1202	3
189.3	16.8339	682.6971	5.1061	3
189.4	16.8285	681.7525	5.0988	3
189.5	16.8235	681.0573	5.1014	3
189.6	16.8182	680.0107	5.1156	3
189.7	16.8131	679.2772	5.1225	3
189.8	16.8083	678.4357	5.1264	3
189.9	16.803	677.6603	5.1186	3
190	16.7977	676.7429	5.102	3
190.1	16.7925	675.9881	5.0926	3
190.2	16.7873	675.076	5.0933	3
190.3	16.7823	674.1988	5.098	3
190.4	16.7778	673.4181	5.1048	3
190.5	16.7728	672.5582	5.1065	3
190.6	16.7679	671.7829	5.1148	3
190.7	16.7626	670.9334	5.1182	3
190.8	16.7571	670.2342	5.1154	3
190.9	16.7517	669.3311	5.1299	3
191	16.7463	668.5106	5.1191	3
191.1	16.7408	667.7566	5.1058	3
191.2	16.735	666.9296	5.0999	3
191.3	16.7292	666.0804	5.1005	3
191.4	16.7238	665.1355	5.1041	3
191.5	16.7187	664.1883	5.1024	3
191.6	16.7139	663.3522	5.0937	3
191.7	16.7093	662.5429	5.0996	3
191.8	16.7047	661.6777	5.1125	3
191.9	16.6998	660.9694	5.1025	3
192	16.695	660.0376	5.1035	3
192.1	16.6902	659.2627	5.1192	3
192.2	16.6854	658.3584	5.1056	3
192.3	16.6807	657.4721	5.0916	3
192.4	16.6762	656.7041	5.0959	3
192.5	16.6715	655.8297	5.1113	3
192.6	16.6669	655.0709	5.1279	3
192.7	16.662	654.2232	5.1375	3
192.8	16.657	653.4011	5.1415	3
192.9	16.6521	652.6308	5.1281	3
193	16.647	651.7312	5.1297	3
193.1	16.6422	650.8457	5.1403	3
193.2	16.6373	650.1367	5.1304	3
193.3	16.6322	649.2249	5.1218	3
193.4	16.6274	648.477	5.1211	3
193.5	16.6225	647.5555	5.1392	3
193.6	16.6175	646.698	5.142	3
193.7	16.6129	645.8849	5.1342	3
193.8	16.6082	644.971	5.1276	3
193.9	16.6032	644.2961	5.1243	3
194	16.5982	643.4556	5.1192	3
194.1	16.593	642.605	5.123	3
194.2	16.5876	641.9215	5.1247	3
194.3	16.582	641.0636	5.127	3
194.4	16.5763	640.2211	5.1281	3
194.5	16.5707	639.414	5.1198	3
194.6	16.5649	638.5861	5.1219	3
194.7	16.5589	637.856	5.1282	3
194.8	16.5529	637.0248	5.1318	3
194.9	16.5468	636.1704	5.1273	3
195	16.5409	635.2792	5.1129	3
195.1	16.5349	634.4024	5.1033	3
195.2	16.5293	633.5289	5.1047	3
195.3	16.5238	632.7354	5.1079	3
195.4	16.5183	631.9815	5.1062	3
195.5	16.5127	631.0989	5.0997	3
195.6	16.5068	630.2326	5.0959	3
195.7	16.5012	629.4405	5.1012	3
195.8	16.4951	628.6696	5.1098	3
195.9	16.4889	627.8552	5.1042	3
196	16.4829	626.9329	5.1088	3
196.1	16.4771	626.1846	5.111	3
196.2	16.4711	625.2329	5.1138	3
196.3	16.4652	624.4779	5.122	3
196.4	16.4595	623.5756	5.1066	3
196.5	16.4539	622.7258	5.1011	3
196.6	16.4484	621.8428	5.0984	3
196.7	16.4428	621.048	5.1023	3
196.8	16.4373	620.2334	5.1016	3
196.9	16.4315	619.3295	5.1031	3
197	16.4259	618.5771	5.0965	3
197.1	16.4202	617.7695	5.0909	3
197.2	16.4144	616.9911	5.0854	3
197.3	16.4088	616.0458	5.0933	3
197.4	16.4033	615.2038	5.1063	3
197.5	16.3975	614.4485	5.1086	3
197.6	16.3918	613.5909	5.1056	3
197.7	16.3861	612.6672	5.1102	3
197.8	16.3806	611.8934	5.1203	3
197.9	16.3749	611.1157	5.112	3
198	16.3691	610.2509	5.1064	3
198.1	16.3636	609.3879	5.1137	3
198.2	16.3579	608.5018	5.0982	3
198.3	16.3522	607.7317	5.0834	3
198.4	16.3463	606.906	5.0924	3
198.5	16.3405	606.139	5.1023	3
198.6	16.3347	605.3573	5.1011	3
198.7	16.3285	604.5385	5.1055	3
198.8	16.3222	603.7011	5.1171	3
198.9	16.316	602.7816	5.111	3
199	16.3099	602.007	5.1074	3
199.1	16.304	601.2065	5.109	3
199.2	16.2979	600.3618	5.11	3
199.3	16.2916	599.4706	5.1037	3
199.4	16.2853	598.6345	5.1124	3
199.5	16.2792	597.8979	5.1299	3
199.6	16.273	597.0242	5.1223	3
199.7	16.2663	596.28	5.1185	3
199.8	16.2597	595.4247	5.1058	3
199.9	16.2534	594.5119	5.0963	3
200	16.2474	593.614	5.094	3
200.1	16.2413	592.7578	5.0994	3
200.2	16.2352	591.98	5.0944	3
200.3	16.2292	591.2085	5.0984	3
200.4	16.2228	590.433	5.1099	3
200.5	16.2164	589.5799	5.1119	3
200.6	16.2097	588.7387	5.1219	3
200.7	16.2031	587.9148	5.1272	3
200.8	16.1966	587.0665	5.1246	3
200.9	16.1901	586.2676	5.1282	3
201	16.1839	585.3226	5.1291	3
201.1	16.1778	584.5208	5.1297	3
201.2	16.1713	583.7546	5.1213	3
201.3	16.1648	582.8598	5.118	3
201.4	16.1585	581.9857	5.1186	3
201.5	16.1525	581.1446	5.1215	3
201.6	16.1465	580.2779	5.1296	3
201.7	16.1404	579.5166	5.1394	3
201.8	16.1344	578.6061	5.142	3
201.9	16.1286	577.7404	5.1463	3
202	16.1228	576.8699	5.1407	3
202.1	16.1171	576.1119	5.1416	3
202.2	16.1114	575.2195	5.1349	3
202.3	16.1057	574.4601	5.1272	3
202.4	16.0998	573.6265	5.1291	3
202.5	16.0937	572.8377	5.1348	3
202.6	16.0874	572.0826	5.1364	3
202.7	16.0809	571.2334	5.1439	3
202.8	16.0743	570.4114	5.142	3
202.9	16.0679	569.5755	5.1376	3
203	16.0613	568.7571	5.1519	3
203.1	16.0548	567.9661	5.1483	3
203.2	16.0482	567.1186	5.132	3
203.3	16.0417	566.2204	5.1293	3
203.4	16.0354	565.3634	5.1161	3
203.5	16.029	564.5221	5.1148	3
203.6	16.0226	563.6965	5.1237	3
203.7	16.0161	562.901	5.1206	3
203.8	16.0096	562.0722	5.1232	3
203.9	16.0031	561.1888	5.1215	3
204	15.9965	560.4394	5.1212	3
204.1	15.99	559.5463	5.111	3
204.2	15.9834	558.738	5.0908	3
204.3	15.977	557.9165	5.1015	3
204.4	15.9703	557.115	5.1129	3
204.5	15.9635	556.3113	5.1068	3
204.6	15.9569	555.4355	5.1075	3
204.7	15.9503	554.5975	5.1049	3
204.8	15.9437	553.7549	5.1091	3
204.9	15.937	552.9255	5.1107	3
205	15.9305	552.078	5.0989	3
205.1	15.9241	551.1437	5.0907	3
205.2	15.9179	550.3211	5.0975	3
205.3	15.9118	549.5187	5.1	3
205.4	15.9056	548.6432	5.0934	3
205.5	15.8996	547.8235	5.0943	3
205.6	15.8935	547.0095	5.0918	3
205.7	15.8871	546.1963	5.0795	3
205.8	15.8808	545.3643	5.0861	3
205.9	15.8748	544.4934	5.0998	3
206	15.8686	543.6941	5.1011	3
206.1	15.8624	542.8235	5.1093	3
206.2	15.8561	542.0162	5.1144	3
206.3	15.8497	541.213	5.1103	3
206.4	15.8431	540.4526	5.1035	3
206.5	15.8365	539.5809	5.0978	3
206.6	15.8299	538.7363	5.0936	3
206.7	15.8235	537.9189	5.1005	3
206.8	15.8169	537.0569	5.1011	3
206.9	15.8104	536.3275	5.1039	3
207	15.8039	535.3565	5.1081	3
207.1	15.7973	534.6003	5.1029	3
207.2	15.7907	533.7641	5.098	3
207.3	15.7841	532.9001	5.1013	3
207.4	15.7776	532.0613	5.102	3
207.5	15.7709	531.3228	5.1058	3
207.6	15.7639	530.4952	5.1022	3
207.7	15.7571	529.5668	5.0976	3
207.8	15.7506	528.7464	5.0934	3
207.9	15.744	527.9872	5.0997	3
208	15.7369	527.1641	5.1044	3
208.1	15.7299	526.2576	5.1091	3
208.2	15.7234	525.4576	5.1067	3
208.3	15.7167	524.63	5.1018	3
208.4	15.7096	523.798	5.1074	3
208.5	15.7028	522.9412	5.1186	3
208.6	15.6961	522.1793	5.1239	3
208.7	15.689	521.4052	5.1128	3
208.8	15.6818	520.5012	5.1039	3
208.9	15.6749	519.5827	5.1072	3
209	15.6682	518.8216	5.1032	3
209.1	15.6613	518.0803	5.1035	3
209.2	15.654	517.2548	5.0967	3
209.3	15.6467	516.3316	5.0933	3
209.4	15.6396	515.5969	5.0922	3
209.5	15.6323	514.7593	5.0961	3
209.6	15.6252	513.8593	5.1014	3
209.7	15.6182	512.9155	5.0909	3
209.8	15.6115	512.0967	5.0968	3
209.9	15.6046	511.2672	5.1123	3
210	15.5976	510.5076	5.0991	3
210.1	15.5909	509.6003	5.0861	3
210.2	15.5844	508.7339	5.1021	3
210.3	15.5781	507.8422	5.1093	3
210.4	15.5721	506.8437	5.1056	3
210.5	15.5665	505.9657	5.1039	3
210.6	15.561	505.2137	5.1103	3
210.7	15.5553	504.4158	5.0987	3
210.8	15.5495	503.5256	5.0975	3
210.9	15.5438	502.8183	5.1099	3
211	15.5376	501.9344	5.0947	3
211.1	15.5315	501.0866	5.0804	3
211.2	15.5259	500.213	5.0844	3
211.3	15.5199	499.4618	5.088	3
211.4	15.5139	498.6567	5.087	3
211.5	15.508	497.7887	5.0986	3
211.6	15.5019	496.8523	5.1147	3
211.7	15.496	496.0287	5.1122	3
211.8	15.4905	495.154	5.1076	3
211.9	15.4852	494.3546	5.1069	3
212	15.4797	493.5369	5.0956	3
212.1	15.4741	492.6939	5.0978	3
212.2	15.4684	491.886	5.0982	3
212.3	15.4627	491.0061	5.0977	3
212.4	15.4572	490.1534	5.0992	3
212.5	15.4518	489.4862	5.0985	3
212.6	15.4457	488.6005	5.1044	3
212.7	15.4397	487.8406	5.1046	3
212.8	15.4339	486.9157	5.097	3
212.9	15.4279	486.1682	5.0903	3
213	15.4215	485.3868	5.0954	3
213.1	15.4151	484.4355	5.0998	3
213.2	15.4091	483.6853	5.0986	3
213.3	15.4036	482.706	5.1083	3
213.4	15.3977	481.9548	5.1091	3
213.5	15.392	481.0178	5.1173	3
213.6	15.3865	480.2007	5.1211	3
213.7	15.381	479.3546	5.1023	3
213.8	15.3755	478.5631	5.0918	3
213.9	15.37	477.732	5.0996	3
214	15.3643	476.9116	5.0909	3
214.1	15.3584	476.122	5.0802	3
214.2	15.3521	475.3699	5.0888	3
214.3	15.3456	474.6394	5.0974	3
214.4	15.3386	473.8224	5.095	3
214.5	15.3317	472.9634	5.0866	3
214.6	15.3248	472.2105	5.1053	3
214.7	15.3177	471.3154	5.1142	3
214.8	15.3107	470.5655	5.0952	3
214.9	15.3034	469.7541	5.0829	3
215	15.2961	468.8951	5.0697	3
215.1	15.2887	468.1402	5.0634	3
215.2	15.281	467.4243	5.0708	3
215.3	15.2729	466.5406	5.0776	3
215.4	15.2652	465.6459	5.0826	3
215.5	15.2575	464.8412	5.0905	3
215.6	15.2494	464.11	5.1044	3
215.7	15.2412	463.2158	5.103	3
215.8	15.2334	462.2442	5.0895	3
215.9	15.2261	461.5128	5.0911	3
216	15.2183	460.6627	5.0835	3
216.1	15.2103	459.8851	5.0756	3
216.2	15.2027	458.9197	5.0789	3
216.3	15.1951	458.0599	5.0959	3
216.4	15.1875	457.4374	5.0762	3
216.5	15.1793	456.551	5.0682	3
216.6	15.1717	455.5962	5.0794	3
216.7	15.1644	454.7774	5.096	3
216.8	15.1568	453.9537	5.106	3
216.9	15.149	453.1897	5.0948	3
217	15.1413	452.3382	5.0944	3
217.1	15.1337	451.5105	5.0959	3
217.2	15.1259	450.6586	5.0856	3
217.3	15.1179	449.8769	5.0865	3
217.4	15.1097	449.0226	5.0824	3
217.5	15.1017	448.1643	5.0685	3
217.6	15.0936	447.4367	5.0735	3
217.7	15.0852	446.6539	5.0815	3
217.8	15.0768	445.7509	5.0837	3
217.9	15.0688	444.8466	5.0947	3
218	15.0608	444.1101	5.0949	3
218.1	15.0528	443.2182	5.102	3
218.2	15.0448	442.4217	5.0966	3
218.3	15.0369	441.5182	5.093	3
218.4	15.0287	440.7365	5.0983	3
218.5	15.0207	439.8472	5.0849	3
218.6	15.0125	439.0694	5.0904	3
218.7	15.0042	438.2589	5.0975	3
218.8	14.9957	437.4927	5.096	3
218.9	14.9875	436.5738	5.1027	3
219	14.9794	435.74	5.1048	3
219.1	14.9709	434.9666	5.113	3
219.2	14.9623	434.0849	5.117	3
219.3	14.954	433.2774	5.1252	3
219.4	14.946	432.4256	5.1129	3
219.5	14.9377	431.5481	5.094	3
219.6	14.9294	430.7975	5.1043	3
219.7	14.9211	429.8983	5.1085	3
219.8	14.913	429.0266	5.1014	3
219.9	14.9049	428.2245	5.0993	3
220	14.8967	427.3627	5.1121	3
220.1	14.8887	426.573	5.1133	3
220.2	14.8807	425.7549	5.1143	3
220.3	14.8724	424.8724	5.103	3
220.4	14.8643	424.0522	5.0969	3
220.5	14.8562	423.0918	5.0969	3
220.6	14.8485	422.26	5.1003	3
220.7	14.8408	421.5606	5.0973	3
220.8	14.833	420.589	5.0937	3
220.9	14.8252	419.8394	5.0908	3
221	14.8177	418.9255	5.1096	3
221.1	14.8099	418.1524	5.1133	3
221.2	14.8022	417.3193	5.1114	3
221.3	14.7943	416.4649	5.1023	3
221.4	14.7866	415.6482	5.0984	3
221.5	14.7787	414.7915	5.0929	3
221.6	14.7709	413.9721	5.0946	3
221.7	14.7632	413.166	5.0857	3
221.8	14.7553	412.3372	5.0695	3
221.9	14.7472	411.5797	5.0649	3
222	14.7391	410.6461	5.0689	3
222.1	14.7312	409.8238	5.069	3
222.2	14.7234	409.0282	5.0554	3
222.3	14.7155	408.178	5.0569	3
222.4	14.7074	407.353	5.0596	3
222.5	14.6994	406.5548	5.0628	3
222.6	14.6915	405.6219	5.0651	3
222.7	14.6838	404.8065	5.0639	3
222.8	14.6764	403.8854	5.0639	3
222.9	14.669	403.0651	5.0596	3
223	14.6616	402.2126	5.0644	3
223.1	14.654	401.3371	5.0574	3
223.2	14.6466	400.6224	5.0532	3
223.3	14.639	399.7571	5.0568	3
223.4	14.6313	399.0017	5.0652	3
223.5	14.6238	398.0962	5.0599	3
223.6	14.6161	397.2853	5.0508	3
223.7	14.6085	396.5036	5.0688	3
223.8	14.6006	395.6781	5.0679	3
223.9	14.5929	394.739	5.069	3
224	14.5854	393.9269	5.0745	3
224.1	14.5779	393.0937	5.0576	3
224.2	14.5702	392.3218	5.0686	3
224.3	14.5626	391.4525	5.0774	3
224.4	14.5548	390.5429	5.0701	3
224.5	14.5471	389.8557	5.0656	3
224.6	14.5394	388.9526	5.0619	3
224.7	14.5316	388.1211	5.0616	3
224.8	14.5239	387.338	5.0575	3
224.9	14.516	386.5591	5.0691	3
225	14.508	385.7386	5.0763	3
225.1	14.4999	384.8757	5.0803	3
225.2	14.492	384.0738	5.0793	3
225.3	14.484	383.1643	5.0758	3
225.4	14.476	382.3803	5.0698	3
225.5	14.468	381.5044	5.0612	3
225.6	14.4599	380.714	5.0651	3
225.7	14.4518	379.9319	5.0611	3
225.8	14.4434	379.0344	5.0669	3
225.9	14.4353	378.2228	5.0755	3
226	14.4274	377.4173	5.0695	3
226.1	14.4189	376.6406	5.0713	3
226.2	14.4104	375.7467	5.0809	3
226.3	14.4022	374.9232	5.0883	3
226.4	14.3936	374.0807	5.0703	3
226.5	14.3854	373.3003	5.0618	3
226.6	14.3772	372.394	5.0747	3
226.7	14.3688	371.6575	5.086	3
226.8	14.3604	370.7442	5.0785	3
226.9	14.3521	369.9219	5.0743	3
227	14.3441	369.0535	5.074	3
227.1	14.3358	368.2171	5.0751	3
227.2	14.3275	367.4346	5.0821	3
227.3	14.3193	366.5416	5.0864	3
227.4	14.3113	365.7061	5.0733	3
227.5	14.3034	364.7978	5.0679	3
227.6	14.2956	364.0031	5.0745	3
227.7	14.2879	363.1173	5.0737	3
227.8	14.2804	362.2601	5.0589	3
227.9	14.2728	361.4288	5.051	3
228	14.2651	360.564	5.0592	3
228.1	14.2577	359.7452	5.0717	3
228.2	14.2504	358.9199	5.0758	3
228.3	14.2428	358.1042	5.0728	3
228.4	14.2351	357.286	5.0883	3
228.5	14.2272	356.3736	5.088	3
228.6	14.2198	355.5906	5.0892	3
228.7	14.2124	354.7058	5.097	3
228.8	14.2047	353.9855	5.0889	3
228.9	14.197	353.1214	5.0885	3
229	14.1892	352.2581	5.1067	3
229.1	14.1816	351.4887	5.1063	3
229.2	14.1737	350.642	5.0977	3
229.3	14.1657	349.8479	5.0963	3
229.4	14.1577	349.0926	5.0936	3
229.5	14.1494	348.2636	5.0917	3
229.6	14.141	347.4667	5.0878	3
229.7	14.1326	346.5981	5.0878	3
229.8	14.1243	345.7461	5.0843	3
229.9	14.1158	344.9709	5.08	3
230	14.1073	344.1201	5.089	3
230.1	14.0991	343.2343	5.0876	3
230.2	14.091	342.3292	5.0895	3
230.3	14.0829	341.6134	5.0954	3
230.4	14.0744	340.7933	5.095	3
230.5	14.066	339.9485	5.0978	3
230.6	14.0576	339.1738	5.1014	3
230.7	14.0489	338.3156	5.0964	3
230.8	14.0404	337.3888	5.0885	3
230.9	14.0325	336.4911	5.0867	3
231	14.0247	335.6449	5.0853	3
231.1	14.017	334.792	5.0779	3
231.2	14.0096	333.8303	5.0744	3
231.3	14.0025	332.9949	5.0699	3
231.4	13.9955	332.2027	5.0725	3
231.5	13.988	331.3289	5.0861	3
231.6	13.9807	330.4528	5.0911	3
231.7	13.9738	329.6149	5.0732	3
231.8	13.9665	328.9198	5.0697	3
231.9	13.9589	328.0547	5.0604	3
232	13.9516	327.2394	5.0751	3
232.1	13.9443	326.4259	5.0755	3
232.2	13.9366	325.5464	5.0614	3
232.3	13.9289	324.8185	5.0629	3
232.4	13.9214	323.8817	5.0801	3
232.5	13.9139	323.1512	5.0974	3
232.6	13.9066	322.229	5.0886	3
232.7	13.8992	321.3136	5.0904	3
232.8	13.8919	320.5759	5.1002	3
232.9	13.8846	319.7041	5.1069	3
233	13.877	318.9224	5.1005	3
233.1	13.8696	318.0904	5.0941	3
233.2	13.8623	317.1281	5.0902	3
233.3	13.8549	316.4161	5.0791	3
233.4	13.8474	315.5689	5.0845	3
233.5	13.8398	314.768	5.0862	3
233.6	13.8326	313.8715	5.0835	3
233.7	13.8254	313.0535	5.0938	3
233.8	13.8179	312.2853	5.0971	3
233.9	13.8102	311.4959	5.0839	3
234	13.8024	310.6183	5.0879	3
234.1	13.7946	309.8222	5.0951	3
234.2	13.787	308.9767	5.0964	3
234.3	13.7789	308.1775	5.0931	3
234.4	13.7709	307.3188	5.0892	3
234.5	13.763	306.4687	5.0911	3
234.6	13.7549	305.8029	5.1029	3
234.7	13.747	304.8109	5.1023	3
234.8	13.739	303.9681	5.0849	3
234.9	13.731	303.1875	5.078	3
235	13.7226	302.3924	5.0724	3
235.1	13.7142	301.6736	5.0674	3
235.2	13.7058	300.7611	5.079	3
235.3	13.6973	299.9927	5.1016	3
235.4	13.689	299.0729	5.1093	3
235.5	13.6804	298.2925	5.1053	3
235.6	13.6722	297.4439	5.1186	3
235.7	13.664	296.5412	5.1112	3
235.8	13.6558	295.7372	5.0999	3
235.9	13.6476	294.8562	5.1034	3
236	13.6392	294.1154	5.0995	3
236.1	13.6311	293.2088	5.0998	3
236.2	13.6227	292.4139	5.0954	3
236.3	13.6142	291.5935	5.1079	3
236.4	13.6057	290.8163	5.113	3
236.5	13.5972	289.978	5.1111	3
236.6	13.5889	289.072	5.1061	3
236.7	13.5807	288.1993	5.1019	3
236.8	13.5725	287.4492	5.1073	3
236.9	13.5639	286.7124	5.1065	3
237	13.5549	285.9418	5.1084	3
237.1	13.5459	285.0437	5.1107	3
237.2	13.5371	284.1442	5.112	3
237.3	13.5285	283.3542	5.1136	3
237.4	13.5198	282.5239	5.1056	3
237.5	13.5108	281.7177	5.1024	3
237.6	13.5019	280.8856	5.0949	3
237.7	13.4928	280.0731	5.0922	3
237.8	13.4838	279.3868	5.0935	3
237.9	13.4746	278.5877	5.1006	3
238	13.4645	277.7572	5.1115	3
238.1	13.4545	277.0044	5.121	3
238.2	13.4443	276.0682	5.1209	3
238.3	13.4341	275.3666	5.1049	3
238.4	13.4239	274.472	5.0951	3
238.5	13.4136	273.6236	5.0905	3
238.6	13.4037	272.7844	5.0904	3
238.7	13.3935	271.9529	5.0927	3
238.8	13.383	271.1825	5.0918	3
238.9	13.3725	270.3727	5.0756	3
239	13.3626	269.4133	5.0808	3
239.1	13.3527	268.5775	5.0906	3
239.2	13.3427	267.8324	5.0843	3
239.3	13.3325	266.9458	5.0842	3
239.4	13.3223	266.1211	5.0857	3
239.5	13.3123	265.232	5.081	3
239.6	13.3022	264.4491	5.0911	3
239.7	13.2917	263.6429	5.0884	3
239.8	13.2815	262.7853	5.0917	3
239.9	13.2714	262.0195	5.0979	3
240	13.261	261.1976	5.0959	3
240.1	13.2504	260.3842	5.0874	3
240.2	13.2398	259.5205	5.0806	3
240.3	13.2294	258.6364	5.0871	3
240.4	13.219	257.8028	5.0966	3
240.5	13.2082	257.0733	5.0954	3
240.6	13.1975	256.2892	5.0979	3
240.7	13.1865	255.4473	5.1088	3
240.8	13.1757	254.6123	5.1026	3
240.9	13.1647	253.7793	5.097	3
241	13.1538	252.8981	5.0952	3
241.1	13.143	252.0313	5.0999	3
241.2	13.1325	251.144	5.1064	3
241.3	13.1221	250.3233	5.1008	3
241.4	13.1119	249.4784	5.0874	3
241.5	13.1016	248.5126	5.081	3
241.6	13.0916	247.7464	5.079	3
241.7	13.0817	246.9303	5.0726	3
241.8	13.0717	245.9661	5.0606	3
241.9	13.0621	245.0787	5.0678	3
242	13.0528	244.2034	5.0875	3
242.1	13.0434	243.4844	5.0855	3
242.2	13.0337	242.7122	5.0753	3
242.3	13.0242	241.8296	5.0852	3
242.4	13.0146	240.945	5.0848	3
242.5	13.0054	240.0383	5.0874	3
242.6	12.9962	239.1943	5.0973	3
242.7	12.9869	238.4918	5.1015	3
242.8	12.9768	237.7181	5.0966	3
242.9	12.9665	236.8748	5.0855	3
243	12.9566	236.0846	5.0719	3
243.1	12.9465	235.2053	5.0814	3
243.2	12.9364	234.5402	5.0927	3
243.3	12.9259	233.6609	5.0739	3
243.4	12.9156	232.7748	5.0586	3
243.5	12.9053	231.9625	5.0786	3
243.6	12.895	231.1381	5.0894	3
243.7	12.8849	230.3208	5.0873	3
243.8	12.8748	229.4331	5.0896	3
243.9	12.865	228.5513	5.0925	3
244	12.8548	227.6778	5.0911	3
244.1	12.8446	227.0301	5.0787	3
244.2	12.8344	226.0793	5.0902	3
244.3	12.824	225.3423	5.0985	3
244.4	12.8137	224.4601	5.0845	3
244.5	12.8031	223.7078	5.0865	3
244.6	12.7924	222.9661	5.097	3
244.7	12.7815	222.0079	5.1068	3
244.8	12.7706	221.3394	5.1004	3
244.9	12.7598	220.4133	5.0927	3
245	12.7488	219.6174	5.0978	3
245.1	12.7378	218.7772	5.106	3
245.2	12.7261	218.0623	5.0903	3
245.3	12.7147	217.2387	5.0687	3
245.4	12.7034	216.2725	5.0707	3
245.5	12.6922	215.5212	5.0757	3
245.6	12.6808	214.6897	5.0718	3
245.7	12.6692	213.7881	5.0855	3
245.8	12.6581	212.9207	5.0919	3
245.9	12.6471	212.092	5.088	3
246	12.6358	211.4028	5.099	3
246.1	12.6245	210.4697	5.0932	3
246.2	12.6133	209.5635	5.0912	3
246.3	12.6023	208.7853	5.0894	3
246.4	12.5913	208.0252	5.0951	3
246.5	12.5798	207.1056	5.1057	3
246.6	12.5687	206.3298	5.1072	3
246.7	12.5575	205.4493	5.1086	3
246.8	12.5462	204.7151	5.104	3
246.9	12.5348	203.7471	5.0961	3
247	12.5238	202.9391	5.0953	3
247.1	12.513	202.1159	5.1086	3
247.2	12.5021	201.1449	5.1123	3
247.3	12.4914	200.3543	5.0962	3
247.4	12.4809	199.5434	5.0859	3
247.5	12.47	198.8116	5.0889	3
247.6	12.459	197.9039	5.0868	3
247.7	12.4478	197.1172	5.0907	3
247.8	12.4366	196.3017	5.1059	3
247.9	12.4253	195.4704	5.1002	3
248	12.4141	194.6093	5.094	3
248.1	12.4029	193.8174	5.0991	3
248.2	12.3914	193.0695	5.1007	3
248.3	12.3798	192.2105	5.0943	3
248.4	12.3683	191.3661	5.0841	3
248.5	12.3571	190.469	5.0882	3
248.6	12.3457	189.6017	5.0952	3
248.7	12.3345	188.8306	5.0825	3
248.8	12.3232	187.9668	5.0667	3
248.9	12.3119	187.1993	5.0795	3
249	12.3006	186.3282	5.0863	3
249.1	12.2892	185.5422	5.0839	3
249.2	12.2776	184.692	5.0789	3
249.3	12.2657	183.8436	5.0845	3
249.4	12.2541	183.0823	5.0901	3
249.5	12.2427	182.1989	5.0784	3
249.6	12.2313	181.3932	5.0932	3
249.7	12.219	180.6644	5.1007	3
249.8	12.2068	179.8627	5.098	3
249.9	12.1947	178.9955	5.0875	3
250	12.1824	178.1829	5.0845	3
250.1	12.1704	177.3581	5.0789	3
250.2	12.1582	176.4693	5.0739	3
250.3	12.1462	175.5887	5.0728	3
250.4	12.1342	174.7649	5.0724	3
250.5	12.1221	173.9711	5.0666	3
250.6	12.1103	173.0221	5.0577	3
250.7	12.0988	172.0909	5.0593	3
250.8	12.0876	171.2401	5.0739	3
250.9	12.0764	170.3831	5.0692	3
251	12.0654	169.6262	5.0654	3
251.1	12.0544	168.7194	5.0588	3
251.2	12.0436	167.7701	5.0658	3
251.3	12.0334	166.9056	5.0664	3
251.4	12.0228	166.2442	5.0632	3
251.5	12.0111	165.6275	5.0642	3
251.6	11.9989	164.8281	5.0615	3
251.7	11.9869	163.9082	5.0639	3
251.8	11.9754	162.9623	5.0472	3
251.9	11.964	162.1409	5.0498	3
252	11.9526	161.4004	5.0584	3
252.1	11.9409	160.5045	5.0708	3
252.2	11.9292	159.7198	5.0776	3
252.3	11.9174	158.8622	5.0743	3
252.4	11.9056	158.139	5.0797	3
252.5	11.8937	157.3571	5.0759	3
252.6	11.8815	156.4656	5.0576	3
252.7	11.8694	155.6946	5.057	3
252.8	11.857	154.8135	5.0663	3
252.9	11.8445	154.0385	5.0637	3
253	11.8323	153.1722	5.0582	3
253.1	11.8199	152.3491	5.045	3
253.2	11.8075	151.6407	5.0379	3
253.3	11.7951	150.7423	5.0474	3
253.4	11.7824	149.8594	5.0616	3
253.5	11.7697	149.028	5.0562	3
253.6	11.7571	148.2434	5.0582	3
253.7	11.7445	147.4414	5.0712	3
253.8	11.7318	146.6364	5.0724	3
253.9	11.7186	145.8137	5.0709	3
254	11.7055	145.0539	5.075	3
254.1	11.6922	144.1761	5.067	3
254.2	11.6789	143.3115	5.0528	3
254.3	11.6659	142.5314	5.046	3
254.4	11.6525	141.7413	5.0486	3
254.5	11.639	140.8482	5.0583	3
254.6	11.626	139.9746	5.0626	3
254.7	11.613	139.1109	5.0561	3
254.8	11.5998	138.3236	5.0509	3
254.9	11.5868	137.5313	5.055	3
255	11.5737	136.6434	5.0446	3
255.1	11.5606	135.7841	5.046	3
255.2	11.5477	134.944	5.0532	3
255.3	11.5348	134.1136	5.0504	3
255.4	11.522	133.2493	5.0361	3
255.5	11.5091	132.4243	5.0369	3
255.6	11.4964	131.5665	5.0518	3
255.7	11.4838	130.7881	5.0579	3
255.8	11.4705	129.9656	5.0653	3
255.9	11.457	129.2247	5.0617	3
256	11.4435	128.3953	5.0589	3
256.1	11.43	127.5455	5.0576	3
256.2	11.4165	126.8052	5.0429	3
256.3	11.4027	126.0154	5.0452	3
256.4	11.3889	125.1482	5.054	3
256.5	11.3753	124.2585	5.067	3
256.6	11.3616	123.4633	5.0596	3
256.7	11.3477	122.6506	5.0466	3
256.8	11.3338	121.7681	5.0581	3
256.9	11.32	120.9429	5.054	3
257	11.3065	120.0633	5.0513	3
257.1	11.293	119.2666	5.0659	3
257.2	11.279	118.4568	5.0626	3
257.3	11.265	117.6412	5.0689	3
257.4	11.2509	116.8657	5.071	3
257.5	11.2368	116.0093	5.0604	3
257.6	11.2226	115.2124	5.0586	3
257.7	11.2084	114.329	5.0666	3
257.8	11.1943	113.5329	5.0576	3
257.9	11.1802	112.6407	5.0535	3
258	11.1663	111.7984	5.0626	3
258.1	11.1522	111.0173	5.068	3
258.2	11.1381	110.1754	5.0687	3
258.3	11.1241	109.2826	5.0584	3
258.4	11.1105	108.43	5.0621	3
258.5	11.0966	107.6467	5.0692	3
258.6	11.0824	106.8611	5.0685	3
258.7	11.0685	106.0324	5.0553	3
258.8	11.0543	105.1664	5.0655	3
258.9	11.0401	104.4018	5.0707	3
259	11.0257	103.5895	5.0767	3
259.1	11.0111	102.814	5.0789	3
259.2	10.9966	101.9075	5.0795	3
259.3	10.9821	101.0413	5.0694	3
259.4	10.9675	100.1948	5.0618	3
259.5	10.9528	99.4049	5.0646	3
259.6	10.9383	98.5973	5.058	3
259.7	10.9239	97.7385	5.074	3
259.8	10.9096	97.0118	5.0827	3
259.9	10.8949	96.1263	5.0806	3
260	10.8805	95.2063	5.071	3
260.1	10.8657	94.4583	5.0549	3
260.2	10.851	93.6791	5.0564	3
260.3	10.8358	92.9036	5.0709	3
260.4	10.8207	91.9755	5.0778	3
260.5	10.8056	91.143	5.0677	3
260.6	10.7902	90.5079	5.0618	3
260.7	10.7746	89.6296	5.0704	3
260.8	10.759	88.7883	5.0732	3
260.9	10.744	87.8143	5.0635	3
261	10.7286	86.9806	5.0585	3
261.1	10.7134	86.1984	5.0567	3
261.2	10.6984	85.3208	5.0563	3
261.3	10.6834	84.5797	5.0557	3
261.4	10.6682	83.7909	5.0629	3
261.5	10.6523	83.0347	5.0694	3
261.6	10.6363	82.2458	5.0801	3
261.7	10.6203	81.3241	5.081	3
261.8	10.6044	80.5165	5.0764	3
261.9	10.5882	79.8055	5.0729	3
262	10.5716	79.0941	5.064	3
262.1	10.5551	78.0139	5.0612	3
262.2	10.5389	77.3182	5.06	3
262.3	10.5223	76.5149	5.065	3
262.4	10.5052	75.8412	5.078	3
262.5	10.4884	74.8001	5.0774	3
262.6	10.4722	73.8828	5.0622	3
262.7	10.4561	73.1253	5.0551	3
262.8	10.4391	72.4225	5.0721	3
262.9	10.4218	71.6374	5.0698	3
263	10.4049	70.5724	5.0714	3
263.1	10.3885	69.8494	5.0818	3
263.2	10.3715	69.0263	5.0785	3
263.3	10.3544	68.2395	5.0841	3
263.4	10.3377	67.3178	5.0955	3
263.5	10.3213	66.4793	5.081	3
263.6	10.3047	65.6593	5.0774	3
263.7	10.2879	64.8895	5.078	3
263.8	10.2712	63.9397	5.0807	3
263.9	10.2543	63.153	5.0922	3
264	10.2371	62.4863	5.0803	3
264.1	10.2193	61.7351	5.0861	3
264.2	10.2013	60.9342	5.1043	3
264.3	10.1836	59.9926	5.1013	3
264.4	10.1659	59.2457	5.0927	3
264.5	10.1477	58.5059	5.0814	3
264.6	10.1293	57.6474	5.0745	3
264.7	10.111	56.7655	5.0804	3
264.8	10.0929	55.9457	5.0906	3
264.9	10.0743	55.2701	5.0798	3
265	10.0554	54.4392	5.0678	3
265.1	10.0361	53.6726	5.0731	3
265.2	10.0167	52.8548	5.0744	3
265.3	9.9973	52.0595	5.0814	3
265.4	9.9778	51.257	5.0758	3
265.5	9.9579	50.3913	5.0722	3
265.6	9.938	49.551	5.0749	3
265.7	9.9183	48.7029	5.0798	3
265.8	9.8989	47.8825	5.078	3
265.9	9.8793	47.0279	5.0711	3
266	9.8595	46.2168	5.0741	3
266.1	9.8399	45.4266	5.0631	3
266.2	9.8201	44.6411	5.0624	3
266.3	9.8	43.8602	5.0679	3
266.4	9.7799	42.9208	5.0668	3
266.5	9.7598	42.109	5.0695	3
266.6	9.7396	41.3743	5.0606	3
266.7	9.7192	40.5624	5.0566	3
266.8	9.6985	39.7041	5.056	3
266.9	9.6779	38.9112	5.0467	3
267	9.657	38.2023	5.0314	3
267.1	9.6357	37.4253	5.0364	3
267.2	9.6144	36.498	5.0555	3
267.3	9.5933	35.5965	5.0659	3
267.4	9.5721	34.9133	5.0618	3
267.5	9.5501	34.2196	5.0682	3
267.6	9.528	33.3534	5.0806	3
267.7	9.5062	32.428	5.0809	3
267.8	9.485	31.5726	5.0685	3
267.9	9.4642	30.79	5.0605	3
268	9.443	29.9231	5.069	3
268.1	9.4213	29.0552	5.0718	3
268.2	9.3997	28.2962	5.07	3
268.3	9.3779	27.4096	5.0704	3
268.4	9.3559	26.6014	5.0811	3
268.5	9.3343	25.7655	5.0969	3
268.6	9.3123	25.0138	5.1029	3
268.7	9.2902	24.1975	5.087	3
268.8	9.2679	23.2779	5.07	3
268.9	9.246	22.4737	5.0788	3
269	9.2239	21.6475	5.086	3
269.1	9.2017	20.8352	5.0756	3
269.2	9.1793	20.0471	5.0773	3
269.3	9.1567	19.2699	5.0673	3
269.4	9.1337	18.4832	5.0647	3
269.5	9.1111	17.5838	5.0678	3
269.6	9.0888	16.6461	5.0686	3
269.7	9.0665	15.8746	5.0728	3
269.8	9.044	15.1072	5.0803	3
269.9	9.021	14.3357	5.073	3
270	8.998	13.4747	5.0774	3
270.1	8.9749	12.6699	5.0834	3
270.2	8.9516	11.9129	5.0736	3
270.3	8.928	11.089	5.0763	3
270.4	8.9043	10.3665	5.081	3
270.5	8.88	9.6929	5.1072	3
270.6	8.8551	8.9302	5.1206	3
270.7	8.8299	8.1362	5.1028	3
270.8	8.8044	7.3592	5.0824	3
270.9	8.7786	6.5569	5.0877	4
271	8.7526	5.7843	5.1045	4
271.1	8.7271	5.4464	5.1025	4
271.2	8.6869	-3.2163	5.0862	4
271.3	8.5183	-54.4455	5.0702	4
271.4	8.1581	-103.9544	5.0713	4
271.5	7.7044	-102.2604	5.0766	4
271.6	7.2264	-89.1538	5.0924	4
271.7	6.7423	-81.17	5.0937	4
271.8	6.2549	-76.5774	5.0831	4
271.9	5.7628	-72.2312	5.0789	4
272	5.2682	-68.5341	5.0779	4
272.1	4.7711	-64.9074	5.0837	4
272.2	4.2707	-59.6054	5.0861	4
272.3	3.7677	-53.7242	5.0884	4
272.4	3.2636	-48.7938	5.0962	4
272.5	2.7593	-44.8483	5.1052	4
272.6	2.2537	-41.0167	5.0966	4
272.7	1.7474	-37.5194	5.0928	4
272.8	1.2404	-34.4284	5.0978	4
272.9	0.7324	-32.1424	5.0917	4
273	0.2245	-31.1257	5.0861	4
273.1	-0.2841	-30.619	5.0959	4
273.2	-0.7935	-29.9943	5.098	4
273.3	-1.3031	-29.6816	5.0991	4
273.4	-1.8134	-29.0725	5.0882	4
273.5	-2.3238	-28.611	5.0835	4
273.6	-2.8341	-28.6747	5.0827	4
273.7	-3.3449	-28.8594	5.0917	4
273.8	-3.8568	-28.867	5.0985	4
273.9	-4.369	-28.5662	5.0843	4
274	-4.8808	-28.455	5.0849	4
274.1	-5.3925	-28.2723	5.0909	4
274.2	-5.9042	-27.5981	5.0964	4
274.3	-6.4164	-26.537	5.1006	4
274.4	-6.9229	-25.9907	5.1057	4
274.5	-7.3369	-25.3739	5.1057	4
274.6	-7.5876	-24.3492	5.1057	4
274.7	-7.7739	-23.5731	5.1116	4
274.8	-7.9485	-23.2315	5.1203	4
274.9	-8.1175	-22.8606	5.1142	4
275	-8.283	-22.5932	5.0931	4
275.1	-8.4463	-22.5667	5.1002	4
275.2	-8.608	-22.4848	5.1187	4
275.3	-8.7683	-22.4216	5.1126	4
275.4	-8.928	-22.3902	5.1086	4
275.5	-9.0868	-22.6059	5.111	4
275.6	-9.2454	-22.7918	5.1042	4
275.7	-9.4045	-22.8333	5.097	4
275.8	-9.5627	-22.9035	5.0912	4
