Indentation

 + Advanced

+ Advanced
   Acquisition rate :	10.0 [Hz]
   Linear loading
   Max load :	1000.00 	µN
   Loading rate :	500.00 	µN/min
   Unloading rate :	500.00 	µN/min
   Pause :	30.0 s

+ TTX - UNHT Bio S/N: 1000136751 settings
   Fn contact : 25 µN
   Approach distance : 20 µm
   Approach speed : 100 µm/min
   Retract speed : 200 µm/min
   Retract time : 5 sec
   Dz sensor in large range
   Load in fine range
   FnRef in fine range
   FnRef contactload :500.000 µN
   Stiffness threshold : 1 µN/µm

   X Position :9882.24 µm
   Y Position :38824.97 µm
   Z Position :8208.56 µm

Date :6/9/2026
Time :3:21:14 PM

Analysis n # 1

   Method :	Hertz

 + Parameters

  Load Fit [10%,98%]

 + Main results

   EHz=	802.82 	kPa

 + Hypothesis


 + Additional results

   ErHz=	882.21 kPa
   h offset=	14.47 µm
   R2=	1.00

Analysis n # 2

   Method :	Oliver & Pharr

 + Parameters

  Unload Fit [40%,98%]

 + Main results

   HIT=	14.279 	kPa
   EIT=	590.7 	kPa
   E*=	649.12 	kPa

 + Hypothesis

   !!! Indenter not calibrated !!!
   m out of O&P hypothesis
   Poisson's ratio(nu)=	0.30 

 + Additional results

   HVIT=	0.0014555 	 Vickers
   CIT 0.001/120/30=	2.29 	%
   nIT=	68.14 %
   Fmax=	1000.28 	µN
   hmax=	26.57 	µm
   S=	193.8626 	µN/µm
   F/S²=	0.0266 	µm²/µN
   hc=	22.82 	µm
   hr=	21.41 	µm
   hp=	-2.85 	µm
   m=	5.7025 
   Epsilon=	0.73 
   R2=	0.998
   Ap=	70054.03 	µm²
   Welast=	3614.30 pJ
   Wplast=	1689.58 pJ
   Wtotal=	5303.88 pJ
   Er=	649.12 	kPa

Measured values
Time (s)	Pd (µm)	Fn (µN)	FnRef (µN)	SegmentID

0	0	0	5.1218	0
0.1	0.3438	-0.0496	5.106	0
0.2	0.6773	0.1659	5.0986	0
0.3	1.0018	0.2772	5.1034	0
0.4	1.3168	0.359	5.1078	0
0.5	1.6231	0.4556	5.1246	0
0.6	1.9207	0.6869	5.1226	0
0.7	2.2105	0.9368	5.1058	0
0.8	2.4928	1.0966	5.0919	0
0.9	2.7678	1.3853	5.0889	0
1	3.0357	1.6214	5.0939	0
1.1	3.2973	1.831	5.0929	0
1.2	3.5531	2.0491	5.0951	0
1.3	3.803	2.1927	5.0885	0
1.4	4.0472	2.4439	5.095	0
1.5	4.2865	2.7402	5.0955	0
1.6	4.5215	2.9888	5.096	0
1.7	4.7522	3.2178	5.0965	0
1.8	4.9786	3.4848	5.0847	0
1.9	5.2009	3.6608	5.0734	0
2	5.4198	3.929	5.0822	0
2.1	5.6354	4.185	5.0918	0
2.2	5.8479	4.4465	5.0885	0
2.3	6.0577	4.6782	5.0843	0
2.4	6.2646	4.9497	5.092	1
2.5	6.4687	5.2694	5.108	1
2.6	6.6705	5.5509	5.1092	1
2.7	6.8662	5.8886	5.1089	1
2.8	7.0089	5.9754	5.0997	1
2.9	7.0674	6.0116	5.077	1
3	7.0984	5.9334	5.0623	1
3.1	7.1275	6.0038	5.0771	1
3.2	7.1565	6.0695	5.0851	1
3.3	7.1863	6.191	5.0862	1
3.4	7.2176	6.1846	5.0772	1
3.5	7.2513	6.2201	5.0561	1
3.6	7.288	6.2592	5.0515	1
3.7	7.3273	6.408	5.0495	1
3.8	7.3692	6.4578	5.0562	1
3.9	7.4144	6.6168	5.0713	1
4	7.4625	6.6535	5.0766	1
4.1	7.5139	6.8286	5.0725	1
4.2	7.5689	6.8516	5.08	1
4.3	7.6275	7.0418	5.1057	1
4.4	7.689	7.2027	5.0992	1
4.5	7.7539	7.3147	5.0884	1
4.6	7.8221	7.5108	5.099	1
4.7	7.8934	7.6186	5.1	1
4.8	7.9691	7.7912	5.0903	1
4.9	8.0486	8.0566	5.0934	1
5	8.1318	8.1187	5.104	1
5.1	8.2192	8.3253	5.1082	1
5.2	8.31	8.5476	5.1085	1
5.3	8.4044	8.7057	5.1068	1
5.4	8.5024	8.9401	5.1028	1
5.5	8.6041	9.1527	5.0975	1
5.6	8.7095	9.4254	5.1065	1
5.7	8.818	9.6851	5.1102	1
5.8	8.9299	9.9185	5.1054	1
5.9	9.0463	10.0839	5.0981	1
6	9.1663	10.3031	5.0983	1
6.1	9.2896	10.6566	5.1042	1
6.2	9.4162	10.8879	5.1021	1
6.3	9.5465	11.1721	5.0931	1
6.4	9.6804	11.4203	5.0774	1
6.5	9.818	11.7739	5.0741	1
6.6	9.9585	12.1276	5.076	1
6.7	10.1021	12.4343	5.0716	1
6.8	10.2491	12.7279	5.0643	1
6.9	10.3984	13.2726	5.0647	1
7	10.5504	13.6908	5.065	1
7.1	10.7057	13.936	5.0779	1
7.2	10.864	14.3737	5.0854	1
7.3	11.0247	15.0278	5.089	1
7.4	11.1873	15.556	5.0797	1
7.5	11.3516	16.2205	5.0672	1
7.6	11.5174	16.8466	5.0621	1
7.7	11.6851	17.4044	5.0653	1
7.8	11.8547	17.9629	5.0726	1
7.9	12.026	18.6127	5.0761	1
8	12.1989	19.3789	5.0844	1
8.1	12.3721	20.2693	5.0978	1
8.2	12.5453	21.2386	5.0983	1
8.3	12.7178	22.3145	5.1003	1
8.4	12.8892	23.4454	5.1076	1
8.5	13.0601	24.5426	5.1091	1
8.6	13.2293	25.7942	5.097	1
8.7	13.3966	27.2023	5.0899	1
8.8	13.5603	28.7644	5.0998	1
8.9	13.7203	30.4231	5.1156	1
9	13.876	32.1176	5.1145	1
9.1	14.0264	34.0053	5.0995	1
9.2	14.1714	35.9467	5.0914	1
9.3	14.31	38.007	5.0985	1
9.4	14.4419	40.1215	5.0956	1
9.5	14.5668	42.1649	5.1033	1
9.6	14.6843	44.296	5.1028	1
9.7	14.7948	46.3768	5.0981	1
9.8	14.8984	48.402	5.0887	1
9.9	14.9947	50.5363	5.0932	1
10	15.0846	52.5396	5.1033	1
10.1	15.1679	54.4776	5.1031	1
10.2	15.245	56.3886	5.1048	1
10.3	15.3159	58.1778	5.1034	1
10.4	15.381	59.9244	5.0965	1
10.5	15.4411	61.5369	5.0939	1
10.6	15.4971	62.9579	5.1185	1
10.7	15.549	64.3882	5.1248	1
10.8	15.5972	65.7861	5.1132	1
10.9	15.6423	66.9976	5.1114	1
11	15.684	68.2632	5.1247	1
11.1	15.7233	69.3715	5.1319	1
11.2	15.7612	70.5387	5.1183	1
11.3	15.7971	71.6321	5.111	1
11.4	15.8314	72.6583	5.1152	1
11.5	15.8642	73.6752	5.1214	1
11.6	15.8956	74.7342	5.1285	1
11.7	15.9257	75.7407	5.1201	1
11.8	15.9548	76.6775	5.1175	1
11.9	15.9832	77.5896	5.1098	1
12	16.0107	78.5609	5.1073	1
12.1	16.0369	79.445	5.1041	1
12.2	16.0629	80.3187	5.1109	1
12.3	16.0883	81.2207	5.1088	1
12.4	16.1131	82.1078	5.0854	1
12.5	16.1376	82.884	5.0822	1
12.6	16.1617	83.8114	5.0839	1
12.7	16.1854	84.7289	5.0863	1
12.8	16.2089	85.5179	5.1043	1
12.9	16.232	86.3699	5.117	1
13	16.2551	87.217	5.1032	1
13.1	16.2778	88.0808	5.0899	1
13.2	16.3005	88.8407	5.0813	1
13.3	16.3234	89.6399	5.0794	1
13.4	16.3459	90.5496	5.0864	1
13.5	16.3683	91.3068	5.0753	1
13.6	16.3906	92.1741	5.0673	1
13.7	16.4128	93.04	5.0755	1
13.8	16.4349	93.9355	5.0807	1
13.9	16.4566	94.8156	5.0925	1
14	16.478	95.6375	5.0875	1
14.1	16.4991	96.4896	5.0766	1
14.2	16.5199	97.3603	5.079	1
14.3	16.5406	98.25	5.089	1
14.4	16.561	99.0903	5.0861	1
14.5	16.5811	100.0211	5.0709	1
14.6	16.6011	100.8191	5.0707	1
14.7	16.6211	101.7519	5.0751	1
14.8	16.6402	102.6108	5.0801	1
14.9	16.6592	103.5065	5.079	1
15	16.6782	104.3201	5.0706	1
15.1	16.6968	105.2138	5.078	1
15.2	16.715	106.0565	5.0898	1
15.3	16.7336	106.9001	5.088	1
15.4	16.7523	107.687	5.0896	1
15.5	16.7709	108.4885	5.0864	1
15.6	16.7894	109.317	5.0925	1
15.7	16.8078	110.1468	5.0864	1
15.8	16.8265	110.8672	5.0754	1
15.9	16.8453	111.7715	5.0817	1
16	16.8639	112.7638	5.0994	1
16.1	16.882	113.6007	5.1162	1
16.2	16.8998	114.4923	5.1164	1
16.3	16.9173	115.3317	5.0974	1
16.4	16.9345	116.2204	5.0807	1
16.5	16.9516	117.0493	5.0875	1
16.6	16.9687	117.9041	5.1008	1
16.7	16.9858	118.7332	5.0982	1
16.8	17.0029	119.5463	5.0998	1
16.9	17.0199	120.446	5.1	1
17	17.0367	121.2311	5.1012	1
17.1	17.0534	122.0931	5.0954	1
17.2	17.0699	122.9579	5.0919	1
17.3	17.0864	123.7673	5.0974	1
17.4	17.1028	124.649	5.0958	1
17.5	17.1191	125.5152	5.094	1
17.6	17.1354	126.3304	5.0882	1
17.7	17.1512	127.2373	5.073	1
17.8	17.1666	128.1224	5.0836	1
17.9	17.1824	128.9479	5.0896	1
18	17.1985	129.7455	5.094	1
18.1	17.214	130.5777	5.0803	1
18.2	17.2294	131.46	5.0751	1
18.3	17.2448	132.2983	5.0906	1
18.4	17.2604	133.0664	5.0913	1
18.5	17.2757	133.977	5.0844	1
18.6	17.2909	134.7801	5.0895	1
18.7	17.306	135.6479	5.0946	1
18.8	17.3214	136.4377	5.0927	1
18.9	17.3364	137.2695	5.086	1
19	17.3514	138.1534	5.0863	1
19.1	17.3664	138.9818	5.0893	1
19.2	17.3813	139.7915	5.0805	1
19.3	17.3961	140.7077	5.0846	1
19.4	17.4109	141.5374	5.0993	1
19.5	17.4256	142.3876	5.1127	1
19.6	17.4405	143.2427	5.109	1
19.7	17.455	144.0284	5.1151	1
19.8	17.4694	144.9017	5.1133	1
19.9	17.4839	145.7222	5.0846	1
20	17.4984	146.5931	5.0768	1
20.1	17.5127	147.4317	5.092	1
20.2	17.5274	148.1233	5.0938	1
20.3	17.5421	149.0607	5.0791	1
20.4	17.5561	150.0039	5.0715	1
20.5	17.5697	150.87	5.07	1
20.6	17.5833	151.7039	5.0723	1
20.7	17.597	152.5332	5.0786	1
20.8	17.6108	153.2904	5.0807	1
20.9	17.6245	154.1917	5.0792	1
21	17.6381	155.0084	5.0724	1
21.1	17.6518	155.8041	5.0707	1
21.2	17.6658	156.7108	5.1006	1
21.3	17.6796	157.5696	5.1094	1
21.4	17.693	158.455	5.1	1
21.5	17.7061	159.3086	5.1038	1
21.6	17.719	160.1473	5.105	1
21.7	17.7321	160.9097	5.1119	1
21.8	17.7452	161.7058	5.1043	1
21.9	17.7588	162.4342	5.0935	1
22	17.7728	163.3046	5.09	1
22.1	17.7867	164.1057	5.0889	1
22.2	17.8007	164.8126	5.0863	1
22.3	17.8149	165.674	5.0811	1
22.4	17.829	166.5328	5.0828	1
22.5	17.8433	167.2961	5.0775	1
22.6	17.8578	168.151	5.0815	1
22.7	17.8722	169.0275	5.0936	1
22.8	17.8864	169.8248	5.1024	1
22.9	17.9007	170.6498	5.0996	1
23	17.9148	171.5548	5.1021	1
23.1	17.9288	172.4567	5.1121	1
23.2	17.9427	173.2435	5.0981	1
23.3	17.9566	174.0839	5.0907	1
23.4	17.9706	174.9582	5.0879	1
23.5	17.9842	175.7761	5.0768	1
23.6	17.9978	176.5668	5.0773	1
23.7	18.0116	177.4153	5.0883	1
23.8	18.0252	178.2848	5.0968	1
23.9	18.0388	179.1899	5.0888	1
24	18.0523	180.0627	5.0893	1
24.1	18.0654	180.8673	5.0886	1
24.2	18.0785	181.7611	5.0794	1
24.3	18.0914	182.657	5.0799	1
24.4	18.1039	183.5004	5.0725	1
24.5	18.1166	184.2753	5.063	1
24.6	18.1294	185.1229	5.0518	1
24.7	18.142	186.015	5.0519	1
24.8	18.155	186.8226	5.0583	1
24.9	18.1677	187.7028	5.0768	1
25	18.1804	188.4796	5.0902	1
25.1	18.1932	189.3349	5.0825	1
25.2	18.2056	190.1721	5.0713	1
25.3	18.218	190.996	5.0658	1
25.4	18.2305	191.8308	5.067	1
25.5	18.2431	192.687	5.0614	1
25.6	18.2558	193.4723	5.0645	1
25.7	18.2681	194.3632	5.0857	1
25.8	18.2805	195.2356	5.0856	1
25.9	18.2926	196.0479	5.079	1
26	18.3045	196.9008	5.0726	1
26.1	18.3169	197.7089	5.0691	1
26.2	18.329	198.5558	5.0639	1
26.3	18.341	199.4484	5.0754	1
26.4	18.353	200.2992	5.0788	1
26.5	18.3651	201.0966	5.072	1
26.6	18.3769	201.9415	5.0634	1
26.7	18.3892	202.669	5.0669	1
26.8	18.4012	203.5565	5.0722	1
26.9	18.4133	204.3781	5.0792	1
27	18.4253	205.1746	5.0707	1
27.1	18.4373	206.0969	5.0757	1
27.2	18.4496	206.8986	5.0969	1
27.3	18.4612	207.7287	5.0905	1
27.4	18.4733	208.5746	5.0842	1
27.5	18.4854	209.3084	5.0836	1
27.6	18.4975	210.1993	5.076	1
27.7	18.5098	211.0315	5.0661	1
27.8	18.5219	211.7755	5.0649	1
27.9	18.5346	212.5996	5.0726	1
28	18.5473	213.4067	5.0781	1
28.1	18.5599	214.2725	5.085	1
28.2	18.5724	215.1576	5.0928	1
28.3	18.5844	215.9951	5.0809	1
28.4	18.5967	216.9124	5.0682	1
28.5	18.6086	217.8078	5.0738	1
28.6	18.6202	218.6129	5.0888	1
28.7	18.6318	219.4585	5.101	1
28.8	18.6433	220.308	5.1009	1
28.9	18.655	221.1059	5.099	1
29	18.6668	222.0072	5.0969	1
29.1	18.6783	222.8606	5.0912	1
29.2	18.6893	223.735	5.094	1
29.3	18.7002	224.5523	5.0904	1
29.4	18.7112	225.3741	5.0804	1
29.5	18.7222	226.2256	5.0809	1
29.6	18.7334	227.0384	5.078	1
29.7	18.7443	227.916	5.0832	1
29.8	18.7551	228.8109	5.1008	1
29.9	18.766	229.5833	5.099	1
30	18.7771	230.3707	5.0809	1
30.1	18.7882	231.2159	5.0828	1
30.2	18.7991	232.1401	5.0945	1
30.3	18.81	232.9432	5.0974	1
30.4	18.8209	233.7559	5.0896	1
30.5	18.8318	234.5883	5.0847	1
30.6	18.8427	235.4165	5.089	1
30.7	18.8535	236.2976	5.0913	1
30.8	18.8641	237.1429	5.0868	1
30.9	18.8746	237.9172	5.0916	1
31	18.8851	238.7843	5.0837	1
31.1	18.8956	239.7106	5.0806	1
31.2	18.9059	240.5449	5.082	1
31.3	18.9162	241.3415	5.0692	1
31.4	18.9264	242.2034	5.0576	1
31.5	18.9363	243.0709	5.0696	1
31.6	18.9464	243.9447	5.0761	1
31.7	18.9563	244.8529	5.0631	1
31.8	18.9659	245.6402	5.071	1
31.9	18.9755	246.5413	5.0648	1
32	18.9849	247.3764	5.0716	1
32.1	18.9944	248.1335	5.0894	1
32.2	19.004	248.949	5.0902	1
32.3	19.0136	249.83	5.0855	1
32.4	19.0232	250.6003	5.0847	1
32.5	19.0331	251.3949	5.089	1
32.6	19.0432	252.266	5.0994	1
32.7	19.0527	253.063	5.0977	1
32.8	19.0626	253.8471	5.1058	1
32.9	19.0727	254.6455	5.1082	1
33	19.0829	255.4348	5.1103	1
33.1	19.0931	256.2781	5.1009	1
33.2	19.1036	257.0828	5.0958	1
33.3	19.1139	257.9764	5.1007	1
33.4	19.1241	258.7889	5.106	1
33.5	19.1345	259.5844	5.108	1
33.6	19.1451	260.3846	5.1054	1
33.7	19.1559	261.2502	5.1028	1
33.8	19.1665	262.0369	5.0997	1
33.9	19.1773	262.791	5.1015	1
34	19.1887	263.6009	5.1053	1
34.1	19.2003	264.5009	5.112	1
34.2	19.2111	265.386	5.1213	1
34.3	19.2216	266.2991	5.1051	1
34.4	19.2321	267.0897	5.0998	1
34.5	19.2426	267.9033	5.1073	1
34.6	19.2529	268.7761	5.1231	1
34.7	19.2633	269.6339	5.1265	1
34.8	19.2737	270.4888	5.1067	1
34.9	19.2841	271.3102	5.0903	1
35	19.2944	272.1188	5.0858	1
35.1	19.3046	272.9681	5.0807	1
35.2	19.3148	273.8442	5.0857	1
35.3	19.3247	274.7313	5.0867	1
35.4	19.3347	275.5993	5.0917	1
35.5	19.3446	276.3978	5.0943	1
35.6	19.3544	277.2792	5.0865	1
35.7	19.3641	278.096	5.088	1
35.8	19.3738	278.875	5.0939	1
35.9	19.3836	279.6973	5.0854	1
36	19.3932	280.6359	5.0921	1
36.1	19.4025	281.5461	5.0973	1
36.2	19.4117	282.276	5.0936	1
36.3	19.4209	283.1731	5.0938	1
36.4	19.4301	284.0536	5.0801	1
36.5	19.4393	284.9101	5.0757	1
36.6	19.4485	285.6842	5.0788	1
36.7	19.4576	286.5313	5.0788	1
36.8	19.4669	287.301	5.0759	1
36.9	19.4764	288.0985	5.0725	1
37	19.486	288.9423	5.071	1
37.1	19.4956	289.7931	5.0832	1
37.2	19.5047	290.6527	5.0912	1
37.3	19.514	291.4973	5.0968	1
37.4	19.5235	292.3005	5.084	1
37.5	19.533	293.074	5.0818	1
37.6	19.5425	293.9499	5.0781	1
37.7	19.5518	294.7998	5.0686	1
37.8	19.5612	295.6026	5.0601	1
37.9	19.5705	296.5155	5.0735	1
38	19.5798	297.3363	5.0824	1
38.1	19.589	298.1126	5.0824	1
38.2	19.5982	298.9435	5.0817	1
38.3	19.6074	299.8059	5.0851	1
38.4	19.6165	300.6788	5.075	1
38.5	19.6259	301.4596	5.0576	1
38.6	19.6353	302.3062	5.0638	1
38.7	19.6446	303.1527	5.0773	1
38.8	19.6537	303.9762	5.0683	1
38.9	19.663	304.8107	5.0706	1
39	19.672	305.6291	5.0752	1
39.1	19.6813	306.4823	5.0799	1
39.2	19.6905	307.3031	5.0887	1
39.3	19.6996	308.1107	5.0919	1
39.4	19.7085	308.9693	5.0887	1
39.5	19.7178	309.7571	5.0894	1
39.6	19.7272	310.6272	5.091	1
39.7	19.7365	311.4117	5.0962	1
39.8	19.7459	312.2497	5.0984	1
39.9	19.7555	313.0983	5.096	1
40	19.7648	313.9272	5.1027	1
40.1	19.7742	314.7238	5.1125	1
40.2	19.7837	315.5693	5.1008	1
40.3	19.7932	316.4549	5.0826	1
40.4	19.8023	317.3052	5.0844	1
40.5	19.8115	318.1325	5.0873	1
40.6	19.8206	318.9657	5.0742	1
40.7	19.8299	319.7456	5.0621	1
40.8	19.8393	320.583	5.0682	1
40.9	19.8489	321.333	5.0677	1
41	19.859	322.1596	5.0633	1
41.1	19.8688	323.0679	5.0619	1
41.2	19.8786	323.8454	5.0707	1
41.3	19.8884	324.7012	5.0777	1
41.4	19.898	325.5474	5.0725	1
41.5	19.9074	326.4544	5.0738	1
41.6	19.9168	327.2337	5.0804	1
41.7	19.9264	327.9921	5.0797	1
41.8	19.9363	328.8112	5.0945	1
41.9	19.9463	329.7066	5.1006	1
42	19.9562	330.5206	5.0987	1
42.1	19.9658	331.4076	5.107	1
42.2	19.9752	332.2633	5.1085	1
42.3	19.9844	333.1366	5.1141	1
42.4	19.9936	334.0123	5.1232	1
42.5	20.0027	334.8754	5.139	1
42.6	20.0117	335.7114	5.1283	1
42.7	20.0206	336.532	5.1169	1
42.8	20.0294	337.4103	5.1128	1
42.9	20.0383	338.2211	5.1095	1
43	20.0471	339.0911	5.1087	1
43.1	20.0557	339.9424	5.1143	1
43.2	20.0638	340.812	5.1297	1
43.3	20.0722	341.6683	5.1381	1
43.4	20.0809	342.4133	5.1263	1
43.5	20.0896	343.2426	5.1136	1
43.6	20.0981	343.9781	5.1146	1
43.7	20.107	344.8194	5.1089	1
43.8	20.1161	345.6156	5.1013	1
43.9	20.1253	346.4064	5.1022	1
44	20.1347	347.3262	5.1013	1
44.1	20.1437	348.1914	5.1091	1
44.2	20.1527	349.0111	5.1077	1
44.3	20.1617	349.8616	5.0975	1
44.4	20.1703	350.7569	5.0966	1
44.5	20.1788	351.605	5.1036	1
44.6	20.1873	352.3935	5.1199	1
44.7	20.1961	353.2287	5.1273	1
44.8	20.2048	354.0634	5.1201	1
44.9	20.2133	354.9516	5.1119	1
45	20.2218	355.8245	5.0984	1
45.1	20.2304	356.5248	5.0817	1
45.2	20.239	357.3883	5.0798	1
45.3	20.2474	358.2701	5.0752	1
45.4	20.2558	359.1679	5.0751	1
45.5	20.2643	359.9119	5.0823	1
45.6	20.2726	360.7452	5.092	1
45.7	20.2812	361.5896	5.1103	1
45.8	20.2898	362.3056	5.1097	1
45.9	20.2988	363.206	5.0975	1
46	20.3078	363.9158	5.0942	1
46.1	20.3168	364.8508	5.0923	1
46.2	20.3256	365.6951	5.0934	1
46.3	20.3344	366.4462	5.0927	1
46.4	20.3433	367.3289	5.0914	1
46.5	20.3523	368.1214	5.0825	1
46.6	20.3615	368.9576	5.0902	1
46.7	20.3709	369.7648	5.1043	1
46.8	20.38	370.5785	5.1113	1
46.9	20.3893	371.4112	5.1067	1
47	20.3982	372.3295	5.1046	1
47.1	20.407	373.1728	5.1092	1
47.2	20.4158	374.0301	5.1039	1
47.3	20.4246	374.8375	5.1052	1
47.4	20.4337	375.6903	5.1086	1
47.5	20.4427	376.505	5.1005	1
47.6	20.4514	377.3378	5.093	1
47.7	20.4601	378.2962	5.1036	1
47.8	20.4685	379.1287	5.1035	1
47.9	20.4768	379.9474	5.0989	1
48	20.485	380.8601	5.0905	1
48.1	20.4929	381.6594	5.0874	1
48.2	20.5011	382.4865	5.0877	1
48.3	20.5094	383.3234	5.0954	1
48.4	20.5174	384.1911	5.098	1
48.5	20.5253	385.0301	5.0906	1
48.6	20.5333	385.8326	5.0914	1
48.7	20.5413	386.7077	5.0924	1
48.8	20.5494	387.5363	5.0899	1
48.9	20.5574	388.3685	5.0916	1
49	20.5654	389.1878	5.0947	1
49.1	20.5732	390.028	5.0979	1
49.2	20.5808	390.8867	5.1001	1
49.3	20.5888	391.6316	5.0912	1
49.4	20.5968	392.4843	5.0885	1
49.5	20.6049	393.3464	5.094	1
49.6	20.6127	394.1803	5.0981	1
49.7	20.6207	395.0436	5.1002	1
49.8	20.6285	395.785	5.0945	1
49.9	20.6366	396.6565	5.0892	1
50	20.6445	397.5166	5.0798	1
50.1	20.6525	398.348	5.0855	1
50.2	20.6605	399.2153	5.0983	1
50.3	20.6683	400.0443	5.0969	1
50.4	20.676	400.8531	5.0913	1
50.5	20.684	401.6513	5.0878	1
50.6	20.6918	402.5306	5.0922	1
50.7	20.6993	403.4273	5.1021	1
50.8	20.7069	404.1606	5.0951	1
50.9	20.7149	404.9597	5.0907	1
51	20.7227	405.899	5.0984	1
51.1	20.7301	406.7862	5.1045	1
51.2	20.7374	407.6503	5.0945	1
51.3	20.7451	408.3992	5.0957	1
51.4	20.7529	409.1202	5.1007	1
51.5	20.7607	410.0669	5.0966	1
51.6	20.7684	410.9133	5.0978	1
51.7	20.7758	411.7999	5.0922	1
51.8	20.7832	412.6665	5.0868	1
51.9	20.7903	413.4948	5.0936	1
52	20.7975	414.2581	5.0968	1
52.1	20.8052	414.9481	5.0863	1
52.2	20.8135	415.726	5.0755	1
52.3	20.8219	416.5249	5.0731	1
52.4	20.8305	417.2738	5.0694	1
52.5	20.8395	418.158	5.0677	1
52.6	20.8486	418.7849	5.0761	1
52.7	20.8579	419.7321	5.0903	1
52.8	20.8671	420.5808	5.0914	1
52.9	20.8763	421.2697	5.0855	1
53	20.886	422.0874	5.0811	1
53.1	20.8959	422.8478	5.0699	1
53.2	20.9056	423.7205	5.0705	1
53.3	20.9153	424.7081	5.0742	1
53.4	20.9248	425.4828	5.0782	1
53.5	20.9343	426.3761	5.081	1
53.6	20.9435	427.1656	5.0817	1
53.7	20.9526	428.078	5.0913	1
53.8	20.9621	428.9132	5.095	1
53.9	20.9715	429.7453	5.0777	1
54	20.9807	430.6341	5.076	1
54.1	20.9899	431.4017	5.0866	1
54.2	20.9993	432.2019	5.0802	1
54.3	21.0083	433.1104	5.0793	1
54.4	21.0172	434.0314	5.0833	1
54.5	21.0259	434.9045	5.0779	1
54.6	21.0345	435.7569	5.0752	1
54.7	21.0429	436.6283	5.0742	1
54.8	21.0512	437.4278	5.0675	1
54.9	21.0596	438.2664	5.0684	1
55	21.068	439.1452	5.083	1
55.1	21.0763	439.89	5.0872	1
55.2	21.085	440.6308	5.0824	1
55.3	21.0941	441.3267	5.0786	1
55.4	21.1033	442.2847	5.0785	1
55.5	21.1119	443.3184	5.0774	1
55.6	21.12	444.1478	5.0609	1
55.7	21.1281	444.9945	5.0518	1
55.8	21.1364	445.7466	5.0646	1
55.9	21.1449	446.5453	5.0859	1
56	21.1536	447.3574	5.0869	1
56.1	21.1622	448.2432	5.0722	1
56.2	21.1705	449.1668	5.06	1
56.3	21.1784	450.0313	5.0633	1
56.4	21.1862	450.8372	5.0708	1
56.5	21.1941	451.6737	5.0773	1
56.6	21.2019	452.4935	5.0875	1
56.7	21.21	453.3124	5.0985	1
56.8	21.2182	454.2166	5.0906	1
56.9	21.2259	455.1231	5.0848	1
57	21.2333	455.9672	5.0812	1
57.1	21.2409	456.7291	5.0654	1
57.2	21.2484	457.5383	5.0684	1
57.3	21.256	458.4053	5.082	1
57.4	21.264	459.1422	5.0735	1
57.5	21.2718	460.0084	5.0767	1
57.6	21.2794	460.9002	5.0786	1
57.7	21.2867	461.8337	5.0732	1
57.8	21.2941	462.6486	5.0757	1
57.9	21.3017	463.4366	5.0733	1
58	21.3087	464.4115	5.0792	1
58.1	21.3155	465.1117	5.0767	1
58.2	21.323	465.8679	5.0738	1
58.3	21.3308	466.7552	5.0798	1
58.4	21.338	467.6497	5.084	1
58.5	21.3452	468.4622	5.088	1
58.6	21.3528	469.1992	5.0798	1
58.7	21.3602	470.0583	5.0726	1
58.8	21.3674	470.9114	5.0723	1
58.9	21.375	471.6495	5.076	1
59	21.3827	472.498	5.0674	1
59.1	21.3903	473.3497	5.0616	1
59.2	21.3979	474.2494	5.072	1
59.3	21.4054	474.9841	5.0756	1
59.4	21.4131	475.7907	5.0649	1
59.5	21.4211	476.6501	5.0775	1
59.6	21.4288	477.5523	5.0858	1
59.7	21.4366	478.3613	5.0772	1
59.8	21.4443	479.1849	5.0721	1
59.9	21.4519	480.0546	5.0724	1
60	21.4594	480.919	5.0685	1
60.1	21.467	481.7426	5.0686	1
60.2	21.4745	482.5596	5.0659	1
60.3	21.4818	483.4256	5.0517	1
60.4	21.4894	484.2143	5.0489	1
60.5	21.497	485.0753	5.0498	1
60.6	21.5045	485.9093	5.0596	1
60.7	21.5118	486.7835	5.0644	1
60.8	21.5188	487.5966	5.0601	1
60.9	21.526	488.4365	5.0554	1
61	21.5333	489.2562	5.049	1
61.1	21.5404	490.1508	5.0452	1
61.2	21.5474	490.9913	5.0447	1
61.3	21.5547	491.8001	5.0557	1
61.4	21.5618	492.6183	5.0673	1
61.5	21.5688	493.4997	5.0542	1
61.6	21.576	494.2469	5.0441	1
61.7	21.5836	495.0168	5.0498	1
61.8	21.591	495.9696	5.0649	1
61.9	21.5981	496.7922	5.0639	1
62	21.6055	497.5285	5.0789	1
62.1	21.6133	498.2619	5.086	1
62.2	21.6213	499.0925	5.0758	1
62.3	21.6289	500.0783	5.0716	1
62.4	21.6362	500.922	5.0674	1
62.5	21.6435	501.7667	5.0642	1
62.6	21.6507	502.6502	5.0698	1
62.7	21.6577	503.4758	5.0668	1
62.8	21.6648	504.2118	5.0558	1
62.9	21.6723	504.9906	5.0788	1
63	21.6803	505.8127	5.0867	1
63.1	21.688	506.7124	5.0724	1
63.2	21.6956	507.4861	5.0639	1
63.3	21.7031	508.3651	5.0659	1
63.4	21.7105	509.2212	5.0727	1
63.5	21.7179	510.0394	5.0729	1
63.6	21.7257	510.887	5.0649	1
63.7	21.7333	511.6987	5.0638	1
63.8	21.7409	512.448	5.0664	1
63.9	21.7488	513.3026	5.0603	1
64	21.7566	514.0969	5.0574	1
64.1	21.7645	515.0121	5.0566	1
64.2	21.7721	515.8657	5.0487	1
64.3	21.7797	516.6456	5.0528	1
64.4	21.7873	517.4936	5.0741	1
64.5	21.7951	518.3119	5.0674	1
64.6	21.8026	519.1952	5.0454	1
64.7	21.8103	519.9802	5.0406	1
64.8	21.818	520.7859	5.0409	1
64.9	21.8256	521.6475	5.0463	1
65	21.8334	522.5134	5.0452	1
65.1	21.8409	523.4106	5.0485	1
65.2	21.8483	524.2376	5.0508	1
65.3	21.8556	525.0592	5.0583	1
65.4	21.863	525.8845	5.0539	1
65.5	21.8706	526.7258	5.0475	1
65.6	21.878	527.5651	5.0489	1
65.7	21.8855	528.372	5.0441	1
65.8	21.8933	529.1818	5.0365	1
65.9	21.9009	529.8827	5.0341	1
66	21.9089	530.7639	5.0315	1
66.1	21.917	531.6535	5.036	1
66.2	21.9249	532.3825	5.0513	1
66.3	21.933	533.2788	5.0557	1
66.4	21.9408	534.1318	5.0476	1
66.5	21.9487	534.9411	5.0481	1
66.6	21.9569	535.7246	5.0487	1
66.7	21.965	536.5703	5.0574	1
66.8	21.9735	537.3555	5.0626	1
66.9	21.9818	538.16	5.0597	1
67	21.9902	539.0691	5.0609	1
67.1	21.9984	539.9322	5.0597	1
67.2	22.0063	540.8621	5.0573	1
67.3	22.014	541.6505	5.0557	1
67.4	22.0216	542.4207	5.0498	1
67.5	22.0295	543.1462	5.0483	1
67.6	22.0375	544.1789	5.0569	1
67.7	22.0455	545.0641	5.0678	1
67.8	22.0534	545.8107	5.0745	1
67.9	22.0614	546.6384	5.0683	1
68	22.069	547.5106	5.0567	1
68.1	22.0764	548.4176	5.0378	1
68.2	22.0839	549.2563	5.0365	1
68.3	22.0911	550.1078	5.05	1
68.4	22.0981	551.0067	5.043	1
68.5	22.1051	551.7935	5.0427	1
68.6	22.1122	552.5993	5.0606	1
68.7	22.1195	553.4283	5.0694	1
68.8	22.1269	554.2566	5.0579	1
68.9	22.1341	555.1244	5.0614	1
69	22.1412	555.875	5.0604	1
69.1	22.1484	556.7967	5.0469	1
69.2	22.1553	557.7376	5.0449	1
69.3	22.162	558.5768	5.0564	1
69.4	22.1686	559.3948	5.0726	1
69.5	22.1753	560.2319	5.0624	1
69.6	22.1819	561.0148	5.0418	1
69.7	22.1884	561.9533	5.0434	1
69.8	22.1951	562.7408	5.0568	1
69.9	22.2018	563.4277	5.0744	1
70	22.2087	564.3193	5.0794	1
70.1	22.2157	565.1579	5.0763	1
70.2	22.2225	566.0417	5.0741	1
70.3	22.2292	566.8171	5.07	1
70.4	22.2359	567.6179	5.0654	1
70.5	22.2428	568.4606	5.0669	1
70.6	22.2498	569.3414	5.0713	1
70.7	22.2568	570.1699	5.0776	1
70.8	22.2635	571	5.0803	1
70.9	22.2702	571.8549	5.0639	1
71	22.2771	572.5995	5.067	1
71.1	22.2843	573.3894	5.0777	1
71.2	22.2915	574.2316	5.0643	1
71.3	22.2986	575.1523	5.0433	1
71.4	22.3054	575.9721	5.0494	1
71.5	22.3123	576.7852	5.0634	1
71.6	22.3192	577.6058	5.0625	1
71.7	22.3263	578.2956	5.0658	1
71.8	22.334	579.1738	5.0643	1
71.9	22.3416	579.9929	5.0552	1
72	22.3487	580.9622	5.0537	1
72.1	22.3557	581.8	5.0673	1
72.2	22.3626	582.6147	5.0712	1
72.3	22.37	583.4014	5.0759	1
72.4	22.3771	584.2585	5.0769	1
72.5	22.3842	584.9911	5.0747	1
72.6	22.3917	585.8465	5.08	1
72.7	22.3992	586.6654	5.0721	1
72.8	22.4068	587.4676	5.0706	1
72.9	22.4143	588.2763	5.0666	1
73	22.422	589.1146	5.0484	1
73.1	22.4294	590.0214	5.0461	1
73.2	22.4365	590.8306	5.042	1
73.3	22.4437	591.8358	5.0538	1
73.4	22.4507	592.7296	5.0579	1
73.5	22.4575	593.4864	5.0469	1
73.6	22.4642	594.2937	5.0453	1
73.7	22.4714	595.1237	5.0548	1
73.8	22.4786	595.9232	5.0521	1
73.9	22.4858	596.7527	5.04	1
74	22.4933	597.5019	5.0504	1
74.1	22.5008	598.3653	5.0592	1
74.2	22.5083	599.1898	5.063	1
74.3	22.5155	600.0347	5.0618	1
74.4	22.523	600.8749	5.0607	1
74.5	22.5305	601.6047	5.0701	1
74.6	22.538	602.5273	5.082	1
74.7	22.5455	603.2689	5.0805	1
74.8	22.5531	604.1804	5.0703	1
74.9	22.5609	604.9871	5.0639	1
75	22.5684	605.8519	5.0641	1
75.1	22.5757	606.7501	5.0638	1
75.2	22.5827	607.5602	5.0669	1
75.3	22.5898	608.4361	5.0704	1
75.4	22.5967	609.3644	5.0731	1
75.5	22.6034	610.194	5.0706	1
75.6	22.6103	610.947	5.079	1
75.7	22.6174	611.7421	5.0652	1
75.8	22.6245	612.5266	5.0663	1
75.9	22.6319	613.3119	5.0662	1
76	22.6397	614.0816	5.0572	1
76.1	22.6478	614.923	5.066	1
76.2	22.6556	615.8639	5.0694	1
76.3	22.663	616.7364	5.0774	1
76.4	22.6701	617.5759	5.0828	1
76.5	22.6773	618.3737	5.0704	1
76.6	22.6846	619.2222	5.0697	1
76.7	22.6919	620.0413	5.0765	1
76.8	22.6994	620.8894	5.0824	1
76.9	22.7068	621.7427	5.0824	1
77	22.714	622.5831	5.0832	1
77.1	22.7211	623.3791	5.0828	1
77.2	22.7283	624.2493	5.0657	1
77.3	22.7353	625.098	5.0654	1
77.4	22.742	625.9672	5.0737	1
77.5	22.749	626.8192	5.0894	1
77.6	22.756	627.587	5.0949	1
77.7	22.7629	628.4581	5.0802	1
77.8	22.7699	629.3256	5.0702	1
77.9	22.7771	630.0309	5.0669	1
78	22.7845	630.8581	5.0599	1
78.1	22.7917	631.7392	5.0716	1
78.2	22.7988	632.6047	5.0832	1
78.3	22.8059	633.4989	5.0931	1
78.4	22.8128	634.3279	5.0883	1
78.5	22.8194	635.1629	5.073	1
78.6	22.826	636.1013	5.0634	1
78.7	22.8323	636.9004	5.0751	1
78.8	22.8388	637.6334	5.08	1
78.9	22.8457	638.4397	5.0624	1
79	22.8527	639.2779	5.0529	1
79.1	22.8598	640.1116	5.0645	1
79.2	22.8669	640.898	5.0698	1
79.3	22.874	641.8156	5.0658	1
79.4	22.8809	642.6336	5.0601	1
79.5	22.8875	643.5066	5.0726	1
79.6	22.8939	644.4342	5.0714	1
79.7	22.9003	645.2067	5.0701	1
79.8	22.9069	646.0908	5.0648	1
79.9	22.9134	646.827	5.0661	1
80	22.9201	647.6563	5.0665	1
80.1	22.9269	648.4744	5.0572	1
80.2	22.9334	649.3725	5.0602	1
80.3	22.94	650.1642	5.0671	1
80.4	22.9467	650.9819	5.0588	1
80.5	22.9535	651.7423	5.0439	1
80.6	22.9605	652.6246	5.0542	1
80.7	22.9675	653.4457	5.0628	1
80.8	22.9745	654.2773	5.0665	1
80.9	22.9816	655.1328	5.0614	1
81	22.9885	655.9478	5.0451	1
81.1	22.9955	656.7666	5.0514	1
81.2	23.0024	657.6887	5.064	1
81.3	23.0091	658.5245	5.0588	1
81.4	23.0155	659.4244	5.0565	1
81.5	23.0219	660.2423	5.0617	1
81.6	23.0282	660.9613	5.055	1
81.7	23.0349	661.874	5.0591	1
81.8	23.0415	662.6263	5.0671	1
81.9	23.048	663.5275	5.06	1
82	23.0543	664.3729	5.0574	1
82.1	23.0606	665.2743	5.0625	1
82.2	23.0668	666.0864	5.0598	1
82.3	23.0731	666.9847	5.0568	1
82.4	23.0789	667.8542	5.0609	1
82.5	23.0846	668.6858	5.0635	1
82.6	23.0906	669.3662	5.0622	1
82.7	23.0968	670.2023	5.0584	1
82.8	23.1028	671.1618	5.0598	1
82.9	23.1088	671.9406	5.0668	1
83	23.1149	672.7939	5.076	1
83.1	23.1211	673.565	5.077	1
83.2	23.1272	674.4231	5.0804	1
83.3	23.1334	675.2869	5.0919	1
83.4	23.1394	676.0906	5.0903	1
83.5	23.1456	676.9023	5.0906	1
83.6	23.1516	677.7296	5.0883	1
83.7	23.1576	678.5688	5.0889	1
83.8	23.1636	679.484	5.0896	1
83.9	23.1693	680.3025	5.0782	1
84	23.1751	681.1752	5.0718	1
84.1	23.1808	681.9724	5.0754	1
84.2	23.1869	682.7133	5.0783	1
84.3	23.1931	683.6041	5.0757	1
84.4	23.1993	684.424	5.0592	1
84.5	23.2052	685.3039	5.0552	1
84.6	23.2114	686.0358	5.0668	1
84.7	23.2176	686.9726	5.0721	1
84.8	23.2237	687.7361	5.0777	1
84.9	23.2301	688.4493	5.0834	1
85	23.2372	689.1861	5.0762	1
85.1	23.2446	689.9867	5.0754	1
85.2	23.2521	690.7832	5.0714	1
85.3	23.2594	691.6438	5.0721	1
85.4	23.2663	692.6362	5.0608	1
85.5	23.2729	693.4862	5.0454	1
85.6	23.2797	694.2327	5.0536	1
85.7	23.2869	695.0214	5.0668	1
85.8	23.2943	695.8031	5.0599	1
85.9	23.3017	696.6611	5.0497	1
86	23.3089	697.4846	5.0724	1
86.1	23.3163	698.2822	5.083	1
86.2	23.3237	699.1297	5.069	1
86.3	23.3312	700.0128	5.0863	1
86.4	23.3385	700.901	5.1066	1
86.5	23.3455	701.753	5.092	1
86.6	23.3522	702.641	5.0913	1
86.7	23.3589	703.3945	5.1055	1
86.8	23.3659	704.289	5.0944	1
86.9	23.3727	705.0954	5.0853	1
87	23.3795	705.95	5.0789	1
87.1	23.3863	706.8018	5.0616	1
87.2	23.3933	707.6254	5.077	1
87.3	23.4	708.4743	5.0866	1
87.4	23.4067	709.2999	5.0735	1
87.5	23.4132	710.1913	5.0804	1
87.6	23.4195	711.0409	5.0871	1
87.7	23.426	711.8744	5.087	1
87.8	23.4323	712.6744	5.0958	1
87.9	23.4388	713.5784	5.1052	1
88	23.4453	714.3667	5.0977	1
88.1	23.4517	715.1547	5.0697	1
88.2	23.4581	716	5.0613	1
88.3	23.4646	716.8064	5.0736	1
88.4	23.4711	717.696	5.0756	1
88.5	23.4777	718.5589	5.0753	1
88.6	23.4842	719.3172	5.0812	1
88.7	23.4908	720.1696	5.0775	1
88.8	23.4977	720.9747	5.079	1
88.9	23.5043	721.8319	5.0962	1
89	23.5107	722.6864	5.0911	1
89.1	23.5174	723.5189	5.0729	1
89.2	23.5237	724.3946	5.0689	1
89.3	23.53	725.2003	5.0629	1
89.4	23.5361	726.0295	5.0667	1
89.5	23.5422	726.9697	5.0729	1
89.6	23.5482	727.7619	5.0733	1
89.7	23.5542	728.5936	5.0649	1
89.8	23.5599	729.4593	5.0564	1
89.9	23.5658	730.3017	5.0552	1
90	23.5718	731.1102	5.0551	1
90.1	23.5781	731.8762	5.0717	1
90.2	23.5845	732.6929	5.0683	1
90.3	23.591	733.4108	5.0802	1
90.4	23.598	734.1885	5.0833	1
90.5	23.6051	735.0537	5.0815	1
90.6	23.6122	735.8845	5.074	1
90.7	23.6194	736.6447	5.0644	1
90.8	23.6268	737.4928	5.0752	1
90.9	23.6341	738.2953	5.0933	1
91	23.6413	739.1718	5.091	1
91.1	23.6486	740.0981	5.0787	1
91.2	23.6554	740.9308	5.0721	1
91.3	23.6621	741.7877	5.0799	1
91.4	23.6692	742.4114	5.0793	1
91.5	23.6769	743.1778	5.064	1
91.6	23.6851	743.9986	5.0504	1
91.7	23.6934	744.8236	5.0431	1
91.8	23.7014	745.7326	5.0503	1
91.9	23.7092	746.6516	5.0559	1
92	23.7167	747.4486	5.0616	1
92.1	23.7242	748.3413	5.0609	1
92.2	23.7317	749.1438	5.0488	1
92.3	23.7394	749.9166	5.05	1
92.4	23.7468	750.7973	5.0514	1
92.5	23.7535	751.6763	5.0551	1
92.6	23.7604	752.4576	5.0581	1
92.7	23.7679	753.3253	5.072	1
92.8	23.7753	754.2138	5.0698	1
92.9	23.7825	755.0662	5.0644	1
93	23.7898	755.8389	5.0723	1
93.1	23.7971	756.7203	5.0765	1
93.2	23.8043	757.5506	5.0853	1
93.3	23.8114	758.3675	5.0807	1
93.4	23.8188	759.1497	5.0875	1
93.5	23.8263	759.9921	5.0919	1
93.6	23.8339	760.7673	5.0948	1
93.7	23.8416	761.5414	5.0998	1
93.8	23.8498	762.2983	5.0834	1
93.9	23.8579	763.157	5.0704	1
94	23.8656	764.142	5.0936	1
94.1	23.8731	765.0792	5.1028	1
94.2	23.8803	765.9114	5.0945	1
94.3	23.8874	766.742	5.0862	1
94.4	23.8946	767.5472	5.0911	1
94.5	23.9015	768.4069	5.0881	1
94.6	23.9085	769.3074	5.0759	1
94.7	23.9152	770.1975	5.0723	1
94.8	23.9218	771.0364	5.0811	1
94.9	23.9287	771.8078	5.086	1
95	23.9356	772.5673	5.0935	1
95.1	23.9427	773.414	5.0797	1
95.2	23.9499	774.2274	5.0684	1
95.3	23.9569	775.0742	5.0696	1
95.4	23.964	775.9053	5.0726	1
95.5	23.9712	776.621	5.0706	1
95.6	23.9785	777.5503	5.0718	1
95.7	23.9856	778.4169	5.0696	1
95.8	23.9922	779.3194	5.0655	1
95.9	23.999	780.1875	5.0733	1
96	24.006	780.9543	5.0805	1
96.1	24.0127	781.8777	5.0694	1
96.2	24.0192	782.6536	5.0659	1
96.3	24.026	783.4632	5.0758	1
96.4	24.0328	784.2849	5.0715	1
96.5	24.0395	785.1296	5.0725	1
96.6	24.0462	785.956	5.0777	1
96.7	24.0532	786.7441	5.0857	1
96.8	24.0602	787.49	5.0763	1
96.9	24.0672	788.398	5.0585	1
97	24.0743	789.2716	5.0531	1
97.1	24.0815	790.0773	5.0476	1
97.2	24.0886	790.8955	5.0596	1
97.3	24.0958	791.7049	5.0544	1
97.4	24.1033	792.419	5.0347	1
97.5	24.1111	793.2001	5.0318	1
97.6	24.1191	794.0484	5.0376	1
97.7	24.127	794.9239	5.0519	1
97.8	24.1346	795.7954	5.0488	1
97.9	24.1423	796.6186	5.0264	1
98	24.1498	797.466	5.0274	1
98.1	24.1575	798.2155	5.0358	1
98.2	24.1652	799.0144	5.0484	1
98.3	24.1733	799.8821	5.0546	1
98.4	24.1815	800.7209	5.0618	1
98.5	24.1894	801.6283	5.0626	1
98.6	24.1971	802.4778	5.0643	1
98.7	24.2044	803.4009	5.0593	1
98.8	24.2119	804.1296	5.0645	1
98.9	24.2195	804.9736	5.0786	1
99	24.2271	805.8394	5.0814	1
99.1	24.2342	806.7593	5.0863	1
99.2	24.2412	807.5963	5.094	1
99.3	24.2485	808.3318	5.0962	1
99.4	24.2562	809.0878	5.0892	1
99.5	24.2639	809.9781	5.0734	1
99.6	24.2716	810.7706	5.0785	1
99.7	24.2792	811.6529	5.0711	1
99.8	24.2868	812.4598	5.0694	1
99.9	24.2943	813.3532	5.076	1
100	24.3017	814.2296	5.0703	1
100.1	24.3092	814.9753	5.0735	1
100.2	24.3167	815.8585	5.0873	1
100.3	24.324	816.7154	5.08	1
100.4	24.331	817.5775	5.0667	1
100.5	24.3381	818.3867	5.0673	1
100.6	24.3455	819.1619	5.0574	1
100.7	24.353	819.98	5.0612	1
100.8	24.3608	820.7837	5.0799	1
100.9	24.3686	821.5457	5.0762	1
101	24.3765	822.452	5.0666	1
101.1	24.384	823.3633	5.0745	1
101.2	24.3912	824.204	5.0829	1
101.3	24.3985	825.0637	5.0942	1
101.4	24.4055	825.9141	5.0906	1
101.5	24.4125	826.8128	5.088	1
101.6	24.4196	827.5298	5.0825	1
101.7	24.427	828.276	5.0726	1
101.8	24.4347	829.1825	5.0666	1
101.9	24.4421	830.044	5.0558	1
102	24.4494	830.8708	5.0577	1
102.1	24.4566	831.7533	5.0441	1
102.2	24.4636	832.5501	5.0516	1
102.3	24.4705	833.4705	5.071	1
102.4	24.4774	834.35	5.0812	1
102.5	24.4842	835.1018	5.0712	1
102.6	24.491	835.9971	5.0681	1
102.7	24.4977	836.8134	5.0709	1
102.8	24.5042	837.6436	5.0564	1
102.9	24.5111	838.4553	5.0469	1
103	24.5183	839.2728	5.0539	1
103.1	24.5251	840.1636	5.0456	1
103.2	24.5316	841.0405	5.0442	1
103.3	24.538	841.8851	5.0416	1
103.4	24.5444	842.7316	5.0487	1
103.5	24.5511	843.4292	5.0553	1
103.6	24.5579	844.286	5.0578	1
103.7	24.5647	845.1795	5.056	1
103.8	24.5712	845.9963	5.0519	1
103.9	24.5776	846.7852	5.053	1
104	24.5843	847.5559	5.0571	1
104.1	24.5911	848.4783	5.0509	1
104.2	24.5975	849.3473	5.0408	1
104.3	24.6039	850.2605	5.0392	1
104.4	24.6104	851.0099	5.0355	1
104.5	24.6167	851.9332	5.0315	1
104.6	24.6227	852.7606	5.0347	1
104.7	24.6289	853.5764	5.0376	1
104.8	24.6355	854.3418	5.0384	1
104.9	24.6426	854.9943	5.0343	1
105	24.6502	855.6552	5.023	1
105.1	24.6586	856.3261	5.0075	1
105.2	24.6674	857.0899	5.0064	1
105.3	24.6758	858.2569	5.0269	1
105.4	24.682	859.6374	5.0418	1
105.5	24.6864	860.711	5.0424	1
105.6	24.6908	861.4343	5.0291	1
105.7	24.6956	862.2109	5.0279	1
105.8	24.7006	862.9861	5.0442	1
105.9	24.7062	863.6185	5.0452	1
106	24.7123	864.3955	5.0378	1
106.1	24.7185	865.199	5.0399	1
106.2	24.7247	866.0394	5.047	1
106.3	24.731	866.81	5.0501	1
106.4	24.7375	867.6769	5.0492	1
106.5	24.744	868.6	5.0477	1
106.6	24.7503	869.4403	5.0576	1
106.7	24.7564	870.2129	5.0664	1
106.8	24.7626	871.0115	5.0504	1
106.9	24.7689	871.8745	5.0506	1
107	24.7751	872.6656	5.0571	1
107.1	24.7814	873.499	5.0634	1
107.2	24.7877	874.3283	5.056	1
107.3	24.7943	875.1174	5.0455	1
107.4	24.8012	875.8973	5.0477	1
107.5	24.8082	876.7385	5.0526	1
107.6	24.8148	877.6056	5.0632	1
107.7	24.8214	878.461	5.0492	1
107.8	24.8283	879.2358	5.0473	1
107.9	24.835	880.1675	5.0514	1
108	24.8414	881.0818	5.0493	1
108.1	24.8476	881.8451	5.0584	1
108.2	24.8542	882.689	5.067	1
108.3	24.8605	883.518	5.0622	1
108.4	24.8666	884.4222	5.0555	1
108.5	24.8726	885.2829	5.0527	1
108.6	24.8785	886.074	5.0476	1
108.7	24.8843	887.0141	5.0462	1
108.8	24.8899	887.8577	5.0537	1
108.9	24.8955	888.6468	5.0482	1
109	24.9016	889.4603	5.0442	1
109.1	24.9075	890.2214	5.0471	1
109.2	24.9133	891.1733	5.0443	1
109.3	24.9189	892.0414	5.044	1
109.4	24.9247	892.7444	5.0418	1
109.5	24.9311	893.4339	5.046	1
109.6	24.9383	894.0979	5.0627	1
109.7	24.9463	894.8054	5.0639	1
109.8	24.9544	895.6144	5.068	1
109.9	24.9622	896.597	5.067	1
110	24.9695	897.5465	5.0541	1
110.1	24.9764	898.3709	5.047	1
110.2	24.9835	899.2404	5.0538	1
110.3	24.9906	899.9903	5.0625	1
110.4	24.9977	900.8161	5.0578	1
110.5	25.0051	901.6703	5.0493	1
110.6	25.0124	902.4454	5.0361	1
110.7	25.0199	903.3231	5.04	1
110.8	25.0272	904.2033	5.0511	1
110.9	25.0342	905.0598	5.0537	1
111	25.0413	905.8139	5.0436	1
111.1	25.0485	906.7033	5.026	1
111.2	25.0556	907.6452	5.0349	1
111.3	25.0623	908.4503	5.0393	1
111.4	25.0686	909.4457	5.0446	1
111.5	25.0744	910.3919	5.0569	1
111.6	25.0796	911.3255	5.053	1
111.7	25.0839	912.3671	5.0451	1
111.8	25.0873	913.3948	5.0336	1
111.9	25.0902	914.2239	5.0384	1
112	25.0941	914.7382	5.0531	1
112.1	25.1002	915.032	5.0605	1
112.2	25.1079	915.6115	5.0496	1
112.3	25.1164	916.4142	5.0523	1
112.4	25.1252	917.1662	5.0561	1
112.5	25.1337	918.0357	5.0592	1
112.6	25.1419	918.8509	5.0469	1
112.7	25.1499	919.8753	5.0463	1
112.8	25.1577	920.8702	5.0539	1
112.9	25.165	921.7056	5.0643	1
113	25.1719	922.553	5.0581	1
113.1	25.1789	923.3769	5.0368	1
113.2	25.1859	924.1772	5.0252	1
113.3	25.1929	925.0852	5.025	1
113.4	25.1997	925.8725	5.0228	1
113.5	25.2065	926.8052	5.0401	1
113.6	25.2132	927.6282	5.0649	1
113.7	25.22	928.3963	5.0736	1
113.8	25.2269	929.3371	5.0702	1
113.9	25.2335	930.1687	5.0608	1
114	25.2397	930.9656	5.0484	1
114.1	25.2462	931.8413	5.0437	1
114.2	25.2529	932.6796	5.0375	1
114.3	25.2593	933.5178	5.0276	1
114.4	25.2654	934.415	5.0254	1
114.5	25.2714	935.2044	5.0323	1
114.6	25.2774	936.0877	5.0417	1
114.7	25.2838	936.8872	5.0384	1
114.8	25.29	937.8117	5.0331	1
114.9	25.2959	938.6045	5.0428	1
115	25.3016	939.4183	5.0442	1
115.1	25.3075	940.3566	5.0393	1
115.2	25.3129	941.3076	5.049	1
115.3	25.3183	941.9339	5.0558	1
115.4	25.3246	942.6665	5.0551	1
115.5	25.3306	943.6389	5.0637	1
115.6	25.3364	944.497	5.0647	1
115.7	25.3425	945.2106	5.068	1
115.8	25.3486	946.045	5.0601	1
115.9	25.3546	947.001	5.0462	1
116	25.3605	947.7297	5.0421	1
116.1	25.3668	948.5143	5.0611	1
116.2	25.3732	949.3898	5.0594	1
116.3	25.3792	950.1945	5.0571	1
116.4	25.3852	951.1593	5.0556	1
116.5	25.3909	951.9595	5.0482	1
116.6	25.3966	952.8269	5.0508	1
116.7	25.4025	953.5279	5.0573	1
116.8	25.4086	954.2604	5.0549	1
116.9	25.4154	955.0475	5.052	1
117	25.422	955.9802	5.0521	1
117.1	25.4286	956.872	5.046	1
117.2	25.4354	957.5344	5.0497	1
117.3	25.4423	958.3444	5.0424	1
117.4	25.4493	959.1072	5.0458	1
117.5	25.4567	959.9297	5.0549	1
117.6	25.4645	960.7498	5.0665	1
117.7	25.4722	961.4922	5.0637	1
117.8	25.4801	962.3092	5.0559	1
117.9	25.4881	963.1633	5.0489	1
118	25.4955	964.1848	5.0574	1
118.1	25.5023	965.195	5.0742	1
118.2	25.5079	966.2549	5.0741	1
118.3	25.5128	967.2985	5.0783	1
118.4	25.5176	967.9271	5.0782	1
118.5	25.523	968.7239	5.079	1
118.6	25.5289	969.3632	5.0716	1
118.7	25.535	970.2354	5.069	1
118.8	25.5417	970.9948	5.0709	1
118.9	25.5481	971.7808	5.0534	1
119	25.5548	972.5423	5.0535	1
119.1	25.5618	973.4141	5.0659	1
119.2	25.5684	974.311	5.0757	1
119.3	25.5747	975.2169	5.0788	1
119.4	25.5814	975.9082	5.0751	1
119.5	25.5878	976.8001	5.0663	1
119.6	25.5944	977.651	5.0686	1
119.7	25.6009	978.4411	5.0734	1
119.8	25.6075	979.3297	5.0697	1
119.9	25.614	980.0607	5.0697	1
120	25.6204	980.9732	5.0656	1
120.1	25.627	981.8735	5.061	1
120.2	25.6335	982.5811	5.0648	1
120.3	25.6404	983.4184	5.0756	1
120.4	25.6476	984.1184	5.0665	1
120.5	25.6551	984.8017	5.0688	1
120.6	25.6633	985.6233	5.0656	1
120.7	25.6717	986.4462	5.0686	1
120.8	25.6798	987.2725	5.0782	1
120.9	25.6878	988.1072	5.0769	1
121	25.6962	988.9418	5.0763	1
121.1	25.7044	989.8657	5.0797	1
121.2	25.7122	990.7075	5.06	1
121.3	25.72	991.5545	5.0564	1
121.4	25.728	992.3965	5.0646	1
121.5	25.7357	993.2406	5.0652	1
121.6	25.7434	994.0737	5.0741	1
121.7	25.7512	994.9323	5.071	1
121.8	25.7585	995.8806	5.0664	2
121.9	25.7654	996.8114	5.0503	2
122	25.7722	997.6389	5.0531	2
122.1	25.779	998.4542	5.0669	2
122.2	25.7857	999.0826	5.0634	2
122.3	25.7926	999.3176	5.0582	2
122.4	25.7994	999.3055	5.0585	2
122.5	25.8057	999.373	5.0628	2
122.6	25.8116	999.375	5.0723	2
122.7	25.8171	999.5332	5.0786	2
122.8	25.8225	999.497	5.0894	2
122.9	25.828	999.4743	5.0906	2
123	25.834	999.3659	5.0731	2
123.1	25.8398	999.4318	5.0685	2
123.2	25.8452	999.507	5.0692	2
123.3	25.8508	999.4308	5.0664	2
123.4	25.8564	999.4542	5.0614	2
123.5	25.8621	999.4473	5.0497	2
123.6	25.8674	999.5168	5.0649	2
123.7	25.8723	999.5834	5.0693	2
123.8	25.8771	999.5046	5.0635	2
123.9	25.8818	999.6695	5.0562	2
124	25.8864	999.6971	5.0522	2
124.1	25.8906	999.7631	5.0439	2
124.2	25.8945	999.7962	5.0562	2
124.3	25.8983	999.7849	5.0647	2
124.4	25.9019	999.8343	5.0578	2
124.5	25.9054	999.8535	5.0532	2
124.6	25.9089	999.8451	5.0496	2
124.7	25.9126	999.7709	5.0463	2
124.8	25.9161	999.9042	5.0488	2
124.9	25.9195	999.8314	5.0501	2
125	25.9231	999.7243	5.0689	2
125.1	25.9269	999.7627	5.0713	2
125.2	25.9305	999.7473	5.067	2
125.3	25.9342	999.7733	5.0606	2
125.4	25.9382	999.7586	5.05	2
125.5	25.942	999.7307	5.0441	2
125.6	25.9455	999.8188	5.0442	2
125.7	25.949	999.7588	5.0395	2
125.8	25.9526	999.7302	5.0494	2
125.9	25.9562	999.8191	5.0479	2
126	25.9594	999.8035	5.0407	2
126.1	25.9626	999.8302	5.0424	2
126.2	25.9659	999.8537	5.0366	2
126.3	25.9689	999.9318	5.0402	2
126.4	25.9718	999.8997	5.0314	2
126.5	25.9748	999.8131	5.0255	2
126.6	25.978	999.8555	5.034	2
126.7	25.981	999.8544	5.04	2
126.8	25.9839	999.9919	5.04	2
126.9	25.9867	999.892	5.0467	2
127	25.9895	999.9627	5.0415	2
127.1	25.9925	999.8467	5.0306	2
127.2	25.9955	999.7694	5.0223	2
127.3	25.9991	999.6821	5.0221	2
127.4	26.0028	999.7545	5.0307	2
127.5	26.0068	999.7226	5.0376	2
127.6	26.0105	999.6664	5.0413	2
127.7	26.014	999.7702	5.0329	2
127.8	26.0174	999.8272	5.034	2
127.9	26.0203	999.8577	5.0269	2
128	26.0232	999.9041	5.0227	2
128.1	26.0263	999.7805	5.0191	2
128.2	26.0296	999.8104	5.0174	2
128.3	26.033	999.7507	5.0183	2
128.4	26.0362	999.7722	5.0188	2
128.5	26.0393	999.8704	5.0277	2
128.6	26.0424	999.7953	5.0363	2
128.7	26.0453	999.9394	5.0382	2
128.8	26.0481	999.8973	5.0492	2
128.9	26.0504	999.9184	5.0462	2
129	26.0532	999.9442	5.0494	2
129.1	26.056	999.8486	5.0613	2
129.2	26.0581	1000.0924	5.0568	2
129.3	26.0604	1000.0236	5.0437	2
129.4	26.0621	1000.0877	5.0373	2
129.5	26.0641	1000.1352	5.0466	2
129.6	26.0658	1000.0301	5.0409	2
129.7	26.0676	1000.1246	5.0406	2
129.8	26.0698	999.9656	5.0439	2
129.9	26.0717	1000.1337	5.0419	2
130	26.0732	1000.1863	5.0402	2
130.1	26.0747	1000.0529	5.0362	2
130.2	26.0768	999.9779	5.0448	2
130.3	26.0793	999.953	5.0526	2
130.4	26.0813	1000.0472	5.0495	2
130.5	26.0828	1000.018	5.0405	2
130.6	26.0846	999.986	5.0434	2
130.7	26.087	1000.0189	5.043	2
130.8	26.0888	1000.0932	5.039	2
130.9	26.0903	1000.1446	5.0414	2
131	26.0919	999.9209	5.0447	2
131.1	26.0941	999.9927	5.0486	2
131.2	26.0961	1000.0312	5.0454	2
131.3	26.0976	1000.143	5.0514	2
131.4	26.0992	1000.0879	5.0515	2
131.5	26.1011	1000.0637	5.0526	2
131.6	26.1029	1000.1288	5.0679	2
131.7	26.1041	1000.1094	5.0725	2
131.8	26.1053	1000.0514	5.0589	2
131.9	26.1069	1000.1336	5.0467	2
132	26.1084	1000.0736	5.0379	2
132.1	26.1099	1000.1173	5.0318	2
132.2	26.1114	1000.0529	5.0282	2
132.3	26.1128	1000.1068	5.0244	2
132.4	26.1142	1000.1475	5.0335	2
132.5	26.1155	1000.1353	5.0328	2
132.6	26.117	1000.0705	5.0303	2
132.7	26.1188	1000.0095	5.0431	2
132.8	26.1205	1000.0395	5.0638	2
132.9	26.1222	1000.0123	5.0635	2
133	26.124	999.9761	5.0549	2
133.1	26.1257	1000.0963	5.0511	2
133.2	26.1271	1000.0975	5.0653	2
133.3	26.1283	1000.1226	5.0645	2
133.4	26.1297	1000.0145	5.0603	2
133.5	26.1313	1000.1208	5.0605	2
133.6	26.1328	1000.1573	5.0549	2
133.7	26.134	999.9706	5.0558	2
133.8	26.1358	999.9767	5.0564	2
133.9	26.1378	999.9762	5.0499	2
134	26.1392	1000.1024	5.0376	2
134.1	26.1407	1000.0846	5.0379	2
134.2	26.1423	1000.0337	5.0488	2
134.3	26.1442	1000.1406	5.0335	2
134.4	26.1456	1000.1189	5.0406	2
134.5	26.1466	1000.1458	5.0515	2
134.6	26.148	1000.004	5.0418	2
134.7	26.1495	1000.0312	5.0374	2
134.8	26.151	1000.1728	5.0627	2
134.9	26.1522	1000.0874	5.0815	2
135	26.1536	1000.0865	5.0756	2
135.1	26.1552	1000.0248	5.0667	2
135.2	26.1565	1000.1083	5.0658	2
135.3	26.1574	1000.1857	5.0639	2
135.4	26.1584	1000.1644	5.0581	2
135.5	26.1593	1000.1012	5.0505	2
135.6	26.1604	1000.1054	5.0418	2
135.7	26.1617	1000.017	5.0338	2
135.8	26.1633	1000.0735	5.0358	2
135.9	26.1647	1000.1446	5.0365	2
136	26.1658	1000.0636	5.0335	2
136.1	26.167	1000.0751	5.0307	2
136.2	26.1685	1000.0202	5.0341	2
136.3	26.1698	1000.1079	5.0445	2
136.4	26.171	1000.1478	5.0473	2
136.5	26.1722	1000.0854	5.052	2
136.6	26.1736	1000.0158	5.0423	2
136.7	26.1749	1000.0517	5.0306	2
136.8	26.176	1000.1999	5.0524	2
136.9	26.1769	1000.0638	5.0693	2
137	26.1781	1000.0856	5.0629	2
137.1	26.1795	1000.08	5.0609	2
137.2	26.1806	1000.0679	5.0556	2
137.3	26.1819	1000.1138	5.0552	2
137.4	26.1832	1000.0593	5.0534	2
137.5	26.1844	1000.0262	5.0416	2
137.6	26.1856	1000.0939	5.0347	2
137.7	26.187	1000.0176	5.0298	2
137.8	26.1886	999.9885	5.023	2
137.9	26.1902	1000.0773	5.0361	2
138	26.1914	1000.0431	5.0515	2
138.1	26.1931	999.9779	5.06	2
138.2	26.1953	999.7652	5.0603	2
138.3	26.198	999.8515	5.0558	2
138.4	26.2004	999.8947	5.0566	2
138.5	26.2026	999.7832	5.0504	2
138.6	26.2054	999.7661	5.0487	2
138.7	26.2082	999.7212	5.0692	2
138.8	26.2107	999.7838	5.0812	2
138.9	26.2132	999.8089	5.0839	2
139	26.2157	999.8272	5.0846	2
139.1	26.2182	999.7879	5.0835	2
139.2	26.2207	999.8775	5.0915	2
139.3	26.2227	999.9311	5.0937	2
139.4	26.2244	1000.0404	5.0882	2
139.5	26.226	999.9917	5.0989	2
139.6	26.2275	999.9771	5.0985	2
139.7	26.2291	999.9691	5.0901	2
139.8	26.2309	999.9848	5.0843	2
139.9	26.2321	1000.0902	5.0806	2
140	26.2333	1000.1533	5.0749	2
140.1	26.2346	1000.0137	5.0691	2
140.2	26.2362	999.9954	5.0652	2
140.3	26.2381	999.9642	5.0616	2
140.4	26.2399	999.8832	5.0629	2
140.5	26.2419	999.9219	5.0609	2
140.6	26.2437	1000.0294	5.059	2
140.7	26.2451	1000.0195	5.0655	2
140.8	26.2463	1000.0468	5.0879	2
140.9	26.2475	1000.1155	5.0927	2
141	26.2489	1000.0335	5.0797	2
141.1	26.2505	999.985	5.0768	2
141.2	26.2523	999.9721	5.0766	2
141.3	26.2542	999.8776	5.0724	2
141.4	26.2562	999.9923	5.0807	2
141.5	26.2577	999.9992	5.0838	2
141.6	26.259	1000.0747	5.0724	2
141.7	26.2604	1000.0251	5.0596	2
141.8	26.2614	1000.1065	5.0542	2
141.9	26.2624	1000.1172	5.0584	2
142	26.2637	1000.0725	5.0592	2
142.1	26.2651	1000.0396	5.0536	2
142.2	26.2663	1000.1629	5.061	2
142.3	26.2668	1000.2442	5.0639	2
142.4	26.2672	1000.2204	5.0619	2
142.5	26.2679	1000.2052	5.0689	2
142.6	26.2687	1000.1177	5.0636	2
142.7	26.2692	1000.2379	5.0604	2
142.8	26.2699	1000.1722	5.0688	2
142.9	26.2705	1000.1548	5.064	2
143	26.271	1000.2619	5.0647	2
143.1	26.2715	1000.2364	5.0678	2
143.2	26.2719	1000.2737	5.0897	2
143.3	26.2725	1000.1411	5.0884	2
143.4	26.2735	1000.046	5.0689	2
143.5	26.2747	1000.1138	5.0622	2
143.6	26.2759	1000.0215	5.0525	2
143.7	26.2773	1000.0811	5.0577	2
143.8	26.2784	1000.05	5.0525	2
143.9	26.2797	999.9803	5.0577	2
144	26.2812	999.9676	5.0691	2
144.1	26.2829	999.9608	5.0522	2
144.2	26.2847	999.8841	5.0394	2
144.3	26.2866	999.8869	5.0403	2
144.4	26.2883	999.9998	5.0403	2
144.5	26.2896	1000.0527	5.0404	2
144.6	26.2906	1000.0356	5.0471	2
144.7	26.292	1000.1152	5.0564	2
144.8	26.293	1000.0835	5.0696	2
144.9	26.2943	1000.0489	5.0706	2
145	26.2956	1000.009	5.0814	2
145.1	26.2973	999.9966	5.0749	2
145.2	26.2987	999.9295	5.0656	2
145.3	26.3002	999.9876	5.0613	2
145.4	26.3018	999.9377	5.0408	2
145.5	26.3033	999.9685	5.0461	2
145.6	26.3051	999.9684	5.0528	2
145.7	26.3066	999.9841	5.0418	2
145.8	26.3084	1000.0068	5.0415	2
145.9	26.3098	999.9197	5.0367	2
146	26.3114	999.9394	5.02	2
146.1	26.3133	999.8933	5.0276	2
146.2	26.3151	999.9294	5.0444	2
146.3	26.317	1000.0048	5.044	2
146.4	26.3185	999.9634	5.041	2
146.5	26.3198	1000.0892	5.0423	2
146.6	26.3214	999.9296	5.0366	2
146.7	26.3231	999.8675	5.038	2
146.8	26.3252	999.8531	5.0335	2
146.9	26.327	999.8784	5.032	2
147	26.3288	999.9926	5.0389	2
147.1	26.3301	1000.0216	5.0388	2
147.2	26.3313	1000.0156	5.0527	2
147.3	26.3324	1000.1484	5.0577	2
147.4	26.3332	1000.1119	5.0543	2
147.5	26.3343	1000.0567	5.0615	2
147.6	26.3358	999.9872	5.0512	2
147.7	26.3373	999.9583	5.045	2
147.8	26.3387	1000.0527	5.0431	2
147.9	26.3399	1000.0663	5.042	2
148	26.3408	1000.1408	5.0425	2
148.1	26.3415	1000.1161	5.0379	2
148.2	26.3423	1000.0471	5.0496	2
148.3	26.3436	1000.1572	5.052	2
148.4	26.3447	1000.0318	5.0432	2
148.5	26.3459	999.9987	5.0581	2
148.6	26.3475	1000.028	5.0618	2
148.7	26.349	999.9905	5.0527	2
148.8	26.3505	1000.0244	5.0467	2
148.9	26.3513	1000.1359	5.0488	2
149	26.3519	1000.1567	5.0537	2
149.1	26.3523	1000.2365	5.0573	2
149.2	26.3528	1000.2169	5.0536	2
149.3	26.3531	1000.1506	5.0526	2
149.4	26.3535	1000.2604	5.05	2
149.5	26.354	1000.1536	5.0506	2
149.6	26.3544	1000.1512	5.0422	2
149.7	26.3552	1000.1542	5.0445	2
149.8	26.3557	1000.164	5.0628	2
149.9	26.3565	1000.2122	5.0639	2
150	26.357	1000.2533	5.0581	2
150.1	26.3572	1000.2551	5.0522	2
150.2	26.3572	1000.2572	5.0517	2
150.3	26.3571	1000.2981	5.0579	2
150.4	26.3572	1000.3275	5.0585	2
150.5	26.3572	1000.2757	5.0614	2
150.6	26.3571	1000.3408	5.0638	2
150.7	26.357	1000.2573	5.0665	2
150.8	26.3571	1000.3614	5.0762	2
150.9	26.3573	1000.2177	5.0674	2
151	26.3572	1000.2718	5.052	2
151.1	26.357	1000.3357	5.0508	2
151.2	26.3564	1000.4077	5.0615	2
151.3	26.3561	1000.4001	5.064	2
151.4	26.3559	1000.3565	5.0552	2
151.5	26.3554	1000.464	5.0667	2
151.6	26.3551	1000.336	5.0697	2
151.7	26.3549	1000.3079	5.0652	2
151.8	26.3551	1000.26	5.0521	3
151.9	26.3548	1000.2845	5.0616	3
152	26.3543	1000.3832	5.0649	3
152.1	26.3539	1000.3329	5.0602	3
152.2	26.3536	1000.1999	5.0596	3
152.3	26.3528	999.6737	5.0636	3
152.4	26.3513	998.9269	5.0612	3
152.5	26.3498	998.0863	5.0499	3
152.6	26.3482	997.2575	5.0454	3
152.7	26.3466	996.4143	5.0404	3
152.8	26.3453	995.5561	5.0567	3
152.9	26.344	994.7863	5.0709	3
153	26.3425	993.8942	5.0589	3
153.1	26.3407	993.1118	5.0557	3
153.2	26.3391	992.3568	5.0518	3
153.3	26.3377	991.3329	5.0542	3
153.4	26.3365	990.4372	5.0569	3
153.5	26.3355	989.6796	5.0545	3
153.6	26.3341	988.8819	5.0484	3
153.7	26.3324	988.144	5.0519	3
153.8	26.3308	987.2115	5.0588	3
153.9	26.3294	986.2689	5.0733	3
154	26.3285	985.4933	5.0767	3
154.1	26.3278	984.5543	5.0691	3
154.2	26.3275	983.6304	5.0734	3
154.3	26.327	982.8054	5.0585	3
154.4	26.3266	981.9459	5.0613	3
154.5	26.3265	981.0042	5.0799	3
154.6	26.3271	980.1772	5.0959	3
154.7	26.3272	979.341	5.1041	3
154.8	26.3268	978.6384	5.0954	3
154.9	26.3265	977.8717	5.0826	3
155	26.3262	976.9562	5.0838	3
155.1	26.3258	976.1574	5.0703	3
155.2	26.3252	975.3895	5.0504	3
155.3	26.3244	974.6297	5.0663	3
155.4	26.3233	973.8621	5.0785	3
155.5	26.3221	972.9677	5.0759	3
155.6	26.3206	972.2558	5.0691	3
155.7	26.3191	971.4619	5.0521	3
155.8	26.3172	970.5924	5.0533	3
155.9	26.3153	969.7822	5.0546	3
156	26.3138	968.8786	5.0656	3
156.1	26.312	968.1066	5.0633	3
156.2	26.3101	967.3313	5.0632	3
156.3	26.3082	966.5515	5.0792	3
156.4	26.3058	965.606	5.0712	3
156.5	26.3039	964.8149	5.0615	3
156.6	26.3019	964.0017	5.0743	3
156.7	26.3	963.1363	5.0681	3
156.8	26.2982	962.2816	5.0655	3
156.9	26.2963	961.4998	5.0627	3
157	26.2942	960.6514	5.0641	3
157.1	26.2922	959.7846	5.0658	3
157.2	26.2902	958.9558	5.0692	3
157.3	26.2886	958.0991	5.0744	3
157.4	26.2864	957.4295	5.0732	3
157.5	26.2839	956.6062	5.0675	3
157.6	26.2814	955.7075	5.0701	3
157.7	26.2792	954.8303	5.0731	3
157.8	26.277	954.0667	5.069	3
157.9	26.2744	953.3628	5.0625	3
158	26.2714	952.5699	5.0703	3
158.1	26.2683	951.755	5.0773	3
158.2	26.2651	950.8859	5.0844	3
158.3	26.2619	950.1014	5.0868	3
158.4	26.2585	949.2469	5.0843	3
158.5	26.2552	948.4549	5.0697	3
158.6	26.2518	947.5821	5.0655	3
158.7	26.2483	946.7898	5.0705	3
158.8	26.2449	946.0333	5.0722	3
158.9	26.241	945.2304	5.0596	3
159	26.2369	944.4139	5.0516	3
159.1	26.2327	943.6214	5.0609	3
159.2	26.2284	942.7955	5.0741	3
159.3	26.2244	941.8329	5.0864	3
159.4	26.2211	940.8232	5.0793	3
159.5	26.2184	939.9792	5.0662	3
159.6	26.2158	939.1707	5.0605	3
159.7	26.2126	938.4242	5.0735	3
159.8	26.2094	937.5879	5.0748	3
159.9	26.2061	936.7511	5.0666	3
160	26.2028	935.9617	5.0586	3
160.1	26.1995	935.0865	5.0683	3
160.2	26.196	934.1997	5.0746	3
160.3	26.1931	933.3006	5.0721	3
160.4	26.1902	932.5087	5.0694	3
160.5	26.1869	931.7517	5.0747	3
160.6	26.1835	930.9991	5.0852	3
160.7	26.1802	930.0784	5.0879	3
160.8	26.1767	929.2216	5.0781	3
160.9	26.1732	928.5465	5.0706	3
161	26.1695	927.678	5.0747	3
161.1	26.1657	926.8489	5.0656	3
161.2	26.1619	926.0072	5.0444	3
161.3	26.1579	925.2743	5.0524	3
161.4	26.1537	924.5065	5.0773	3
161.5	26.1496	923.5985	5.0814	3
161.6	26.1456	922.7383	5.0775	3
161.7	26.1413	921.9723	5.0811	3
161.8	26.137	921.1167	5.084	3
161.9	26.1329	920.1811	5.0834	3
162	26.1292	919.3202	5.0956	3
162.1	26.1252	918.6047	5.0972	3
162.2	26.1209	917.746	5.0777	3
162.3	26.1169	916.8544	5.0729	3
162.4	26.113	916.035	5.0735	3
162.5	26.1092	915.1575	5.0571	3
162.6	26.1055	914.2457	5.0546	3
162.7	26.1024	913.3704	5.0685	3
162.8	26.0995	912.4439	5.0697	3
162.9	26.0961	911.8211	5.0662	3
163	26.0927	910.9479	5.0581	3
163.1	26.0889	910.1704	5.0658	3
163.2	26.085	909.4662	5.0836	3
163.3	26.0807	908.5651	5.0869	3
163.4	26.0764	907.8697	5.0868	3
163.5	26.0722	906.9693	5.0877	3
163.6	26.0673	906.1946	5.0816	3
163.7	26.0626	905.3636	5.0827	3
163.8	26.0579	904.5148	5.0901	3
163.9	26.0531	903.7563	5.0853	3
164	26.0481	902.904	5.0848	3
164.1	26.0429	902.137	5.069	3
164.2	26.0378	901.2279	5.065	3
164.3	26.0329	900.3935	5.076	3
164.4	26.0281	899.5023	5.0761	3
164.5	26.0234	898.7422	5.0711	3
164.6	26.0187	897.8646	5.0714	3
164.7	26.0139	897.0418	5.0753	3
164.8	26.0093	896.2714	5.0714	3
164.9	26.0045	895.4216	5.0702	3
165	25.9998	894.5467	5.0729	3
165.1	25.9954	893.554	5.067	3
165.2	25.9914	892.6013	5.057	3
165.3	25.9883	891.566	5.0479	3
165.4	25.9859	890.7124	5.0465	3
165.5	25.9831	890.0107	5.046	3
165.6	25.9798	889.3628	5.039	3
165.7	25.9756	888.6108	5.0393	3
165.8	25.9714	887.729	5.0606	3
165.9	25.9673	886.8412	5.0819	3
166	25.9636	885.9222	5.0723	3
166.1	25.9606	884.9808	5.0707	3
166.2	25.9579	884.1079	5.0869	3
166.3	25.9554	883.2972	5.0954	3
166.4	25.9526	882.4995	5.0866	3
166.5	25.9492	881.7124	5.0598	3
166.6	25.9459	880.917	5.047	3
166.7	25.9427	880.0264	5.0667	3
166.8	25.9393	879.2371	5.0752	3
166.9	25.936	878.3971	5.0782	3
167	25.9325	877.5251	5.0862	3
167.1	25.9292	876.7584	5.0859	3
167.2	25.9258	875.9283	5.0794	3
167.3	25.9224	875.0287	5.0734	3
167.4	25.9196	874.122	5.0748	3
167.5	25.9168	873.2349	5.0647	3
167.6	25.9139	872.4071	5.0511	3
167.7	25.9109	871.6426	5.0647	3
167.8	25.9079	870.904	5.0622	3
167.9	25.9046	870.0273	5.0701	3
168	25.9013	869.3272	5.0758	3
168.1	25.8974	868.561	5.0732	3
168.2	25.8932	867.7042	5.0724	3
168.3	25.8896	866.7223	5.0608	3
168.4	25.8862	865.9389	5.0539	3
168.5	25.8826	865.1083	5.0528	3
168.6	25.879	864.3239	5.0515	3
168.7	25.8752	863.4967	5.0433	3
168.8	25.8713	862.6963	5.0596	3
168.9	25.8675	861.8027	5.0825	3
169	25.8638	860.969	5.0905	3
169.1	25.8599	860.2468	5.0975	3
169.2	25.8556	859.4398	5.0886	3
169.3	25.8513	858.602	5.0841	3
169.4	25.8472	857.7144	5.0795	3
169.5	25.8428	857.0089	5.0731	3
169.6	25.8378	856.2938	5.0659	3
169.7	25.8325	855.5056	5.0583	3
169.8	25.8277	854.477	5.0633	3
169.9	25.8232	853.6265	5.076	3
170	25.8186	852.8572	5.0881	3
170.1	25.814	852.0049	5.085	3
170.2	25.8094	851.1171	5.079	3
170.3	25.8048	850.3342	5.0665	3
170.4	25.8	849.5764	5.0749	3
170.5	25.7946	848.8596	5.0868	3
170.6	25.789	847.962	5.0908	3
170.7	25.7835	847.1799	5.0854	3
170.8	25.7779	846.3105	5.083	3
170.9	25.7725	845.5098	5.0872	3
171	25.7674	844.5687	5.077	3
171.1	25.7631	843.6048	5.0621	3
171.2	25.7591	842.6789	5.0718	3
171.3	25.7552	841.8422	5.0826	3
171.4	25.7517	840.9471	5.076	3
171.5	25.7484	839.9973	5.0696	3
171.6	25.745	839.2379	5.0595	3
171.7	25.7414	838.5057	5.0512	3
171.8	25.7374	837.691	5.0614	3
171.9	25.7334	836.8953	5.062	3
172	25.7295	835.9303	5.0675	3
172.1	25.7258	835.1792	5.0784	3
172.2	25.7219	834.3758	5.0724	3
172.3	25.7176	833.5354	5.0656	3
172.4	25.7132	832.8839	5.074	3
172.5	25.7084	832.0453	5.0845	3
172.6	25.703	831.3955	5.0769	3
172.7	25.6974	830.5879	5.0592	3
172.8	25.6915	829.753	5.0546	3
172.9	25.6858	829.054	5.0493	3
173	25.6798	828.097	5.0454	3
173.1	25.6738	827.2872	5.0456	3
173.2	25.6681	826.3529	5.0378	3
173.3	25.6621	825.5895	5.0453	3
173.4	25.6562	824.8215	5.0694	3
173.5	25.6502	823.9697	5.064	3
173.6	25.6443	823.1136	5.0561	3
173.7	25.6387	822.155	5.057	3
173.8	25.6332	821.2974	5.0579	3
173.9	25.6278	820.4869	5.0736	3
174	25.6227	819.6367	5.0732	3
174.1	25.6177	818.7417	5.0783	3
174.2	25.6124	817.9858	5.0738	3
174.3	25.6071	817.0966	5.0587	3
174.4	25.6023	816.147	5.0532	3
174.5	25.5978	815.2444	5.0523	3
174.6	25.5938	814.3815	5.0578	3
174.7	25.5899	813.4773	5.0626	3
174.8	25.5863	812.5645	5.0582	3
174.9	25.5827	811.8231	5.0677	3
175	25.5787	811.073	5.0733	3
175.1	25.5744	810.2702	5.0721	3
175.2	25.57	809.4349	5.0624	3
175.3	25.5658	808.6051	5.06	3
175.4	25.5615	807.7099	5.0674	3
175.5	25.5572	806.921	5.0675	3
175.6	25.5528	806.0795	5.0675	3
175.7	25.5483	805.3078	5.0667	3
175.8	25.5435	804.5373	5.0636	3
175.9	25.5382	803.7904	5.0511	3
176	25.5327	802.9973	5.0396	3
176.1	25.5273	802.1221	5.0546	3
176.2	25.522	801.3787	5.0566	3
176.3	25.5162	800.6012	5.0553	3
176.4	25.5101	799.7613	5.0465	3
176.5	25.5041	798.9034	5.0371	3
176.6	25.4985	797.9929	5.0383	3
176.7	25.4929	797.1958	5.0431	3
176.8	25.4873	796.4372	5.0507	3
176.9	25.4814	795.5974	5.0482	3
177	25.4756	794.6842	5.0466	3
177.1	25.47	793.8996	5.0459	3
177.2	25.4642	793.1046	5.0442	3
177.3	25.4582	792.2865	5.0422	3
177.4	25.4522	791.438	5.0436	3
177.5	25.4464	790.6008	5.0402	3
177.6	25.4407	789.7749	5.0454	3
177.7	25.4348	788.8944	5.0648	3
177.8	25.4289	788.0609	5.0656	3
177.9	25.423	787.2753	5.0685	3
178	25.4172	786.412	5.0682	3
178.1	25.4115	785.5314	5.0633	3
178.2	25.4058	784.7347	5.0659	3
178.3	25.4004	783.8362	5.0749	3
178.4	25.3949	783.0369	5.081	3
178.5	25.389	782.2352	5.0605	3
178.6	25.3832	781.4175	5.0643	3
178.7	25.3775	780.5604	5.0729	3
178.8	25.3715	779.775	5.0659	3
178.9	25.3652	779.0353	5.07	3
179	25.3587	778.2247	5.0783	3
179.1	25.3522	777.3731	5.0729	3
179.2	25.3457	776.5467	5.0707	3
179.3	25.3393	775.6786	5.0702	3
179.4	25.3333	774.773	5.0511	3
179.5	25.3275	773.9131	5.0395	3
179.6	25.3215	773.0737	5.0585	3
179.7	25.3153	772.3777	5.0713	3
179.8	25.3091	771.4897	5.071	3
179.9	25.3033	770.5328	5.0693	3
180	25.2976	769.7611	5.0585	3
180.1	25.2914	768.9642	5.0592	3
180.2	25.2851	768.1207	5.0553	3
180.3	25.2788	767.3332	5.0528	3
180.4	25.2726	766.4767	5.0529	3
180.5	25.2668	765.5009	5.059	3
180.6	25.2617	764.5271	5.0548	3
180.7	25.257	763.6506	5.0613	3
180.8	25.2521	762.9183	5.0649	3
180.9	25.247	762.0799	5.0618	3
181	25.2418	761.3291	5.0716	3
181.1	25.2365	760.4747	5.0703	3
181.2	25.2309	759.6854	5.0776	3
181.3	25.2252	758.8938	5.0898	3
181.4	25.2195	757.9766	5.0855	3
181.5	25.2139	757.1756	5.0808	3
181.6	25.2082	756.4449	5.0821	3
181.7	25.2021	755.5993	5.0893	3
181.8	25.196	754.8105	5.0889	3
181.9	25.1899	754.0515	5.0824	3
182	25.1831	753.2623	5.0669	3
182.1	25.1763	752.4098	5.0585	3
182.2	25.1698	751.5581	5.0531	3
182.3	25.1633	750.778	5.0632	3
182.4	25.1566	749.8884	5.073	3
182.5	25.15	749.0109	5.0666	3
182.6	25.1435	748.2398	5.0584	3
182.7	25.137	747.4163	5.0606	3
182.8	25.1303	746.6359	5.0632	3
182.9	25.1235	745.7454	5.0612	3
183	25.1169	744.9243	5.0623	3
183.1	25.1103	744.0968	5.0652	3
183.2	25.1034	743.2221	5.0671	3
183.3	25.0968	742.408	5.0696	3
183.4	25.0905	741.5441	5.0753	3
183.5	25.0839	740.6999	5.0647	3
183.6	25.0771	739.8723	5.0674	3
183.7	25.0706	739.0774	5.0706	3
183.8	25.0642	738.2511	5.077	3
183.9	25.0576	737.4043	5.0837	3
184	25.0512	736.5137	5.0954	3
184.1	25.0449	735.6519	5.0891	3
184.2	25.0386	734.8253	5.0869	3
184.3	25.032	734.0938	5.0881	3
184.4	25.0253	733.2073	5.0813	3
184.5	25.0188	732.3398	5.0695	3
184.6	25.0124	731.5353	5.0769	3
184.7	25.0058	730.6919	5.0793	3
184.8	24.9991	729.873	5.0777	3
184.9	24.9926	729.0989	5.061	3
185	24.9858	728.2993	5.0618	3
185.1	24.979	727.4832	5.0683	3
185.2	24.9724	726.5224	5.0734	3
185.3	24.9659	725.6808	5.0774	3
185.4	24.9593	724.8046	5.067	3
185.5	24.9528	724.075	5.0598	3
185.6	24.946	723.2449	5.0576	3
185.7	24.9394	722.3959	5.0709	3
185.8	24.9328	721.5178	5.0809	3
185.9	24.9264	720.744	5.0757	3
186	24.9199	719.8526	5.075	3
186.1	24.9131	719.1299	5.0835	3
186.2	24.9063	718.3068	5.077	3
186.3	24.8997	717.3531	5.0571	3
186.4	24.8933	716.5025	5.0622	3
186.5	24.8866	715.7067	5.0633	3
186.6	24.8797	714.944	5.0818	3
186.7	24.873	714.1008	5.0919	3
186.8	24.8665	713.1659	5.0889	3
186.9	24.8601	712.4077	5.0942	3
187	24.8532	711.6071	5.0787	3
187.1	24.8464	710.7431	5.0769	3
187.2	24.8399	709.8234	5.0909	3
187.3	24.8335	709.0851	5.0929	3
187.4	24.8271	708.2313	5.0834	3
187.5	24.8207	707.3149	5.0863	3
187.6	24.8145	706.5019	5.0976	3
187.7	24.8081	705.723	5.0917	3
187.8	24.8011	705.0248	5.0936	3
187.9	24.7945	704.0339	5.1163	3
188	24.7876	703.2391	5.1007	3
188.1	24.7808	702.4704	5.0922	3
188.2	24.7738	701.6045	5.103	3
188.3	24.7672	700.7647	5.1195	3
188.4	24.7607	699.8361	5.1198	3
188.5	24.7541	699.0925	5.1195	3
188.6	24.7475	698.1874	5.1199	3
188.7	24.7411	697.2685	5.1041	3
188.8	24.735	696.5234	5.1007	3
188.9	24.7285	695.7429	5.0962	3
189	24.7217	694.8847	5.0818	3
189.1	24.715	694.0082	5.0858	3
189.2	24.7084	693.2453	5.0936	3
189.3	24.7015	692.4992	5.1051	3
189.4	24.6946	691.6431	5.1105	3
189.5	24.6876	690.7721	5.1103	3
189.6	24.6808	689.9638	5.1068	3
189.7	24.6738	689.1094	5.115	3
189.8	24.6669	688.3313	5.1173	3
189.9	24.6601	687.3768	5.1126	3
190	24.6531	686.5691	5.1008	3
190.1	24.6464	685.7269	5.0893	3
190.2	24.6398	684.8663	5.0773	3
190.3	24.6332	684.0533	5.0802	3
190.4	24.6267	683.2661	5.0802	3
190.5	24.6203	682.2948	5.0795	3
190.6	24.6138	681.6197	5.079	3
190.7	24.6074	680.6533	5.0822	3
190.8	24.6005	679.9326	5.0848	3
190.9	24.5941	679.0899	5.08	3
191	24.5872	678.2395	5.0759	3
191.1	24.5805	677.4748	5.0776	3
191.2	24.5736	676.5317	5.0828	3
191.3	24.5667	675.7061	5.0832	3
191.4	24.5604	674.8844	5.0821	3
191.5	24.5539	674.1079	5.0767	3
191.6	24.547	673.3091	5.0767	3
191.7	24.5399	672.4555	5.0777	3
191.8	24.5332	671.5692	5.0722	3
191.9	24.5267	670.6758	5.0728	3
192	24.5198	669.8928	5.0803	3
192.1	24.5127	669.1356	5.0796	3
192.2	24.5059	668.2708	5.066	3
192.3	24.4992	667.4376	5.0544	3
192.4	24.4921	666.6498	5.0701	3
192.5	24.4852	665.8088	5.0854	3
192.6	24.4783	664.8651	5.084	3
192.7	24.4715	664.1185	5.0723	3
192.8	24.4649	663.2454	5.0811	3
192.9	24.4581	662.3638	5.0866	3
193	24.4518	661.4933	5.0793	3
193.1	24.4455	660.6557	5.0701	3
193.2	24.439	659.8581	5.0752	3
193.3	24.4327	658.9722	5.0854	3
193.4	24.4265	658.1923	5.0834	3
193.5	24.4202	657.3239	5.0831	3
193.6	24.4138	656.3989	5.0824	3
193.7	24.4077	655.5545	5.0804	3
193.8	24.4019	654.7099	5.0713	3
193.9	24.3957	653.9847	5.0702	3
194	24.3895	653.1244	5.0722	3
194.1	24.3833	652.2557	5.071	3
194.2	24.3774	651.3607	5.0721	3
194.3	24.3714	650.6128	5.07	3
194.4	24.3653	649.7754	5.0886	3
194.5	24.3592	648.9469	5.0861	3
194.6	24.3532	648.1854	5.0828	3
194.7	24.3468	647.3375	5.0957	3
194.8	24.3405	646.4347	5.0905	3
194.9	24.3341	645.6203	5.0802	3
195	24.3277	644.9397	5.0763	3
195.1	24.3209	644.0768	5.0916	3
195.2	24.3143	643.2728	5.0944	3
195.3	24.3076	642.3357	5.0875	3
195.4	24.301	641.5064	5.0846	3
195.5	24.2944	640.7805	5.0782	3
195.6	24.2876	639.8262	5.0752	3
195.7	24.2814	639.0531	5.0891	3
195.8	24.2751	638.1292	5.0875	3
195.9	24.2685	637.3392	5.082	3
196	24.2621	636.4786	5.0963	3
196.1	24.2558	635.6388	5.0978	3
196.2	24.2497	634.8658	5.0833	3
196.3	24.2434	633.9126	5.0773	3
196.4	24.2372	633.143	5.0774	3
196.5	24.2312	632.2708	5.0812	3
196.6	24.2245	631.5103	5.0819	3
196.7	24.2181	630.7255	5.0773	3
196.8	24.2117	629.7986	5.0828	3
196.9	24.2055	628.9808	5.0941	3
197	24.1994	627.9738	5.0887	3
197.1	24.1938	627.0395	5.0901	3
197.2	24.1891	626.1028	5.0965	3
197.3	24.1847	625.2911	5.0899	3
197.4	24.1798	624.5713	5.084	3
197.5	24.1749	623.6731	5.093	3
197.6	24.1701	622.7825	5.0888	3
197.7	24.1655	622.059	5.0769	3
197.8	24.1606	621.1454	5.0687	3
197.9	24.1556	620.337	5.07	3
198	24.151	619.4419	5.0784	3
198.1	24.1461	618.6886	5.0683	3
198.2	24.1408	618.0482	5.0615	3
198.3	24.1351	617.1549	5.0633	3
198.4	24.1293	616.4103	5.0652	3
198.5	24.1235	615.5806	5.067	3
198.6	24.1174	614.7848	5.0687	3
198.7	24.111	614.0638	5.0596	3
198.8	24.1045	613.1621	5.0517	3
198.9	24.0982	612.352	5.058	3
199	24.0921	611.4829	5.0574	3
199.1	24.0856	610.7171	5.0669	3
199.2	24.0788	609.9901	5.0764	3
199.3	24.0718	609.0743	5.0752	3
199.4	24.0651	608.1841	5.076	3
199.5	24.0586	607.3847	5.0647	3
199.6	24.0517	606.5925	5.0605	3
199.7	24.0448	605.7653	5.0633	3
199.8	24.0379	605.0328	5.059	3
199.9	24.0309	604.1467	5.0488	3
200	24.0239	603.3191	5.0717	3
200.1	24.017	602.4856	5.089	3
200.2	24.0099	601.6656	5.0821	3
200.3	24.0026	600.7948	5.0867	3
200.4	23.9959	599.805	5.0859	3
200.5	23.9901	598.7242	5.0781	3
200.6	23.9854	597.7914	5.0708	3
200.7	23.981	596.9396	5.0701	3
200.8	23.9764	596.1341	5.0543	3
200.9	23.9714	595.3627	5.0539	3
201	23.9663	594.5783	5.0591	3
201.1	23.9611	593.812	5.051	3
201.2	23.9555	592.9904	5.0535	3
201.3	23.9497	592.1722	5.0463	3
201.4	23.944	591.3762	5.0467	3
201.5	23.9383	590.5053	5.0589	3
201.6	23.9324	589.7125	5.0622	3
201.7	23.9267	588.9001	5.0622	3
201.8	23.9212	587.9315	5.0588	3
201.9	23.916	587.1758	5.0636	3
202	23.9104	586.3556	5.0832	3
202.1	23.9044	585.5581	5.0681	3
202.2	23.8986	584.6666	5.0545	3
202.3	23.8929	583.8613	5.0479	3
202.4	23.8873	583.1449	5.0618	3
202.5	23.8812	582.2722	5.0665	3
202.6	23.875	581.5151	5.0645	3
202.7	23.8683	580.7839	5.0701	3
202.8	23.8613	579.9355	5.0598	3
202.9	23.8544	579.112	5.0597	3
203	23.8481	578.1501	5.079	3
203.1	23.8419	577.345	5.08	3
203.2	23.8356	576.4053	5.0708	3
203.3	23.83	575.4184	5.0685	3
203.4	23.8247	574.6128	5.0589	3
203.5	23.8191	573.9147	5.0657	3
203.6	23.813	573.0824	5.0765	3
203.7	23.8072	572.1853	5.083	3
203.8	23.8016	571.3	5.064	3
203.9	23.7962	570.4854	5.0598	3
204	23.7906	569.7047	5.0697	3
204.1	23.7847	568.9311	5.0659	3
204.2	23.7786	568.0677	5.07	3
204.3	23.7726	567.2982	5.0669	3
204.4	23.7663	566.4444	5.0658	3
204.5	23.7598	565.7761	5.0667	3
204.6	23.7535	564.9494	5.0619	3
204.7	23.7472	564.0855	5.0763	3
204.8	23.7404	563.3678	5.0949	3
204.9	23.7333	562.5265	5.0812	3
205	23.7261	561.7045	5.0717	3
205.1	23.719	560.8495	5.0804	3
205.2	23.7118	559.8959	5.0872	3
205.3	23.705	559.1987	5.0877	3
205.4	23.6979	558.3739	5.0807	3
205.5	23.6906	557.4566	5.089	3
205.6	23.6834	556.6593	5.1035	3
205.7	23.6762	555.7919	5.1	3
205.8	23.6692	555.0378	5.0954	3
205.9	23.662	554.2266	5.0964	3
206	23.6547	553.3817	5.1065	3
206.1	23.6472	552.5719	5.1117	3
206.2	23.6395	551.7823	5.115	3
206.3	23.6316	551.0383	5.1225	3
206.4	23.6237	550.1088	5.1132	3
206.5	23.6159	549.2499	5.096	3
206.6	23.608	548.4073	5.0921	3
206.7	23.6001	547.6635	5.0988	3
206.8	23.5922	546.8708	5.1079	3
206.9	23.5842	546.0677	5.0985	3
207	23.5758	545.2321	5.0881	3
207.1	23.5675	544.4068	5.084	3
207.2	23.5592	543.5112	5.0931	3
207.3	23.5512	542.7023	5.1021	3
207.4	23.5433	541.8052	5.0931	3
207.5	23.5355	540.8994	5.0949	3
207.6	23.5278	540.0801	5.0988	3
207.7	23.52	539.2598	5.0974	3
207.8	23.5122	538.4863	5.0899	3
207.9	23.5045	537.5795	5.0838	3
208	23.4968	536.7617	5.0967	3
208.1	23.4892	535.859	5.0998	3
208.2	23.4819	534.9322	5.0966	3
208.3	23.4748	534.1563	5.0854	3
208.4	23.4677	533.3956	5.0756	3
208.5	23.4603	532.4796	5.0726	3
208.6	23.4531	531.641	5.0658	3
208.7	23.4456	530.9294	5.0686	3
208.8	23.4378	530.1512	5.0798	3
208.9	23.4302	529.2596	5.0933	3
209	23.4229	528.3227	5.0996	3
209.1	23.4157	527.4605	5.1022	3
209.2	23.4082	526.7735	5.0967	3
209.3	23.4006	525.9484	5.0905	3
209.4	23.3929	525.0187	5.0871	3
209.5	23.3853	524.2034	5.0969	3
209.6	23.3777	523.4315	5.0981	3
209.7	23.3703	522.5544	5.0953	3
209.8	23.3632	521.6821	5.1027	3
209.9	23.356	520.781	5.1001	3
210	23.3487	520.0648	5.0897	3
210.1	23.3413	519.1663	5.1033	3
210.2	23.3342	518.2757	5.118	3
210.3	23.3274	517.4314	5.1117	3
210.4	23.3208	516.4942	5.0965	3
210.5	23.314	515.6546	5.0942	3
210.6	23.3077	514.8306	5.1103	3
210.7	23.301	514.0277	5.1116	3
210.8	23.2942	513.3055	5.1152	3
210.9	23.2875	512.4463	5.1215	3
211	23.2806	511.5581	5.1227	3
211.1	23.274	510.74	5.1196	3
211.2	23.2671	509.8515	5.1236	3
211.3	23.2604	509.0673	5.1208	3
211.4	23.2537	508.1842	5.1244	3
211.5	23.247	507.4064	5.1186	3
211.6	23.24	506.5764	5.1109	3
211.7	23.2331	505.7819	5.1098	3
211.8	23.2262	504.845	5.1063	3
211.9	23.2196	504.1001	5.1101	3
212	23.2128	503.2946	5.1215	3
212.1	23.2058	502.4413	5.1144	3
212.2	23.1989	501.5497	5.1032	3
212.3	23.1923	500.6901	5.1036	3
212.4	23.1856	499.9375	5.1069	3
212.5	23.1787	499.0534	5.1111	3
212.6	23.1717	498.2294	5.1083	3
212.7	23.1649	497.4291	5.0987	3
212.8	23.158	496.6537	5.1023	3
212.9	23.1509	495.7571	5.117	3
213	23.1439	494.9278	5.1217	3
213.1	23.1373	494.1058	5.1168	3
213.2	23.1301	493.3596	5.1063	3
213.3	23.123	492.4603	5.1036	3
213.4	23.116	491.63	5.0968	3
213.5	23.1091	490.8165	5.1084	3
213.6	23.1019	490.0268	5.1157	3
213.7	23.0944	489.1958	5.1244	3
213.8	23.0867	488.4083	5.1324	3
213.9	23.0788	487.6857	5.1328	3
214	23.0705	486.8342	5.1251	3
214.1	23.0624	485.99	5.1198	3
214.2	23.0547	485.1248	5.1243	3
214.3	23.0469	484.3292	5.1343	3
214.4	23.0391	483.4204	5.1286	3
214.5	23.0317	482.5078	5.1184	3
214.6	23.025	481.5497	5.1235	3
214.7	23.0178	480.7664	5.1213	3
214.8	23.0105	479.9817	5.124	3
214.9	23.0035	479.0578	5.1275	3
215	22.9972	478.1451	5.1132	3
215.1	22.9906	477.3815	5.1035	3
215.2	22.9837	476.6319	5.1076	3
215.3	22.9767	475.7142	5.1039	3
215.4	22.97	474.8893	5.1	3
215.5	22.9629	474.0963	5.1185	3
215.6	22.9558	473.314	5.1286	3
215.7	22.9485	472.4796	5.1261	3
215.8	22.9414	471.6621	5.125	3
215.9	22.9343	470.7967	5.1243	3
216	22.9266	470.1059	5.1135	3
216.1	22.919	469.2037	5.119	3
216.2	22.9114	468.5005	5.109	3
216.3	22.9035	467.6695	5.1011	3
216.4	22.8954	466.735	5.0982	3
216.5	22.8878	465.9338	5.0928	3
216.6	22.8802	465.0904	5.0941	3
216.7	22.8722	464.2474	5.1031	3
216.8	22.8646	463.4438	5.1039	3
216.9	22.8569	462.5357	5.0977	3
217	22.8493	461.6939	5.0971	3
217.1	22.8418	460.8854	5.0897	3
217.2	22.8345	460.0678	5.0886	3
217.3	22.8272	459.1656	5.0811	3
217.4	22.8201	458.2591	5.0852	3
217.5	22.8131	457.4967	5.0825	3
217.6	22.8058	456.6992	5.0852	3
217.7	22.7982	455.9461	5.1024	3
217.8	22.7903	455.1638	5.0997	3
217.9	22.7825	454.2638	5.086	3
218	22.7747	453.4641	5.0917	3
218.1	22.7667	452.6509	5.0912	3
218.2	22.7587	451.8495	5.0815	3
218.3	22.7506	450.9761	5.0836	3
218.4	22.7426	450.1679	5.0794	3
218.5	22.7347	449.3029	5.0832	3
218.6	22.7266	448.4894	5.0826	3
218.7	22.7185	447.7097	5.0966	3
218.8	22.7108	446.6847	5.1009	3
218.9	22.7035	445.838	5.0912	3
219	22.6966	444.8199	5.0926	3
219.1	22.6906	443.7694	5.0978	3
219.2	22.685	443.0548	5.0919	3
219.3	22.6789	442.3595	5.0847	3
219.4	22.6719	441.5692	5.0932	3
219.5	22.6651	440.719	5.0933	3
219.6	22.6587	439.7019	5.0925	3
219.7	22.6527	438.8659	5.1016	3
219.8	22.6468	438.1025	5.0984	3
219.9	22.6404	437.2962	5.0889	3
220	22.6342	436.4197	5.0778	3
220.1	22.6282	435.4691	5.0715	3
220.2	22.6228	434.6442	5.0764	3
220.3	22.6173	433.7957	5.0644	3
220.4	22.6115	432.989	5.0576	3
220.5	22.6055	432.3928	5.061	3
220.6	22.5986	431.5527	5.0714	3
220.7	22.5919	430.6946	5.0662	3
220.8	22.5856	429.8236	5.0683	3
220.9	22.5788	429.0457	5.0718	3
221	22.5724	428.1881	5.0737	3
221.1	22.5657	427.4515	5.069	3
221.2	22.5588	426.6244	5.058	3
221.3	22.552	425.6415	5.0643	3
221.4	22.5457	424.7385	5.0753	3
221.5	22.5398	423.8465	5.0664	3
221.6	22.5339	423.0244	5.063	3
221.7	22.5283	422.2087	5.0709	3
221.8	22.5223	421.4025	5.0736	3
221.9	22.5159	420.8078	5.0725	3
222	22.5092	419.8781	5.0719	3
222.1	22.5022	419.0205	5.0756	3
222.2	22.4959	418.2058	5.0659	3
222.3	22.4888	417.449	5.0751	3
222.4	22.4813	416.748	5.0678	3
222.5	22.4739	415.8495	5.0695	3
222.6	22.4668	415.0313	5.0844	3
222.7	22.4595	414.2427	5.0829	3
222.8	22.4517	413.4629	5.0744	3
222.9	22.4439	412.6901	5.0954	3
223	22.436	411.8062	5.1118	3
223.1	22.4282	411.0038	5.1038	3
223.2	22.4202	410.0998	5.0954	3
223.3	22.4123	409.2728	5.0801	3
223.4	22.4044	408.4901	5.0804	3
223.5	22.3965	407.7081	5.0907	3
223.6	22.388	406.9017	5.0952	3
223.7	22.3793	406.1519	5.0812	3
223.8	22.3709	405.1693	5.0663	3
223.9	22.3631	404.2938	5.0781	3
224	22.3554	403.4564	5.079	3
224.1	22.3473	402.6585	5.0782	3
224.2	22.3389	401.943	5.087	3
224.3	22.3308	400.9398	5.0789	3
224.4	22.323	400.0915	5.0887	3
224.5	22.3153	399.29	5.0829	3
224.6	22.3071	398.516	5.0791	3
224.7	22.299	397.6967	5.0868	3
224.8	22.291	396.8372	5.078	3
224.9	22.283	396.0836	5.075	3
225	22.2747	395.1671	5.0831	3
225.1	22.2664	394.3466	5.0797	3
225.2	22.2586	393.3916	5.0923	3
225.3	22.2507	392.6746	5.0939	3
225.4	22.2424	391.8397	5.0906	3
225.5	22.2342	391.0493	5.0917	3
225.6	22.2257	390.2534	5.1066	3
225.7	22.2173	389.4457	5.1168	3
225.8	22.2085	388.7011	5.1126	3
225.9	22.1997	387.7924	5.0976	3
226	22.1908	386.8945	5.0879	3
226.1	22.1819	386.2139	5.0904	3
226.2	22.1731	385.2962	5.0925	3
226.3	22.1641	384.5254	5.1098	3
226.4	22.1553	383.7056	5.1226	3
226.5	22.1459	382.9616	5.1079	3
226.6	22.1365	382.1182	5.1055	3
226.7	22.1272	381.2149	5.1101	3
226.8	22.1181	380.3779	5.112	3
226.9	22.109	379.4805	5.1039	3
227	22.1	378.6894	5.1	3
227.1	22.091	377.8794	5.1086	3
227.2	22.0817	377.0801	5.1245	3
227.3	22.072	376.2718	5.1184	3
227.4	22.0626	375.4149	5.1166	3
227.5	22.0534	374.5739	5.1065	3
227.6	22.044	373.7742	5.1048	3
227.7	22.0344	372.9499	5.0934	3
227.8	22.0256	371.9441	5.0908	3
227.9	22.0169	371.1743	5.1038	3
228	22.0077	370.4309	5.1164	3
228.1	21.9982	369.5572	5.104	3
228.2	21.989	368.71	5.0837	3
228.3	21.98	367.8421	5.0921	3
228.4	21.9709	366.9831	5.0951	3
228.5	21.9621	366.1483	5.0924	3
228.6	21.9532	365.2804	5.0973	3
228.7	21.9445	364.4503	5.0906	3
228.8	21.9356	363.6744	5.0896	3
228.9	21.9265	362.8615	5.1062	3
229	21.9174	361.9914	5.1038	3
229.1	21.9083	361.2289	5.0853	3
229.2	21.8991	360.4544	5.0858	3
229.3	21.8895	359.6259	5.1033	3
229.4	21.88	358.7558	5.1106	3
229.5	21.8707	357.8787	5.1062	3
229.6	21.8614	357.0884	5.1024	3
229.7	21.852	356.1961	5.0939	3
229.8	21.8424	355.4303	5.081	3
229.9	21.8327	354.7143	5.0758	3
230	21.8229	353.8712	5.0829	3
230.1	21.8131	352.9745	5.0926	3
230.2	21.8034	352.0907	5.0987	3
230.3	21.7937	351.266	5.0952	3
230.4	21.7842	350.3972	5.1001	3
230.5	21.775	349.5618	5.104	3
230.6	21.7659	348.7012	5.1049	3
230.7	21.7567	347.8841	5.1043	3
230.8	21.747	347.1899	5.0845	3
230.9	21.7374	346.2793	5.0705	3
231	21.7278	345.4673	5.0656	3
231.1	21.7181	344.5405	5.0734	3
231.2	21.7085	343.7154	5.0817	3
231.3	21.6994	342.9135	5.0869	3
231.4	21.6901	342.0582	5.0901	3
231.5	21.6806	341.2345	5.0823	3
231.6	21.6712	340.4518	5.0973	3
231.7	21.6618	339.5543	5.0999	3
231.8	21.6526	338.6795	5.0947	3
231.9	21.6437	337.7966	5.0937	3
232	21.6351	336.8843	5.1022	3
232.1	21.6263	336.1015	5.1077	3
232.2	21.6176	335.2383	5.0976	3
232.3	21.6088	334.3852	5.0872	3
232.4	21.6003	333.5635	5.0934	3
232.5	21.5922	332.62	5.0868	3
232.6	21.5844	331.7232	5.0835	3
232.7	21.577	330.8145	5.0924	3
232.8	21.5698	330.0113	5.1044	3
232.9	21.5628	329.1201	5.1137	3
233	21.556	328.0789	5.1112	3
233.1	21.5495	327.3363	5.1057	3
233.2	21.5427	326.5481	5.0932	3
233.3	21.5356	325.6924	5.0983	3
233.4	21.5286	324.935	5.1164	3
233.5	21.5214	324.1861	5.1174	3
233.6	21.5139	323.3773	5.1074	3
233.7	21.5065	322.5108	5.0996	3
233.8	21.499	321.6751	5.091	3
233.9	21.4915	320.8578	5.0886	3
234	21.4838	320.099	5.087	3
234.1	21.4755	319.3096	5.0829	3
234.2	21.4672	318.5071	5.0981	3
234.3	21.4591	317.6699	5.1065	3
234.4	21.4508	316.8341	5.0906	3
234.5	21.4423	316.028	5.0834	3
234.6	21.434	315.2329	5.0879	3
234.7	21.4254	314.4172	5.0935	3
234.8	21.4169	313.5925	5.097	3
234.9	21.4083	312.7748	5.0911	3
235	21.3996	311.9236	5.0835	3
235.1	21.3908	311.2078	5.0789	3
235.2	21.3818	310.4011	5.0838	3
235.3	21.3725	309.6196	5.0915	3
235.4	21.363	308.8015	5.1086	3
235.5	21.3534	307.9946	5.1021	3
235.6	21.344	307.1218	5.0845	3
235.7	21.3347	306.1965	5.0881	3
235.8	21.3255	305.343	5.0883	3
235.9	21.3162	304.5761	5.0829	3
236	21.3069	303.7726	5.0827	3
236.1	21.2975	302.8801	5.0999	3
236.2	21.2883	302.046	5.1082	3
236.3	21.2791	301.1997	5.1012	3
236.4	21.2699	300.3813	5.0935	3
236.5	21.2605	299.587	5.0888	3
236.6	21.2509	298.8259	5.0823	3
236.7	21.2413	297.9141	5.0811	3
236.8	21.2317	297.1149	5.0818	3
236.9	21.2224	296.1763	5.068	3
237	21.2132	295.2521	5.0726	3
237.1	21.2047	294.32	5.0837	3
237.2	21.1964	293.5485	5.0863	3
237.3	21.1883	292.6838	5.0857	3
237.4	21.1801	291.8388	5.079	3
237.5	21.1718	290.9621	5.081	3
237.6	21.1637	290.1144	5.0863	3
237.7	21.1553	289.3706	5.0939	3
237.8	21.1467	288.5866	5.0933	3
237.9	21.138	287.7844	5.0999	3
238	21.1289	287.0537	5.0973	3
238.1	21.1196	286.2135	5.0906	3
238.2	21.1104	285.3182	5.0942	3
238.3	21.1016	284.4648	5.1072	3
238.4	21.0927	283.6669	5.0973	3
238.5	21.0836	282.9366	5.0866	3
238.6	21.0742	282.0556	5.0776	3
238.7	21.065	281.2075	5.0865	3
238.8	21.0558	280.368	5.1015	3
238.9	21.0466	279.5257	5.1038	3
239	21.0374	278.7532	5.0974	3
239.1	21.0279	277.9615	5.0818	3
239.2	21.0184	277.1065	5.0799	3
239.3	21.0091	276.1579	5.0802	3
239.4	21.0001	275.2925	5.0817	3
239.5	20.991	274.5226	5.0857	3
239.6	20.9817	273.7182	5.0881	3
239.7	20.9726	272.9227	5.0866	3
239.8	20.9631	272.1028	5.0818	3
239.9	20.9533	271.3002	5.0718	3
240	20.9435	270.523	5.0729	3
240.1	20.9336	269.6592	5.069	3
240.2	20.9235	268.8746	5.0738	3
240.3	20.9136	268.0914	5.0841	3
240.4	20.9035	267.2085	5.094	3
240.5	20.8937	266.2647	5.0942	3
240.6	20.8845	265.2514	5.0826	3
240.7	20.8759	264.4209	5.0709	3
240.8	20.867	263.5946	5.0603	3
240.9	20.8577	262.9243	5.075	3
241	20.8479	262.2173	5.0865	3
241.1	20.8379	261.3308	5.0889	3
241.2	20.8281	260.5233	5.0874	3
241.3	20.8182	259.685	5.0897	3
241.4	20.8081	258.8719	5.1054	3
241.5	20.7978	258.1156	5.1151	3
241.6	20.7875	257.2535	5.0993	3
241.7	20.7773	256.4066	5.0862	3
241.8	20.7672	255.5311	5.0855	3
241.9	20.7569	254.6294	5.0862	3
242	20.7472	253.7785	5.0809	3
242.1	20.7377	253.0004	5.0729	3
242.2	20.7276	252.1936	5.0757	3
242.3	20.7176	251.3478	5.0798	3
242.4	20.7079	250.5263	5.0729	3
242.5	20.6981	249.6355	5.0709	3
242.6	20.6882	248.7772	5.0747	3
242.7	20.6786	247.9281	5.0817	3
242.8	20.6693	247.0005	5.0853	3
242.9	20.6603	246.1674	5.0864	3
243	20.6512	245.2599	5.0863	3
243.1	20.6422	244.3781	5.0777	3
243.2	20.6335	243.5985	5.08	3
243.3	20.6245	242.8227	5.0975	3
243.4	20.6156	241.9924	5.0992	3
243.5	20.6068	241.1441	5.0942	3
243.6	20.598	240.3233	5.0971	3
243.7	20.5889	239.5169	5.0908	3
243.8	20.5797	238.6749	5.0939	3
243.9	20.5705	237.8839	5.1072	3
244	20.5612	237.0815	5.1004	3
244.1	20.5517	236.2551	5.1008	3
244.2	20.5423	235.4106	5.1273	3
244.3	20.5326	234.6003	5.1256	3
244.4	20.5229	233.8237	5.1177	3
244.5	20.5131	232.9947	5.1142	3
244.6	20.5033	232.0794	5.1091	3
244.7	20.4936	231.2872	5.111	3
244.8	20.4839	230.4863	5.1081	3
244.9	20.4741	229.6392	5.1114	3
245	20.4645	228.7989	5.1179	3
245.1	20.4547	227.9552	5.1149	3
245.2	20.4449	227.1153	5.094	3
245.3	20.4355	226.139	5.089	3
245.4	20.4264	225.3703	5.0839	3
245.5	20.4171	224.5729	5.0755	3
245.6	20.4075	223.7178	5.0855	3
245.7	20.3981	222.8589	5.0974	3
245.8	20.3889	222.0631	5.0776	3
245.9	20.3794	221.3234	5.0825	3
246	20.3695	220.4356	5.0901	3
246.1	20.3597	219.6537	5.095	3
246.2	20.3498	218.8013	5.1009	3
246.3	20.34	217.9856	5.101	3
246.4	20.3301	217.1081	5.086	3
246.5	20.3205	216.3053	5.0852	3
246.6	20.3104	215.5892	5.0911	3
246.7	20.2997	214.8204	5.0907	3
246.8	20.2888	214.0631	5.0993	3
246.9	20.2778	213.1834	5.1028	3
247	20.2668	212.3482	5.083	3
247.1	20.2561	211.5485	5.0778	3
247.2	20.2453	210.7098	5.0891	3
247.3	20.2343	209.8866	5.093	3
247.4	20.2232	209.0865	5.0951	3
247.5	20.212	208.3277	5.0942	3
247.6	20.2004	207.5165	5.0973	3
247.7	20.1887	206.6777	5.0841	3
247.8	20.1771	205.8484	5.0799	3
247.9	20.1657	204.9657	5.0848	3
248	20.1542	204.1023	5.0779	3
248.1	20.1428	203.3209	5.0752	3
248.2	20.1308	202.5654	5.087	3
248.3	20.1189	201.6933	5.0892	3
248.4	20.1076	200.7691	5.0797	3
248.5	20.0965	199.9597	5.0793	3
248.6	20.0853	199.0786	5.0867	3
248.7	20.074	198.2022	5.0892	3
248.8	20.0633	197.3567	5.0883	3
248.9	20.0526	196.4611	5.0759	3
249	20.0419	195.5585	5.0689	3
249.1	20.0314	194.7031	5.0787	3
249.2	20.0212	193.9304	5.0954	3
249.3	20.0107	193.1357	5.0959	3
249.4	20	192.2766	5.0797	3
249.5	19.9893	191.4173	5.068	3
249.6	19.979	190.491	5.0689	3
249.7	19.9693	189.6107	5.0691	3
249.8	19.9596	188.8057	5.068	3
249.9	19.9496	187.9475	5.0795	3
250	19.9396	187.0825	5.0683	3
250.1	19.9298	186.3	5.0518	3
250.2	19.9199	185.4947	5.0506	3
250.3	19.9097	184.6711	5.0691	3
250.4	19.8994	183.8613	5.0715	3
250.5	19.8892	183.0442	5.0662	3
250.6	19.8791	182.2928	5.0747	3
250.7	19.8689	181.3436	5.0803	3
250.8	19.8584	180.6243	5.0835	3
250.9	19.848	179.7382	5.095	3
251	19.8377	178.838	5.0977	3
251.1	19.8276	178.0888	5.0935	3
251.2	19.8171	177.2395	5.084	3
251.3	19.8066	176.5231	5.0897	3
251.4	19.796	175.5522	5.0851	3
251.5	19.7852	174.8794	5.0857	3
251.6	19.7744	174.0326	5.1016	3
251.7	19.7632	173.2095	5.1193	3
251.8	19.7524	172.3197	5.1296	3
251.9	19.7418	171.5105	5.1272	3
252	19.7307	170.7432	5.1062	3
252.1	19.7195	169.8954	5.095	3
252.2	19.7083	169.1107	5.086	3
252.3	19.6973	168.248	5.1065	3
252.4	19.686	167.5514	5.1105	3
252.5	19.6743	166.6696	5.1007	3
252.6	19.6628	165.7736	5.0881	3
252.7	19.6517	164.8983	5.1017	3
252.8	19.6404	164.1301	5.1128	3
252.9	19.6289	163.386	5.1037	3
253	19.6174	162.4479	5.105	3
253.1	19.6059	161.6393	5.1031	3
253.2	19.5944	160.8002	5.0909	3
253.3	19.5827	159.9989	5.0945	3
253.4	19.5711	159.1629	5.0986	3
253.5	19.5594	158.3474	5.0957	3
253.6	19.548	157.4256	5.0856	3
253.7	19.5367	156.5509	5.0789	3
253.8	19.5255	155.7688	5.087	3
253.9	19.5144	154.8418	5.0923	3
254	19.5031	154.1302	5.0956	3
254.1	19.4916	153.348	5.0864	3
254.2	19.4797	152.5222	5.0937	3
254.3	19.4678	151.7371	5.1017	3
254.4	19.456	150.9119	5.0866	3
254.5	19.4438	150.027	5.0691	3
254.6	19.4318	149.1721	5.0677	3
254.7	19.4202	148.2943	5.0738	3
254.8	19.4087	147.465	5.0872	3
254.9	19.3971	146.6771	5.1003	3
255	19.385	145.9961	5.103	3
255.1	19.3722	145.2612	5.0819	3
255.2	19.3595	144.3815	5.0821	3
255.3	19.3469	143.4916	5.0976	3
255.4	19.3342	142.6968	5.0986	3
255.5	19.3215	141.861	5.0936	3
255.6	19.3091	140.9552	5.0839	3
255.7	19.2969	140.1109	5.0807	3
255.8	19.2846	139.2994	5.0871	3
255.9	19.2722	138.4359	5.097	3
256	19.26	137.5549	5.1042	3
256.1	19.2478	136.7532	5.1054	3
256.2	19.2357	135.9948	5.0981	3
256.3	19.2232	135.1664	5.0878	3
256.4	19.2107	134.2941	5.0824	3
256.5	19.1981	133.4447	5.0807	3
256.6	19.1855	132.6163	5.0884	3
256.7	19.1732	131.7821	5.0851	3
256.8	19.1608	131.0005	5.0865	3
256.9	19.1483	130.1345	5.0965	3
257	19.1359	129.3042	5.109	3
257.1	19.1236	128.4349	5.1049	3
257.2	19.1114	127.5945	5.1026	3
257.3	19.0991	126.7727	5.1077	3
257.4	19.0868	126.0061	5.0922	3
257.5	19.0741	125.2087	5.0868	3
257.6	19.0613	124.3607	5.094	3
257.7	19.0487	123.5774	5.0979	3
257.8	19.0359	122.7202	5.0971	3
257.9	19.0228	121.8941	5.0948	3
258	19.0097	121.0327	5.0855	3
258.1	18.9968	120.2692	5.0865	3
258.2	18.984	119.4307	5.0751	3
258.3	18.9708	118.5872	5.0637	3
258.4	18.9578	117.7515	5.0746	3
258.5	18.9445	116.9616	5.0886	3
258.6	18.931	116.1142	5.0663	3
258.7	18.9179	115.3029	5.0523	3
258.8	18.9046	114.4833	5.0583	3
258.9	18.8912	113.6839	5.0645	3
259	18.8779	112.8174	5.0666	3
259.1	18.8645	111.9812	5.074	3
259.2	18.8508	111.1148	5.0678	3
259.3	18.8376	110.3239	5.0659	3
259.4	18.8247	109.3236	5.0774	3
259.5	18.8121	108.4339	5.0681	3
259.6	18.7996	107.6379	5.0587	3
259.7	18.7871	106.8095	5.053	3
259.8	18.7744	105.9671	5.0475	3
259.9	18.7619	105.0822	5.0589	3
260	18.7494	104.3188	5.0772	3
260.1	18.7369	103.5482	5.0907	3
260.2	18.7244	102.6367	5.0847	3
260.3	18.7118	101.8307	5.091	3
260.4	18.6991	101.0333	5.0959	3
260.5	18.6864	100.156	5.097	3
260.6	18.6737	99.339	5.1001	3
260.7	18.6612	98.4546	5.0857	3
260.8	18.6486	97.6335	5.0903	3
260.9	18.6362	96.7977	5.0926	3
261	18.6238	95.9481	5.0925	3
261.1	18.6113	95.2296	5.0962	3
261.2	18.5982	94.3919	5.0872	3
261.3	18.585	93.6069	5.0731	3
261.4	18.5716	92.8237	5.057	3
261.5	18.5582	92.0916	5.0694	3
261.6	18.544	91.3443	5.075	3
261.7	18.5299	90.5074	5.0902	3
261.8	18.5159	89.6367	5.079	3
261.9	18.5015	88.8761	5.0638	3
262	18.4871	88.0701	5.0653	3
262.1	18.4725	87.2296	5.0635	3
262.2	18.4581	86.3829	5.0705	3
262.3	18.4433	85.5787	5.0654	3
262.4	18.4283	84.7886	5.0507	3
262.5	18.4137	83.92	5.0539	3
262.6	18.3992	83.0419	5.0569	3
262.7	18.3848	82.1966	5.0654	3
262.8	18.3701	81.4872	5.0759	3
262.9	18.355	80.6676	5.0708	3
263	18.3393	79.996	5.0655	3
263.1	18.3235	79.2	5.0723	3
263.2	18.3075	78.327	5.0912	3
263.3	18.2911	77.6158	5.0843	3
263.4	18.2745	76.7986	5.0588	3
263.5	18.2576	76.0325	5.0557	3
263.6	18.2408	75.1883	5.0499	3
263.7	18.2241	74.2841	5.0468	3
263.8	18.2076	73.4612	5.0669	3
263.9	18.1909	72.5562	5.0533	3
264	18.1745	71.7593	5.0374	3
264.1	18.1579	71.0024	5.0405	3
264.2	18.1412	70.207	5.0494	3
264.3	18.124	69.3675	5.0556	3
264.4	18.1065	68.6169	5.0517	3
264.5	18.0891	67.8626	5.0519	3
264.6	18.0712	67.0206	5.0588	3
264.7	18.0537	66.138	5.0583	3
264.8	18.0361	65.2969	5.0584	3
264.9	18.0181	64.5539	5.0594	3
265	18	63.733	5.0543	3
265.1	17.9817	63.0511	5.0459	3
265.2	17.9631	62.2056	5.0389	3
265.3	17.9441	61.3864	5.0484	3
265.4	17.9251	60.6026	5.0505	3
265.5	17.9059	59.7238	5.0493	3
265.6	17.8868	58.9438	5.0564	3
265.7	17.8675	58.1174	5.0587	3
265.8	17.848	57.312	5.0547	3
265.9	17.8285	56.545	5.0617	3
266	17.8087	55.6973	5.0576	3
266.1	17.789	54.8674	5.0515	3
266.2	17.7691	54.1555	5.0582	3
266.3	17.7488	53.3195	5.0586	3
266.4	17.7285	52.4805	5.0541	3
266.5	17.7081	51.674	5.0549	3
266.6	17.6874	50.8365	5.0633	3
266.7	17.6664	50.0414	5.0674	3
266.8	17.6458	49.3102	5.0736	3
266.9	17.625	48.3956	5.0827	3
267	17.6045	47.5	5.0832	3
267.1	17.5839	46.6752	5.0938	3
267.2	17.5632	45.8837	5.0824	3
267.3	17.5423	45.1049	5.0741	3
267.4	17.521	44.3147	5.0814	3
267.5	17.4998	43.448	5.0798	3
267.6	17.4786	42.6564	5.0695	3
267.7	17.4573	41.8574	5.0658	3
267.8	17.4356	40.9969	5.0727	3
267.9	17.414	40.1943	5.065	3
268	17.3924	39.3683	5.0631	3
268.1	17.3703	38.6259	5.0671	3
268.2	17.348	37.8685	5.0649	3
268.3	17.3255	37.0907	5.0532	3
268.4	17.3028	36.2983	5.0481	3
268.5	17.2802	35.4831	5.0698	3
268.6	17.2572	34.6861	5.0786	3
268.7	17.2339	33.8855	5.0744	3
268.8	17.2103	33.0952	5.0664	3
268.9	17.1864	32.2718	5.0653	3
269	17.1621	31.5436	5.0697	3
269.1	17.138	30.7354	5.0732	3
269.2	17.1133	30.0238	5.0688	3
269.3	17.0882	29.2642	5.0541	3
269.4	17.063	28.414	5.047	3
269.5	17.0377	27.6647	5.0545	3
269.6	17.0118	26.8022	5.0497	3
269.7	16.9859	25.9824	5.0459	3
269.8	16.96	25.2034	5.052	3
269.9	16.9338	24.3868	5.058	3
270	16.9073	23.6509	5.0526	3
270.1	16.8803	23.0125	5.0596	3
270.2	16.8528	22.1779	5.0702	3
270.3	16.8253	21.3044	5.07	3
270.4	16.7979	20.4994	5.0719	3
270.5	16.7702	19.7778	5.0647	3
270.6	16.7421	18.9177	5.0638	3
270.7	16.7141	18.1152	5.0592	3
270.8	16.686	17.3617	5.0488	3
270.9	16.6573	16.6118	5.0452	3
271	16.6281	15.8556	5.0576	3
271.1	16.5984	15.0668	5.0611	3
271.2	16.5685	14.3358	5.0544	3
271.3	16.5383	13.5518	5.0571	3
271.4	16.5079	12.7507	5.0541	3
271.5	16.4772	11.9671	5.0429	3
271.6	16.4459	11.2238	5.0509	3
271.7	16.414	10.5129	5.0658	3
271.8	16.3817	9.8407	5.0634	4
271.9	16.3484	9.219	5.0554	4
272	16.3144	8.459	5.0592	4
272.1	16.2811	7.8004	5.0643	4
272.2	16.2112	2.6189	5.0704	4
272.3	15.9633	-12.2741	5.0721	4
272.4	15.5494	-22.3185	5.0673	4
272.5	15.0901	-25.1227	5.0609	4
272.6	14.6144	-24.7773	5.0648	4
272.7	14.1293	-23.4579	5.0656	4
272.8	13.6387	-21.9252	5.0645	4
272.9	13.1436	-19.6218	5.067	4
273	12.6458	-17.4295	5.0802	4
273.1	12.1462	-16.4343	5.0862	4
273.2	11.645	-16.0835	5.0705	4
273.3	11.1423	-16.0207	5.0691	4
273.4	10.6383	-15.9602	5.0728	4
273.5	10.1326	-15.629	5.0599	4
273.6	9.6256	-15.8439	5.0626	4
273.7	9.1177	-16.213	5.0714	4
273.8	8.6087	-16.3289	5.0625	4
273.9	8.099	-16.2384	5.0536	4
274	7.5873	-14.4252	5.046	4
274.1	7.074	-12.1158	5.0396	4
274.2	6.5609	-10.8615	5.0432	4
274.3	6.0474	-10.4846	5.0442	4
274.4	5.5334	-10.3318	5.0502	4
274.5	5.019	-10.1037	5.0573	4
274.6	4.5046	-9.9871	5.0525	4
274.7	3.9901	-10.053	5.0474	4
274.8	3.4756	-10.3478	5.0563	4
274.9	2.961	-10.8487	5.0534	4
275	2.446	-11.2885	5.0563	4
275.1	1.9304	-11.3093	5.0487	4
275.2	1.4149	-11.0454	5.0442	4
275.3	0.9	-11.0377	5.0621	4
275.4	0.3857	-11.1041	5.0639	4
275.5	-0.1288	-11.3767	5.044	4
275.6	-0.6366	-11.652	5.0471	4
275.7	-1.0462	-11.6009	5.0497	4
275.8	-1.2933	-11.5715	5.0445	4
275.9	-1.4798	-11.3605	5.0445	4
276	-1.6554	-11.2785	5.0632	4
276.1	-1.8254	-11.202	5.0586	4
276.2	-1.9916	-11.1207	5.0546	4
276.3	-2.1557	-11.1391	5.0599	4
276.4	-2.3183	-11.1036	5.07	4
276.5	-2.4798	-11.1754	5.0619	4
276.6	-2.6404	-11.2162	5.0506	4
276.7	-2.8004	-11.2247	5.0567	4
276.8	-2.96	-11.1881	5.052	4
