Indentation

 + Advanced

+ Advanced
   Acquisition rate :	10.0 [Hz]
   Linear loading
   Max load :	1000.00 	µN
   Loading rate :	500.00 	µN/min
   Unloading rate :	500.00 	µN/min
   Pause :	30.0 s

+ TTX - UNHT Bio S/N: 1000136751 settings
   Fn contact : 25 µN
   Approach distance : 20 µm
   Approach speed : 100 µm/min
   Retract speed : 200 µm/min
   Retract time : 5 sec
   Dz sensor in large range
   Load in fine range
   FnRef in fine range
   FnRef contactload :500.000 µN
   Stiffness threshold : 1 µN/µm

   X Position :9882.24 µm
   Y Position :39024.97 µm
   Z Position :8219.91 µm

Date :6/9/2026
Time :3:14:43 PM

Analysis n # 1

   Method :	Hertz

 + Parameters

  Load Fit [10%,98%]

 + Main results

   EHz=	888.16 	kPa

 + Hypothesis


 + Additional results

   ErHz=	976.00 kPa
   h offset=	2.66 µm
   R2=	1.00

Analysis n # 2

   Method :	Oliver & Pharr

 + Parameters

  Unload Fit [40%,98%]

 + Main results

   HIT=	31.226 	kPa
   EIT=	893.06 	kPa
   E*=	981.39 	kPa

 + Hypothesis

   !!! Indenter not calibrated !!!
   m out of O&P hypothesis
   Poisson's ratio(nu)=	0.30 

 + Additional results

   HVIT=	0.0031831 	 Vickers
   CIT 0.001/120/30=	4.21 	%
   nIT=	70.98 %
   Fmax=	997.70 	µN
   hmax=	13.94 	µm
   S=	197.9412 	µN/µm
   F/S²=	0.0255 	µm²/µN
   hc=	10.28 	µm
   hr=	8.90 	µm
   hp=	-13.01 	µm
   m=	5.3473 
   Epsilon=	0.73 
   R2=	0.998
   Ap=	31950.77 	µm²
   Welast=	3374.95 pJ
   Wplast=	1379.52 pJ
   Wtotal=	4754.47 pJ
   Er=	981.39 	kPa

Measured values
Time (s)	Pd (µm)	Fn (µN)	FnRef (µN)	SegmentID

0	0	0	5.0543	0
0.1	0.175	0.1106	5.0585	0
0.2	0.3496	0.5439	5.0662	1
0.3	0.524	1.0692	5.0783	1
0.4	0.6981	1.5837	5.0706	1
0.5	0.8717	2.4429	5.0711	1
0.6	1.0391	3.2032	5.0845	1
0.7	1.1628	3.6892	5.082	1
0.8	1.2349	4.0059	5.0939	1
0.9	1.2946	4.2061	5.0979	1
1	1.3523	4.6831	5.092	1
1.1	1.4087	5.1158	5.0927	1
1.2	1.4652	5.4681	5.1004	1
1.3	1.5224	5.9927	5.0815	1
1.4	1.5804	6.4392	5.0864	1
1.5	1.6389	7.0348	5.0959	1
1.6	1.6982	7.4795	5.0924	1
1.7	1.7587	8.152	5.0899	1
1.8	1.8198	8.7233	5.0933	1
1.9	1.8814	9.4538	5.09	1
2	1.9434	10.1642	5.0897	1
2.1	2.0054	10.9965	5.0895	1
2.2	2.0677	11.7972	5.0977	1
2.3	2.1299	12.6873	5.1129	1
2.4	2.1918	13.5528	5.1177	1
2.5	2.2531	14.6846	5.1185	1
2.6	2.3133	15.5505	5.1016	1
2.7	2.3729	16.6794	5.0963	1
2.8	2.4314	17.7659	5.1075	1
2.9	2.4882	18.8876	5.1065	1
3	2.5431	20.1327	5.0993	1
3.1	2.5962	21.2313	5.0912	1
3.2	2.6478	22.4439	5.0922	1
3.3	2.6977	23.5189	5.0968	1
3.4	2.7456	24.7556	5.0975	1
3.5	2.7918	25.8606	5.0941	1
3.6	2.8368	26.8124	5.0783	1
3.7	2.8805	27.9105	5.0781	1
3.8	2.9229	29.0361	5.0691	1
3.9	2.9642	30.0959	5.0735	1
4	3.0041	31.0838	5.0823	1
4.1	3.0428	32.1237	5.0652	1
4.2	3.0803	33.1018	5.0636	1
4.3	3.1166	34.1286	5.0716	1
4.4	3.1519	35.0737	5.0734	1
4.5	3.1865	36.0515	5.0858	1
4.6	3.2201	37.1939	5.0893	1
4.7	3.2523	38.1516	5.0909	1
4.8	3.2838	39.0223	5.0883	1
4.9	3.3147	39.9746	5.0812	1
5	3.3448	40.9456	5.0733	1
5.1	3.3741	41.8948	5.0765	1
5.2	3.4028	42.7009	5.0897	1
5.3	3.4314	43.6371	5.0957	1
5.4	3.4596	44.588	5.1035	1
5.5	3.4871	45.501	5.1008	1
5.6	3.514	46.3755	5.0898	1
5.7	3.5405	47.2456	5.1021	1
5.8	3.5665	48.1561	5.1016	1
5.9	3.5925	48.9225	5.089	1
6	3.6186	49.8533	5.0913	1
6.1	3.6441	50.607	5.0862	1
6.2	3.6696	51.4516	5.0797	1
6.3	3.6951	52.2904	5.0889	1
6.4	3.7202	53.266	5.0887	1
6.5	3.7449	54.0896	5.0799	1
6.6	3.7695	54.9511	5.0872	1
6.7	3.7936	55.8414	5.1002	1
6.8	3.8179	56.6274	5.096	1
6.9	3.8418	57.4927	5.0924	1
7	3.8654	58.4445	5.0903	1
7.1	3.8886	59.323	5.0831	1
7.2	3.9117	60.1855	5.0866	1
7.3	3.9345	61.1006	5.0924	1
7.4	3.9564	62.0007	5.0938	1
7.5	3.9782	62.9242	5.1023	1
7.6	3.9995	63.8818	5.1	1
7.7	4.0199	64.893	5.0981	1
7.8	4.0399	65.7549	5.0982	1
7.9	4.0599	66.5873	5.1119	1
8	4.0796	67.3528	5.1164	1
8.1	4.0998	68.0575	5.1076	1
8.2	4.1205	68.7615	5.1129	1
8.3	4.1411	69.6296	5.1089	1
8.4	4.1615	70.5021	5.0947	1
8.5	4.1817	71.5016	5.096	1
8.6	4.2015	72.4194	5.0926	1
8.7	4.2209	73.358	5.0883	1
8.8	4.2396	74.2533	5.0941	1
8.9	4.258	75.0403	5.1031	1
9	4.2761	75.8988	5.1157	1
9.1	4.2944	76.7113	5.1201	1
9.2	4.3125	77.6286	5.107	1
9.3	4.3308	78.3828	5.1064	1
9.4	4.349	79.2433	5.1135	1
9.5	4.3672	80.0477	5.1158	1
9.6	4.3853	80.8666	5.1205	1
9.7	4.4036	81.7485	5.1096	1
9.8	4.4218	82.6092	5.0949	1
9.9	4.4394	83.4389	5.1057	1
10	4.457	84.3368	5.1121	1
10.1	4.4745	85.1761	5.1059	1
10.2	4.4917	86.0388	5.088	1
10.3	4.5088	86.9359	5.0764	1
10.4	4.5259	87.7068	5.0828	1
10.5	4.5429	88.5807	5.086	1
10.6	4.5601	89.3755	5.0836	1
10.7	4.577	90.2565	5.087	1
10.8	4.5938	91.0891	5.0854	1
10.9	4.6106	91.9014	5.0791	1
11	4.6272	92.7245	5.0878	1
11.1	4.6439	93.5375	5.0805	1
11.2	4.6608	94.4846	5.07	1
11.3	4.6774	95.2557	5.082	1
11.4	4.6939	96.0355	5.0822	1
11.5	4.7106	96.9639	5.078	1
11.6	4.7271	97.8248	5.0709	1
11.7	4.7434	98.6917	5.0721	1
11.8	4.7593	99.5709	5.0859	1
11.9	4.7751	100.4739	5.0768	1
12	4.7905	101.3447	5.0709	1
12.1	4.8056	102.1602	5.0717	1
12.2	4.8212	102.975	5.0753	1
12.3	4.8365	103.8571	5.0894	1
12.4	4.8517	104.6855	5.0914	1
12.5	4.8667	105.6188	5.082	1
12.6	4.8812	106.4845	5.0784	1
12.7	4.8955	107.3164	5.085	1
12.8	4.9097	108.2301	5.0965	1
12.9	4.9237	109.1046	5.1041	1
13	4.9373	109.9732	5.0993	1
13.1	4.9502	110.8683	5.0885	1
13.2	4.9632	111.6329	5.0778	1
13.3	4.9768	112.362	5.0983	1
13.4	4.9908	113.1695	5.1132	1
13.5	5.0048	114.0329	5.1204	1
13.6	5.0186	114.8828	5.1203	1
13.7	5.0322	115.7195	5.1027	1
13.8	5.0463	116.4062	5.093	1
13.9	5.0608	117.2172	5.0981	1
14	5.0754	118.0168	5.1029	1
14.1	5.0899	118.9282	5.1069	1
14.2	5.1043	119.7275	5.094	1
14.3	5.1189	120.4884	5.0874	1
14.4	5.1336	121.3196	5.0877	1
14.5	5.1484	122.1947	5.0806	1
14.6	5.1633	122.8838	5.0822	1
14.7	5.1789	123.6157	5.0714	1
14.8	5.1944	124.5585	5.0799	1
14.9	5.2102	125.2563	5.0923	1
15	5.2265	125.91	5.0931	1
15.1	5.2432	126.8109	5.0933	1
15.2	5.2592	127.8814	5.092	1
15.3	5.274	128.983	5.0944	1
15.4	5.2874	130.0673	5.104	1
15.5	5.2996	131.08	5.107	1
15.6	5.3118	131.8547	5.1119	1
15.7	5.3245	132.5607	5.1079	1
15.8	5.3376	133.3207	5.1112	1
15.9	5.3509	134.1367	5.1164	1
16	5.3641	134.9975	5.1076	1
16.1	5.3773	135.7315	5.1007	1
16.2	5.3908	136.547	5.0941	1
16.3	5.4045	137.3863	5.0972	1
16.4	5.418	138.2893	5.1064	1
16.5	5.4309	139.1369	5.1072	1
16.6	5.4442	139.91	5.0941	1
16.7	5.4578	140.7627	5.0977	1
16.8	5.4712	141.5986	5.0949	1
16.9	5.4844	142.3608	5.0904	1
17	5.498	143.2087	5.0933	1
17.1	5.5114	144.0758	5.1082	1
17.2	5.5244	144.921	5.1141	1
17.3	5.5375	145.8077	5.1166	1
17.4	5.5503	146.7035	5.1139	1
17.5	5.5628	147.6512	5.1162	1
17.6	5.5751	148.4412	5.1118	1
17.7	5.5875	149.156	5.1054	1
17.8	5.6006	149.9533	5.0969	1
17.9	5.6136	150.8245	5.1036	1
18	5.6264	151.7522	5.1073	1
18.1	5.639	152.5174	5.1034	1
18.2	5.6515	153.39	5.1088	1
18.3	5.6639	154.1835	5.1066	1
18.4	5.6767	154.9505	5.1123	1
18.5	5.6898	155.7961	5.1077	1
18.6	5.7026	156.6156	5.1014	1
18.7	5.7155	157.4945	5.097	1
18.8	5.7282	158.3588	5.0938	1
18.9	5.7408	159.2224	5.0951	1
19	5.7532	160.1349	5.0896	1
19.1	5.7651	161.063	5.0983	1
19.2	5.7766	161.8059	5.0967	1
19.3	5.7886	162.5746	5.0978	1
19.4	5.8007	163.5166	5.108	1
19.5	5.8123	164.3652	5.1186	1
19.6	5.824	165.1256	5.112	1
19.7	5.8361	166.045	5.1127	1
19.8	5.8477	166.925	5.1016	1
19.9	5.8587	167.8	5.0833	1
20	5.8701	168.5588	5.0838	1
20.1	5.8818	169.2813	5.0874	1
20.2	5.8937	170.1323	5.0829	1
20.3	5.9053	171.0777	5.0923	1
20.4	5.9168	171.816	5.1057	1
20.5	5.9289	172.5569	5.1102	1
20.6	5.9411	173.3805	5.1107	1
20.7	5.9531	174.2318	5.1192	1
20.8	5.9652	175.0507	5.1266	1
20.9	5.9773	175.8703	5.1225	1
21	5.9895	176.7528	5.118	1
21.1	6.0014	177.69	5.1229	1
21.2	6.013	178.5022	5.1037	1
21.3	6.0247	179.3018	5.1015	1
21.4	6.0363	180.1311	5.1123	1
21.5	6.0482	180.9322	5.1158	1
21.6	6.0601	181.7347	5.115	1
21.7	6.072	182.6021	5.1145	1
21.8	6.0842	183.438	5.1103	1
21.9	6.0962	184.227	5.1142	1
22	6.1082	185.1092	5.0964	1
22.1	6.12	186.0032	5.0996	1
22.2	6.1317	186.7913	5.1073	1
22.3	6.1435	187.5974	5.1049	1
22.4	6.1552	188.4333	5.1036	1
22.5	6.1669	189.3736	5.1094	1
22.6	6.1786	190.0986	5.0977	1
22.7	6.1903	191.0115	5.0891	1
22.8	6.2016	191.9204	5.0805	1
22.9	6.2129	192.7746	5.0756	1
23	6.2241	193.6032	5.0798	1
23.1	6.2351	194.4539	5.0814	1
23.2	6.2459	195.3984	5.0808	1
23.3	6.2568	196.1317	5.081	1
23.4	6.2677	196.9333	5.0835	1
23.5	6.2785	197.9091	5.092	1
23.6	6.2889	198.7679	5.0896	1
23.7	6.2992	199.5821	5.0872	1
23.8	6.3092	200.497	5.0827	1
23.9	6.3191	201.3719	5.0863	1
24	6.329	202.1687	5.0898	1
24.1	6.339	202.9135	5.092	1
24.2	6.3494	203.7176	5.0954	1
24.3	6.3597	204.5069	5.0988	1
24.4	6.3698	205.4364	5.0961	1
24.5	6.3799	206.3289	5.1007	1
24.6	6.3897	207.136	5.1066	1
24.7	6.3997	207.9627	5.1022	1
24.8	6.4098	208.731	5.1047	1
24.9	6.4203	209.4712	5.1065	1
25	6.4311	210.2647	5.0954	1
25.1	6.4414	211.2248	5.078	1
25.2	6.4514	212.1758	5.0851	1
25.3	6.4613	213.0237	5.095	1
25.4	6.471	213.8381	5.0858	1
25.5	6.4807	214.7472	5.0744	1
25.6	6.4901	215.5696	5.0946	1
25.7	6.4994	216.3754	5.099	1
25.8	6.509	217.2059	5.0896	1
25.9	6.5188	217.9601	5.1034	1
26	6.5288	218.7678	5.097	1
26.1	6.5386	219.6196	5.0859	1
26.2	6.5483	220.511	5.0947	1
26.3	6.558	221.3397	5.0888	1
26.4	6.5676	222.0441	5.0836	1
26.5	6.5774	222.972	5.0812	1
26.6	6.5871	223.851	5.0681	1
26.7	6.5965	224.6761	5.0734	1
26.8	6.6059	225.5449	5.0841	1
26.9	6.6152	226.3595	5.0936	1
27	6.6243	227.2142	5.0826	1
27.1	6.6336	228.0828	5.0756	1
27.2	6.643	228.8214	5.0692	1
27.3	6.6523	229.7285	5.073	1
27.4	6.6613	230.6341	5.0714	1
27.5	6.6702	231.4044	5.0694	1
27.6	6.6795	232.1573	5.0619	1
27.7	6.6889	233.0157	5.0797	1
27.8	6.6982	233.9538	5.0812	1
27.9	6.7073	234.7468	5.0649	1
28	6.7163	235.6053	5.0681	1
28.1	6.7253	236.4528	5.07	1
28.2	6.7341	237.3913	5.0693	1
28.3	6.7427	238.1894	5.0688	1
28.4	6.7513	238.8996	5.0767	1
28.5	6.7601	239.8356	5.0712	1
28.6	6.7685	240.7462	5.0686	1
28.7	6.7767	241.5958	5.0758	1
28.8	6.785	242.3976	5.0776	1
28.9	6.7934	243.2764	5.0829	1
29	6.8015	244.1365	5.0856	1
29.1	6.8096	244.8661	5.0722	1
29.2	6.818	245.669	5.0694	1
29.3	6.8264	246.4704	5.0753	1
29.4	6.835	247.3275	5.0823	1
29.5	6.8437	248.1331	5.0729	1
29.6	6.8525	248.907	5.0645	1
29.7	6.8614	249.7937	5.0644	1
29.8	6.8703	250.6019	5.0686	1
29.9	6.8796	251.2289	5.0858	1
30	6.8891	252.0746	5.0773	1
30.1	6.8989	252.9553	5.0606	1
30.2	6.9084	253.7453	5.0624	1
30.3	6.9182	254.5495	5.067	1
30.4	6.9282	255.3469	5.0659	1
30.5	6.9379	256.1698	5.0574	1
30.6	6.9479	257.0598	5.0582	1
30.7	6.9581	257.8324	5.0444	1
30.8	6.9681	258.7838	5.0453	1
30.9	6.9776	259.5825	5.0522	1
31	6.9871	260.4641	5.0498	1
31.1	6.9967	261.3605	5.0522	1
31.2	7.006	262.1159	5.0546	1
31.3	7.0156	262.9473	5.0587	1
31.4	7.0253	263.7649	5.0686	1
31.5	7.0351	264.5789	5.083	1
31.6	7.0448	265.4466	5.0783	1
31.7	7.0542	266.2553	5.0681	1
31.8	7.064	267.0827	5.07	1
31.9	7.0739	267.8289	5.0741	1
32	7.0838	268.7054	5.0682	1
32.1	7.0934	269.5884	5.0636	1
32.2	7.1031	270.429	5.0698	1
32.3	7.1127	271.3339	5.0665	1
32.4	7.1221	272.1361	5.0751	1
32.5	7.1313	273.0136	5.0742	1
32.6	7.1406	273.8382	5.0539	1
32.7	7.1499	274.677	5.0505	1
32.8	7.1593	275.5234	5.048	1
32.9	7.169	276.2069	5.0554	1
33	7.1787	277.0525	5.0659	1
33.1	7.1882	277.9397	5.061	1
33.2	7.1978	278.7839	5.0591	1
33.3	7.2077	279.6884	5.0634	1
33.4	7.217	280.548	5.0614	1
33.5	7.2258	281.3731	5.0575	1
33.6	7.2349	282.2253	5.0589	1
33.7	7.244	283.0712	5.07	1
33.8	7.2534	283.7977	5.0776	1
33.9	7.2629	284.6344	5.0785	1
34	7.2724	285.4839	5.0893	1
34.1	7.2817	286.3682	5.0809	1
34.2	7.2906	287.2781	5.0719	1
34.3	7.2998	287.9923	5.0701	1
34.4	7.309	288.8284	5.0712	1
34.5	7.3184	289.6039	5.0702	1
34.6	7.328	290.4303	5.0875	1
34.7	7.3377	291.2944	5.073	1
34.8	7.347	292.0861	5.0577	1
34.9	7.3565	293.0074	5.0569	1
35	7.366	293.8119	5.0611	1
35.1	7.3754	294.6045	5.0652	1
35.2	7.3849	295.4653	5.0661	1
35.3	7.3942	296.3808	5.0619	1
35.4	7.4035	297.1796	5.0677	1
35.5	7.4128	297.9601	5.0764	1
35.6	7.4221	298.8263	5.0698	1
35.7	7.4314	299.7335	5.051	1
35.8	7.4405	300.5817	5.0395	1
35.9	7.4495	301.4402	5.0502	1
36	7.4583	302.3344	5.0543	1
36.1	7.4671	303.0514	5.0542	1
36.2	7.4761	303.9027	5.0671	1
36.3	7.4851	304.6647	5.0598	1
36.4	7.4939	305.5811	5.0726	1
36.5	7.5027	306.4972	5.0788	1
36.6	7.5112	307.2962	5.0743	1
36.7	7.52	308.1687	5.0733	1
36.8	7.5285	309.0058	5.0761	1
36.9	7.5368	309.936	5.0843	1
37	7.5448	310.7724	5.0799	1
37.1	7.5529	311.535	5.0693	1
37.2	7.561	312.44	5.0689	1
37.3	7.569	313.2059	5.083	1
37.4	7.5771	314.0009	5.0884	1
37.5	7.5852	314.8868	5.0825	1
37.6	7.593	315.8133	5.0695	1
37.7	7.6007	316.6717	5.0593	1
37.8	7.6086	317.4306	5.0566	1
37.9	7.6165	318.2504	5.0602	1
38	7.6244	319.1287	5.0598	1
38.1	7.6325	319.8903	5.0634	1
38.2	7.6405	320.6915	5.0713	1
38.3	7.6489	321.5118	5.0681	1
38.4	7.6574	322.3057	5.0579	1
38.5	7.6659	323.1429	5.0573	1
38.6	7.6744	323.8979	5.0687	1
38.7	7.6833	324.7079	5.0713	1
38.8	7.6919	325.5967	5.0791	1
38.9	7.7007	326.4489	5.077	1
39	7.7097	327.2432	5.0773	1
39.1	7.7183	328.0825	5.0766	1
39.2	7.7268	328.9236	5.074	1
39.3	7.7354	329.7551	5.0713	1
39.4	7.7437	330.625	5.0644	1
39.5	7.752	331.4772	5.0756	1
39.6	7.7604	332.3599	5.0867	1
39.7	7.769	333.1963	5.0853	1
39.8	7.7773	333.9684	5.0889	1
39.9	7.7858	334.7833	5.084	1
40	7.7944	335.5273	5.0818	1
40.1	7.8032	336.425	5.0899	1
40.2	7.8119	337.2333	5.0862	1
40.3	7.8206	338.0509	5.0838	1
40.4	7.8296	338.8317	5.0843	1
40.5	7.8384	339.7508	5.0826	1
40.6	7.847	340.6162	5.0813	1
40.7	7.8555	341.4128	5.0753	1
40.8	7.8642	342.2389	5.0807	1
40.9	7.8725	343.219	5.0786	1
41	7.8806	344.0822	5.0818	1
41.1	7.8887	344.8669	5.0746	1
41.2	7.8966	345.7186	5.0723	1
41.3	7.9045	346.5803	5.084	1
41.4	7.9123	347.4522	5.0851	1
41.5	7.9203	348.2831	5.086	1
41.6	7.9283	349.059	5.1026	1
41.7	7.9364	349.8359	5.1044	1
41.8	7.9448	350.6111	5.0929	1
41.9	7.9532	351.4409	5.09	1
42	7.9615	352.3566	5.0784	1
42.1	7.9694	353.2353	5.0664	1
42.2	7.9772	354.1008	5.0616	1
42.3	7.985	354.8802	5.0662	1
42.4	7.9927	355.7535	5.0702	1
42.5	8.0002	356.6722	5.0741	1
42.6	8.0074	357.5375	5.0761	1
42.7	8.0147	358.3487	5.0856	1
42.8	8.0225	359.0792	5.0914	1
42.9	8.0304	359.8866	5.0866	1
43	8.0383	360.7267	5.0827	1
43.1	8.0462	361.557	5.0803	1
43.2	8.054	362.4186	5.0793	1
43.3	8.0618	363.2713	5.0738	1
43.4	8.0694	364.1128	5.0819	1
43.5	8.0771	365.0312	5.0851	1
43.6	8.0845	365.67	5.0816	1
43.7	8.0924	366.5186	5.0746	1
43.8	8.1005	367.3839	5.0715	1
43.9	8.1086	368.2131	5.0709	1
44	8.1163	369.1443	5.0712	1
44.1	8.1242	369.7869	5.0718	1
44.2	8.1328	370.5063	5.0709	1
44.3	8.1421	371.2455	5.0668	1
44.4	8.1512	372.0913	5.0601	1
44.5	8.1605	372.9134	5.0584	1
44.6	8.1702	373.6646	5.0664	1
44.7	8.18	374.5229	5.0661	1
44.8	8.1892	375.4644	5.0631	1
44.9	8.1982	376.3744	5.078	1
45	8.2071	377.2117	5.0867	1
45.1	8.2158	378.0597	5.094	1
45.2	8.2248	378.8358	5.0864	1
45.3	8.2341	379.6353	5.0761	1
45.4	8.2432	380.5168	5.0722	1
45.5	8.2521	381.2998	5.0732	1
45.6	8.261	382.2441	5.0761	1
45.7	8.2697	383.0681	5.0709	1
45.8	8.2783	383.8497	5.0621	1
45.9	8.287	384.742	5.0617	1
46	8.2957	385.609	5.0641	1
46.1	8.3041	386.5025	5.0774	1
46.2	8.3123	387.3981	5.0787	1
46.3	8.3202	388.2097	5.0821	1
46.4	8.3282	389.0427	5.0988	1
46.5	8.3363	389.9015	5.0956	1
46.6	8.344	390.8522	5.083	1
46.7	8.3516	391.5952	5.072	1
46.8	8.3594	392.3427	5.0635	1
46.9	8.3674	393.297	5.0595	1
47	8.3749	394.1331	5.0759	1
47.1	8.3826	394.9663	5.0894	1
47.2	8.3906	395.6472	5.0906	1
47.3	8.3984	396.6411	5.0885	1
47.4	8.4058	397.5226	5.0753	1
47.5	8.4132	398.2754	5.068	1
47.6	8.4211	399.0736	5.0644	1
47.7	8.4292	399.8553	5.0655	1
47.8	8.437	400.673	5.0658	1
47.9	8.4452	401.4509	5.0732	1
48	8.4542	402.1892	5.0752	1
48.1	8.4635	402.9963	5.0657	1
48.2	8.4724	403.9294	5.0694	1
48.3	8.4811	404.6626	5.0756	1
48.4	8.49	405.5083	5.0768	1
48.5	8.4989	406.3271	5.0743	1
48.6	8.5073	407.3013	5.0903	1
48.7	8.5162	407.9941	5.0846	1
48.8	8.5254	408.7493	5.0669	1
48.9	8.5347	409.6336	5.0769	1
49	8.5435	410.5193	5.0736	1
49.1	8.552	411.4176	5.0679	1
49.2	8.5608	412.2756	5.0701	1
49.3	8.5692	413.1233	5.0621	1
49.4	8.5775	414.0193	5.0631	1
49.5	8.5855	414.8488	5.0793	1
49.6	8.5935	415.7133	5.0859	1
49.7	8.6013	416.5382	5.0912	1
49.8	8.6091	417.4788	5.0842	1
49.9	8.6166	418.3027	5.0808	1
50	8.6241	419.1733	5.0744	1
50.1	8.6316	419.9826	5.082	1
50.2	8.6392	420.8599	5.0894	1
50.3	8.6465	421.6891	5.0832	1
50.4	8.6536	422.5316	5.0763	1
50.5	8.661	423.3056	5.074	1
50.6	8.6686	424.0279	5.0865	1
50.7	8.6763	424.9137	5.0893	1
50.8	8.6839	425.8837	5.0779	1
50.9	8.6909	426.6847	5.0777	1
51	8.698	427.5476	5.0853	1
51.1	8.705	428.3487	5.085	1
51.2	8.7122	429.2183	5.0822	1
51.3	8.7195	430.0676	5.0951	1
51.4	8.7264	430.8742	5.0987	1
51.5	8.7334	431.7681	5.0921	1
51.6	8.7402	432.586	5.0768	1
51.7	8.7472	433.405	5.0836	1
51.8	8.7545	434.1563	5.0821	1
51.9	8.7617	434.992	5.0726	1
52	8.7688	435.8531	5.0689	1
52.1	8.7762	436.5758	5.0732	1
52.2	8.7839	437.3894	5.0713	1
52.3	8.7915	438.292	5.0742	1
52.4	8.7987	439.205	5.0861	1
52.5	8.806	439.963	5.0704	1
52.6	8.8136	440.7308	5.061	1
52.7	8.8211	441.6065	5.0621	1
52.8	8.8285	442.5002	5.0452	1
52.9	8.8359	443.3026	5.0433	1
53	8.8433	444.1213	5.0424	1
53.1	8.8506	444.9698	5.0422	1
53.2	8.8577	445.8784	5.0561	1
53.3	8.8648	446.7884	5.0623	1
53.4	8.8719	447.4836	5.0591	1
53.5	8.8791	448.2748	5.0404	1
53.6	8.8866	449.0974	5.0356	1
53.7	8.8941	449.9558	5.0232	1
53.8	8.9017	450.7196	5.0336	1
53.9	8.9093	451.5735	5.0456	1
54	8.9168	452.4521	5.0535	1
54.1	8.9242	453.3687	5.0686	1
54.2	8.9313	454.1939	5.056	1
54.3	8.9384	455.0126	5.048	1
54.4	8.9456	455.8429	5.0373	1
54.5	8.9528	456.6138	5.0354	1
54.6	8.9599	457.525	5.0441	1
54.7	8.9668	458.3565	5.0555	1
54.8	8.9737	459.1052	5.0583	1
54.9	8.9812	459.9246	5.0629	1
55	8.9888	460.7293	5.0641	1
55.1	8.9963	461.6625	5.0734	1
55.2	9.0035	462.5082	5.0773	1
55.3	9.0105	463.3332	5.0828	1
55.4	9.0177	464.1804	5.0643	1
55.5	9.0249	465.0213	5.0542	1
55.6	9.032	465.8292	5.057	1
55.7	9.039	466.6784	5.063	1
55.8	9.0461	467.4508	5.0628	1
55.9	9.0535	468.2455	5.0486	1
56	9.061	469.1489	5.0397	1
56.1	9.0686	469.8776	5.0527	1
56.2	9.0763	470.7294	5.0497	1
56.3	9.0838	471.5784	5.0295	1
56.4	9.0908	472.4955	5.0264	1
56.5	9.0979	473.3083	5.0299	1
56.6	9.105	474.2151	5.045	1
56.7	9.1122	475.0327	5.0527	1
56.8	9.1193	475.8337	5.0515	1
56.9	9.1265	476.7218	5.0482	1
57	9.1335	477.4894	5.047	1
57.1	9.1404	478.3725	5.0574	1
57.2	9.1475	479.1387	5.0521	1
57.3	9.1545	480.0958	5.0497	1
57.4	9.1612	480.973	5.0411	1
57.5	9.1678	481.732	5.044	1
57.6	9.1745	482.6162	5.0527	1
57.7	9.1811	483.3661	5.0599	1
57.8	9.1882	484.189	5.0574	1
57.9	9.1953	485.0505	5.0687	1
58	9.2021	485.8224	5.0666	1
58.1	9.2092	486.6757	5.0468	1
58.2	9.2165	487.5627	5.0373	1
58.3	9.2235	488.3161	5.0403	1
58.4	9.2303	489.2489	5.0328	1
58.5	9.2371	490.0338	5.0392	1
58.6	9.2442	490.7822	5.0533	1
58.7	9.2512	491.6799	5.0582	1
58.8	9.2582	492.5017	5.058	1
58.9	9.2657	493.2676	5.047	1
59	9.273	494.0744	5.0466	1
59.1	9.2802	494.9966	5.0492	1
59.2	9.2875	495.7668	5.0496	1
59.3	9.2948	496.513	5.0523	1
59.4	9.3025	497.4012	5.0547	1
59.5	9.31	498.2452	5.0461	1
59.6	9.3175	499.0703	5.0527	1
59.7	9.3251	499.8911	5.0513	1
59.8	9.3325	500.722	5.0478	1
59.9	9.3402	501.5759	5.051	1
60	9.3477	502.3747	5.0584	1
60.1	9.3551	503.1486	5.0583	1
60.2	9.3632	503.9481	5.0491	1
60.3	9.3716	504.6821	5.0442	1
60.4	9.3801	505.5437	5.0467	1
60.5	9.3884	506.4501	5.0526	1
60.6	9.3967	507.2248	5.0514	1
60.7	9.4051	508.0382	5.0425	1
60.8	9.4135	508.9486	5.0447	1
60.9	9.4216	509.8527	5.0448	1
61	9.4294	510.7215	5.0345	1
61.1	9.4371	511.5923	5.0357	1
61.2	9.4446	512.408	5.0485	1
61.3	9.452	513.2974	5.0616	1
61.4	9.4598	514.0831	5.0709	1
61.5	9.4678	514.853	5.0739	1
61.6	9.4757	515.7025	5.0707	1
61.7	9.4832	516.582	5.0701	1
61.8	9.4907	517.4714	5.0716	1
61.9	9.4977	518.2967	5.0712	1
62	9.5052	519.0935	5.0572	1
62.1	9.513	519.8357	5.0605	1
62.2	9.5209	520.6327	5.0794	1
62.3	9.5291	521.5892	5.0898	1
62.4	9.5367	522.3647	5.0847	1
62.5	9.5444	523.1928	5.0871	1
62.6	9.5521	524.0716	5.0701	1
62.7	9.5597	524.9672	5.0677	1
62.8	9.5669	525.8523	5.0787	1
62.9	9.574	526.6076	5.0805	1
63	9.5815	527.459	5.0839	1
63.1	9.5888	528.3063	5.08	1
63.2	9.5959	529.1213	5.0802	1
63.3	9.603	530.0019	5.0935	1
63.4	9.6099	530.9281	5.0844	1
63.5	9.6165	531.8435	5.0685	1
63.6	9.6228	532.7108	5.0681	1
63.7	9.6295	533.4095	5.0813	1
63.8	9.6364	534.1992	5.0779	1
63.9	9.6431	535.0937	5.0675	1
64	9.6497	535.9182	5.079	1
64.1	9.6564	536.7031	5.0767	1
64.2	9.6635	537.5491	5.0815	1
64.3	9.6708	538.3293	5.0892	1
64.4	9.6775	539.2193	5.0872	1
64.5	9.6845	539.985	5.0793	1
64.6	9.6917	540.8077	5.0824	1
64.7	9.6986	541.6935	5.0791	1
64.8	9.7057	542.4354	5.0763	1
64.9	9.7128	543.3735	5.0949	1
65	9.7201	544.1344	5.1027	1
65.1	9.7274	544.9626	5.101	1
65.2	9.7344	545.9048	5.1068	1
65.3	9.7415	546.5875	5.1143	1
65.4	9.7489	547.4205	5.109	1
65.5	9.7562	548.3101	5.1125	1
65.6	9.7635	549.0422	5.1155	1
65.7	9.7711	549.9585	5.1039	1
65.8	9.7783	550.7904	5.1027	1
65.9	9.7856	551.5004	5.1051	1
66	9.7931	552.4104	5.0795	1
66.1	9.8004	553.2997	5.0653	1
66.2	9.8073	554.2412	5.0723	1
66.3	9.8143	555.0685	5.0875	1
66.4	9.8214	555.7912	5.0941	1
66.5	9.8285	556.6263	5.0945	1
66.6	9.8355	557.5171	5.1081	1
66.7	9.8423	558.3903	5.1126	1
66.8	9.8494	559.225	5.1012	1
66.9	9.8562	560.0716	5.0945	1
67	9.8628	560.9217	5.0898	1
67.1	9.8694	561.7418	5.0973	1
67.2	9.8764	562.5645	5.1019	1
67.3	9.8836	563.1965	5.1058	1
67.4	9.8907	564.1535	5.0991	1
67.5	9.8979	564.8747	5.091	1
67.6	9.9051	565.8109	5.0849	1
67.7	9.9125	566.6071	5.091	1
67.8	9.9197	567.4906	5.1	1
67.9	9.9266	568.4605	5.0965	1
68	9.9331	569.2335	5.0935	1
68.1	9.9397	570.0334	5.0974	1
68.2	9.9467	570.8026	5.1011	1
68.3	9.9542	571.5375	5.1158	1
68.4	9.9616	572.4664	5.1227	1
68.5	9.9685	573.3743	5.1152	1
68.6	9.9752	574.2064	5.1065	1
68.7	9.9821	575.0204	5.0986	1
68.8	9.9888	575.9476	5.0974	1
68.9	9.9954	576.745	5.0945	1
69	10.0017	577.5249	5.0936	1
69.1	10.0085	578.417	5.0949	1
69.2	10.0153	579.1934	5.0903	1
69.3	10.0221	580.0262	5.0905	1
69.4	10.0293	580.805	5.0977	1
69.5	10.0367	581.4967	5.0986	1
69.6	10.0447	582.2148	5.0908	1
69.7	10.0532	582.997	5.0906	1
69.8	10.0618	583.842	5.0928	1
69.9	10.0704	584.679	5.0938	1
70	10.0785	585.6191	5.089	1
70.1	10.0864	586.5293	5.079	1
70.2	10.094	587.4363	5.0896	1
70.3	10.1014	588.2602	5.0955	1
70.4	10.1089	589.0485	5.0966	1
70.5	10.1165	589.91	5.0893	1
70.6	10.1239	590.7275	5.0839	1
70.7	10.1314	591.6262	5.0871	1
70.8	10.1389	592.4107	5.0822	1
70.9	10.1464	593.1952	5.0769	1
71	10.1541	593.9551	5.0804	1
71.1	10.1616	595.0039	5.0734	1
71.2	10.1688	595.8026	5.072	1
71.3	10.1762	596.5934	5.0688	1
71.4	10.1835	597.4903	5.0752	1
71.5	10.1908	598.3023	5.0867	1
71.6	10.1982	599.0973	5.0797	1
71.7	10.2055	599.965	5.0745	1
71.8	10.2126	600.8153	5.0739	1
71.9	10.2194	601.8145	5.0795	1
72	10.2261	602.6162	5.09	1
72.1	10.2328	603.4325	5.0838	1
72.2	10.2393	604.3253	5.0839	1
72.3	10.2459	605.0604	5.0915	1
72.4	10.2528	605.7984	5.0856	1
72.5	10.2599	606.6722	5.0878	1
72.6	10.267	607.5453	5.0831	1
72.7	10.2739	608.4066	5.0852	1
72.8	10.2805	609.3085	5.0954	1
72.9	10.2871	610.0542	5.0932	1
73	10.2937	610.9588	5.0764	1
73.1	10.3004	611.7126	5.0632	1
73.2	10.3071	612.401	5.0814	1
73.3	10.3144	613.2586	5.0946	1
73.4	10.3215	614.2566	5.0866	1
73.5	10.3279	615.1564	5.0797	1
73.6	10.3342	615.925	5.0813	1
73.7	10.3409	616.7713	5.081	1
73.8	10.3476	617.529	5.0702	1
73.9	10.3541	618.3386	5.0738	1
74	10.3607	619.2717	5.0753	1
74.1	10.3669	620.2499	5.0638	1
74.2	10.3727	621.0834	5.0723	1
74.3	10.3785	621.8895	5.0781	1
74.4	10.3844	622.6616	5.0708	1
74.5	10.3906	623.4826	5.0793	1
74.6	10.3972	624.1606	5.0694	1
74.7	10.4042	624.9006	5.0759	1
74.8	10.4115	625.7233	5.0891	1
74.9	10.4188	626.5659	5.0947	1
75	10.4259	627.5705	5.1034	1
75.1	10.4325	628.3474	5.0885	1
75.2	10.4391	629.2849	5.0901	1
75.3	10.4452	630.2216	5.0983	1
75.4	10.451	631.0876	5.0924	1
75.5	10.4569	631.8201	5.0835	1
75.6	10.4625	632.831	5.0792	1
75.7	10.4684	633.6194	5.0867	1
75.8	10.4743	634.3989	5.0912	1
75.9	10.4801	635.2963	5.0791	1
76	10.486	635.9355	5.0996	1
76.1	10.4925	636.8086	5.1129	1
76.2	10.4985	637.6517	5.0989	1
76.3	10.5045	638.4739	5.1023	1
76.4	10.5106	639.2975	5.1033	1
76.5	10.5168	640.1367	5.1065	1
76.6	10.5231	641.0772	5.1179	1
76.7	10.5286	641.8481	5.1156	1
76.8	10.5346	642.7542	5.1134	1
76.9	10.5407	643.3813	5.1131	1
77	10.5467	644.3465	5.113	1
77.1	10.5533	645.0335	5.111	1
77.2	10.56	645.7287	5.1018	1
77.3	10.5669	646.6993	5.0902	1
77.4	10.5736	647.5777	5.0913	1
77.5	10.58	648.4881	5.1037	1
77.6	10.5865	649.2485	5.1109	1
77.7	10.5935	649.858	5.0953	1
77.8	10.6005	650.8035	5.0782	1
77.9	10.6075	651.6273	5.0837	1
78	10.6147	652.3233	5.0921	1
78.1	10.622	653.2806	5.0931	1
78.2	10.6295	654.008	5.0852	1
78.3	10.6368	654.8577	5.0787	1
78.4	10.6445	655.6818	5.0747	1
78.5	10.6519	656.5284	5.077	1
78.6	10.6592	657.3818	5.0667	1
78.7	10.6664	658.2487	5.0625	1
78.8	10.6738	659.0772	5.0588	1
78.9	10.6808	659.9696	5.0668	1
79	10.688	660.7665	5.0597	1
79.1	10.6952	661.6497	5.0651	1
79.2	10.7019	662.616	5.075	1
79.3	10.7083	663.3224	5.0578	1
79.4	10.7147	664.302	5.0465	1
79.5	10.7213	665.054	5.0546	1
79.6	10.7282	665.8278	5.0676	1
79.7	10.7352	666.7482	5.0639	1
79.8	10.7417	667.5546	5.0613	1
79.9	10.7484	668.4132	5.07	1
80	10.755	669.1858	5.0828	1
80.1	10.7614	670.0899	5.0853	1
80.2	10.7678	671.0119	5.0803	1
80.3	10.7737	671.8955	5.0734	1
80.4	10.7797	672.6348	5.0723	1
80.5	10.7862	673.4956	5.0777	1
80.6	10.7926	674.2301	5.0756	1
80.7	10.7991	674.9591	5.0809	1
80.8	10.8062	675.8125	5.1011	1
80.9	10.813	676.6164	5.0979	1
81	10.8198	677.5357	5.0927	1
81.1	10.8268	678.2883	5.0913	1
81.2	10.8341	679.0359	5.0789	1
81.3	10.8414	679.9799	5.0691	1
81.4	10.8483	680.7924	5.072	1
81.5	10.855	681.6495	5.0659	1
81.6	10.862	682.5114	5.0725	1
81.7	10.8686	683.3512	5.0836	1
81.8	10.8753	684.3195	5.094	1
81.9	10.8818	685.013	5.0951	1
82	10.8884	685.9156	5.084	1
82.1	10.8951	686.7187	5.0799	1
82.2	10.9013	687.5601	5.0894	1
82.3	10.9077	688.52	5.0853	1
82.4	10.9135	689.4462	5.0806	1
82.5	10.9188	690.3874	5.08	1
82.6	10.9241	691.1664	5.0727	1
82.7	10.9296	691.9106	5.0813	1
82.8	10.9353	692.7687	5.0934	1
82.9	10.9408	693.5865	5.0899	1
83	10.9467	694.353	5.0876	1
83.1	10.9528	695.1006	5.0972	1
83.2	10.959	696.0199	5.0915	1
83.3	10.965	696.7973	5.0858	1
83.4	10.971	697.6004	5.0875	1
83.5	10.9771	698.5008	5.1024	1
83.6	10.9836	699.2935	5.0973	1
83.7	10.9899	700.1725	5.0933	1
83.8	10.9958	701.0096	5.1011	1
83.9	11.0017	701.824	5.096	1
84	11.0079	702.6066	5.0844	1
84.1	11.014	703.4096	5.0876	1
84.2	11.0203	704.2754	5.0853	1
84.3	11.0262	705.1377	5.0906	1
84.4	11.0323	705.9997	5.1035	1
84.5	11.0384	706.8515	5.1005	1
84.6	11.0442	707.706	5.0935	1
84.7	11.05	708.4954	5.0998	1
84.8	11.0561	709.3066	5.102	1
84.9	11.0622	710.0899	5.089	1
85	11.0684	710.9308	5.0874	1
85.1	11.0747	711.7779	5.0752	1
85.2	11.0811	712.5883	5.0786	1
85.3	11.0876	713.3788	5.0789	1
85.4	11.0938	714.3555	5.0756	1
85.5	11.0998	715.1929	5.0707	1
85.6	11.1057	715.9435	5.0765	1
85.7	11.112	716.7398	5.0839	1
85.8	11.118	717.6413	5.0827	1
85.9	11.124	718.5026	5.0778	1
86	11.13	719.2893	5.07	1
86.1	11.1364	720.097	5.0676	1
86.2	11.143	720.8468	5.0645	1
86.3	11.1494	721.7142	5.0679	1
86.4	11.1562	722.5564	5.0709	1
86.5	11.1623	723.4067	5.0673	1
86.6	11.1686	724.3168	5.0687	1
86.7	11.1751	725.0251	5.0757	1
86.8	11.1816	725.9897	5.0935	1
86.9	11.1879	726.7552	5.0918	1
87	11.194	727.5506	5.0855	1
87.1	11.2002	728.4464	5.0837	1
87.2	11.2065	729.2341	5.0807	1
87.3	11.2128	730.0374	5.0878	1
87.4	11.2194	730.8102	5.0868	1
87.5	11.2259	731.7751	5.0794	1
87.6	11.2321	732.7508	5.086	1
87.7	11.2384	733.4476	5.091	1
87.8	11.2446	734.3249	5.1009	1
87.9	11.251	735.1095	5.0927	1
88	11.2575	735.8246	5.087	1
88.1	11.2638	736.764	5.0878	1
88.2	11.2704	737.4722	5.0787	1
88.3	11.2769	738.3192	5.072	1
88.4	11.2834	739.2719	5.0799	1
88.5	11.2898	740.0011	5.0849	1
88.6	11.2964	740.798	5.0749	1
88.7	11.3033	741.5896	5.073	1
88.8	11.3099	742.6172	5.063	1
88.9	11.316	743.544	5.0607	1
89	11.322	744.2398	5.0706	1
89.1	11.3286	745.0497	5.0847	1
89.2	11.3354	745.8776	5.0913	1
89.3	11.3417	746.7591	5.0862	1
89.4	11.348	747.5765	5.0827	1
89.5	11.3546	748.3945	5.0804	1
89.6	11.3611	749.2428	5.0894	1
89.7	11.3675	750.0377	5.1061	1
89.8	11.374	750.8064	5.1093	1
89.9	11.3807	751.7773	5.1079	1
90	11.3871	752.5295	5.1021	1
90.1	11.3934	753.3463	5.0947	1
90.2	11.4	754.2362	5.088	1
90.3	11.4066	754.9701	5.093	1
90.4	11.4132	755.8358	5.1003	1
90.5	11.4202	756.5964	5.0915	1
90.6	11.4271	757.4653	5.0815	1
90.7	11.4339	758.3927	5.0766	1
90.8	11.4404	759.144	5.0788	1
90.9	11.447	760.1047	5.085	1
91	11.4537	760.9371	5.0939	1
91.1	11.4597	761.6931	5.079	1
91.2	11.4661	762.5785	5.0686	1
91.3	11.4723	763.4119	5.0736	1
91.4	11.4785	764.3613	5.0729	1
91.5	11.4849	765.1433	5.0855	1
91.6	11.4911	765.8878	5.092	1
91.7	11.4975	766.7255	5.0832	1
91.8	11.5041	767.4737	5.0865	1
91.9	11.5105	768.3783	5.0901	1
92	11.5173	769.1853	5.0752	1
92.1	11.5238	769.9654	5.0704	1
92.2	11.5304	770.9494	5.0744	1
92.3	11.5367	771.7283	5.0757	1
92.4	11.5431	772.5998	5.0801	1
92.5	11.5497	773.3667	5.0849	1
92.6	11.5562	774.2583	5.1001	1
92.7	11.5623	775.1819	5.0886	1
92.8	11.5684	775.8609	5.0749	1
92.9	11.5743	776.8173	5.0794	1
93	11.5802	777.7742	5.0882	1
93.1	11.586	778.4919	5.0908	1
93.2	11.5921	779.3476	5.0795	1
93.3	11.5984	780.114	5.0881	1
93.4	11.6046	780.9083	5.0938	1
93.5	11.6108	781.7613	5.0885	1
93.6	11.6171	782.5568	5.0839	1
93.7	11.6232	783.3857	5.079	1
93.8	11.6298	784.24	5.0828	1
93.9	11.6363	785.0195	5.0859	1
94	11.643	785.9061	5.0781	1
94.1	11.6493	786.6976	5.0764	1
94.2	11.6556	787.6123	5.0929	1
94.3	11.6621	788.4256	5.0959	1
94.4	11.6684	789.2218	5.1038	1
94.5	11.6745	790.176	5.1061	1
94.6	11.6804	790.9734	5.0908	1
94.7	11.686	791.9538	5.0733	1
94.8	11.6921	792.6805	5.0664	1
94.9	11.6979	793.4568	5.0706	1
95	11.7038	794.4966	5.0715	1
95.1	11.7094	795.0228	5.0679	1
95.2	11.7153	796.0441	5.0672	1
95.3	11.7216	796.7851	5.0754	1
95.4	11.7273	797.6106	5.0825	1
95.5	11.7334	798.5566	5.0856	1
95.6	11.7398	799.1322	5.0863	1
95.7	11.7459	800.1797	5.0882	1
95.8	11.7522	801.0387	5.0838	1
95.9	11.7578	801.732	5.0916	1
96	11.7642	802.5875	5.0938	1
96.1	11.7708	803.3008	5.0885	1
96.2	11.7772	804.2174	5.074	1
96.3	11.7841	804.9525	5.075	1
96.4	11.791	805.6979	5.0854	1
96.5	11.7979	806.6207	5.0872	1
96.6	11.8047	807.5304	5.0926	1
96.7	11.8109	808.3936	5.0805	1
96.8	11.8173	809.2186	5.0898	1
96.9	11.8241	809.8772	5.0959	1
97	11.8314	810.7352	5.0789	1
97.1	11.839	811.4406	5.0826	1
97.2	11.8463	812.3801	5.0941	1
97.3	11.8535	813.3857	5.0893	1
97.4	11.8601	814.1564	5.0872	1
97.5	11.8671	814.8762	5.0905	1
97.6	11.8747	815.6868	5.095	1
97.7	11.8822	816.4649	5.0934	1
97.8	11.8896	817.3831	5.0987	1
97.9	11.8969	818.2883	5.0922	1
98	11.9034	819.2881	5.0947	1
98.1	11.9098	820.1132	5.0961	1
98.2	11.916	820.7985	5.0976	1
98.3	11.9228	821.6871	5.0895	1
98.4	11.9293	822.6151	5.0774	1
98.5	11.9354	823.5191	5.0696	1
98.6	11.9417	824.1252	5.0767	1
98.7	11.9486	824.932	5.0826	1
98.8	11.9561	825.7339	5.0782	1
98.9	11.9633	826.6071	5.0784	1
99	11.9699	827.5777	5.0895	1
99.1	11.9762	828.3849	5.0924	1
99.2	11.9829	829.157	5.0861	1
99.3	11.9896	829.9945	5.0908	1
99.4	11.9964	830.9028	5.095	1
99.5	12.0028	831.6837	5.1009	1
99.6	12.0096	832.5034	5.102	1
99.7	12.0167	833.2139	5.1052	1
99.8	12.0237	834.0366	5.1005	1
99.9	12.0309	834.9451	5.0966	1
100	12.0381	835.6795	5.0942	1
100.1	12.0455	836.5514	5.1018	1
100.2	12.0529	837.4497	5.1167	1
100.3	12.0598	838.3148	5.118	1
100.4	12.0666	839.1794	5.1189	1
100.5	12.0737	839.8675	5.1119	1
100.6	12.0803	840.8181	5.0996	1
100.7	12.0872	841.7399	5.1006	1
100.8	12.0939	842.4331	5.1045	1
100.9	12.1008	843.3378	5.0985	1
101	12.1078	844.1602	5.0958	1
101.1	12.1141	845.0803	5.097	1
101.2	12.1205	845.9372	5.0971	1
101.3	12.127	846.6754	5.0927	1
101.4	12.1333	847.6902	5.0877	1
101.5	12.1394	848.4653	5.082	1
101.6	12.1455	849.2674	5.0886	1
101.7	12.152	850.1178	5.0948	1
101.8	12.1585	850.8451	5.1005	1
101.9	12.1651	851.7183	5.0936	1
102	12.1716	852.4815	5.09	1
102.1	12.1782	853.4141	5.0862	1
102.2	12.1846	854.3028	5.0748	1
102.3	12.1909	855.0959	5.064	1
102.4	12.197	855.9732	5.0697	1
102.5	12.2032	856.7674	5.0896	1
102.6	12.2095	857.5504	5.0962	1
102.7	12.216	858.3526	5.0903	1
102.8	12.2227	859.1615	5.0933	1
102.9	12.2293	860.0137	5.0921	1
103	12.236	860.8864	5.0936	1
103.1	12.2431	861.5672	5.1097	1
103.2	12.2501	862.4868	5.1016	1
103.3	12.2576	863.2389	5.0944	1
103.4	12.2646	864.1655	5.0931	1
103.5	12.2708	865.0963	5.0959	1
103.6	12.2768	866.0691	5.1096	1
103.7	12.2829	866.854	5.1163	1
103.8	12.2888	867.6869	5.123	1
103.9	12.2947	868.5445	5.1253	1
104	12.3004	869.358	5.1352	1
104.1	12.3062	870.1637	5.1221	1
104.2	12.3124	870.9212	5.0985	1
104.3	12.3183	871.821	5.1061	1
104.4	12.3242	872.6216	5.1115	1
104.5	12.3303	873.4313	5.1081	1
104.6	12.3361	874.4249	5.1168	1
104.7	12.3418	875.2335	5.1013	1
104.8	12.3475	876.031	5.0963	1
104.9	12.3535	876.7736	5.1072	1
105	12.3595	877.6606	5.1061	1
105.1	12.3654	878.5604	5.1026	1
105.2	12.3709	879.3624	5.1	1
105.3	12.3766	880.2005	5.1014	1
105.4	12.3823	881.0068	5.101	1
105.5	12.3881	881.8598	5.1132	1
105.6	12.3941	882.5916	5.1246	1
105.7	12.4002	883.4937	5.1179	1
105.8	12.4061	884.3332	5.1127	1
105.9	12.4117	885.2895	5.1069	1
106	12.417	886.1506	5.1097	1
106.1	12.4222	886.8782	5.1234	1
106.2	12.4276	887.8078	5.112	1
106.3	12.4325	888.5906	5.1077	1
106.4	12.4374	889.5861	5.1095	1
106.5	12.4424	890.3143	5.1082	1
106.6	12.4474	891.0911	5.1068	1
106.7	12.4528	891.9518	5.1006	1
106.8	12.458	892.7535	5.1056	1
106.9	12.4632	893.7072	5.1156	1
107	12.4682	894.4743	5.1076	1
107.1	12.4731	895.3876	5.0966	1
107.2	12.4784	896.0524	5.1055	1
107.3	12.4838	896.8696	5.1139	1
107.4	12.4891	897.8448	5.1114	1
107.5	12.4941	898.6113	5.1164	1
107.6	12.4995	899.3578	5.1176	1
107.7	12.5053	900.2105	5.1185	1
107.8	12.511	901.097	5.1246	1
107.9	12.516	901.9848	5.1171	1
108	12.5213	902.6643	5.1263	1
108.1	12.5267	903.5821	5.135	1
108.2	12.532	904.4661	5.1263	1
108.3	12.5371	905.2676	5.1263	1
108.4	12.5422	906.1502	5.1285	1
108.5	12.5475	906.9134	5.1279	1
108.6	12.5529	907.7133	5.1245	1
108.7	12.5582	908.5712	5.1086	1
108.8	12.5637	909.3707	5.1097	1
108.9	12.5692	910.2104	5.1105	1
109	12.5745	911.0696	5.0971	1
109.1	12.5797	911.9607	5.1	1
109.2	12.5849	912.7484	5.0949	1
109.3	12.5901	913.5433	5.0981	1
109.4	12.5956	914.4202	5.1154	1
109.5	12.6008	915.2534	5.1231	1
109.6	12.6061	916.0695	5.1183	1
109.7	12.6116	916.8105	5.1099	1
109.8	12.6173	917.6521	5.1013	1
109.9	12.623	918.4946	5.1039	1
110	12.6286	919.3059	5.1007	1
110.1	12.6342	920.1418	5.1025	1
110.2	12.6398	921.0284	5.1038	1
110.3	12.6451	921.9277	5.1106	1
110.4	12.6507	922.72	5.1096	1
110.5	12.6562	923.5053	5.1116	1
110.6	12.6619	924.3012	5.1126	1
110.7	12.6676	925.1665	5.1003	1
110.8	12.6733	926.1004	5.0959	1
110.9	12.6785	926.9061	5.101	1
111	12.6838	927.7327	5.1003	1
111.1	12.6892	928.488	5.0914	1
111.2	12.6948	929.3484	5.0955	1
111.3	12.7004	930.1713	5.0839	1
111.4	12.7063	930.936	5.0758	1
111.5	12.7121	931.7778	5.072	1
111.6	12.718	932.6562	5.0759	1
111.7	12.7239	933.455	5.0844	1
111.8	12.7297	934.2914	5.0806	1
111.9	12.7354	935.0621	5.0809	1
112	12.741	936.0023	5.0866	1
112.1	12.7466	936.8695	5.0869	1
112.2	12.7521	937.7325	5.0969	1
112.3	12.7575	938.5233	5.1039	1
112.4	12.7632	939.3633	5.1185	1
112.5	12.7688	940.2749	5.1166	1
112.6	12.7743	941.0975	5.1196	1
112.7	12.7796	941.9192	5.1185	1
112.8	12.7848	942.7222	5.1112	1
112.9	12.7901	943.5234	5.1148	1
113	12.7954	944.4272	5.1027	1
113.1	12.8004	945.3456	5.0879	1
113.2	12.8052	946.1505	5.0995	1
113.3	12.8102	946.9328	5.1112	1
113.4	12.8151	947.8631	5.114	1
113.5	12.82	948.7203	5.1047	1
113.6	12.8248	949.4802	5.1078	1
113.7	12.8298	950.2985	5.1	1
113.8	12.8347	951.1129	5.0996	1
113.9	12.8396	952.0185	5.0932	1
114	12.8441	952.8211	5.098	1
114.1	12.8489	953.6818	5.0927	1
114.2	12.8538	954.5349	5.1011	1
114.3	12.8586	955.3116	5.1225	1
114.4	12.8634	956.2614	5.1262	1
114.5	12.8681	956.9972	5.115	1
114.6	12.8728	957.8903	5.1019	1
114.7	12.8775	958.6501	5.0928	1
114.8	12.8822	959.4644	5.0849	1
114.9	12.887	960.3184	5.0876	1
115	12.892	961.0381	5.0874	1
115.1	12.8973	961.9116	5.0789	1
115.2	12.9027	962.7178	5.0831	1
115.3	12.9081	963.4695	5.094	1
115.4	12.9137	964.3438	5.0959	1
115.5	12.9193	965.1278	5.09	1
115.6	12.9252	965.8423	5.0946	1
115.7	12.9316	966.6042	5.1031	1
115.8	12.938	967.394	5.1051	1
115.9	12.9447	968.257	5.0981	1
116	12.9515	969.0684	5.1078	1
116.1	12.9582	969.9322	5.1115	1
116.2	12.965	970.763	5.1171	1
116.3	12.9715	971.6214	5.1329	1
116.4	12.978	972.5075	5.1347	1
116.5	12.9844	973.3505	5.1303	1
116.6	12.9908	974.1648	5.1319	1
116.7	12.9972	974.9609	5.1343	1
116.8	13.0039	975.7373	5.1352	1
116.9	13.0107	976.5611	5.1275	1
117	13.017	977.3481	5.1266	1
117.1	13.0235	978.1608	5.1342	1
117.2	13.0306	979.0097	5.1259	1
117.3	13.0375	979.8704	5.1277	1
117.4	13.0443	980.806	5.1227	1
117.5	13.051	981.6422	5.1184	1
117.6	13.0578	982.3706	5.1228	1
117.7	13.0646	983.3397	5.1291	1
117.8	13.0709	984.236	5.1356	1
117.9	13.0769	985.1225	5.1356	1
118	13.0827	986.0119	5.1211	1
118.1	13.0883	986.8577	5.1143	1
118.2	13.094	987.6986	5.1173	1
118.3	13.1	988.3757	5.1128	1
118.4	13.1062	989.2442	5.1165	1
118.5	13.1125	990.0199	5.1273	1
118.6	13.1187	990.8348	5.122	1
118.7	13.1251	991.7464	5.1226	1
118.8	13.1312	992.5328	5.1198	1
118.9	13.1372	993.4175	5.1193	2
119	13.143	994.304	5.1176	2
119.1	13.1488	995.1609	5.1138	2
119.2	13.1548	996.0019	5.1117	2
119.3	13.1604	996.8238	5.1266	2
119.4	13.1655	997.1324	5.1333	2
119.5	13.1708	996.979	5.1325	2
119.6	13.1762	997.0251	5.1248	2
119.7	13.1815	997.0015	5.1151	2
119.8	13.187	996.9679	5.1196	2
119.9	13.1929	996.8403	5.1284	2
120	13.1992	996.8639	5.1275	2
120.1	13.2053	996.8648	5.118	2
120.2	13.2112	996.9051	5.1132	2
120.3	13.2174	996.8388	5.1217	2
120.4	13.2236	996.8705	5.1143	2
120.5	13.2294	997.0234	5.1158	2
120.6	13.2347	997.0196	5.1282	2
120.7	13.2398	997.0252	5.1363	2
120.8	13.2447	997.149	5.1421	2
120.9	13.2491	997.2099	5.1327	2
121	13.2533	997.3041	5.1168	2
121.1	13.2575	997.1737	5.1191	2
121.2	13.2625	997.0737	5.1302	2
121.3	13.2676	997.0873	5.1303	2
121.4	13.2727	997.135	5.1188	2
121.5	13.2776	997.1396	5.1026	2
121.6	13.282	997.2019	5.0938	2
121.7	13.2861	997.3053	5.108	2
121.8	13.29	997.348	5.123	2
121.9	13.294	997.3137	5.121	2
122	13.298	997.2466	5.1118	2
122.1	13.3021	997.1991	5.1106	2
122.2	13.3066	997.1295	5.1023	2
122.3	13.3112	997.1508	5.1024	2
122.4	13.3159	997.1198	5.1088	2
122.5	13.3203	997.1578	5.1095	2
122.6	13.3247	997.2153	5.1063	2
122.7	13.3291	997.2148	5.0981	2
122.8	13.3337	997.1539	5.0973	2
122.9	13.338	997.1876	5.088	2
123	13.3419	997.2388	5.0843	2
123.1	13.3462	997.1861	5.0957	2
123.2	13.3508	997.1504	5.0991	2
123.3	13.3552	997.2217	5.1016	2
123.4	13.3594	997.2825	5.1179	2
123.5	13.363	997.3218	5.1182	2
123.6	13.3665	997.4161	5.1255	2
123.7	13.3698	997.448	5.1345	2
123.8	13.373	997.3974	5.13	2
123.9	13.3764	997.3276	5.1307	2
124	13.3796	997.4182	5.1249	2
124.1	13.3824	997.5551	5.1133	2
124.2	13.3852	997.5371	5.1076	2
124.3	13.3879	997.4868	5.1138	2
124.4	13.3905	997.4649	5.1129	2
124.5	13.3934	997.4531	5.1062	2
124.6	13.3963	997.4758	5.1046	2
124.7	13.399	997.5377	5.1094	2
124.8	13.4018	997.4191	5.1233	2
124.9	13.4049	997.4068	5.1195	2
125	13.408	997.4543	5.1074	2
125.1	13.411	997.4074	5.1088	2
125.2	13.414	997.4767	5.1176	2
125.3	13.4167	997.4274	5.1138	2
125.4	13.4197	997.3829	5.1233	2
125.5	13.423	997.4175	5.1283	2
125.6	13.426	997.4318	5.1105	2
125.7	13.4287	997.4879	5.0858	2
125.8	13.4313	997.5291	5.0882	2
125.9	13.434	997.4723	5.0971	2
126	13.4368	997.4362	5.0981	2
126.1	13.4397	997.4424	5.1022	2
126.2	13.4423	997.473	5.1029	2
126.3	13.4448	997.5433	5.1023	2
126.4	13.4475	997.422	5.1053	2
126.5	13.4505	997.3558	5.1104	2
126.6	13.4537	997.3828	5.116	2
126.7	13.4566	997.4161	5.1122	2
126.8	13.4593	997.4494	5.1092	2
126.9	13.4622	997.3814	5.1032	2
127	13.465	997.4221	5.1156	2
127.1	13.4678	997.4836	5.1219	2
127.2	13.4704	997.4492	5.1284	2
127.3	13.473	997.5106	5.1339	2
127.4	13.4756	997.4461	5.132	2
127.5	13.478	997.5537	5.1303	2
127.6	13.4802	997.5499	5.1348	2
127.7	13.4826	997.4425	5.1416	2
127.8	13.4853	997.5168	5.137	2
127.9	13.4877	997.519	5.1181	2
128	13.4901	997.5099	5.1285	2
128.1	13.4927	997.5461	5.1433	2
128.2	13.4948	997.5	5.1403	2
128.3	13.497	997.5368	5.1316	2
128.4	13.4993	997.5113	5.1361	2
128.5	13.5015	997.5976	5.138	2
128.6	13.5034	997.6744	5.1262	2
128.7	13.5048	997.6672	5.1163	2
128.8	13.5064	997.7149	5.1265	2
128.9	13.5079	997.6837	5.1204	2
129	13.5093	997.6985	5.1091	2
129.1	13.5107	997.7004	5.0999	2
129.2	13.512	997.6974	5.0943	2
129.3	13.5134	997.6897	5.0963	2
129.4	13.515	997.7062	5.0994	2
129.5	13.5165	997.6114	5.1159	2
129.6	13.5182	997.6309	5.1216	2
129.7	13.5199	997.684	5.1209	2
129.8	13.521	997.7737	5.1154	2
129.9	13.5219	997.8195	5.1064	2
130	13.5228	997.7467	5.1116	2
130.1	13.524	997.699	5.1221	2
130.2	13.5256	997.6729	5.1192	2
130.3	13.5272	997.5727	5.1218	2
130.4	13.5289	997.6481	5.0977	2
130.5	13.5305	997.6067	5.0758	2
130.6	13.5316	997.7744	5.0833	2
130.7	13.5326	997.7836	5.0973	2
130.8	13.5337	997.7075	5.1007	2
130.9	13.535	997.711	5.0959	2
131	13.5364	997.6444	5.105	2
131.1	13.5377	997.7202	5.1082	2
131.2	13.5387	997.8304	5.1088	2
131.3	13.5396	997.7511	5.113	2
131.4	13.5403	997.7197	5.1168	2
131.5	13.5413	997.7398	5.1183	2
131.6	13.5426	997.6731	5.1175	2
131.7	13.5438	997.7047	5.1	2
131.8	13.5449	997.7528	5.0901	2
131.9	13.5458	997.8302	5.1032	2
132	13.5464	997.7736	5.1057	2
132.1	13.547	997.8437	5.1035	2
132.2	13.5474	997.7957	5.0917	2
132.3	13.548	997.889	5.0923	2
132.4	13.5485	997.956	5.0995	2
132.5	13.5488	997.8383	5.107	2
132.6	13.5492	997.824	5.1016	2
132.7	13.5498	997.8163	5.1137	2
132.8	13.5502	997.8361	5.1236	2
132.9	13.5507	997.8823	5.1106	2
133	13.5509	997.8706	5.1072	2
133.1	13.5511	997.9273	5.1107	2
133.2	13.5512	997.8816	5.1124	2
133.3	13.5514	997.8954	5.1004	2
133.4	13.5515	997.9464	5.1035	2
133.5	13.5512	997.9904	5.1152	2
133.6	13.5509	998.0049	5.119	2
133.7	13.5508	997.9275	5.1306	2
133.8	13.5511	997.8107	5.1372	2
133.9	13.5518	997.7135	5.1334	2
134	13.5528	997.6478	5.1252	2
134.1	13.5539	997.719	5.1132	2
134.2	13.5552	997.6032	5.0998	2
134.3	13.557	997.5068	5.1092	2
134.4	13.5592	997.4056	5.1177	2
134.5	13.5616	997.4221	5.1173	2
134.6	13.5634	997.5249	5.1144	2
134.7	13.565	997.6474	5.1145	2
134.8	13.5662	997.6475	5.1045	2
134.9	13.567	997.778	5.1078	2
135	13.568	997.656	5.1071	2
135.1	13.5689	997.7599	5.1093	2
135.2	13.5696	997.7855	5.1019	2
135.3	13.5699	997.8463	5.1112	2
135.4	13.5705	997.8691	5.1268	2
135.5	13.5708	997.7222	5.125	2
135.6	13.5716	997.87	5.1183	2
135.7	13.5721	997.7497	5.1036	2
135.8	13.5727	997.7688	5.0994	2
135.9	13.5737	997.6784	5.1178	2
136	13.5748	997.6164	5.1132	2
136.1	13.5762	997.5996	5.1007	2
136.2	13.5774	997.6727	5.1131	2
136.3	13.5782	997.8062	5.1267	2
136.4	13.5791	997.7615	5.1198	2
136.5	13.5798	997.7297	5.0984	2
136.6	13.5804	997.7622	5.0882	2
136.7	13.581	997.7596	5.0908	2
136.8	13.5817	997.7714	5.1008	2
136.9	13.5826	997.7362	5.1041	2
137	13.5833	997.7728	5.1101	2
137.1	13.584	997.7291	5.1087	2
137.2	13.5846	997.767	5.0908	2
137.3	13.5855	997.7361	5.0856	2
137.4	13.5862	997.6558	5.0819	2
137.5	13.5872	997.8057	5.0824	2
137.6	13.5876	997.8366	5.0888	2
137.7	13.5876	997.8912	5.1019	2
137.8	13.5879	997.7892	5.1029	2
137.9	13.5885	997.7674	5.1042	2
138	13.5891	997.7575	5.1003	2
138.1	13.5896	997.7722	5.1095	2
138.2	13.5903	997.7593	5.114	2
138.3	13.5912	997.639	5.1213	2
138.4	13.5921	997.7419	5.1246	2
138.5	13.5928	997.7346	5.1215	2
138.6	13.5934	997.7327	5.1153	2
138.7	13.5939	997.8229	5.1072	2
138.8	13.5941	997.9074	5.122	2
138.9	13.5943	997.8859	5.1394	2
139	13.5945	997.7989	5.1252	2
139.1	13.5952	997.7695	5.103	2
139.2	13.5958	997.6814	5.0891	2
139.3	13.5965	997.7719	5.093	2
139.4	13.5975	997.6791	5.089	2
139.5	13.5987	997.5373	5.0902	2
139.6	13.6002	997.5209	5.096	2
139.7	13.6016	997.5465	5.1015	2
139.8	13.6031	997.4876	5.0983	2
139.9	13.6047	997.4914	5.093	2
140	13.6066	997.4843	5.0832	2
140.1	13.6089	997.3674	5.0945	2
140.2	13.6115	997.2918	5.1023	2
140.3	13.6145	997.221	5.0919	2
140.4	13.617	997.3706	5.0869	2
140.5	13.6194	997.4594	5.0935	2
140.6	13.6216	997.4156	5.0978	2
140.7	13.6237	997.3833	5.0897	2
140.8	13.626	997.3383	5.0968	2
140.9	13.6283	997.3428	5.0975	2
141	13.6307	997.4124	5.0914	2
141.1	13.6328	997.3545	5.1002	2
141.2	13.6349	997.4622	5.0896	2
141.3	13.6372	997.4299	5.0824	2
141.4	13.6391	997.5028	5.0948	2
141.5	13.6409	997.5666	5.0861	2
141.6	13.6424	997.5593	5.0917	2
141.7	13.6438	997.5923	5.0969	2
141.8	13.6451	997.6345	5.0952	2
141.9	13.6464	997.5398	5.0903	2
142	13.6479	997.5975	5.0874	2
142.1	13.6495	997.5835	5.0903	2
142.2	13.6508	997.5883	5.0853	2
142.3	13.6525	997.5459	5.0777	2
142.4	13.6543	997.4396	5.0888	2
142.5	13.6563	997.5598	5.0942	2
142.6	13.6577	997.5914	5.1037	2
142.7	13.6587	997.6539	5.1055	2
142.8	13.6596	997.6907	5.1149	2
142.9	13.6605	997.682	5.1079	2
143	13.6617	997.6641	5.0877	2
143.1	13.663	997.5903	5.069	2
143.2	13.6641	997.6511	5.0703	2
143.3	13.6651	997.6844	5.0815	2
143.4	13.6659	997.7461	5.0813	2
143.5	13.6667	997.7409	5.08	2
143.6	13.6677	997.6733	5.0839	2
143.7	13.6685	997.6747	5.0801	2
143.8	13.6693	997.6707	5.0785	2
143.9	13.6701	997.7204	5.0756	2
144	13.6709	997.7593	5.072	2
144.1	13.6715	997.723	5.0682	2
144.2	13.6725	997.6798	5.0703	2
144.3	13.6734	997.6381	5.0713	2
144.4	13.674	997.7915	5.0598	2
144.5	13.6746	997.7226	5.061	2
144.6	13.6754	997.6223	5.0609	2
144.7	13.6764	997.7147	5.0659	2
144.8	13.6771	997.7894	5.09	2
144.9	13.6776	997.8203	5.0828	2
145	13.678	997.7017	5.0695	2
145.1	13.6787	997.7553	5.0659	2
145.2	13.6791	997.7963	5.0793	2
145.3	13.6797	997.8038	5.0906	2
145.4	13.6801	997.7999	5.0906	2
145.5	13.6803	997.7714	5.0727	2
145.6	13.6807	997.754	5.071	2
145.7	13.6813	997.7086	5.078	2
145.8	13.6819	997.8061	5.0936	2
145.9	13.6825	997.7496	5.0935	2
146	13.6831	997.6729	5.0852	2
146.1	13.6839	997.7355	5.0937	2
146.2	13.6842	997.8259	5.1107	2
146.3	13.6844	997.8438	5.1033	2
146.4	13.6846	997.845	5.1004	2
146.5	13.6846	997.8318	5.099	2
146.6	13.685	997.8695	5.0892	2
146.7	13.6849	997.9033	5.0899	2
146.8	13.6848	997.8812	5.0927	2
146.9	13.6848	997.8208	5.0905	2
147	13.6849	997.8956	5.08	2
147.1	13.6849	997.9174	5.0832	2
147.2	13.6844	997.9281	5.0949	2
147.3	13.6842	997.8866	5.1149	2
147.4	13.6838	997.996	5.107	2
147.5	13.6833	997.9955	5.1013	2
147.6	13.6828	997.7826	5.1145	2
147.7	13.6831	997.7882	5.1089	2
147.8	13.6837	997.8191	5.0953	2
147.9	13.6841	997.7083	5.0806	2
148	13.6848	997.6352	5.0772	2
148.1	13.6859	997.6325	5.0905	2
148.2	13.6871	997.6891	5.0953	2
148.3	13.6881	997.6003	5.0902	2
148.4	13.6892	997.6329	5.0821	2
148.5	13.6901	997.6511	5.091	2
148.6	13.6908	997.6627	5.1008	2
148.7	13.692	997.5269	5.0898	2
148.8	13.6936	997.5198	5.0929	2
148.9	13.6952	997.6258	5.0945	3
149	13.6962	997.7021	5.0974	3
149.1	13.6968	997.6579	5.095	3
149.2	13.6976	997.6593	5.091	3
149.3	13.6985	997.6568	5.0924	3
149.4	13.6985	997.1941	5.0813	3
149.5	13.6987	996.3316	5.083	3
149.6	13.6987	995.5346	5.0807	3
149.7	13.6988	994.7721	5.0748	3
149.8	13.6984	993.9622	5.0801	3
149.9	13.698	993.0836	5.0799	3
150	13.698	992.1262	5.0805	3
150.1	13.6978	991.4816	5.0794	3
150.2	13.6969	990.7177	5.0821	3
150.3	13.696	989.7039	5.078	3
150.4	13.6957	988.9661	5.0724	3
150.5	13.6954	988.0912	5.067	3
150.6	13.6949	987.3249	5.0683	3
150.7	13.6945	986.4916	5.0743	3
150.8	13.694	985.6377	5.077	3
150.9	13.6935	984.8417	5.0833	3
151	13.6927	984.0737	5.0896	3
151.1	13.6918	983.1893	5.0849	3
151.2	13.6912	982.2896	5.0857	3
151.3	13.6908	981.3586	5.0836	3
151.4	13.6909	980.5354	5.0859	3
151.5	13.6906	979.778	5.0689	3
151.6	13.6898	979.0442	5.0677	3
151.7	13.6888	978.2049	5.0698	3
151.8	13.6876	977.4746	5.0786	3
151.9	13.6867	976.547	5.0805	3
152	13.6859	975.6729	5.0718	3
152.1	13.6851	974.9342	5.0723	3
152.2	13.6838	974.1429	5.0685	3
152.3	13.6821	973.3654	5.0766	3
152.4	13.6806	972.4522	5.0724	3
152.5	13.6795	971.5243	5.064	3
152.6	13.6789	970.6793	5.065	3
152.7	13.6785	969.7925	5.0671	3
152.8	13.6782	968.8507	5.0664	3
152.9	13.6778	968.1218	5.0701	3
153	13.6772	967.3286	5.0845	3
153.1	13.6763	966.4756	5.0884	3
153.2	13.6756	965.722	5.0805	3
153.3	13.6747	964.8267	5.0833	3
153.4	13.6737	964.076	5.0691	3
153.5	13.6728	963.1945	5.059	3
153.6	13.6716	962.4064	5.064	3
153.7	13.6704	961.602	5.0659	3
153.8	13.6696	960.5988	5.0725	3
153.9	13.6689	959.8539	5.0794	3
154	13.668	959.0518	5.0877	3
154.1	13.6668	958.2821	5.0944	3
154.2	13.6655	957.4729	5.0932	3
154.3	13.6641	956.5834	5.0926	3
154.4	13.6627	955.8325	5.0853	3
154.5	13.6608	955.2262	5.0941	3
154.6	13.6585	954.366	5.0967	3
154.7	13.6561	953.5009	5.0795	3
154.8	13.6538	952.6527	5.0683	3
154.9	13.6517	951.779	5.0758	3
155	13.6497	950.9054	5.0733	3
155.1	13.6478	950.1376	5.082	3
155.2	13.6455	949.4062	5.076	3
155.3	13.6428	948.5996	5.0668	3
155.4	13.6401	947.6827	5.0665	3
155.5	13.6377	946.8709	5.062	3
155.6	13.6352	946.0783	5.0461	3
155.7	13.6323	945.2522	5.0491	3
155.8	13.6294	944.4346	5.0579	3
155.9	13.6267	943.5568	5.0526	3
156	13.6241	942.7866	5.0431	3
156.1	13.6215	941.8085	5.0361	3
156.2	13.6191	940.8993	5.0419	3
156.3	13.6168	940.2534	5.0464	3
156.4	13.6138	939.5089	5.0528	3
156.5	13.6106	938.7023	5.0586	3
156.6	13.6074	937.8631	5.0582	3
156.7	13.6037	937.156	5.0561	3
156.8	13.5998	936.3682	5.051	3
156.9	13.5961	935.4	5.039	3
157	13.5932	934.4139	5.042	3
157.1	13.5905	933.5863	5.0613	3
157.2	13.5874	932.8747	5.0727	3
157.3	13.5842	932.0473	5.0787	3
157.4	13.5808	931.2296	5.0809	3
157.5	13.5773	930.4415	5.0637	3
157.6	13.5737	929.5904	5.0458	3
157.7	13.5704	928.6522	5.0523	3
157.8	13.5676	927.7961	5.0416	3
157.9	13.5644	926.9806	5.0393	3
158	13.5612	926.1794	5.0521	3
158.1	13.5584	925.1895	5.0518	3
158.2	13.556	924.3501	5.0441	3
158.3	13.5534	923.598	5.0542	3
158.4	13.5504	922.8252	5.0688	3
158.5	13.547	922.0184	5.0644	3
158.6	13.5437	921.2297	5.0604	3
158.7	13.5403	920.4515	5.062	3
158.8	13.5365	919.6208	5.0619	3
158.9	13.5333	918.6527	5.0592	3
159	13.5301	917.868	5.0565	3
159.1	13.5265	917.1036	5.0591	3
159.2	13.5232	916.0444	5.0696	3
159.3	13.5205	915.2254	5.0812	3
159.4	13.5176	914.5244	5.095	3
159.5	13.5142	913.6542	5.0821	3
159.6	13.5113	912.6879	5.0645	3
159.7	13.509	911.8362	5.0682	3
159.8	13.5064	911.0651	5.0676	3
159.9	13.5034	910.3518	5.0535	3
160	13.5004	909.352	5.0519	3
160.1	13.4975	908.6208	5.0546	3
160.2	13.4943	907.8992	5.071	3
160.3	13.4904	907.0926	5.0864	3
160.4	13.4866	906.275	5.0768	3
160.5	13.4831	905.4238	5.0699	3
160.6	13.4792	904.8188	5.0772	3
160.7	13.4749	903.8812	5.083	3
160.8	13.4706	902.9855	5.0727	3
160.9	13.4667	902.1514	5.0648	3
161	13.4628	901.3354	5.0829	3
161.1	13.4587	900.5867	5.0841	3
161.2	13.4546	899.6428	5.0839	3
161.3	13.4508	898.7379	5.0895	3
161.4	13.4469	898.0935	5.0946	3
161.5	13.4425	897.2463	5.0908	3
161.6	13.4384	896.3104	5.0812	3
161.7	13.4346	895.4461	5.0666	3
161.8	13.4308	894.5885	5.0619	3
161.9	13.4269	893.7931	5.0638	3
162	13.423	892.9806	5.0642	3
162.1	13.4187	892.1531	5.0567	3
162.2	13.4143	891.5166	5.0626	3
162.3	13.4095	890.6955	5.0658	3
162.4	13.4047	889.8648	5.0541	3
162.5	13.4	889.0462	5.0475	3
162.6	13.3951	888.1811	5.0542	3
162.7	13.3903	887.2767	5.0628	3
162.8	13.3857	886.3792	5.0628	3
162.9	13.3811	885.7173	5.0547	3
163	13.3762	884.8464	5.0443	3
163.1	13.3714	883.9447	5.0531	3
163.2	13.3668	883.1343	5.0667	3
163.3	13.3621	882.3302	5.0619	3
163.4	13.3573	881.4541	5.059	3
163.5	13.3527	880.6468	5.0567	3
163.6	13.3481	879.7789	5.0532	3
163.7	13.3436	879.0531	5.0662	3
163.8	13.3386	878.2108	5.0736	3
163.9	13.3338	877.3039	5.0637	3
164	13.3291	876.4982	5.0564	3
164.1	13.3239	875.7411	5.0525	3
164.2	13.3184	875.0609	5.0576	3
164.3	13.3131	874.0723	5.0552	3
164.4	13.3079	873.2367	5.0497	3
164.5	13.3029	872.3806	5.0424	3
164.6	13.2976	871.5685	5.0412	3
164.7	13.2926	870.71	5.038	3
164.8	13.2881	869.731	5.0361	3
164.9	13.2834	869.0389	5.0335	3
165	13.2782	868.2087	5.0295	3
165.1	13.2732	867.39	5.0348	3
165.2	13.2682	866.4509	5.0411	3
165.3	13.2631	865.7087	5.0367	3
165.4	13.2581	864.9649	5.0467	3
165.5	13.2527	864.1245	5.0549	3
165.6	13.2474	863.2127	5.0582	3
165.7	13.2424	862.3692	5.0571	3
165.8	13.2373	861.5816	5.0468	3
165.9	13.2322	860.6969	5.052	3
166	13.227	859.932	5.0517	3
166.1	13.2216	859.0728	5.0416	3
166.2	13.2164	858.271	5.0406	3
166.3	13.2114	857.4129	5.0374	3
166.4	13.2063	856.5731	5.0287	3
166.5	13.2012	855.7166	5.0097	3
166.6	13.1962	854.7854	4.9975	3
166.7	13.1917	853.936	5.0214	3
166.8	13.1872	853.1616	5.0385	3
166.9	13.1824	852.3145	5.0493	3
167	13.1776	851.4382	5.0527	3
167.1	13.1732	850.4852	5.0537	3
167.2	13.169	849.6527	5.0533	3
167.3	13.1652	848.7525	5.0482	3
167.4	13.1616	847.8627	5.0462	3
167.5	13.1578	847.1089	5.0337	3
167.6	13.1542	846.2169	5.0334	3
167.7	13.1506	845.4462	5.0441	3
167.8	13.1469	844.6104	5.05	3
167.9	13.1429	843.8402	5.0538	3
168	13.1385	843.1399	5.0616	3
168.1	13.134	842.2674	5.0653	3
168.2	13.1296	841.4091	5.0577	3
168.3	13.1253	840.5112	5.0544	3
168.4	13.1211	839.6707	5.043	3
168.5	13.117	838.8425	5.0345	3
168.6	13.1127	838.0783	5.0375	3
168.7	13.1081	837.2757	5.0474	3
168.8	13.1037	836.3666	5.0497	3
168.9	13.0997	835.4818	5.0622	3
169	13.0959	834.5814	5.0662	3
169.1	13.0919	833.7969	5.0691	3
169.2	13.0876	833.0913	5.0694	3
169.3	13.0832	832.225	5.0556	3
169.4	13.0788	831.4506	5.0392	3
169.5	13.0745	830.606	5.0536	3
169.6	13.07	829.7472	5.0595	3
169.7	13.0656	828.951	5.0488	3
169.8	13.061	828.1061	5.0459	3
169.9	13.056	827.4135	5.049	3
170	13.0506	826.6448	5.0453	3
170.1	13.0452	825.7537	5.0428	3
170.2	13.0399	824.9139	5.0478	3
170.3	13.0346	824.1381	5.0428	3
170.4	13.029	823.3087	5.0495	3
170.5	13.0236	822.4304	5.0561	3
170.6	13.019	821.5269	5.0556	3
170.7	13.0148	820.6345	5.0613	3
170.8	13.0102	819.8927	5.0603	3
170.9	13.0058	818.881	5.06	3
171	13.0018	817.9419	5.0531	3
171.1	12.998	817.0447	5.0568	3
171.2	12.9939	816.3352	5.0597	3
171.3	12.9895	815.6301	5.07	3
171.4	12.9847	814.7546	5.0702	3
171.5	12.9799	814.0071	5.0723	3
171.6	12.975	813.2336	5.0808	3
171.7	12.9695	812.4728	5.085	3
171.8	12.964	811.6059	5.0743	3
171.9	12.959	810.6392	5.0596	3
172	12.9543	809.7565	5.0694	3
172.1	12.9499	808.8972	5.0642	3
172.2	12.9454	808.1427	5.0583	3
172.3	12.9409	807.3184	5.05	3
172.4	12.9364	806.4298	5.0406	3
172.5	12.9318	805.6285	5.0445	3
172.6	12.9267	804.9111	5.0498	3
172.7	12.9215	804.0384	5.0575	3
172.8	12.9163	803.2538	5.0561	3
172.9	12.9112	802.3407	5.0543	3
173	12.9064	801.4209	5.0575	3
173.1	12.9017	800.6018	5.0687	3
173.2	12.8969	799.8763	5.0747	3
173.3	12.8919	799.1023	5.0708	3
173.4	12.8867	798.1971	5.0592	3
173.5	12.8816	797.3946	5.0537	3
173.6	12.8765	796.509	5.0529	3
173.7	12.8715	795.7159	5.059	3
173.8	12.8666	794.9204	5.0696	3
173.9	12.8617	794.052	5.0657	3
174	12.8564	793.2286	5.0551	3
174.1	12.8515	792.3047	5.0763	3
174.2	12.8466	791.4954	5.0916	3
174.3	12.8415	790.6912	5.0736	3
174.4	12.8366	789.8521	5.0638	3
174.5	12.8314	789.0423	5.0616	3
174.6	12.826	788.3012	5.0589	3
174.7	12.8204	787.4086	5.0559	3
174.8	12.8151	786.5824	5.0559	3
174.9	12.81	785.8503	5.0605	3
175	12.8048	784.897	5.057	3
175.1	12.7995	784.0801	5.05	3
175.2	12.7942	783.2736	5.0594	3
175.3	12.7887	782.4067	5.0673	3
175.4	12.7833	781.592	5.0622	3
175.5	12.7779	780.7793	5.0577	3
175.6	12.7725	779.955	5.0639	3
175.7	12.7672	779.1165	5.0659	3
175.8	12.7617	778.3135	5.0766	3
175.9	12.7558	777.5225	5.0815	3
176	12.7499	776.6683	5.0707	3
176.1	12.744	775.8965	5.0703	3
176.2	12.7382	775.0648	5.0852	3
176.3	12.7323	774.2049	5.0843	3
176.4	12.7265	773.3723	5.0742	3
176.5	12.7206	772.57	5.0812	3
176.6	12.7146	771.7424	5.0714	3
176.7	12.7087	770.8477	5.0684	3
176.8	12.7034	769.8076	5.087	3
176.9	12.699	768.8684	5.1008	3
177	12.6947	768.0152	5.1064	3
177.1	12.6898	767.3291	5.089	3
177.2	12.685	766.5008	5.0818	3
177.3	12.6801	765.6146	5.0902	3
177.4	12.6749	764.8949	5.0839	3
177.5	12.6695	764.1371	5.082	3
177.6	12.6639	763.3592	5.0864	3
177.7	12.6581	762.5934	5.0734	3
177.8	12.6519	761.779	5.0655	3
177.9	12.6457	760.9262	5.0702	3
178	12.64	759.9561	5.0782	3
178.1	12.6348	759.0689	5.0814	3
178.2	12.6295	758.2589	5.0748	3
178.3	12.624	757.4711	5.0752	3
178.4	12.6187	756.5332	5.063	3
178.5	12.6137	755.7057	5.0732	3
178.6	12.6087	754.8697	5.0964	3
178.7	12.6035	754.0271	5.1046	3
178.8	12.598	753.3241	5.1033	3
178.9	12.5926	752.4191	5.0905	3
179	12.5873	751.6616	5.0796	3
179.1	12.582	750.8518	5.0664	3
179.2	12.5763	749.922	5.0686	3
179.3	12.5706	749.1868	5.0905	3
179.4	12.5649	748.3403	5.0873	3
179.5	12.5592	747.4843	5.0836	3
179.6	12.5536	746.7002	5.0852	3
179.7	12.5477	745.8677	5.0797	3
179.8	12.5415	745.0928	5.0758	3
179.9	12.5355	744.1912	5.0822	3
180	12.5298	743.3073	5.0812	3
180.1	12.5244	742.4218	5.0804	3
180.2	12.5191	741.5844	5.0883	3
180.3	12.514	740.6887	5.0923	3
180.4	12.5086	739.9049	5.0783	3
180.5	12.5032	739.0371	5.0856	3
180.6	12.4978	738.2144	5.0913	3
180.7	12.4928	737.3883	5.0903	3
180.8	12.4877	736.5079	5.0864	3
180.9	12.4827	735.724	5.0928	3
181	12.4774	734.9435	5.0927	3
181.1	12.4716	734.1066	5.083	3
181.2	12.4661	733.3408	5.0855	3
181.3	12.4602	732.5729	5.0933	3
181.4	12.4543	731.6563	5.0891	3
181.5	12.4486	730.8208	5.0793	3
181.6	12.4427	730.0525	5.0686	3
181.7	12.4366	729.2329	5.068	3
181.8	12.4305	728.3737	5.0774	3
181.9	12.4249	727.4811	5.0831	3
182	12.4195	726.63	5.0885	3
182.1	12.414	725.7517	5.0926	3
182.2	12.4083	724.9786	5.093	3
182.3	12.4023	724.2527	5.0992	3
182.4	12.396	723.483	5.0812	3
182.5	12.3892	722.8007	5.063	3
182.6	12.3822	721.9519	5.0775	3
182.7	12.3753	721.1117	5.0848	3
182.8	12.3682	720.2506	5.0778	3
182.9	12.3612	719.3915	5.0732	3
183	12.3546	718.4873	5.083	3
183.1	12.3482	717.6968	5.0987	3
183.2	12.3419	716.8437	5.1079	3
183.3	12.3352	716.0087	5.1077	3
183.4	12.3286	715.1683	5.1092	3
183.5	12.3221	714.298	5.1074	3
183.6	12.3158	713.5706	5.1037	3
183.7	12.3089	712.8122	5.097	3
183.8	12.3014	712.0462	5.0939	3
183.9	12.294	711.1725	5.1087	3
184	12.2866	710.2731	5.1074	3
184.1	12.2797	709.4366	5.0822	3
184.2	12.2728	708.4886	5.0779	3
184.3	12.2663	707.6117	5.0827	3
184.4	12.2601	706.771	5.0965	3
184.5	12.2537	705.8663	5.1004	3
184.6	12.2473	705.1223	5.0829	3
184.7	12.2411	704.2451	5.0833	3
184.8	12.2349	703.465	5.0846	3
184.9	12.2287	702.6228	5.0885	3
185	12.2222	701.8025	5.0796	3
185.1	12.2156	701.0279	5.0759	3
185.2	12.2091	700.141	5.0701	3
185.3	12.2026	699.2748	5.0666	3
185.4	12.1964	698.4373	5.0647	3
185.5	12.19	697.5894	5.0698	3
185.6	12.1839	696.7271	5.065	3
185.7	12.1775	695.9126	5.0481	3
185.8	12.1714	695.1477	5.0537	3
185.9	12.1651	694.3281	5.0568	3
186	12.1587	693.413	5.0617	3
186.1	12.1527	692.5748	5.0806	3
186.2	12.1465	691.7489	5.0864	3
186.3	12.1404	690.9068	5.0875	3
186.4	12.1341	690.1221	5.0926	3
186.5	12.1278	689.28	5.0845	3
186.6	12.1218	688.3187	5.1039	3
186.7	12.116	687.5105	5.1059	3
186.8	12.1101	686.7166	5.1035	3
186.9	12.1037	685.9911	5.1032	3
187	12.0974	685.1011	5.0834	3
187.1	12.0913	684.2065	5.0731	3
187.2	12.0851	683.4641	5.0615	3
187.3	12.0787	682.6163	5.061	3
187.4	12.0724	681.7511	5.0732	3
187.5	12.0662	680.9718	5.0754	3
187.6	12.0596	680.192	5.0853	3
187.7	12.0529	679.3517	5.0809	3
187.8	12.0463	678.5344	5.058	3
187.9	12.0397	677.6757	5.039	3
188	12.0331	676.8625	5.0429	3
188.1	12.0262	676.0415	5.0433	3
188.2	12.0195	675.1518	5.0337	3
188.3	12.0132	674.2515	5.0362	3
188.4	12.0071	673.4352	5.0468	3
188.5	12.0008	672.6603	5.0587	3
188.6	11.9944	671.8178	5.0528	3
188.7	11.9879	670.9755	5.0502	3
188.8	11.9815	670.1007	5.062	3
188.9	11.9753	669.2376	5.0637	3
189	11.969	668.5005	5.0774	3
189.1	11.9624	667.7061	5.0841	3
189.2	11.9559	666.8208	5.0755	3
189.3	11.9494	666.013	5.068	3
189.4	11.9429	665.1402	5.0709	3
189.5	11.9365	664.2756	5.0652	3
189.6	11.9303	663.4883	5.068	3
189.7	11.9237	662.5783	5.0829	3
189.8	11.9174	661.8178	5.0895	3
189.9	11.9113	660.8857	5.0911	3
190	11.9052	660.0411	5.0973	3
190.1	11.8993	659.2225	5.1018	3
190.2	11.8932	658.3022	5.0933	3
190.3	11.8872	657.5656	5.1001	3
190.4	11.8813	656.7344	5.1032	3
190.5	11.8753	655.9134	5.0905	3
190.6	11.8692	655.0932	5.091	3
190.7	11.8628	654.2564	5.0926	3
190.8	11.8564	653.4777	5.0906	3
190.9	11.8501	652.5671	5.0879	3
191	11.8442	651.6547	5.0935	3
191.1	11.8383	650.8551	5.0979	3
191.2	11.8325	649.9685	5.0795	3
191.3	11.8267	649.0987	5.0545	3
191.4	11.8212	648.2269	5.0683	3
191.5	11.8158	647.4619	5.084	3
191.6	11.8103	646.6157	5.0902	3
191.7	11.8046	645.8193	5.0974	3
191.8	11.7989	645.0235	5.1065	3
191.9	11.7929	644.2739	5.0937	3
192	11.7868	643.3994	5.0732	3
192.1	11.7807	642.4751	5.0597	3
192.2	11.7745	641.7188	5.0698	3
192.3	11.7684	640.9958	5.0851	3
192.4	11.762	640.1377	5.0903	3
192.5	11.7553	639.3251	5.0797	3
192.6	11.7488	638.4645	5.0859	3
192.7	11.7424	637.5856	5.0853	3
192.8	11.7363	636.8214	5.0818	3
192.9	11.7299	635.9984	5.0854	3
193	11.7234	635.0863	5.0774	3
193.1	11.7169	634.3624	5.0698	3
193.2	11.7102	633.5008	5.0668	3
193.3	11.7037	632.7214	5.0788	3
193.4	11.697	631.8652	5.0881	3
193.5	11.6901	631.0407	5.087	3
193.6	11.6834	630.2042	5.0951	3
193.7	11.6767	629.3566	5.0968	3
193.8	11.6699	628.5275	5.0905	3
193.9	11.663	627.7516	5.081	3
194	11.6559	626.9549	5.0717	3
194.1	11.649	626.19	5.0767	3
194.2	11.6418	625.286	5.0769	3
194.3	11.6347	624.3925	5.0773	3
194.4	11.6276	623.6753	5.0857	3
194.5	11.6206	622.7543	5.0922	3
194.6	11.6139	621.8365	5.0912	3
194.7	11.6074	621.0089	5.0862	3
194.8	11.6008	620.1099	5.0767	3
194.9	11.5943	619.2928	5.0792	3
195	11.5878	618.5353	5.0798	3
195.1	11.581	617.6719	5.0647	3
195.2	11.5744	616.8264	5.0624	3
195.3	11.5681	615.9073	5.0619	3
195.4	11.5618	615.15	5.0647	3
195.5	11.5553	614.3127	5.0665	3
195.6	11.5486	613.4814	5.0725	3
195.7	11.5423	612.6108	5.0812	3
195.8	11.5358	611.7548	5.0871	3
195.9	11.5291	611.0268	5.0766	3
196	11.5225	610.131	5.0757	3
196.1	11.5159	609.4173	5.0862	3
196.2	11.5091	608.5769	5.0815	3
196.3	11.5023	607.6549	5.0799	3
196.4	11.4955	606.9166	5.0778	3
196.5	11.4885	606.1082	5.0679	3
196.6	11.4815	605.2149	5.0722	3
196.7	11.4746	604.3938	5.0879	3
196.8	11.4676	603.5587	5.09	3
196.9	11.4604	602.8563	5.0698	3
197	11.453	602.0341	5.0599	3
197.1	11.4456	601.1762	5.0763	3
197.2	11.4384	600.2985	5.072	3
197.3	11.4313	599.4129	5.066	3
197.4	11.4245	598.5424	5.0708	3
197.5	11.4176	597.72	5.077	3
197.6	11.411	596.7658	5.0646	3
197.7	11.4043	596.0207	5.0488	3
197.8	11.3978	595.1475	5.0503	3
197.9	11.3914	594.1645	5.0535	3
198	11.3853	593.3828	5.0456	3
198.1	11.3793	592.5953	5.0601	3
198.2	11.373	591.7599	5.066	3
198.3	11.3668	590.9386	5.0612	3
198.4	11.3606	590.0663	5.0616	3
198.5	11.3543	589.2252	5.0584	3
198.6	11.3483	588.4228	5.046	3
198.7	11.3421	587.546	5.0577	3
198.8	11.3361	586.678	5.0687	3
198.9	11.3303	585.8141	5.0534	3
199	11.3244	585.0006	5.0414	3
199.1	11.3186	584.14	5.0584	3
199.2	11.3129	583.2988	5.0747	3
199.3	11.3072	582.4844	5.0709	3
199.4	11.3014	581.6412	5.0651	3
199.5	11.2956	580.8499	5.0663	3
199.6	11.2899	580.0306	5.0676	3
199.7	11.2843	579.2379	5.0762	3
199.8	11.2783	578.3665	5.0788	3
199.9	11.2719	577.5969	5.0753	3
200	11.2655	576.7863	5.0805	3
200.1	11.2592	575.8894	5.0805	3
200.2	11.2532	575.0483	5.082	3
200.3	11.2471	574.2483	5.0881	3
200.4	11.2407	573.416	5.0893	3
200.5	11.2344	572.6167	5.0808	3
200.6	11.2279	571.9076	5.0786	3
200.7	11.2209	571.0723	5.0693	3
200.8	11.2138	570.3027	5.0658	3
200.9	11.2066	569.5183	5.0805	3
201	11.1995	568.5963	5.0783	3
201.1	11.1922	567.765	5.0734	3
201.2	11.1852	566.9612	5.0728	3
201.3	11.1781	566.1208	5.0798	3
201.4	11.1711	565.187	5.0738	3
201.5	11.1642	564.3846	5.0647	3
201.6	11.1573	563.4994	5.0633	3
201.7	11.1505	562.7045	5.0832	3
201.8	11.1439	561.8561	5.103	3
201.9	11.1372	560.9706	5.1123	3
202	11.1308	560.1009	5.1042	3
202.1	11.1247	559.209	5.0886	3
202.2	11.1183	558.4735	5.0906	3
202.3	11.1118	557.6898	5.1048	3
202.4	11.1051	556.7884	5.1005	3
202.5	11.0986	555.9731	5.0942	3
202.6	11.0919	555.1946	5.1056	3
202.7	11.0849	554.3957	5.1071	3
202.8	11.0781	553.5383	5.1058	3
202.9	11.0714	552.7066	5.1045	3
203	11.0648	551.822	5.0916	3
203.1	11.058	551.0995	5.0776	3
203.2	11.0509	550.229	5.0722	3
203.3	11.0442	549.3524	5.0762	3
203.4	11.0374	548.5195	5.0752	3
203.5	11.0304	547.8213	5.0854	3
203.6	11.0231	547.0115	5.0964	3
203.7	11.0158	546.1199	5.1106	3
203.8	11.0085	545.3282	5.1113	3
203.9	11.0009	544.578	5.0919	3
204	10.9933	543.7397	5.0736	3
204.1	10.9855	542.8455	5.0952	3
204.2	10.9774	542.0761	5.1014	3
204.3	10.9698	541.1629	5.0927	3
204.4	10.9627	540.3	5.1001	3
204.5	10.9557	539.4057	5.0864	3
204.6	10.9485	538.5946	5.0768	3
204.7	10.9413	537.8067	5.0858	3
204.8	10.9343	536.8139	5.099	3
204.9	10.9278	535.9263	5.107	3
205	10.9214	535.0803	5.089	3
205.1	10.915	534.2843	5.0792	3
205.2	10.9086	533.4324	5.0941	3
205.3	10.9023	532.5779	5.1164	3
205.4	10.8961	531.7013	5.1248	3
205.5	10.8901	530.8655	5.1197	3
205.6	10.8843	529.9806	5.1149	3
205.7	10.8785	529.0536	5.1088	3
205.8	10.8728	528.3655	5.0922	3
205.9	10.8668	527.5173	5.0863	3
206	10.8607	526.6813	5.0859	3
206.1	10.8547	525.9211	5.0922	3
206.2	10.8487	525.0868	5.0855	3
206.3	10.8428	524.1319	5.0833	3
206.4	10.8368	523.2883	5.0993	3
206.5	10.8305	522.6256	5.0978	3
206.6	10.8238	521.9454	5.0907	3
206.7	10.8167	521.1026	5.11	3
206.8	10.8097	520.2246	5.1156	3
206.9	10.8027	519.4469	5.1043	3
207	10.7954	518.6243	5.1084	3
207.1	10.7884	517.7871	5.1178	3
207.2	10.7814	516.955	5.1282	3
207.3	10.774	516.2043	5.1346	3
207.4	10.7668	515.2962	5.1297	3
207.5	10.7598	514.31	5.119	3
207.6	10.7535	513.4179	5.1206	3
207.7	10.7473	512.5799	5.1226	3
207.8	10.7409	511.8441	5.1122	3
207.9	10.7339	511.0435	5.1012	3
208	10.727	510.153	5.0941	3
208.1	10.7204	509.379	5.0961	3
208.2	10.7136	508.5121	5.0996	3
208.3	10.7071	507.6427	5.0901	3
208.4	10.7007	506.7835	5.0837	3
208.5	10.6945	506.0405	5.1002	3
208.6	10.6877	505.2156	5.0986	3
208.7	10.6807	504.3471	5.1008	3
208.8	10.6738	503.5407	5.106	3
208.9	10.6671	502.6578	5.104	3
209	10.6602	501.8738	5.0955	3
209.1	10.6536	501.0198	5.1051	3
209.2	10.6473	500.0773	5.1131	3
209.3	10.6411	499.2386	5.108	3
209.4	10.635	498.4257	5.1077	3
209.5	10.6285	497.63	5.0948	3
209.6	10.6224	496.7141	5.0975	3
209.7	10.6169	495.6814	5.0918	3
209.8	10.6113	494.8876	5.0749	3
209.9	10.6056	494.1686	5.0794	3
210	10.5996	493.4124	5.0854	3
210.1	10.5932	492.5707	5.0923	3
210.2	10.5871	491.7647	5.0892	3
210.3	10.581	490.8995	5.0763	3
210.4	10.5746	490.0955	5.0796	3
210.5	10.5683	489.2881	5.0917	3
210.6	10.5619	488.4728	5.1009	3
210.7	10.5554	487.6512	5.1129	3
210.8	10.5487	486.9608	5.1029	3
210.9	10.5414	486.1235	5.1063	3
211	10.5345	485.2123	5.1086	3
211.1	10.5279	484.2816	5.1026	3
211.2	10.5213	483.5281	5.0937	3
211.3	10.5144	482.7679	5.1033	3
211.4	10.5072	481.997	5.1003	3
211.5	10.4999	481.2143	5.0979	3
211.6	10.4926	480.2226	5.0956	3
211.7	10.4856	479.3457	5.099	3
211.8	10.4787	478.5148	5.1123	3
211.9	10.4719	477.671	5.1135	3
212	10.4653	476.8659	5.113	3
212.1	10.4587	476.0328	5.117	3
212.2	10.4519	475.2106	5.123	3
212.3	10.4449	474.4061	5.1197	3
212.4	10.4382	473.4726	5.1258	3
212.5	10.4318	472.5936	5.1166	3
212.6	10.4254	471.7814	5.1039	3
212.7	10.419	470.9252	5.0976	3
212.8	10.4128	470.1044	5.0991	3
212.9	10.4065	469.2801	5.1133	3
213	10.4002	468.4345	5.1187	3
213.1	10.394	467.5777	5.1183	3
213.2	10.3879	466.6692	5.1083	3
213.3	10.382	465.8352	5.1199	3
213.4	10.376	464.973	5.1292	3
213.5	10.37	464.2115	5.1316	3
213.6	10.3639	463.3869	5.1104	3
213.7	10.3579	462.5449	5.0965	3
213.8	10.3519	461.6959	5.1064	3
213.9	10.3459	460.8747	5.106	3
214	10.3397	460.0263	5.1038	3
214.1	10.3334	459.2879	5.1108	3
214.2	10.3272	458.4748	5.1327	3
214.3	10.3207	457.5809	5.1491	3
214.4	10.3143	456.8124	5.1461	3
214.5	10.3079	455.9552	5.1438	3
214.6	10.3014	455.1493	5.1391	3
214.7	10.2948	454.3353	5.1353	3
214.8	10.2879	453.5675	5.1404	3
214.9	10.281	452.7672	5.1378	3
215	10.2739	451.8078	5.1408	3
215.1	10.267	451.078	5.1381	3
215.2	10.2602	450.224	5.1214	3
215.3	10.2532	449.3961	5.1222	3
215.4	10.2461	448.6161	5.119	3
215.5	10.2391	447.7379	5.1184	3
215.6	10.232	447.0213	5.1174	3
215.7	10.2243	446.1968	5.1219	3
215.8	10.2166	445.3209	5.1227	3
215.9	10.2094	444.4614	5.126	3
216	10.2021	443.6416	5.1269	3
216.1	10.1947	442.7898	5.142	3
216.2	10.1876	441.9045	5.1431	3
216.3	10.1806	441.1263	5.1307	3
216.4	10.1736	440.2431	5.1155	3
216.5	10.1666	439.3995	5.122	3
216.6	10.1598	438.5079	5.1405	3
216.7	10.153	437.707	5.1451	3
216.8	10.1463	436.8908	5.1417	3
216.9	10.1396	435.9507	5.14	3
217	10.1331	435.1859	5.1281	3
217.1	10.1265	434.2964	5.1173	3
217.2	10.12	433.5475	5.1186	3
217.3	10.1131	432.7019	5.1248	3
217.4	10.106	431.9587	5.1237	3
217.5	10.0986	431.2075	5.1197	3
217.6	10.091	430.2977	5.1303	3
217.7	10.0838	429.4226	5.1247	3
217.8	10.0767	428.6552	5.129	3
217.9	10.0692	427.8411	5.1309	3
218	10.0617	427.0485	5.1164	3
218.1	10.0542	426.2462	5.1181	3
218.2	10.0468	425.2819	5.1184	3
218.3	10.0393	424.4898	5.1218	3
218.4	10.0318	423.6911	5.1246	3
218.5	10.024	422.8689	5.1092	3
218.6	10.0163	422.0874	5.1147	3
218.7	10.0086	421.1442	5.1263	3
218.8	10.001	420.376	5.1148	3
218.9	9.9934	419.5162	5.119	3
219	9.9855	418.7759	5.119	3
219.1	9.9779	417.9649	5.1315	3
219.2	9.9702	417.0123	5.1273	3
219.3	9.9628	416.1285	5.111	3
219.4	9.9552	415.3345	5.1185	3
219.5	9.9474	414.6225	5.1132	3
219.6	9.9393	413.8948	5.1085	3
219.7	9.9311	412.9712	5.1148	3
219.8	9.923	412.0905	5.112	3
219.9	9.9152	411.1876	5.0991	3
220	9.9075	410.327	5.1062	3
220.1	9.8999	409.5281	5.1189	3
220.2	9.8923	408.7039	5.1155	3
220.3	9.8846	407.8486	5.1161	3
220.4	9.8769	407.0266	5.1154	3
220.5	9.8692	406.2625	5.1089	3
220.6	9.8616	405.343	5.0977	3
220.7	9.854	404.5629	5.0986	3
220.8	9.8461	403.6874	5.1203	3
220.9	9.8383	402.8438	5.1305	3
221	9.8308	402.0534	5.1287	3
221.1	9.8234	401.164	5.1274	3
221.2	9.816	400.369	5.1228	3
221.3	9.8084	399.57	5.1252	3
221.4	9.8003	398.7605	5.1314	3
221.5	9.7924	397.9479	5.1263	3
221.6	9.7847	397.024	5.1224	3
221.7	9.7773	396.1272	5.1152	3
221.8	9.7702	395.1372	5.1056	3
221.9	9.7636	394.3032	5.0932	3
222	9.7568	393.5059	5.1015	3
222.1	9.7498	392.6978	5.1071	3
222.2	9.7429	391.8303	5.1081	3
222.3	9.7362	391.0302	5.1252	3
222.4	9.7293	390.2408	5.1367	3
222.5	9.7223	389.4065	5.1285	3
222.6	9.7153	388.6271	5.1174	3
222.7	9.7083	387.7268	5.1336	3
222.8	9.7009	387.0101	5.1342	3
222.9	9.6932	386.187	5.1248	3
223	9.6856	385.2121	5.1251	3
223.1	9.6788	384.2807	5.1164	3
223.2	9.6724	383.4485	5.1034	3
223.3	9.6658	382.682	5.1097	3
223.4	9.6591	381.8858	5.1287	3
223.5	9.652	380.9632	5.1169	3
223.6	9.6455	380.1098	5.1208	3
223.7	9.639	379.3959	5.12	3
223.8	9.632	378.5733	5.1166	3
223.9	9.6248	377.7228	5.1061	3
224	9.6177	376.988	5.1042	3
224.1	9.6103	376.1928	5.103	3
224.2	9.6026	375.3391	5.1057	3
224.3	9.5951	374.5152	5.1002	3
224.4	9.5879	373.5361	5.0975	3
224.5	9.5811	372.6723	5.0992	3
224.6	9.5746	371.8337	5.0901	3
224.7	9.5677	371.028	5.0853	3
224.8	9.5609	370.2361	5.0997	3
224.9	9.5545	369.2785	5.1106	3
225	9.548	368.4748	5.1184	3
225.1	9.5416	367.564	5.1153	3
225.2	9.5352	366.6586	5.0963	3
225.3	9.5293	365.8283	5.0889	3
225.4	9.5235	364.9605	5.0936	3
225.5	9.5176	364.1602	5.106	3
225.6	9.5115	363.4436	5.1098	3
225.7	9.5051	362.5524	5.1068	3
225.8	9.4989	361.7668	5.1222	3
225.9	9.4924	360.9512	5.1219	3
226	9.4858	360.1999	5.1208	3
226.1	9.4791	359.3296	5.1157	3
226.2	9.4723	358.5204	5.1134	3
226.3	9.4656	357.6753	5.1251	3
226.4	9.4585	356.9019	5.1294	3
226.5	9.4514	356.0379	5.1268	3
226.6	9.4448	355.1703	5.1189	3
226.7	9.4378	354.4324	5.1038	3
226.8	9.4304	353.6673	5.0931	3
226.9	9.4228	352.8193	5.0952	3
227	9.4153	352.0306	5.0892	3
227.1	9.4079	351.166	5.0863	3
227.2	9.4001	350.4522	5.0961	3
227.3	9.3923	349.6042	5.0996	3
227.4	9.3846	348.6512	5.1055	3
227.5	9.3772	347.848	5.1199	3
227.6	9.3697	347.065	5.1187	3
227.7	9.3621	346.1571	5.112	3
227.8	9.3546	345.316	5.1131	3
227.9	9.3471	344.542	5.1147	3
228	9.3394	343.7297	5.1188	3
228.1	9.3318	342.8296	5.1153	3
228.2	9.3245	341.9634	5.0989	3
228.3	9.3171	341.1637	5.0879	3
228.4	9.3097	340.2455	5.0873	3
228.5	9.3023	339.4797	5.0926	3
228.6	9.295	338.6718	5.0855	3
228.7	9.2872	337.9027	5.0885	3
228.8	9.2794	337.0869	5.0888	3
228.9	9.2714	336.2136	5.0854	3
229	9.2636	335.5119	5.088	3
229.1	9.2556	334.6241	5.0831	3
229.2	9.2474	333.8915	5.0824	3
229.3	9.2392	333.0156	5.0853	3
229.4	9.2308	332.1838	5.0935	3
229.5	9.2227	331.2792	5.0921	3
229.6	9.2142	330.4753	5.1014	3
229.7	9.2055	329.8334	5.1085	3
229.8	9.1967	328.8774	5.0959	3
229.9	9.1883	327.9773	5.0945	3
230	9.18	327.1488	5.1057	3
230.1	9.1716	326.3595	5.0984	3
230.2	9.1631	325.5366	5.0962	3
230.3	9.1545	324.7449	5.0912	3
230.4	9.1457	323.8815	5.0933	3
230.5	9.1371	323.1369	5.0958	3
230.6	9.1285	322.2056	5.1028	3
230.7	9.1198	321.3566	5.1068	3
230.8	9.1114	320.4912	5.115	3
230.9	9.103	319.7495	5.1083	3
231	9.0945	318.9147	5.1032	3
231.1	9.0858	317.9752	5.0912	3
231.2	9.0776	317.1202	5.0876	3
231.3	9.0695	316.2365	5.0913	3
231.4	9.0613	315.4898	5.0992	3
231.5	9.0532	314.6582	5.096	3
231.6	9.0451	313.758	5.0845	3
231.7	9.0372	312.8985	5.0834	3
231.8	9.0291	312.1418	5.0829	3
231.9	9.0209	311.3072	5.0798	3
232	9.0128	310.5474	5.0928	3
232.1	9.0044	309.6366	5.1063	3
232.2	8.9962	308.8216	5.0919	3
232.3	8.9876	307.9598	5.0881	3
232.4	8.9793	307.1446	5.0989	3
232.5	8.9712	306.2895	5.0983	3
232.6	8.9633	305.4656	5.0931	3
232.7	8.9554	304.6388	5.0772	3
232.8	8.9471	303.7732	5.0723	3
232.9	8.939	303.0041	5.0691	3
233	8.9308	302.1593	5.0666	3
233.1	8.9226	301.326	5.0753	3
233.2	8.9143	300.4825	5.0818	3
233.3	8.9059	299.6514	5.0885	3
233.4	8.8975	298.9015	5.093	3
233.5	8.8888	298.0247	5.1019	3
233.6	8.8801	297.2226	5.1047	3
233.7	8.8712	296.4802	5.1112	3
233.8	8.8624	295.68	5.1164	3
233.9	8.8538	294.7808	5.1169	3
234	8.845	293.9405	5.123	3
234.1	8.836	293.0531	5.1291	3
234.2	8.827	292.2335	5.1315	3
234.3	8.8181	291.4452	5.1373	3
234.4	8.8092	290.609	5.1257	3
234.5	8.8002	289.8168	5.1217	3
234.6	8.7911	288.9798	5.117	3
234.7	8.7821	288.0379	5.1076	3
234.8	8.7733	287.2191	5.1073	3
234.9	8.7647	286.4784	5.1032	3
235	8.7559	285.5763	5.0908	3
235.1	8.7471	284.7249	5.0892	3
235.2	8.7382	283.9073	5.1079	3
235.3	8.7295	283.0693	5.1187	3
235.4	8.7207	282.2344	5.1191	3
235.5	8.7119	281.375	5.1146	3
235.6	8.7033	280.5429	5.1228	3
235.7	8.6946	279.7613	5.1293	3
235.8	8.6858	278.8981	5.1278	3
235.9	8.6769	278.0977	5.1409	3
236	8.6682	277.3021	5.1555	3
236.1	8.6595	276.3776	5.1526	3
236.2	8.6508	275.5297	5.1452	3
236.3	8.6417	274.7997	5.1329	3
236.4	8.6327	273.9385	5.1066	3
236.5	8.6237	273.1381	5.1028	3
236.6	8.6146	272.3089	5.1002	3
236.7	8.6054	271.5199	5.0975	3
236.8	8.5963	270.72	5.1047	3
236.9	8.5871	269.8103	5.1071	3
237	8.5776	268.9861	5.1102	3
237.1	8.5684	268.1797	5.1059	3
237.2	8.5593	267.2487	5.1204	3
237.3	8.5504	266.3692	5.128	3
237.4	8.5421	265.5005	5.1156	3
237.5	8.5337	264.6266	5.1026	3
237.6	8.5252	263.7992	5.0923	3
237.7	8.5167	263.0095	5.0789	3
237.8	8.5083	262.2003	5.0727	3
237.9	8.4999	261.4137	5.0872	3
238	8.4914	260.4328	5.1025	3
238.1	8.483	259.6711	5.1005	3
238.2	8.4748	258.8346	5.0985	3
238.3	8.4664	257.9975	5.0942	3
238.4	8.4582	257.0896	5.1093	3
238.5	8.4501	256.2293	5.1108	3
238.6	8.4421	255.3964	5.1005	3
238.7	8.4338	254.6395	5.0972	3
238.8	8.4257	253.7571	5.1062	3
238.9	8.4176	252.9486	5.1116	3
239	8.4092	252.0877	5.1095	3
239.1	8.401	251.2685	5.1055	3
239.2	8.3928	250.5052	5.1034	3
239.3	8.3847	249.634	5.1083	3
239.4	8.3763	248.8274	5.1105	3
239.5	8.3677	247.9877	5.1207	3
239.6	8.3591	247.2514	5.1175	3
239.7	8.3504	246.4139	5.1122	3
239.8	8.3417	245.5589	5.1042	3
239.9	8.3329	244.7805	5.1066	3
240	8.3239	243.99	5.1184	3
240.1	8.3149	243.1307	5.1159	3
240.2	8.3062	242.26	5.1067	3
240.3	8.2974	241.4353	5.1015	3
240.4	8.2885	240.6032	5.0943	3
240.5	8.2796	239.6947	5.0931	3
240.6	8.2709	238.8237	5.0928	3
240.7	8.2625	237.9803	5.0802	3
240.8	8.254	237.2237	5.0846	3
240.9	8.2454	236.3104	5.081	3
241	8.2371	235.4597	5.0856	3
241.1	8.2289	234.6374	5.0984	3
241.2	8.2208	233.7501	5.1085	3
241.3	8.2128	232.959	5.1107	3
241.4	8.2045	232.0744	5.1124	3
241.5	8.1965	231.1871	5.1232	3
241.6	8.1887	230.3791	5.1207	3
241.7	8.1807	229.5967	5.1212	3
241.8	8.1727	228.7173	5.108	3
241.9	8.1648	227.8342	5.1029	3
242	8.1568	227.0901	5.1074	3
242.1	8.1485	226.3682	5.0959	3
242.2	8.1401	225.5403	5.0929	3
242.3	8.1317	224.6469	5.1047	3
242.4	8.1233	223.7644	5.0977	3
242.5	8.1149	222.9921	5.0788	3
242.6	8.1064	222.194	5.0774	3
242.7	8.0978	221.3497	5.0999	3
242.8	8.0893	220.566	5.0942	3
242.9	8.0806	219.7746	5.0837	3
243	8.0719	218.8966	5.092	3
243.1	8.0631	218.0804	5.0899	3
243.2	8.0537	217.3459	5.0944	3
243.3	8.0442	216.5497	5.1039	3
243.4	8.035	215.7224	5.1025	3
243.5	8.0254	214.9692	5.1067	3
243.6	8.0157	214.0697	5.1091	3
243.7	8.0061	213.1999	5.1153	3
243.8	7.997	212.3452	5.1077	3
243.9	7.9878	211.4505	5.0918	3
244	7.9791	210.5983	5.1015	3
244.1	7.9704	209.7136	5.1145	3
244.2	7.9616	208.9207	5.1136	3
244.3	7.9526	208.1687	5.1036	3
244.4	7.9435	207.2589	5.0994	3
244.5	7.9345	206.4428	5.1165	3
244.6	7.9254	205.651	5.1389	3
244.7	7.9165	204.7173	5.1472	3
244.8	7.908	203.8976	5.1432	3
244.9	7.8996	202.9931	5.1208	3
245	7.8912	202.0809	5.1163	3
245.1	7.8832	201.2268	5.1241	3
245.2	7.8751	200.3802	5.132	3
245.3	7.8669	199.6664	5.1275	3
245.4	7.8584	198.8569	5.1175	3
245.5	7.8496	197.9955	5.1182	3
245.6	7.8413	197.0925	5.1094	3
245.7	7.8331	196.3841	5.1026	3
245.8	7.8247	195.5579	5.1101	3
245.9	7.8163	194.6118	5.1167	3
246	7.808	193.8045	5.1159	3
246.1	7.7996	192.9266	5.1011	3
246.2	7.7912	192.2212	5.1043	3
246.3	7.7829	191.3114	5.1183	3
246.4	7.7744	190.5218	5.1104	3
246.5	7.7655	189.7455	5.1004	3
246.6	7.7564	189.0091	5.0956	3
246.7	7.747	188.2179	5.0959	3
246.8	7.7377	187.3216	5.0989	3
246.9	7.7286	186.4756	5.1085	3
247	7.7198	185.5925	5.1147	3
247.1	7.7106	184.8048	5.1028	3
247.2	7.7013	184.0028	5.093	3
247.3	7.6923	183.1103	5.0874	3
247.4	7.6835	182.2912	5.0918	3
247.5	7.6745	181.4202	5.1001	3
247.6	7.6654	180.6462	5.1055	3
247.7	7.6564	179.8029	5.1036	3
247.8	7.6472	179.0198	5.086	3
247.9	7.6378	178.1861	5.0815	3
248	7.6285	177.3212	5.0943	3
248.1	7.6189	176.6346	5.088	3
248.2	7.609	175.8044	5.0846	3
248.3	7.5991	174.9631	5.09	3
248.4	7.5892	174.1852	5.0943	3
248.5	7.5792	173.3578	5.0828	3
248.6	7.5692	172.4679	5.0718	3
248.7	7.5593	171.6356	5.0814	3
248.8	7.5493	170.8551	5.0864	3
248.9	7.5389	170.1102	5.0846	3
249	7.5282	169.2179	5.0902	3
249.1	7.518	168.3257	5.0849	3
249.2	7.5079	167.5392	5.0977	3
249.3	7.4979	166.7059	5.1041	3
249.4	7.4876	165.851	5.1003	3
249.5	7.4776	164.9264	5.0991	3
249.6	7.4679	164.0423	5.0909	3
249.7	7.4582	163.2022	5.0921	3
249.8	7.4487	162.3985	5.1067	3
249.9	7.4391	161.6057	5.1118	3
250	7.4293	160.765	5.1014	3
250.1	7.4195	159.9402	5.106	3
250.2	7.4097	159.0946	5.1148	3
250.3	7.4	158.1941	5.1146	3
250.4	7.3905	157.3761	5.1089	3
250.5	7.3808	156.5998	5.1077	3
250.6	7.3711	155.7733	5.1152	3
250.7	7.3611	154.9377	5.1301	3
250.8	7.3511	154.1511	5.1337	3
250.9	7.3414	153.3099	5.1264	3
251	7.3316	152.4143	5.1132	3
251.1	7.3219	151.5955	5.113	3
251.2	7.3125	150.6703	5.1071	3
251.3	7.3031	149.8703	5.1053	3
251.4	7.2934	149.0384	5.1279	3
251.5	7.2836	148.2486	5.127	3
251.6	7.2741	147.4652	5.1174	3
251.7	7.2642	146.6307	5.1252	3
251.8	7.2541	145.8092	5.1328	3
251.9	7.244	144.9867	5.1261	3
252	7.2339	144.1924	5.1292	3
252.1	7.2236	143.3602	5.13	3
252.2	7.2133	142.5396	5.1224	3
252.3	7.2027	141.7457	5.1228	3
252.4	7.1922	140.8633	5.1142	3
252.5	7.1822	139.9776	5.1102	3
252.6	7.1722	139.1464	5.1002	3
252.7	7.1621	138.389	5.098	3
252.8	7.1518	137.5175	5.0886	3
252.9	7.1415	136.6562	5.0915	3
253	7.1313	135.8036	5.1118	3
253.1	7.1208	135.0408	5.1037	3
253.2	7.1103	134.3139	5.0949	3
253.3	7.0999	133.3946	5.0902	3
253.4	7.0899	132.4692	5.0855	3
253.5	7.0799	131.5995	5.0793	3
253.6	7.07	130.8032	5.0912	3
253.7	7.0601	129.9871	5.094	3
253.8	7.05	129.1204	5.0975	3
253.9	7.0398	128.3168	5.1046	3
254	7.0295	127.5551	5.104	3
254.1	7.0191	126.7594	5.1104	3
254.2	7.0085	125.8806	5.1174	3
254.3	6.9979	125.1244	5.1127	3
254.4	6.9871	124.3066	5.1118	3
254.5	6.9763	123.4281	5.1119	3
254.6	6.9655	122.585	5.1106	3
254.7	6.9545	121.8552	5.1059	3
254.8	6.9429	121.1311	5.1056	3
254.9	6.9313	120.3005	5.1139	3
255	6.9196	119.476	5.1317	3
255.1	6.9081	118.712	5.124	3
255.2	6.8963	117.8627	5.1146	3
255.3	6.8843	117.0165	5.1163	3
255.4	6.8723	116.2688	5.1203	3
255.5	6.8601	115.4685	5.1235	3
255.6	6.8476	114.6768	5.1246	3
255.7	6.8351	113.8174	5.1149	3
255.8	6.8226	112.9691	5.1097	3
255.9	6.8101	112.1295	5.1001	3
256	6.7977	111.3016	5.0999	3
256.1	6.7852	110.5343	5.1136	3
256.2	6.7724	109.7045	5.1266	3
256.3	6.7596	108.8205	5.1214	3
256.4	6.7468	108.0718	5.1127	3
256.5	6.7338	107.2472	5.12	3
256.6	6.7207	106.3829	5.1277	3
256.7	6.7076	105.584	5.1214	3
256.8	6.6943	104.7756	5.1106	3
256.9	6.6813	103.9865	5.1209	3
257	6.668	103.152	5.1192	3
257.1	6.6544	102.3416	5.1242	3
257.2	6.6407	101.5389	5.1278	3
257.3	6.6271	100.653	5.133	3
257.4	6.6135	99.8076	5.1438	3
257.5	6.6004	98.9393	5.1236	3
257.6	6.5871	98.0318	5.1017	3
257.7	6.5739	97.2755	5.0997	3
257.8	6.5607	96.487	5.1122	3
257.9	6.5475	95.6084	5.1091	3
258	6.5342	94.8007	5.1003	3
258.1	6.5207	93.9851	5.0984	3
258.2	6.507	93.1668	5.0987	3
258.3	6.4934	92.3163	5.0961	3
258.4	6.48	91.4447	5.0896	3
258.5	6.4665	90.6482	5.0856	3
258.6	6.4528	89.8946	5.0909	3
258.7	6.4387	89.0466	5.098	3
258.8	6.4249	88.1984	5.0986	3
258.9	6.4112	87.3667	5.0955	3
259	6.3975	86.5234	5.0945	3
259.1	6.3835	85.7115	5.0812	3
259.2	6.3695	84.8735	5.0883	3
259.3	6.3556	84.1287	5.0931	3
259.4	6.3414	83.329	5.0995	3
259.5	6.3271	82.442	5.1039	3
259.6	6.3129	81.5694	5.1125	3
259.7	6.2988	80.7393	5.1193	3
259.8	6.2848	79.9362	5.1094	3
259.9	6.2706	79.1321	5.0944	3
260	6.2561	78.3135	5.0929	3
260.1	6.2418	77.4669	5.0932	3
260.2	6.2275	76.6438	5.1024	3
260.3	6.2135	75.7415	5.1059	3
260.4	6.1995	74.8496	5.0883	3
260.5	6.1856	74.0695	5.0828	3
260.6	6.1713	73.3273	5.0826	3
260.7	6.1566	72.5574	5.0858	3
260.8	6.1418	71.7271	5.1048	3
260.9	6.1272	70.8964	5.1157	3
261	6.1124	70.1011	5.1203	3
261.1	6.0975	69.2607	5.1168	3
261.2	6.0827	68.3716	5.1031	3
261.3	6.0677	67.5591	5.0964	3
261.4	6.0529	66.7462	5.1045	3
261.5	6.038	65.9256	5.1168	3
261.6	6.0233	65.0644	5.1206	3
261.7	6.0091	64.069	5.1102	3
261.8	5.9952	63.1751	5.1025	3
261.9	5.9813	62.3113	5.0888	3
262	5.9674	61.5308	5.09	3
262.1	5.9536	60.7573	5.1016	3
262.2	5.9395	59.9276	5.1021	3
262.3	5.9249	59.1622	5.1019	3
262.4	5.9102	58.3687	5.0962	3
262.5	5.8954	57.5486	5.091	3
262.6	5.8804	56.7443	5.1072	3
262.7	5.8653	55.9674	5.114	3
262.8	5.8502	55.0988	5.1171	3
262.9	5.8354	54.2391	5.1277	3
263	5.8204	53.4536	5.1176	3
263.1	5.8048	52.7613	5.0993	3
263.2	5.7888	52.0939	5.0953	3
263.3	5.7725	51.2569	5.0989	3
263.4	5.7563	50.3698	5.093	3
263.5	5.7396	49.6909	5.1127	3
263.6	5.7224	48.9441	5.112	3
263.7	5.7045	48.173	5.1139	3
263.8	5.6866	47.3817	5.1138	3
263.9	5.6686	46.5904	5.117	3
264	5.6503	45.7229	5.1197	3
264.1	5.6318	45.0442	5.1137	3
264.2	5.6131	44.1685	5.1132	3
264.3	5.5945	43.2543	5.1057	3
264.4	5.5765	42.3848	5.103	3
264.5	5.5583	41.577	5.1037	3
264.6	5.5399	40.7657	5.102	3
264.7	5.5214	39.896	5.0936	3
264.8	5.5031	39.0571	5.0843	3
264.9	5.4845	38.317	5.0875	3
265	5.466	37.4921	5.0856	3
265.1	5.4471	36.6566	5.0915	3
265.2	5.428	35.8786	5.0864	3
265.3	5.4089	35.064	5.0845	3
265.4	5.3898	34.2449	5.0947	3
265.5	5.3705	33.5057	5.1129	3
265.6	5.351	32.5976	5.1267	3
265.7	5.3316	31.7742	5.1149	3
265.8	5.312	31.0421	5.1041	3
265.9	5.2922	30.2222	5.1067	3
266	5.2724	29.4329	5.1097	3
266.1	5.2523	28.604	5.1152	3
266.2	5.2318	27.7416	5.1054	3
266.3	5.2117	26.9263	5.1007	3
266.4	5.1912	26.1771	5.1131	3
266.5	5.1705	25.4018	5.1108	3
266.6	5.1496	24.6107	5.0999	3
266.7	5.128	23.8591	5.1043	3
266.8	5.1061	23.1408	5.1076	3
266.9	5.0843	22.273	5.1097	3
267	5.0624	21.4612	5.1167	3
267.1	5.0405	20.6686	5.1234	3
267.2	5.0182	19.8315	5.1079	3
267.3	4.9956	19.099	5.1003	3
267.4	4.973	18.2344	5.0952	3
267.5	4.9508	17.5076	5.0978	3
267.6	4.9283	16.6914	5.1052	3
267.7	4.9049	15.8304	5.121	3
267.8	4.8815	15.1054	5.1195	3
267.9	4.8582	14.2371	5.1209	3
268	4.8346	13.4246	5.1242	3
268.1	4.8106	12.6844	5.1169	3
268.2	4.7864	11.8378	5.1076	3
268.3	4.762	11.1063	5.0976	3
268.4	4.7374	10.2925	5.0945	3
268.5	4.7123	9.525	5.0987	3
268.6	4.6871	8.7989	5.0952	3
268.7	4.6615	7.9407	5.0916	3
268.8	4.6358	7.1724	5.103	3
268.9	4.6102	6.3352	5.1017	4
269	4.5844	5.4513	5.1048	4
269.1	4.5585	4.6878	5.1189	4
269.2	4.5335	4.1264	5.1208	4
269.3	4.4882	-1.1423	5.1157	4
269.4	4.2914	-24.7921	5.1084	4
269.5	3.9082	-46.6861	5.1001	4
269.6	3.4599	-51.1561	5.1052	4
269.7	2.9912	-48.6923	5.1019	4
269.8	2.5126	-45.3	5.1032	4
269.9	2.028	-41.5255	5.108	4
270	1.539	-37.3079	5.1051	4
270.1	1.0455	-32.1658	5.0996	4
270.2	0.55	-27.6233	5.0972	4
270.3	0.0535	-24.4558	5.0937	4
270.4	-0.4442	-22.3683	5.1147	4
270.5	-0.9434	-20.9683	5.1169	4
270.6	-1.4439	-19.7033	5.1178	4
270.7	-1.9446	-19.451	5.1226	4
270.8	-2.4464	-19.4406	5.1388	4
270.9	-2.9486	-19.9074	5.1471	4
271	-3.4524	-20.0371	5.1413	4
271.1	-3.9577	-19.6762	5.1271	4
271.2	-4.4641	-19.4613	5.1063	4
271.3	-4.9716	-19.2769	5.1039	4
271.4	-5.4795	-19.3703	5.1206	4
271.5	-5.9878	-19.5648	5.1275	4
271.6	-6.4963	-19.7681	5.1099	4
271.7	-7.0053	-19.7049	5.1071	4
271.8	-7.5155	-18.7028	5.1118	4
271.9	-8.0256	-18.1394	5.118	4
272	-8.536	-18.3334	5.1288	4
272.1	-9.0467	-18.2575	5.142	4
272.2	-9.5572	-18.2071	5.145	4
272.3	-10.0678	-17.898	5.1499	4
272.4	-10.5785	-16.7447	5.145	4
272.5	-11.0902	-15.4233	5.1385	4
272.6	-11.5829	-15.0767	5.1252	4
272.7	-11.947	-14.7736	5.1109	4
272.8	-12.1663	-14.455	5.1142	4
272.9	-12.3465	-14.4793	5.1308	4
273	-12.5188	-14.2859	5.1403	4
273.1	-12.6861	-14.1693	5.1503	4
273.2	-12.8502	-14.3396	5.1448	4
273.3	-13.0126	-14.2533	5.1405	4
273.4	-13.1733	-14.4281	5.1425	4
273.5	-13.3333	-14.4185	5.1413	4
273.6	-13.4927	-14.4072	5.1339	4
273.7	-13.6512	-14.508	5.1334	4
273.8	-13.8098	-14.5356	5.1452	4
273.9	-13.9678	-14.6606	5.1335	4
