Indentation

 + Advanced

+ Advanced
   Acquisition rate :	10.0 [Hz]
   Linear loading
   Max load :	1000.00 	µN
   Loading rate :	500.00 	µN/min
   Unloading rate :	500.00 	µN/min
   Pause :	30.0 s

+ TTX - UNHT Bio S/N: 1000136751 settings
   Fn contact : 25 µN
   Approach distance : 20 µm
   Approach speed : 100 µm/min
   Retract speed : 200 µm/min
   Retract time : 5 sec
   Dz sensor in large range
   Load in fine range
   FnRef in fine range
   FnRef contactload :500.000 µN
   Stiffness threshold : 1 µN/µm

   X Position :10204.70 µm
   Y Position :40263.90 µm
   Z Position :8762.40 µm

Date :6/9/2026
Time :1:31:40 PM

Analysis n # 1

   Method :	Hertz

 + Parameters

  Load Fit [10%,98%]

 + Main results

   EHz=	938.79 	kPa

 + Hypothesis


 + Additional results

   ErHz=	1031.64 kPa
   h offset=	5.98 µm
   R2=	0.99

Analysis n # 2

   Method :	Oliver & Pharr

 + Parameters

  Unload Fit [40%,98%]

 + Main results

   HIT=	26.74 	kPa
   EIT=	756.54 	kPa
   E*=	831.37 	kPa

 + Hypothesis

   !!! Indenter not calibrated !!!
   Poisson's ratio(nu)=	0.30 

 + Additional results

   HVIT=	0.0027258 	 Vickers
   CIT 0.001/120/30=	0.55 	%
   nIT=	82.97 %
   Fmax=	1005.48 	µN
   hmax=	16.15 	µm
   S=	181.9084 	µN/µm
   F/S²=	0.0304 	µm²/µN
   hc=	12.12 	µm
   hr=	10.62 	µm
   hp=	5.63 	µm
   m=	1.9036 
   Epsilon=	0.73 
   R2=	1.000
   Ap=	37602.17 	µm²
   Welast=	3431.13 pJ
   Wplast=	704.01 pJ
   Wtotal=	4135.14 pJ
   Er=	831.36 	kPa

Measured values
Time (s)	Pd (µm)	Fn (µN)	FnRef (µN)	SegmentID

0	0	0	5.1112	0
0.1	0.1948	0.0203	5.1169	0
0.2	0.3879	0.1487	5.1174	0
0.3	0.5793	0.3138	5.1064	0
0.4	0.7689	0.4124	5.1086	0
0.5	0.9567	0.5104	5.1249	0
0.6	1.1432	0.7204	5.1287	0
0.7	1.329	0.9855	5.1224	0
0.8	1.5137	1.2414	5.1269	0
0.9	1.6971	1.4858	5.12	1
1	1.8793	1.7922	5.1095	1
1.1	2.0605	2.1848	5.1113	1
1.2	2.2414	2.7022	5.1115	1
1.3	2.4141	3.1889	5.1138	1
1.4	2.5322	3.3778	5.1259	1
1.5	2.5894	3.5545	5.1207	1
1.6	2.633	3.69	5.1265	1
1.7	2.6751	3.8501	5.1229	1
1.8	2.7175	3.9687	5.1069	1
1.9	2.7607	4.1287	5.0992	1
2	2.8051	4.4078	5.1227	1
2.1	2.8514	4.653	5.1233	1
2.2	2.9	4.8121	5.1162	1
2.3	2.9506	5.1478	5.123	1
2.4	3.0028	5.4939	5.1174	1
2.5	3.0573	5.7268	5.1206	1
2.6	3.1143	6.2016	5.1319	1
2.7	3.1727	6.634	5.118	1
2.8	3.2327	7.1091	5.1136	1
2.9	3.295	7.5466	5.1243	1
3	3.3592	7.9116	5.1299	1
3.1	3.4252	8.6017	5.1309	1
3.2	3.4921	9.1843	5.132	1
3.3	3.5603	9.8091	5.1394	1
3.4	3.6297	10.5791	5.1353	1
3.5	3.6999	11.254	5.1243	1
3.6	3.7705	12.051	5.1326	1
3.7	3.8414	12.9238	5.1171	1
3.8	3.912	13.8655	5.1014	1
3.9	3.9828	14.7649	5.1068	1
4	4.0535	15.6593	5.127	1
4.1	4.1234	16.7459	5.1433	1
4.2	4.1923	17.7582	5.1362	1
4.3	4.2604	18.7007	5.1187	1
4.4	4.3277	19.8662	5.1078	1
4.5	4.3935	20.9909	5.1008	1
4.6	4.4579	22.142	5.1039	1
4.7	4.5213	23.1212	5.1005	1
4.8	4.5834	24.248	5.1193	1
4.9	4.6441	25.2934	5.1366	1
5	4.7036	26.332	5.1277	1
5.1	4.7618	27.4528	5.1184	1
5.2	4.8186	28.5226	5.1319	1
5.3	4.874	29.6065	5.1276	1
5.4	4.928	30.7381	5.14	1
5.5	4.9804	31.831	5.1467	1
5.6	5.0315	32.7985	5.1363	1
5.7	5.0821	33.8229	5.1342	1
5.8	5.1313	34.8456	5.1526	1
5.9	5.1794	35.9517	5.1558	1
6	5.2262	36.9381	5.1496	1
6.1	5.2719	37.9489	5.1376	1
6.2	5.3168	38.9848	5.1375	1
6.3	5.3605	40.0222	5.1277	1
6.4	5.4033	40.9514	5.1149	1
6.5	5.4449	41.908	5.1178	1
6.6	5.486	42.8095	5.1288	1
6.7	5.5268	43.7516	5.1233	1
6.8	5.567	44.6604	5.1217	1
6.9	5.6066	45.5715	5.1254	1
7	5.6454	46.5287	5.1257	1
7.1	5.6835	47.4286	5.1105	1
7.2	5.7216	48.3112	5.121	1
7.3	5.7592	49.2271	5.1461	1
7.4	5.7956	50.1655	5.148	1
7.5	5.8315	51.0881	5.1468	1
7.6	5.8674	51.9246	5.1382	1
7.7	5.903	52.8955	5.1343	1
7.8	5.938	53.8332	5.1431	1
7.9	5.9722	54.7328	5.1558	1
8	6.0062	55.6105	5.1526	1
8.1	6.0397	56.5313	5.1569	1
8.2	6.0727	57.4214	5.1581	1
8.3	6.1052	58.3675	5.1345	1
8.4	6.1373	59.2581	5.1352	1
8.5	6.1691	60.1584	5.1523	1
8.6	6.2003	61.0766	5.1533	1
8.7	6.2309	61.9243	5.1518	1
8.8	6.2618	62.7752	5.1416	1
8.9	6.2922	63.6544	5.1274	1
9	6.3225	64.4796	5.1224	1
9.1	6.3526	65.3984	5.1106	1
9.2	6.3823	66.1743	5.1033	1
9.3	6.4122	67.0696	5.1047	1
9.4	6.4418	67.979	5.1001	1
9.5	6.4711	68.8334	5.0975	1
9.6	6.4999	69.7493	5.1128	1
9.7	6.5285	70.5097	5.1221	1
9.8	6.557	71.4588	5.1127	1
9.9	6.5851	72.3231	5.1185	1
10	6.6128	73.2166	5.1256	1
10.1	6.6403	74.1537	5.1241	1
10.2	6.6677	74.9094	5.1281	1
10.3	6.6948	75.8829	5.1277	1
10.4	6.7214	76.6687	5.1263	1
10.5	6.7484	77.4145	5.1276	1
10.6	6.7755	78.3052	5.1295	1
10.7	6.8028	79.1769	5.1279	1
10.8	6.8294	80.0675	5.1069	1
10.9	6.8556	80.8491	5.0999	1
11	6.882	81.6843	5.1101	1
11.1	6.9081	82.6492	5.1226	1
11.2	6.9338	83.479	5.1174	1
11.3	6.9596	84.3605	5.1019	1
11.4	6.9852	85.2367	5.1096	1
11.5	7.0103	86.1183	5.1108	1
11.6	7.0355	86.9654	5.1058	1
11.7	7.0605	87.8831	5.1061	1
11.8	7.085	88.7084	5.1149	1
11.9	7.1095	89.6177	5.1132	1
12	7.1335	90.477	5.1082	1
12.1	7.1573	91.2858	5.1178	1
12.2	7.1812	92.1609	5.1198	1
12.3	7.2049	93.0043	5.1319	1
12.4	7.2284	93.87	5.1352	1
12.5	7.2521	94.6847	5.1353	1
12.6	7.2758	95.5311	5.1301	1
12.7	7.2994	96.3707	5.1165	1
12.8	7.3227	97.2468	5.1139	1
12.9	7.3456	98.1181	5.1188	1
13	7.3682	99.0171	5.1189	1
13.1	7.3909	99.8469	5.1134	1
13.2	7.4136	100.6814	5.0999	1
13.3	7.436	101.5209	5.0911	1
13.4	7.4586	102.2987	5.1109	1
13.5	7.4813	103.1618	5.109	1
13.6	7.5035	104.0562	5.0866	1
13.7	7.5258	104.8933	5.0881	1
13.8	7.5481	105.7653	5.0911	1
13.9	7.5701	106.6277	5.0899	1
14	7.5915	107.6095	5.0935	1
14.1	7.6128	108.3501	5.1017	1
14.2	7.6352	108.8815	5.1128	1
14.3	7.6579	109.784	5.1122	1
14.4	7.6799	110.7404	5.1112	1
14.5	7.7014	111.6583	5.1052	1
14.6	7.7232	112.4279	5.1142	1
14.7	7.7452	113.1601	5.1328	1
14.8	7.7672	114.0293	5.1297	1
14.9	7.7889	114.9258	5.1203	1
15	7.8103	115.8267	5.1079	1
15.1	7.8317	116.7085	5.0983	1
15.2	7.8528	117.5312	5.1085	1
15.3	7.8739	118.4323	5.122	1
15.4	7.8945	119.3327	5.1204	1
15.5	7.915	120.1973	5.1022	1
15.6	7.9353	121.1344	5.1116	1
15.7	7.9547	122.0979	5.1205	1
15.8	7.9737	122.957	5.122	1
15.9	7.9927	123.7866	5.1307	1
16	8.012	124.6101	5.1303	1
16.1	8.031	125.5443	5.1173	1
16.2	8.0498	126.3369	5.1076	1
16.3	8.0687	127.1003	5.0988	1
16.4	8.0874	127.9369	5.1094	1
16.5	8.106	128.9014	5.1174	1
16.6	8.1244	129.7252	5.1068	1
16.7	8.1425	130.7443	5.1132	1
16.8	8.1599	131.6022	5.1138	1
16.9	8.1768	132.487	5.1209	1
17	8.1935	133.3556	5.1108	1
17.1	8.2106	134.1203	5.0971	1
17.2	8.2279	134.8985	5.1035	1
17.3	8.245	135.7688	5.1143	1
17.4	8.2619	136.5812	5.1211	1
17.5	8.2791	137.3961	5.1156	1
17.6	8.2966	138.1638	5.1185	1
17.7	8.3142	138.9127	5.1304	1
17.8	8.332	139.8736	5.1374	1
17.9	8.3495	140.5764	5.1312	1
18	8.3673	141.4206	5.1339	1
18.1	8.3853	142.149	5.1248	1
18.2	8.4031	143.0429	5.1301	1
18.3	8.4209	143.9113	5.1477	1
18.4	8.4385	144.7396	5.1269	1
18.5	8.4563	145.4923	5.1025	1
18.6	8.4743	146.3376	5.1111	1
18.7	8.4923	147.2316	5.1229	1
18.8	8.5103	147.9936	5.1073	1
18.9	8.5281	148.9316	5.1054	1
19	8.5462	149.6578	5.1141	1
19.1	8.5641	150.526	5.1244	1
19.2	8.5819	151.4962	5.1175	1
19.3	8.5992	152.3001	5.1023	1
19.4	8.6166	153.1177	5.1101	1
19.5	8.6338	154.0412	5.112	1
19.6	8.6506	154.9797	5.1005	1
19.7	8.6672	155.8282	5.0976	1
19.8	8.6837	156.5901	5.0877	1
19.9	8.7004	157.4953	5.0827	1
20	8.7165	158.4412	5.0861	1
20.1	8.7322	159.292	5.0861	1
20.2	8.748	160.0946	5.1005	1
20.3	8.7639	160.8938	5.1147	1
20.4	8.7794	161.7282	5.1028	1
20.5	8.7947	162.6175	5.105	1
20.6	8.8101	163.395	5.1248	1
20.7	8.826	164.2616	5.1355	1
20.8	8.8414	165.1669	5.1385	1
20.9	8.8567	166.0475	5.1313	1
21	8.872	166.8754	5.1262	1
21.1	8.8873	167.691	5.1215	1
21.2	8.9025	168.5656	5.1268	1
21.3	8.9173	169.398	5.1348	1
21.4	8.9322	170.2702	5.1307	1
21.5	8.9471	171.1332	5.1061	1
21.6	8.9614	172.0837	5.0922	1
21.7	8.9756	172.9281	5.0992	1
21.8	8.9898	173.6987	5.1057	1
21.9	9.0049	174.2436	5.0999	1
22	9.0208	174.8989	5.0963	1
22.1	9.0372	175.7069	5.1048	1
22.2	9.0539	176.5417	5.1123	1
22.3	9.0707	177.3947	5.1122	1
22.4	9.0872	178.2029	5.116	1
22.5	9.1037	179.0731	5.114	1
22.6	9.1199	179.8537	5.1152	1
22.7	9.1363	180.6979	5.1162	1
22.8	9.153	181.5563	5.1172	1
22.9	9.1695	182.4186	5.1099	1
23	9.1857	183.3209	5.107	1
23.1	9.2018	184.1469	5.1046	1
23.2	9.2179	184.9388	5.0955	1
23.3	9.2343	185.7276	5.0989	1
23.4	9.2506	186.6817	5.0993	1
23.5	9.2665	187.5712	5.0905	1
23.6	9.2822	188.4658	5.085	1
23.7	9.2979	189.2618	5.0976	1
23.8	9.3135	190.0471	5.1096	1
23.9	9.3293	190.8825	5.1068	1
24	9.3448	191.7304	5.1068	1
24.1	9.3603	192.5659	5.0952	1
24.2	9.3759	193.4489	5.0965	1
24.3	9.3914	194.3417	5.0996	1
24.4	9.4065	195.1843	5.0939	1
24.5	9.4215	196.0137	5.0931	1
24.6	9.4365	196.8502	5.11	1
24.7	9.4509	197.8534	5.1019	1
24.8	9.4653	198.622	5.0985	1
24.9	9.4801	199.4174	5.0973	1
25	9.4947	200.3161	5.0888	1
25.1	9.509	201.1896	5.0919	1
25.2	9.5232	202.0797	5.099	1
25.3	9.537	202.8795	5.0937	1
25.4	9.551	203.7267	5.0809	1
25.5	9.5649	204.5745	5.0816	1
25.6	9.5787	205.4236	5.0921	1
25.7	9.5926	206.2587	5.0942	1
25.8	9.6064	207.1331	5.0798	1
25.9	9.6198	207.9826	5.079	1
26	9.6332	208.8174	5.0844	1
26.1	9.6468	209.5431	5.0902	1
26.2	9.6604	210.4496	5.0912	1
26.3	9.6738	211.2884	5.0958	1
26.4	9.6874	212.0711	5.0996	1
26.5	9.7009	213.0545	5.0972	1
26.6	9.7142	213.886	5.1071	1
26.7	9.7273	214.7337	5.0937	1
26.8	9.7403	215.5413	5.0755	1
26.9	9.7532	216.4515	5.084	1
27	9.7657	217.368	5.0921	1
27.1	9.7777	218.2089	5.0916	1
27.2	9.7897	219.1095	5.0992	1
27.3	9.8014	220.0052	5.1026	1
27.4	9.8129	220.8239	5.1093	1
27.5	9.8245	221.6336	5.1178	1
27.6	9.8359	222.5115	5.1205	1
27.7	9.8474	223.3766	5.1114	1
27.8	9.8585	224.2071	5.1136	1
27.9	9.8699	225.0296	5.1064	1
28	9.8811	225.7764	5.0971	1
28.1	9.8924	226.7052	5.0939	1
28.2	9.9037	227.5872	5.0984	1
28.3	9.9145	228.5142	5.0976	1
28.4	9.9249	229.3366	5.0813	1
28.5	9.9351	230.2283	5.0818	1
28.6	9.9452	231.0734	5.0949	1
28.7	9.9551	231.8952	5.0896	1
28.8	9.9651	232.7868	5.0987	1
28.9	9.975	233.6372	5.1034	1
29	9.9847	234.5461	5.0964	1
29.1	9.9942	235.3302	5.099	1
29.2	10.0035	236.2386	5.1087	1
29.3	10.0128	237.0869	5.1031	1
29.4	10.022	237.9399	5.0956	1
29.5	10.0312	238.742	5.0901	1
29.6	10.0401	239.5927	5.1062	1
29.7	10.0489	240.4721	5.1156	1
29.8	10.0576	241.3034	5.1014	1
29.9	10.0664	242.1011	5.1068	1
30	10.0754	242.9474	5.1045	1
30.1	10.084	243.7794	5.0921	1
30.2	10.0927	244.6192	5.0852	1
30.3	10.1014	245.4967	5.0838	1
30.4	10.11	246.3053	5.0999	1
30.5	10.1186	247.0668	5.0969	1
30.6	10.1273	247.9572	5.0888	1
30.7	10.1359	248.7724	5.0959	1
30.8	10.1443	249.642	5.0966	1
30.9	10.1529	250.4104	5.0993	1
31	10.1617	251.2062	5.0948	1
31.1	10.1705	252.0601	5.091	1
31.2	10.1792	252.8773	5.0756	1
31.3	10.188	253.6314	5.0734	1
31.4	10.1974	254.3622	5.0809	1
31.5	10.2071	255.168	5.0724	1
31.6	10.217	255.9811	5.0859	1
31.7	10.2271	256.718	5.0916	1
31.8	10.237	257.5822	5.0867	1
31.9	10.2471	258.3849	5.0787	1
32	10.2573	259.167	5.0733	1
32.1	10.2677	260.0288	5.0738	1
32.2	10.2785	260.8072	5.0785	1
32.3	10.2891	261.6998	5.0866	1
32.4	10.2995	262.6556	5.0803	1
32.5	10.3095	263.4548	5.0762	1
32.6	10.3194	264.2772	5.0828	1
32.7	10.3297	265.0571	5.0854	1
32.8	10.3399	265.9436	5.082	1
32.9	10.3501	266.7031	5.0803	1
33	10.3604	267.5775	5.0744	1
33.1	10.3704	268.422	5.0779	1
33.2	10.3806	269.2463	5.0853	1
33.3	10.3907	270.1136	5.081	1
33.4	10.4007	270.9025	5.0893	1
33.5	10.4108	271.8805	5.0845	1
33.6	10.4202	272.7566	5.0877	1
33.7	10.4294	273.5303	5.0874	1
33.8	10.4389	274.4485	5.0869	1
33.9	10.4483	275.1733	5.0864	1
34	10.458	276.0896	5.0959	1
34.1	10.4678	276.8562	5.1075	1
34.2	10.4775	277.6871	5.104	1
34.3	10.4873	278.544	5.1054	1
34.4	10.4969	279.3387	5.1018	1
34.5	10.5061	280.2588	5.0853	1
34.6	10.5157	281.0731	5.0855	1
34.7	10.5251	281.9799	5.0917	1
34.8	10.5343	282.8227	5.0833	1
34.9	10.5434	283.6396	5.09	1
35	10.5525	284.4753	5.0973	1
35.1	10.5615	285.3539	5.094	1
35.2	10.5706	286.1872	5.0907	1
35.3	10.5794	286.9527	5.0947	1
35.4	10.5883	287.7678	5.0957	1
35.5	10.5975	288.6369	5.0983	1
35.6	10.6064	289.4959	5.1012	1
35.7	10.6154	290.3109	5.0856	1
35.8	10.6243	291.1734	5.0764	1
35.9	10.633	292.0741	5.0886	1
36	10.6416	292.9092	5.084	1
36.1	10.6501	293.6962	5.082	1
36.2	10.6585	294.5519	5.0844	1
36.3	10.6671	295.3644	5.0941	1
36.4	10.676	296.1952	5.0978	1
36.5	10.6847	297.0505	5.1002	1
36.6	10.6932	297.884	5.0939	1
36.7	10.7016	298.749	5.0925	1
36.8	10.7099	299.5745	5.0819	1
36.9	10.7183	300.401	5.0847	1
37	10.7268	301.2775	5.0982	1
37.1	10.7348	302.1681	5.1045	1
37.2	10.7428	302.921	5.1021	1
37.3	10.7511	303.7268	5.0974	1
37.4	10.7595	304.5873	5.0898	1
37.5	10.768	305.4246	5.0895	1
37.6	10.7766	306.2656	5.0861	1
37.7	10.7851	307.09	5.0806	1
37.8	10.7934	307.9502	5.0827	1
37.9	10.8015	308.7544	5.0816	1
38	10.8098	309.5914	5.0843	1
38.1	10.8181	310.3828	5.0767	1
38.2	10.8263	311.3266	5.0822	1
38.3	10.8345	312.1229	5.0991	1
38.4	10.8427	312.9178	5.0974	1
38.5	10.8509	313.7529	5.0884	1
38.6	10.859	314.6222	5.0811	1
38.7	10.8671	315.4582	5.0838	1
38.8	10.8753	316.244	5.0804	1
38.9	10.8836	317.0716	5.0807	1
39	10.8919	317.9257	5.0882	1
39.1	10.8999	318.7983	5.0933	1
39.2	10.9078	319.6312	5.0792	1
39.3	10.9156	320.4237	5.0708	1
39.4	10.9235	321.2928	5.0746	1
39.5	10.9317	322.0295	5.0778	1
39.6	10.9401	322.86	5.0768	1
39.7	10.9487	323.6483	5.0755	1
39.8	10.9575	324.5246	5.0762	1
39.9	10.966	325.3936	5.0859	1
40	10.9743	326.1633	5.077	1
40.1	10.9828	327.0008	5.0732	1
40.2	10.9914	327.7959	5.0675	1
40.3	11	328.7075	5.0711	1
40.4	11.0085	329.4604	5.0768	1
40.5	11.0173	330.1413	5.0876	1
40.6	11.0267	331.0606	5.0931	1
40.7	11.0359	331.9664	5.0799	1
40.8	11.0449	332.7257	5.0863	1
40.9	11.0543	333.439	5.1002	1
41	11.0645	334.0046	5.096	1
41.1	11.0752	334.8789	5.0843	1
41.2	11.0859	335.7042	5.0836	1
41.3	11.0966	336.5563	5.096	1
41.4	11.1073	337.4337	5.0928	1
41.5	11.1178	338.2332	5.096	1
41.6	11.1283	339.2161	5.0876	1
41.7	11.1381	340.0368	5.0768	1
41.8	11.1479	341.0041	5.065	1
41.9	11.1575	341.7288	5.0656	1
42	11.1675	342.5311	5.0685	1
42.1	11.1775	343.5078	5.0698	1
42.2	11.1866	344.3718	5.0712	1
42.3	11.1959	345.1944	5.0735	1
42.4	11.2052	346.0762	5.0704	1
42.5	11.2145	346.9142	5.0701	1
42.6	11.2237	347.7597	5.0862	1
42.7	11.2328	348.6091	5.096	1
42.8	11.2421	349.4156	5.0973	1
42.9	11.2512	350.2787	5.0846	1
43	11.2601	351.1307	5.0841	1
43.1	11.2692	351.912	5.0884	1
43.2	11.2783	352.8495	5.0923	1
43.3	11.2875	353.6058	5.1005	1
43.4	11.2963	354.4419	5.0904	1
43.5	11.3051	355.2985	5.0711	1
43.6	11.3139	356.1137	5.0753	1
43.7	11.3226	357.0479	5.0639	1
43.8	11.3311	357.9258	5.0556	1
43.9	11.3392	358.8381	5.0512	1
44	11.3472	359.6882	5.0444	1
44.1	11.3549	360.5399	5.0689	1
44.2	11.3628	361.4116	5.0767	1
44.3	11.3703	362.2188	5.0783	1
44.4	11.378	363.0139	5.0824	1
44.5	11.3859	363.8647	5.0718	1
44.6	11.3936	364.7503	5.0785	1
44.7	11.4009	365.5862	5.0814	1
44.8	11.4081	366.4153	5.0828	1
44.9	11.4154	367.2671	5.0862	1
45	11.4228	368.0648	5.0836	1
45.1	11.4303	368.8962	5.0861	1
45.2	11.4379	369.7691	5.0811	1
45.3	11.4452	370.585	5.0662	1
45.4	11.4528	371.3478	5.0575	1
45.5	11.4602	372.2718	5.0783	1
45.6	11.4673	373.1656	5.0852	1
45.7	11.4746	373.9461	5.0876	1
45.8	11.482	374.7419	5.0985	1
45.9	11.4891	375.6128	5.1009	1
46	11.4962	376.4987	5.1001	1
46.1	11.5033	377.3109	5.0909	1
46.2	11.5102	378.0547	5.091	1
46.3	11.5173	378.9085	5.0905	1
46.4	11.5244	379.8116	5.0827	1
46.5	11.5317	380.5664	5.0905	1
46.6	11.5394	381.3747	5.0861	1
46.7	11.5468	382.2008	5.081	1
46.8	11.5537	383.063	5.0927	1
46.9	11.5608	383.9173	5.0976	1
47	11.5681	384.7679	5.0816	1
47.1	11.5753	385.5721	5.0801	1
47.2	11.5825	386.3728	5.0868	1
47.3	11.5897	387.2422	5.1012	1
47.4	11.5972	388.0581	5.1015	1
47.5	11.6045	388.8996	5.0922	1
47.6	11.6119	389.6974	5.0951	1
47.7	11.6194	390.4176	5.0976	1
47.8	11.6272	391.2758	5.1051	1
47.9	11.635	392.1174	5.0929	1
48	11.6426	392.9428	5.0766	1
48.1	11.6507	393.6759	5.0844	1
48.2	11.6593	394.4293	5.0927	1
48.3	11.6678	395.2922	5.1	1
48.4	11.676	396.1849	5.1039	1
48.5	11.6843	396.9764	5.1049	1
48.6	11.6924	397.8898	5.1074	1
48.7	11.7003	398.8116	5.1118	1
48.8	11.7077	399.7012	5.0951	1
48.9	11.7151	400.5375	5.0852	1
49	11.7225	401.317	5.093	1
49.1	11.7301	402.1766	5.0935	1
49.2	11.7376	403.0193	5.1024	1
49.3	11.7453	403.8337	5.0861	1
49.4	11.7532	404.5838	5.0716	1
49.5	11.7612	405.4291	5.0828	1
49.6	11.7692	406.3142	5.0862	1
49.7	11.7769	407.1765	5.0821	1
49.8	11.7841	408.0521	5.0784	1
49.9	11.7915	408.8369	5.0853	1
50	11.7992	409.5997	5.0802	1
50.1	11.8071	410.48	5.0938	1
50.2	11.8147	411.3233	5.1174	1
50.3	11.8221	412.168	5.1193	1
50.4	11.8296	413.0067	5.1034	1
50.5	11.8371	413.7487	5.0943	1
50.6	11.8446	414.6659	5.0933	1
50.7	11.852	415.6095	5.0941	1
50.8	11.8591	416.4538	5.0907	1
50.9	11.8663	417.193	5.0818	1
51	11.8742	417.9021	5.0879	1
51.1	11.8822	418.6325	5.1036	1
51.2	11.8909	419.4503	5.105	1
51.3	11.8994	420.259	5.1094	1
51.4	11.9077	421.1995	5.1097	1
51.5	11.9158	422.0459	5.1161	1
51.6	11.9247	422.623	5.1053	1
51.7	11.9337	423.4389	5.0965	1
51.8	11.9427	424.4624	5.1081	1
51.9	11.9509	425.3861	5.1114	1
52	11.9589	426.209	5.1119	1
52.1	11.9672	427.0972	5.1076	1
52.2	11.9749	428.0612	5.0973	1
52.3	11.982	428.9205	5.0891	1
52.4	11.9891	429.6918	5.0866	1
52.5	11.9966	430.5268	5.0782	1
52.6	12.0039	431.4183	5.0839	1
52.7	12.0112	432.291	5.1013	1
52.8	12.0182	433.0962	5.0876	1
52.9	12.0253	433.9523	5.0947	1
53	12.0325	434.7983	5.1102	1
53.1	12.0397	435.5874	5.1207	1
53.2	12.0468	436.3999	5.1291	1
53.3	12.0541	437.2161	5.1272	1
53.4	12.0611	438.0801	5.1219	1
53.5	12.0681	438.9696	5.1236	1
53.6	12.075	439.8598	5.119	1
53.7	12.0817	440.6796	5.1106	1
53.8	12.0883	441.544	5.1137	1
53.9	12.0946	442.4204	5.1184	1
54	12.1008	443.2445	5.1236	1
54.1	12.1071	444.0703	5.1246	1
54.2	12.1135	444.8798	5.1132	1
54.3	12.1198	445.782	5.0985	1
54.4	12.1259	446.5956	5.0936	1
54.5	12.132	447.385	5.1078	1
54.6	12.1384	448.2006	5.1267	1
54.7	12.1448	448.9784	5.1269	1
54.8	12.151	449.848	5.1154	1
54.9	12.1576	450.696	5.1124	1
55	12.1642	451.5903	5.1216	1
55.1	12.1708	452.2893	5.1157	1
55.2	12.1771	453.1875	5.1123	1
55.3	12.1837	453.9451	5.1111	1
55.4	12.1906	454.7126	5.1049	1
55.5	12.1982	455.4433	5.1063	1
55.6	12.2059	456.2186	5.0874	1
55.7	12.2139	457.0033	5.0893	1
55.8	12.2219	457.9293	5.1032	1
55.9	12.2297	458.7416	5.1079	1
56	12.2372	459.6506	5.0997	1
56.1	12.2446	460.5288	5.1024	1
56.2	12.2513	461.4169	5.1062	1
56.3	12.2582	462.378	5.114	1
56.4	12.2647	463.1478	5.1216	1
56.5	12.2712	464.0362	5.1085	1
56.6	12.2775	464.9024	5.0948	1
56.7	12.2837	465.7285	5.1004	1
56.8	12.2902	466.5944	5.0991	1
56.9	12.2965	467.4692	5.0937	1
57	12.3024	468.3298	5.0964	1
57.1	12.3082	469.2033	5.0993	1
57.2	12.3139	470.0096	5.1081	1
57.3	12.3196	470.7967	5.121	1
57.4	12.3253	471.6679	5.1243	1
57.5	12.3312	472.4942	5.1153	1
57.6	12.3367	473.3561	5.1053	1
57.7	12.3422	474.2048	5.1126	1
57.8	12.3479	474.9605	5.1196	1
57.9	12.3536	475.8241	5.1074	1
58	12.3592	476.6882	5.0941	1
58.1	12.3648	477.6131	5.1046	1
58.2	12.3701	478.4185	5.1044	1
58.3	12.3754	479.251	5.1039	1
58.4	12.3808	480.0748	5.114	1
58.5	12.3861	480.8918	5.1274	1
58.6	12.3916	481.6709	5.1299	1
58.7	12.397	482.5128	5.1405	1
58.8	12.4025	483.3801	5.1314	1
58.9	12.4082	484.1021	5.119	1
59	12.4143	484.9286	5.117	1
59.1	12.4206	485.6197	5.1257	1
59.2	12.4265	486.6155	5.128	1
59.3	12.4322	487.4842	5.1206	1
59.4	12.4377	488.3067	5.1099	1
59.5	12.4435	489.104	5.1057	1
59.6	12.4492	489.9249	5.1053	1
59.7	12.4549	490.8037	5.1016	1
59.8	12.461	491.4958	5.095	1
59.9	12.4671	492.3841	5.106	1
60	12.473	493.3021	5.1081	1
60.1	12.4787	494.2164	5.1068	1
60.2	12.4844	494.9481	5.1058	1
60.3	12.4899	495.8715	5.1074	1
60.4	12.4954	496.6882	5.1003	1
60.5	12.5009	497.3689	5.0987	1
60.6	12.5073	498.1092	5.1034	1
60.7	12.5142	498.8117	5.114	1
60.8	12.5211	499.6464	5.1247	1
60.9	12.5283	500.5157	5.1264	1
61	12.5356	501.2422	5.1226	1
61.1	12.5431	502.0655	5.1142	1
61.2	12.5505	502.959	5.1116	1
61.3	12.5577	503.8223	5.1082	1
61.4	12.5648	504.6744	5.1053	1
61.5	12.5717	505.5877	5.1063	1
61.6	12.5783	506.432	5.1017	1
61.7	12.5848	507.3628	5.1056	1
61.8	12.5913	508.1712	5.1137	1
61.9	12.5977	509.0102	5.1245	1
62	12.6036	509.941	5.1461	1
62.1	12.6095	510.762	5.1505	1
62.2	12.6153	511.581	5.1403	1
62.3	12.6214	512.3254	5.1394	1
62.4	12.6279	513.0803	5.1394	1
62.5	12.6346	513.9335	5.1367	1
62.6	12.6414	514.7412	5.1256	1
62.7	12.6478	515.6451	5.1215	1
62.8	12.6541	516.478	5.1251	1
62.9	12.6606	517.2737	5.1348	1
63	12.6675	518.0932	5.1406	1
63.1	12.6743	518.9439	5.1441	1
63.2	12.6806	519.8251	5.1596	1
63.3	12.6867	520.6599	5.1702	1
63.4	12.6932	521.4345	5.164	1
63.5	12.6998	522.3314	5.1579	1
63.6	12.7061	523.1668	5.1516	1
63.7	12.7122	524.0264	5.1346	1
63.8	12.7182	524.963	5.1266	1
63.9	12.724	525.7857	5.1368	1
64	12.7298	526.6209	5.1404	1
64.1	12.7359	527.3513	5.1412	1
64.2	12.7424	528.126	5.1446	1
64.3	12.7489	528.9633	5.1479	1
64.4	12.7556	529.6607	5.1526	1
64.5	12.7627	530.4362	5.1501	1
64.6	12.7699	531.3003	5.1524	1
64.7	12.7769	532.1567	5.159	1
64.8	12.7838	533.018	5.1679	1
64.9	12.7909	533.7581	5.1537	1
65	12.7978	534.5612	5.132	1
65.1	12.805	535.5999	5.1362	1
65.2	12.8117	536.4215	5.1339	1
65.3	12.8179	537.4232	5.1357	1
65.4	12.8246	538.0435	5.1489	1
65.5	12.8317	538.7489	5.1546	1
65.6	12.8392	539.5628	5.159	1
65.7	12.8466	540.4218	5.1433	1
65.8	12.8541	541.2886	5.1349	1
65.9	12.8615	542.1574	5.1303	1
66	12.8687	543.02	5.135	1
66.1	12.8757	543.864	5.1486	1
66.2	12.8825	544.7974	5.1502	1
66.3	12.8894	545.6139	5.1396	1
66.4	12.896	546.4887	5.1389	1
66.5	12.9023	547.3792	5.1415	1
66.6	12.9077	548.2935	5.1282	1
66.7	12.9136	549.144	5.1077	1
66.8	12.9195	549.9105	5.1091	1
66.9	12.9255	550.8521	5.1183	1
67	12.931	551.6583	5.1276	1
67.1	12.9362	552.5607	5.138	1
67.2	12.9416	553.4083	5.1316	1
67.3	12.947	554.2049	5.1243	1
67.4	12.9522	555.1313	5.1201	1
67.5	12.9573	555.8701	5.1528	1
67.6	12.9624	556.7401	5.1657	1
67.7	12.9677	557.5212	5.1607	1
67.8	12.9729	558.3911	5.169	1
67.9	12.9783	559.1612	5.1713	1
68	12.984	559.9649	5.1547	1
68.1	12.9898	560.7861	5.1469	1
68.2	12.9954	561.6966	5.1502	1
68.3	13.0006	562.5849	5.1447	1
68.4	13.0059	563.3341	5.1382	1
68.5	13.0114	564.0883	5.1521	1
68.6	13.017	564.9883	5.1513	1
68.7	13.0226	565.8362	5.1336	1
68.8	13.0283	566.6218	5.1284	1
68.9	13.0343	567.3605	5.138	1
69	13.0403	568.2167	5.1433	1
69.1	13.0461	569.0996	5.1275	1
69.2	13.052	569.8474	5.1337	1
69.3	13.058	570.6625	5.1503	1
69.4	13.0643	571.4904	5.1511	1
69.5	13.0702	572.3923	5.1574	1
69.6	13.076	573.3445	5.1553	1
69.7	13.0815	574.1841	5.1496	1
69.8	13.0866	575.0457	5.1477	1
69.9	13.0918	575.9102	5.1467	1
70	13.0971	576.6993	5.1357	1
70.1	13.1024	577.5558	5.1357	1
70.2	13.1078	578.2926	5.1358	1
70.3	13.1134	579.0977	5.1228	1
70.4	13.1191	579.9304	5.1288	1
70.5	13.1246	580.8014	5.1544	1
70.6	13.13	581.6717	5.1591	1
70.7	13.1354	582.5258	5.1505	1
70.8	13.1407	583.3679	5.1435	1
70.9	13.1461	584.1327	5.1405	1
71	13.1514	584.9627	5.1452	1
71.1	13.1571	585.6487	5.1365	1
71.2	13.1633	586.4011	5.1159	1
71.3	13.17	587.3197	5.1155	1
71.4	13.1764	588.185	5.1165	1
71.5	13.1825	589.0218	5.1204	1
71.6	13.1886	589.7601	5.1315	1
71.7	13.195	590.5369	5.1371	1
71.8	13.2016	591.3874	5.133	1
71.9	13.2084	592.2143	5.1223	1
72	13.2151	593.0485	5.1202	1
72.1	13.2218	593.9183	5.1111	1
72.2	13.2282	594.7913	5.1068	1
72.3	13.2344	595.617	5.115	1
72.4	13.2406	596.5164	5.1346	1
72.5	13.2468	597.2759	5.1332	1
72.6	13.2533	598.1106	5.1338	1
72.7	13.2598	598.932	5.131	1
72.8	13.2664	599.77	5.1254	1
72.9	13.2728	600.64	5.1222	1
73	13.279	601.4754	5.1192	1
73.1	13.2854	602.3138	5.1283	1
73.2	13.2922	603.0144	5.127	1
73.3	13.3001	603.638	5.1272	1
73.4	13.308	604.4566	5.1302	1
73.5	13.3157	605.2737	5.1209	1
73.6	13.3237	606.1234	5.1162	1
73.7	13.3317	606.9553	5.1253	1
73.8	13.3393	607.8178	5.1162	1
73.9	13.3466	608.7531	5.1127	1
74	13.3538	609.6506	5.1211	1
74.1	13.3608	610.5292	5.1186	1
74.2	13.3677	611.3192	5.128	1
74.3	13.3749	612.1927	5.135	1
74.4	13.382	613.005	5.1361	1
74.5	13.3891	613.8492	5.13	1
74.6	13.3963	614.639	5.1233	1
74.7	13.4036	615.4488	5.1158	1
74.8	13.4109	616.2855	5.1074	1
74.9	13.418	617.1892	5.1067	1
75	13.4249	618.0159	5.1132	1
75.1	13.4318	618.8647	5.1083	1
75.2	13.4386	619.7232	5.1092	1
75.3	13.4453	620.6222	5.1255	1
75.4	13.4516	621.5549	5.1414	1
75.5	13.4579	622.3721	5.1412	1
75.6	13.4639	623.2408	5.1402	1
75.7	13.4697	624.0663	5.1397	1
75.8	13.4756	624.8482	5.1404	1
75.9	13.482	625.6959	5.1458	1
76	13.4883	626.5167	5.1423	1
76.1	13.4946	627.3486	5.1395	1
76.2	13.5011	628.1064	5.1517	1
76.3	13.5077	628.9119	5.1541	1
76.4	13.5143	629.7786	5.1477	1
76.5	13.5212	630.5901	5.1363	1
76.6	13.5281	631.4149	5.1222	1
76.7	13.5348	632.2181	5.1088	1
76.8	13.5416	633.0707	5.1111	1
76.9	13.5484	633.841	5.1281	1
77	13.5555	634.649	5.1312	1
77.1	13.5625	635.5093	5.1185	1
77.2	13.5695	636.361	5.1227	1
77.3	13.5763	637.2175	5.1215	1
77.4	13.583	638.1038	5.121	1
77.5	13.5898	638.9229	5.1213	1
77.6	13.5966	639.7355	5.1187	1
77.7	13.6034	640.5754	5.1165	1
77.8	13.6104	641.3611	5.1156	1
77.9	13.6174	642.2159	5.114	1
78	13.6242	643.0584	5.112	1
78.1	13.6308	643.9098	5.1196	1
78.2	13.6375	644.751	5.1352	1
78.3	13.6443	645.5914	5.1427	1
78.4	13.651	646.3961	5.1412	1
78.5	13.6577	647.2227	5.1379	1
78.6	13.664	648.1494	5.1325	1
78.7	13.6706	648.9634	5.1246	1
78.8	13.6775	649.7442	5.1276	1
78.9	13.6842	650.6133	5.1353	1
79	13.6907	651.4603	5.137	1
79.1	13.6969	652.3588	5.1436	1
79.2	13.7031	653.141	5.1379	1
79.3	13.7094	653.9974	5.1397	1
79.4	13.7156	654.8918	5.1453	1
79.5	13.722	655.6707	5.1354	1
79.6	13.7284	656.454	5.122	1
79.7	13.7347	657.3413	5.1356	1
79.8	13.741	658.2104	5.139	1
79.9	13.7467	659.0945	5.1234	1
80	13.7523	660.0013	5.1215	1
80.1	13.7577	660.8795	5.1202	1
80.2	13.7627	661.8405	5.1286	1
80.3	13.7673	662.6937	5.1269	1
80.4	13.7719	663.4732	5.1198	1
80.5	13.7767	664.3546	5.1204	1
80.6	13.7815	665.1881	5.1203	1
80.7	13.7864	665.9091	5.1224	1
80.8	13.7915	666.7005	5.1274	1
80.9	13.7966	667.6467	5.1267	1
81	13.8013	668.4485	5.1158	1
81.1	13.806	669.2922	5.1138	1
81.2	13.8109	670.0726	5.126	1
81.3	13.8161	670.8023	5.1174	1
81.4	13.8216	671.6415	5.0977	1
81.5	13.827	672.4726	5.1081	1
81.6	13.8323	673.3679	5.1194	1
81.7	13.8379	674.12	5.1164	1
81.8	13.8434	674.9023	5.1125	1
81.9	13.8489	675.8429	5.1175	1
82	13.8542	676.7098	5.1097	1
82.1	13.8594	677.5041	5.1028	1
82.2	13.8648	678.2744	5.0964	1
82.3	13.8703	679.125	5.1038	1
82.4	13.8756	680.0341	5.102	1
82.5	13.8807	680.9444	5.103	1
82.6	13.8859	681.6364	5.1191	1
82.7	13.8913	682.4444	5.1369	1
82.8	13.8968	683.3761	5.1398	1
82.9	13.9019	684.167	5.1343	1
83	13.9071	684.9669	5.1234	1
83.1	13.9126	685.7305	5.1164	1
83.2	13.918	686.6989	5.1096	1
83.3	13.9232	687.5288	5.0986	1
83.4	13.9284	688.2577	5.095	1
83.5	13.9341	689.1	5.0964	1
83.6	13.9397	689.9496	5.1102	1
83.7	13.945	690.8266	5.1068	1
83.8	13.9503	691.6905	5.0967	1
83.9	13.9559	692.404	5.1044	1
84	13.9615	693.2669	5.1036	1
84.1	13.9671	694.0786	5.0996	1
84.2	13.9727	694.8599	5.0976	1
84.3	13.9785	695.6724	5.0855	1
84.4	13.9844	696.5454	5.0914	1
84.5	13.99	697.4603	5.1067	1
84.6	13.9957	698.2704	5.1022	1
84.7	14.0014	699.0723	5.0986	1
84.8	14.0069	699.9532	5.1071	1
84.9	14.0125	700.8173	5.1042	1
85	14.0179	701.6012	5.0913	1
85.1	14.0233	702.4804	5.0858	1
85.2	14.0287	703.3065	5.0932	1
85.3	14.034	704.158	5.0939	1
85.4	14.0398	704.833	5.0882	1
85.5	14.0458	705.7	5.0889	1
85.6	14.0516	706.5414	5.0772	1
85.7	14.0574	707.3964	5.0799	1
85.8	14.0633	708.1802	5.0961	1
85.9	14.0695	708.9723	5.0959	1
86	14.0756	709.7916	5.102	1
86.1	14.0815	710.7731	5.1052	1
86.2	14.087	711.6145	5.1	1
86.3	14.0926	712.3788	5.0988	1
86.4	14.0985	713.1069	5.1055	1
86.5	14.1045	714.0329	5.0983	1
86.6	14.1102	714.9808	5.0948	1
86.7	14.1155	715.8439	5.0982	1
86.8	14.121	716.6374	5.0894	1
86.9	14.1266	717.3704	5.0874	1
87	14.1323	718.2371	5.0838	1
87.1	14.1381	719.05	5.1001	1
87.2	14.144	719.8422	5.1062	1
87.3	14.1503	720.6393	5.1079	1
87.4	14.1563	721.4461	5.0947	1
87.5	14.1626	722.277	5.0893	1
87.6	14.1686	723.1644	5.0911	1
87.7	14.1749	723.9163	5.1112	1
87.8	14.1811	724.8271	5.1116	1
87.9	14.1872	725.7047	5.095	1
88	14.193	726.4919	5.0843	1
88.1	14.1986	727.4865	5.0841	1
88.2	14.204	728.3992	5.0898	1
88.3	14.2088	729.2784	5.0921	1
88.4	14.2135	730.091	5.0973	1
88.5	14.2186	730.898	5.0922	1
88.6	14.2239	731.6297	5.0883	1
88.7	14.2294	732.4355	5.0925	1
88.8	14.2351	733.272	5.0893	1
88.9	14.2409	733.9739	5.091	1
89	14.247	734.7822	5.0886	1
89.1	14.2533	735.6264	5.086	1
89.2	14.2593	736.494	5.0901	1
89.3	14.2652	737.3264	5.0969	1
89.4	14.2712	738.0807	5.0965	1
89.5	14.2775	738.9221	5.0988	1
89.6	14.2839	739.8112	5.0959	1
89.7	14.29	740.5831	5.1019	1
89.8	14.2959	741.5417	5.112	1
89.9	14.302	742.3579	5.1088	1
90	14.3079	743.211	5.0968	1
90.1	14.3135	744.2434	5.0858	1
90.2	14.3183	745.077	5.0859	1
90.3	14.3232	745.895	5.1008	1
90.4	14.3284	746.6386	5.1031	1
90.5	14.3334	747.602	5.1048	1
90.6	14.3385	748.3594	5.0986	1
90.7	14.3435	749.1781	5.096	1
90.8	14.3488	749.9408	5.1135	1
90.9	14.354	750.7343	5.1123	1
91	14.3596	751.6205	5.1072	1
91.1	14.3653	752.327	5.108	1
91.2	14.3712	753.1642	5.102	1
91.3	14.377	754.0637	5.0895	1
91.4	14.3826	754.8826	5.095	1
91.5	14.3882	755.7755	5.1078	1
91.6	14.3936	756.6655	5.1156	1
91.7	14.399	757.4781	5.1052	1
91.8	14.4045	758.3261	5.1013	1
91.9	14.4101	758.9524	5.1167	1
92	14.4157	759.9273	5.1315	1
92.1	14.4218	760.6424	5.1228	1
92.2	14.4275	761.4882	5.1265	1
92.3	14.4336	762.4122	5.1179	1
92.4	14.4391	763.1814	5.1007	1
92.5	14.4448	764.1485	5.0984	1
92.6	14.4502	764.9058	5.1102	1
92.7	14.4557	765.7426	5.1118	1
92.8	14.4613	766.6564	5.1131	1
92.9	14.467	767.2871	5.112	1
93	14.4726	768.2426	5.1136	1
93.1	14.4781	769.1162	5.1172	1
93.2	14.4832	769.9212	5.1196	1
93.3	14.4887	770.7683	5.1069	1
93.4	14.4944	771.5803	5.0869	1
93.5	14.5	772.4619	5.0903	1
93.6	14.5053	773.2936	5.1024	1
93.7	14.511	774.0535	5.0994	1
93.8	14.5165	774.9398	5.0932	1
93.9	14.5217	775.826	5.0895	1
94	14.5269	776.6887	5.0893	1
94.1	14.532	777.5641	5.0906	1
94.2	14.5372	778.3074	5.0952	1
94.3	14.5423	779.1108	5.0863	1
94.4	14.5475	780.0474	5.087	1
94.5	14.5524	780.8753	5.0886	1
94.6	14.5574	781.7253	5.0824	1
94.7	14.5625	782.5405	5.0774	1
94.8	14.5678	783.2064	5.0684	1
94.9	14.5734	784.0769	5.0729	1
95	14.5789	784.8467	5.0677	1
95.1	14.5848	785.6842	5.0588	1
95.2	14.5908	786.5335	5.0566	1
95.3	14.5968	787.2861	5.0601	1
95.4	14.6028	788.1859	5.0722	1
95.5	14.6087	789.0283	5.0698	1
95.6	14.6147	789.8791	5.0669	1
95.7	14.6205	790.7228	5.0652	1
95.8	14.6259	791.6276	5.0702	1
95.9	14.6313	792.4925	5.0664	1
96	14.6367	793.2868	5.0601	1
96.1	14.6418	794.1807	5.0565	1
96.2	14.6467	795.1692	5.0566	1
96.3	14.6514	795.9221	5.0465	1
96.4	14.6562	796.7344	5.0447	1
96.5	14.6609	797.6284	5.0453	1
96.6	14.6651	798.5094	5.0531	1
96.7	14.6695	799.3301	5.0605	1
96.8	14.674	800.1354	5.0555	1
96.9	14.6784	800.9861	5.0703	1
97	14.6826	801.9565	5.082	1
97.1	14.6863	802.8251	5.0906	1
97.2	14.6902	803.5391	5.0892	1
97.3	14.6945	804.3606	5.0901	1
97.4	14.6987	805.2549	5.0994	1
97.5	14.7026	806.1024	5.0925	1
97.6	14.7064	806.8397	5.0728	1
97.7	14.7108	807.5857	5.063	1
97.8	14.7156	808.3073	5.0652	1
97.9	14.7207	809.1328	5.0643	1
98	14.726	809.9285	5.0756	1
98.1	14.7314	810.672	5.0723	1
98.2	14.737	811.478	5.0711	1
98.3	14.7428	812.3308	5.0743	1
98.4	14.7488	813.0847	5.0689	1
98.5	14.7552	813.8212	5.0725	1
98.6	14.7617	814.6332	5.0613	1
98.7	14.7683	815.4879	5.0642	1
98.8	14.7749	816.2304	5.0776	1
98.9	14.782	817.0767	5.0844	1
99	14.7897	817.7735	5.0782	1
99.1	14.7971	818.653	5.0689	1
99.2	14.8047	819.5382	5.0742	1
99.3	14.8126	820.1179	5.0851	1
99.4	14.8211	821.0847	5.085	1
99.5	14.8292	821.8116	5.0803	1
99.6	14.8371	822.8053	5.0821	1
99.7	14.8454	823.442	5.0876	1
99.8	14.8533	824.4098	5.0914	1
99.9	14.8613	825.3131	5.0761	1
100	14.8689	826.1233	5.0714	1
100.1	14.8768	827.0641	5.0887	1
100.2	14.8841	827.8821	5.1002	1
100.3	14.8913	828.8723	5.0908	1
100.4	14.8984	829.5717	5.0862	1
100.5	14.9053	830.4531	5.0824	1
100.6	14.9126	831.2889	5.0938	1
100.7	14.9191	832.2456	5.088	1
100.8	14.9254	833.2322	5.0879	1
100.9	14.9313	834.031	5.089	1
101	14.9371	834.9877	5.0828	1
101.1	14.9424	835.8047	5.0917	1
101.2	14.9472	836.8213	5.1063	1
101.3	14.9523	837.5082	5.1061	1
101.4	14.9573	838.4498	5.104	1
101.5	14.962	839.3723	5.1027	1
101.6	14.9662	840.1918	5.1009	1
101.7	14.9703	841.0682	5.0973	1
101.8	14.9748	841.761	5.1022	1
101.9	14.9793	842.7025	5.1147	1
102	14.9836	843.6253	5.1065	1
102.1	14.9879	844.341	5.0946	1
102.2	14.9924	845.1227	5.0873	1
102.3	14.9969	845.9557	5.0823	1
102.4	15.0016	846.7875	5.0865	1
102.5	15.0063	847.6101	5.0941	1
102.6	15.0108	848.4999	5.0953	1
102.7	15.015	849.3497	5.0974	1
102.8	15.0192	850.1888	5.0972	1
102.9	15.0234	851.0081	5.1088	1
103	15.0277	851.8234	5.1113	1
103.1	15.0319	852.7262	5.0925	1
103.2	15.0362	853.6057	5.0845	1
103.3	15.0407	854.2776	5.1001	1
103.4	15.0451	855.1996	5.1034	1
103.5	15.0495	856.0205	5.0987	1
103.6	15.0537	856.8298	5.0962	1
103.7	15.0579	857.7066	5.0995	1
103.8	15.0622	858.4812	5.0996	1
103.9	15.0665	859.3053	5.0993	1
104	15.0709	860.1857	5.1095	1
104.1	15.0751	861.0241	5.1234	1
104.2	15.0792	861.8735	5.1254	1
104.3	15.0832	862.6839	5.112	1
104.4	15.0872	863.4543	5.1016	1
104.5	15.0914	864.3114	5.1146	1
104.6	15.0957	865.2163	5.1024	1
104.7	15.0999	866.016	5.0909	1
104.8	15.104	866.8092	5.1044	1
104.9	15.1082	867.6894	5.1234	1
105	15.1124	868.4383	5.1254	1
105.1	15.1163	869.395	5.1206	1
105.2	15.1204	870.2516	5.1242	1
105.3	15.1244	871.0224	5.134	1
105.4	15.1286	871.9452	5.1379	1
105.5	15.1327	872.5449	5.1323	1
105.6	15.1368	873.4982	5.1189	1
105.7	15.1412	874.2794	5.1302	1
105.8	15.1456	875.0822	5.1317	1
105.9	15.1501	876.016	5.1208	1
106	15.1543	876.727	5.1321	1
106.1	15.1586	877.6565	5.1294	1
106.2	15.1627	878.535	5.1264	1
106.3	15.1667	879.3605	5.1222	1
106.4	15.1705	880.3047	5.1269	1
106.5	15.1741	881.0716	5.127	1
106.6	15.1778	881.9178	5.1356	1
106.7	15.1813	882.7888	5.1318	1
106.8	15.1852	883.4575	5.1232	1
106.9	15.1895	884.2679	5.1186	1
107	15.194	885.02	5.1157	1
107.1	15.1987	885.8363	5.1076	1
107.2	15.2035	886.6965	5.1003	1
107.3	15.2086	887.4311	5.1001	1
107.4	15.2136	888.2958	5.1148	1
107.5	15.2188	889.1264	5.1247	1
107.6	15.2238	889.9346	5.1277	1
107.7	15.2292	890.7542	5.1177	1
107.8	15.2345	891.5689	5.1074	1
107.9	15.2397	892.4744	5.1007	1
108	15.245	893.1789	5.0913	1
108.1	15.2504	894.0538	5.0961	1
108.2	15.2557	894.9354	5.0998	1
108.3	15.261	895.7171	5.0919	1
108.4	15.2663	896.6088	5.1004	1
108.5	15.2713	897.3872	5.1061	1
108.6	15.2761	898.3644	5.1	1
108.7	15.2812	899.105	5.103	1
108.8	15.2864	899.8786	5.1056	1
108.9	15.2917	900.8113	5.0962	1
109	15.2968	901.6757	5.0994	1
109.1	15.3019	902.449	5.1011	1
109.2	15.3068	903.3479	5.1063	1
109.3	15.3116	904.2065	5.113	1
109.4	15.316	905.0621	5.0953	1
109.5	15.3206	905.9417	5.0853	1
109.6	15.3257	906.5142	5.0939	1
109.7	15.3315	907.2705	5.1014	1
109.8	15.3377	908.0058	5.1036	1
109.9	15.3442	908.8027	5.1045	1
110	15.351	909.6684	5.0995	1
110.1	15.3576	910.4339	5.0943	1
110.2	15.3642	911.2647	5.0977	1
110.3	15.371	912.0725	5.0917	1
110.4	15.3779	912.9015	5.0952	1
110.5	15.3845	913.8056	5.0958	1
110.6	15.3909	914.7598	5.0869	1
110.7	15.3974	915.4935	5.0927	1
110.8	15.404	916.3121	5.0919	1
110.9	15.4103	917.3361	5.0863	1
111	15.4162	918.1756	5.0746	1
111.1	15.422	918.9909	5.0788	1
111.2	15.4276	919.8241	5.0843	1
111.3	15.4333	920.7189	5.088	1
111.4	15.4391	921.5787	5.087	1
111.5	15.4449	922.3768	5.0896	1
111.6	15.4505	923.206	5.0893	1
111.7	15.4559	924.0477	5.0895	1
111.8	15.4614	924.9082	5.0902	1
111.9	15.467	925.7619	5.0866	1
112	15.4725	926.6287	5.0834	1
112.1	15.4776	927.3624	5.0703	1
112.2	15.4834	928.0794	5.0723	1
112.3	15.4899	928.8008	5.0845	1
112.4	15.4963	929.8088	5.0843	1
112.5	15.5021	930.7035	5.0742	1
112.6	15.5078	931.4966	5.0742	1
112.7	15.5136	932.3969	5.0798	1
112.8	15.519	933.26	5.0699	1
112.9	15.5241	934.2138	5.0653	1
113	15.5291	934.9919	5.0621	1
113.1	15.5337	935.9251	5.0571	1
113.2	15.5382	936.8227	5.057	1
113.3	15.5427	937.5818	5.0705	1
113.4	15.5477	938.3722	5.0585	1
113.5	15.5526	939.0519	5.0474	1
113.6	15.5578	939.9914	5.062	1
113.7	15.563	940.8413	5.0758	1
113.8	15.5681	941.6438	5.0853	1
113.9	15.5735	942.4997	5.0869	1
114	15.5788	943.2907	5.0804	1
114.1	15.5838	944.0776	5.0882	1
114.2	15.5891	944.9301	5.0918	1
114.3	15.5946	945.7667	5.0668	1
114.4	15.6002	946.4708	5.0529	1
114.5	15.6063	947.1995	5.0509	1
114.6	15.6129	948.0149	5.055	1
114.7	15.6192	948.9714	5.07	1
114.8	15.6247	949.906	5.0639	1
114.9	15.63	950.7415	5.0557	1
115	15.6351	951.6925	5.0615	1
115.1	15.6403	952.5208	5.0713	1
115.2	15.6452	953.3029	5.075	1
115.3	15.6502	954.1479	5.0755	1
115.4	15.6556	954.8529	5.0784	1
115.5	15.6618	955.6148	5.081	1
115.6	15.6681	956.3666	5.0737	1
115.7	15.6741	957.2734	5.0758	1
115.8	15.6805	958.0208	5.073	1
115.9	15.6868	958.9228	5.0691	1
116	15.6927	959.9384	5.0749	1
116.1	15.6979	960.8502	5.0645	1
116.2	15.7029	961.6418	5.058	1
116.3	15.7084	962.3909	5.0571	1
116.4	15.714	963.1189	5.0499	1
116.5	15.7198	964.0387	5.0619	1
116.6	15.7254	964.9152	5.0705	1
116.7	15.7307	965.8042	5.0816	1
116.8	15.7359	966.7212	5.0744	1
116.9	15.7407	967.5392	5.0644	1
117	15.745	968.4871	5.0663	1
117.1	15.7494	969.3318	5.0646	1
117.2	15.7538	970.0993	5.0635	1
117.3	15.7584	970.9085	5.0664	1
117.4	15.763	971.719	5.0622	1
117.5	15.768	972.5862	5.0703	1
117.6	15.7731	973.3317	5.0769	1
117.7	15.7781	974.0953	5.0773	1
117.8	15.7833	974.8691	5.0754	1
117.9	15.7888	975.7664	5.0806	1
118	15.7941	976.5528	5.0785	1
118.1	15.7994	977.3793	5.0768	1
118.2	15.8046	978.3655	5.0855	1
118.3	15.8098	979.1564	5.0846	1
118.4	15.8147	980.0078	5.0771	1
118.5	15.8197	980.9298	5.0837	1
118.6	15.8245	981.6284	5.0907	1
118.7	15.8295	982.5015	5.0858	1
118.8	15.8348	983.204	5.0812	1
118.9	15.8402	984.0902	5.0898	1
119	15.8457	984.9893	5.0888	1
119.1	15.8511	985.6189	5.0817	1
119.2	15.8569	986.5219	5.0664	1
119.3	15.8628	987.3213	5.0583	1
119.4	15.8681	988.2253	5.064	1
119.5	15.8735	989.1625	5.071	1
119.6	15.8784	989.9647	5.0664	1
119.7	15.8832	990.9482	5.0643	1
119.8	15.8877	991.663	5.0724	1
119.9	15.8924	992.5682	5.0728	1
120	15.8974	993.3322	5.0791	1
120.1	15.9022	994.2193	5.0857	1
120.2	15.9073	995.0375	5.0891	1
120.3	15.9125	995.6399	5.0845	1
120.4	15.9179	996.6015	5.0752	1
120.5	15.9235	997.2532	5.0743	1
120.6	15.929	998.2775	5.0835	1
120.7	15.9346	998.9869	5.075	1
120.8	15.9402	999.7801	5.0615	1
120.9	15.946	1000.74	5.0585	1
121	15.9516	1001.5914	5.0664	2
121.1	15.9567	1002.4657	5.0703	2
121.2	15.9621	1003.3428	5.064	2
121.3	15.9672	1003.9287	5.0595	2
121.4	15.9724	1004.5953	5.0603	2
121.5	15.9778	1004.5373	5.0696	2
121.6	15.9823	1004.851	5.0707	2
121.7	15.9865	1004.9419	5.0747	2
121.8	15.9899	1004.8155	5.0699	2
121.9	15.9935	1005.024	5.0702	2
122	15.9973	1004.9226	5.0792	2
122.1	16.0006	1004.9475	5.0775	2
122.2	16.0041	1004.9989	5.0747	2
122.3	16.0074	1004.8819	5.0667	2
122.4	16.0106	1005.0953	5.0593	2
122.5	16.0134	1005.1488	5.0576	2
122.6	16.0161	1005.0419	5.0627	2
122.7	16.0191	1005.111	5.0779	2
122.8	16.0213	1005.2434	5.0872	2
122.9	16.0237	1005.1965	5.0774	2
123	16.026	1005.1414	5.0687	2
123.1	16.028	1005.3399	5.0709	2
123.2	16.0295	1005.4017	5.0808	2
123.3	16.0307	1005.3407	5.0755	2
123.4	16.0324	1005.247	5.071	2
123.5	16.0342	1005.2425	5.075	2
123.6	16.0358	1005.3515	5.0755	2
123.7	16.0373	1005.3156	5.0739	2
123.8	16.0383	1005.4222	5.0821	2
123.9	16.0395	1005.443	5.0854	2
124	16.0403	1005.4465	5.0831	2
124.1	16.0413	1005.379	5.0749	2
124.2	16.0427	1005.2696	5.0654	2
124.3	16.0442	1005.2837	5.0609	2
124.4	16.0456	1005.3265	5.067	2
124.5	16.0469	1005.3579	5.0811	2
124.6	16.0485	1005.3258	5.065	2
124.7	16.05	1005.2834	5.0643	2
124.8	16.0512	1005.3634	5.0693	2
124.9	16.0523	1005.3279	5.0738	2
125	16.0534	1005.3708	5.0724	2
125.1	16.0544	1005.3861	5.0637	2
125.2	16.0554	1005.3626	5.0836	2
125.3	16.0562	1005.3986	5.0841	2
125.4	16.0572	1005.3652	5.0815	2
125.5	16.0583	1005.3015	5.0917	2
125.6	16.0596	1005.307	5.0816	2
125.7	16.0612	1005.1967	5.0754	2
125.8	16.0629	1005.2519	5.0731	2
125.9	16.0643	1005.2722	5.0757	2
126	16.0653	1005.3547	5.0933	2
126.1	16.0663	1005.3938	5.1049	2
126.2	16.0673	1005.3577	5.0925	2
126.3	16.0679	1005.4268	5.0901	2
126.4	16.0688	1005.3164	5.0918	2
126.5	16.0699	1005.2951	5.0876	2
126.6	16.071	1005.3781	5.087	2
126.7	16.0717	1005.4408	5.0898	2
126.8	16.0719	1005.4773	5.0958	2
126.9	16.0723	1005.4885	5.0992	2
127	16.073	1005.3974	5.1006	2
127.1	16.0742	1005.2511	5.1061	2
127.2	16.0755	1005.2796	5.1093	2
127.3	16.0767	1005.252	5.0963	2
127.4	16.0779	1005.2441	5.0908	2
127.5	16.0794	1005.2604	5.0978	2
127.6	16.0804	1005.2775	5.0949	2
127.7	16.0817	1005.3782	5.0882	2
127.8	16.0827	1005.3365	5.0892	2
127.9	16.0834	1005.3575	5.0925	2
128	16.0844	1005.3022	5.0905	2
128.1	16.0854	1005.3641	5.0878	2
128.2	16.0867	1005.212	5.0853	2
128.3	16.0877	1005.2328	5.0806	2
128.4	16.0888	1005.366	5.0818	2
128.5	16.0898	1005.2859	5.0766	2
128.6	16.0907	1005.4221	5.075	2
128.7	16.0915	1005.2655	5.086	2
128.8	16.0924	1005.3075	5.0993	2
128.9	16.0934	1005.346	5.0835	2
129	16.0941	1005.3865	5.0835	2
129.1	16.0949	1005.3701	5.092	2
129.2	16.0954	1005.3226	5.0908	2
129.3	16.0963	1005.3352	5.0947	2
129.4	16.0972	1005.3377	5.0886	2
129.5	16.098	1005.3435	5.0877	2
129.6	16.0987	1005.3141	5.0878	2
129.7	16.0994	1005.3734	5.0918	2
129.8	16.1001	1005.4285	5.0972	2
129.9	16.1006	1005.4121	5.1024	2
130	16.1011	1005.4247	5.1076	2
130.1	16.1013	1005.4418	5.1069	2
130.2	16.1014	1005.4855	5.0911	2
130.3	16.1015	1005.4492	5.0986	2
130.4	16.1018	1005.4364	5.0941	2
130.5	16.1023	1005.4276	5.0843	2
130.6	16.1021	1005.5365	5.0884	2
130.7	16.1021	1005.4832	5.0848	2
130.8	16.1023	1005.3656	5.0862	2
130.9	16.1027	1005.411	5.1002	2
131	16.1032	1005.4829	5.106	2
131.1	16.1034	1005.446	5.1055	2
131.2	16.1038	1005.4099	5.1037	2
131.3	16.104	1005.3917	5.1067	2
131.4	16.104	1005.5529	5.1095	2
131.5	16.1041	1005.5308	5.1014	2
131.6	16.104	1005.469	5.0906	2
131.7	16.104	1005.4735	5.0885	2
131.8	16.104	1005.4605	5.0924	2
131.9	16.104	1005.4833	5.0883	2
132	16.1041	1005.4471	5.088	2
132.1	16.1041	1005.4271	5.0791	2
132.2	16.1045	1005.4342	5.0893	2
132.3	16.105	1005.3145	5.0976	2
132.4	16.1054	1005.3477	5.0837	2
132.5	16.1057	1005.4918	5.0757	2
132.6	16.1059	1005.3647	5.0919	2
132.7	16.1061	1005.422	5.102	2
132.8	16.1063	1005.4917	5.0941	2
132.9	16.106	1005.5254	5.081	2
133	16.1058	1005.5538	5.0709	2
133.1	16.1059	1005.3961	5.0858	2
133.2	16.1063	1005.2954	5.0872	2
133.3	16.107	1005.2591	5.0772	2
133.4	16.1083	1005.2098	5.0806	2
133.5	16.1097	1005.1323	5.0956	2
133.6	16.1109	1005.2364	5.096	2
133.7	16.112	1005.2507	5.1017	2
133.8	16.1132	1005.1284	5.0987	2
133.9	16.1148	1005.0965	5.0888	2
134	16.1165	1005.0415	5.0798	2
134.1	16.1181	1005.0781	5.0829	2
134.2	16.1199	1005.0711	5.0858	2
134.3	16.1221	1004.9929	5.0783	2
134.4	16.1245	1004.9094	5.0853	2
134.5	16.1268	1004.9262	5.0962	2
134.6	16.1287	1004.969	5.0878	2
134.7	16.1308	1005.0176	5.0845	2
134.8	16.1329	1004.9752	5.084	2
134.9	16.1349	1004.9893	5.0919	2
135	16.137	1005.0311	5.1002	2
135.1	16.1386	1005.1949	5.098	2
135.2	16.1399	1005.2031	5.0946	2
135.3	16.141	1005.2747	5.0861	2
135.4	16.1419	1005.2894	5.0824	2
135.5	16.1427	1005.2251	5.097	2
135.6	16.1438	1005.2002	5.0957	2
135.7	16.1451	1005.1607	5.0948	2
135.8	16.1463	1005.1793	5.0987	2
135.9	16.1476	1005.16	5.0992	2
136	16.1489	1005.2235	5.111	2
136.1	16.1502	1005.1442	5.1042	2
136.2	16.1515	1005.1993	5.0888	2
136.3	16.1526	1005.3037	5.0859	2
136.4	16.1535	1005.244	5.0996	2
136.5	16.1539	1005.4563	5.114	2
136.6	16.1541	1005.4943	5.1073	2
136.7	16.1541	1005.3973	5.1044	2
136.8	16.1542	1005.5192	5.1127	2
136.9	16.1538	1005.5412	5.104	2
137	16.1532	1005.4837	5.1005	2
137.1	16.1528	1005.5157	5.0962	2
137.2	16.1528	1005.4656	5.0946	2
137.3	16.1526	1005.4358	5.0992	2
137.4	16.1527	1005.4898	5.111	2
137.5	16.1523	1005.4493	5.1036	2
137.6	16.1521	1005.5676	5.1001	2
137.7	16.1519	1005.4909	5.0985	2
137.8	16.1516	1005.4414	5.0967	2
137.9	16.1514	1005.5184	5.0859	2
138	16.1511	1005.5321	5.0812	2
138.1	16.1505	1005.6474	5.0946	2
138.2	16.1499	1005.6167	5.1094	2
138.3	16.1492	1005.538	5.1109	2
138.4	16.1487	1005.6044	5.1035	2
138.5	16.1482	1005.5428	5.1083	2
138.6	16.1476	1005.5007	5.0941	2
138.7	16.1474	1005.4727	5.0867	2
138.8	16.147	1005.488	5.0944	2
138.9	16.1464	1005.6305	5.0928	2
139	16.1455	1005.5496	5.0876	2
139.1	16.1448	1005.5964	5.0927	2
139.2	16.1443	1005.5885	5.0998	2
139.3	16.1435	1005.6131	5.0963	2
139.4	16.1425	1005.6619	5.085	2
139.5	16.1412	1005.7044	5.0847	2
139.6	16.14	1005.764	5.0836	2
139.7	16.1387	1005.6598	5.0878	2
139.8	16.1375	1005.6988	5.0899	2
139.9	16.1362	1005.706	5.1056	2
140	16.135	1005.6585	5.1089	2
140.1	16.134	1005.6859	5.0821	2
140.2	16.1329	1005.6611	5.0805	2
140.3	16.1318	1005.6697	5.0877	2
140.4	16.1305	1005.658	5.0818	2
140.5	16.1293	1005.5933	5.0798	2
140.6	16.1282	1005.7411	5.086	2
140.7	16.127	1005.6467	5.0837	2
140.8	16.1258	1005.702	5.0786	2
140.9	16.1249	1005.7171	5.085	2
141	16.124	1005.6226	5.0902	2
141.1	16.1232	1005.5206	5.0772	2
141.2	16.1221	1005.5288	5.0621	2
141.3	16.1211	1005.7023	5.0536	2
141.4	16.1199	1005.6222	5.0492	2
141.5	16.1189	1005.6619	5.051	2
141.6	16.1177	1005.6464	5.0557	2
141.7	16.1166	1005.6825	5.0563	2
141.8	16.1157	1005.561	5.0678	2
141.9	16.1145	1005.6933	5.0763	2
142	16.1133	1005.7325	5.0727	2
142.1	16.112	1005.6803	5.0791	2
142.2	16.1108	1005.7014	5.0897	2
142.3	16.1095	1005.6057	5.0857	2
142.4	16.108	1005.7067	5.0701	2
142.5	16.1068	1005.6295	5.0518	2
142.6	16.1058	1005.6236	5.0561	2
142.7	16.1048	1005.5925	5.0899	2
142.8	16.1039	1005.5692	5.0999	2
142.9	16.1028	1005.6855	5.0883	2
143	16.1015	1005.6548	5.0816	2
143.1	16.1003	1005.6765	5.0861	2
143.2	16.0993	1005.6405	5.0815	2
143.3	16.0984	1005.6032	5.0741	2
143.4	16.0974	1005.6251	5.0754	2
143.5	16.0962	1005.6556	5.0803	2
143.6	16.095	1005.7142	5.0636	2
143.7	16.0936	1005.6533	5.0628	2
143.8	16.0922	1005.6765	5.0724	2
143.9	16.0907	1005.7279	5.0639	2
144	16.0894	1005.752	5.0617	2
144.1	16.0879	1005.6362	5.0705	2
144.2	16.0867	1005.6793	5.0826	2
144.3	16.0854	1005.6214	5.0889	2
144.4	16.0839	1005.6932	5.0812	2
144.5	16.0827	1005.6783	5.074	2
144.6	16.0816	1005.6195	5.0838	2
144.7	16.0806	1005.6387	5.1019	2
144.8	16.0792	1005.6776	5.1027	2
144.9	16.0776	1005.746	5.0954	2
145	16.0762	1005.7457	5.0947	2
145.1	16.0746	1005.6457	5.092	2
145.2	16.0731	1005.7357	5.1023	2
145.3	16.0717	1005.6334	5.0994	2
145.4	16.0705	1005.6127	5.0931	2
145.5	16.0695	1005.6755	5.0967	2
145.6	16.0681	1005.6326	5.0971	2
145.7	16.0669	1005.749	5.0928	2
145.8	16.0655	1005.7046	5.0826	2
145.9	16.064	1005.6824	5.0882	2
146	16.0624	1005.6943	5.0848	2
146.1	16.0608	1005.7337	5.0913	2
146.2	16.0594	1005.716	5.0972	2
146.3	16.0581	1005.693	5.0854	2
146.4	16.0568	1005.6233	5.0806	2
146.5	16.0555	1005.663	5.0777	2
146.6	16.0542	1005.6335	5.0801	2
146.7	16.0528	1005.5961	5.0852	2
146.8	16.0518	1005.7141	5.0894	2
146.9	16.0504	1005.7162	5.0969	2
147	16.0488	1005.7343	5.0866	2
147.1	16.0474	1005.6436	5.0733	2
147.2	16.0461	1005.5187	5.061	2
147.3	16.046	1005.3247	5.0684	2
147.4	16.0466	1005.1503	5.0705	2
147.5	16.0477	1005.1793	5.0583	2
147.6	16.0487	1005.112	5.0547	2
147.7	16.0496	1005.11	5.0541	2
147.8	16.0508	1005.1352	5.0599	2
147.9	16.052	1005.2094	5.0832	2
148	16.0528	1005.251	5.0931	2
148.1	16.0534	1005.2377	5.0926	2
148.2	16.0538	1005.3135	5.0994	2
148.3	16.0543	1005.2336	5.1088	2
148.4	16.0549	1005.2264	5.1082	2
148.5	16.0553	1005.2756	5.0894	2
148.6	16.0557	1005.3276	5.0963	2
148.7	16.0559	1005.373	5.1147	2
148.8	16.056	1005.3354	5.1083	2
148.9	16.0558	1005.466	5.1172	2
149	16.0555	1005.4178	5.1125	2
149.1	16.055	1005.4545	5.0906	2
149.2	16.0543	1005.5298	5.0908	2
149.3	16.0535	1005.4963	5.0987	2
149.4	16.0531	1005.4945	5.1074	2
149.5	16.0525	1005.5164	5.0918	2
149.6	16.0518	1005.5287	5.077	2
149.7	16.051	1005.569	5.0806	2
149.8	16.0502	1005.5564	5.0932	2
149.9	16.0495	1005.4917	5.0916	2
150	16.0487	1005.5125	5.0997	2
150.1	16.0481	1005.5479	5.0939	2
150.2	16.0475	1005.4089	5.092	2
150.3	16.0471	1005.4449	5.0903	2
150.4	16.0469	1005.3908	5.097	2
150.5	16.0466	1005.4297	5.0968	2
150.6	16.0466	1005.4093	5.095	2
150.7	16.0461	1005.4642	5.0952	2
150.8	16.0457	1005.5278	5.0892	2
150.9	16.0452	1005.4399	5.0865	2
151	16.0448	1005.4696	5.0731	3
151.1	16.0442	1005.4816	5.0616	3
151.2	16.0436	1005.502	5.074	3
151.3	16.0431	1005.4341	5.0795	3
151.4	16.0424	1005.2231	5.0848	3
151.5	16.0411	1004.5931	5.0948	3
151.6	16.0391	1003.879	5.1035	3
151.7	16.0369	1003.1482	5.093	3
151.8	16.0341	1002.2955	5.0845	3
151.9	16.0313	1001.5819	5.0987	3
152	16.0281	1000.737	5.1032	3
152.1	16.0248	999.9729	5.1108	3
152.2	16.0218	999.0899	5.1122	3
152.3	16.0186	998.2558	5.0955	3
152.4	16.0158	997.3751	5.0872	3
152.5	16.013	996.4703	5.0888	3
152.6	16.0102	995.6484	5.0913	3
152.7	16.0075	994.8518	5.0988	3
152.8	16.0047	993.9927	5.0986	3
152.9	16.0018	993.1856	5.0961	3
153	15.9989	992.3934	5.0868	3
153.1	15.996	991.5145	5.0809	3
153.2	15.9932	990.6053	5.0923	3
153.3	15.9905	989.6872	5.105	3
153.4	15.988	988.9771	5.0968	3
153.5	15.9857	988.0811	5.091	3
153.6	15.9837	987.1719	5.0903	3
153.7	15.9816	986.3131	5.0911	3
153.8	15.9797	985.4506	5.0874	3
153.9	15.978	984.5704	5.0892	3
154	15.9765	983.6846	5.0912	3
154.1	15.9753	982.8766	5.0968	3
154.2	15.9742	981.8703	5.0952	3
154.3	15.9732	981.0455	5.0867	3
154.4	15.9723	980.1774	5.0758	3
154.5	15.9714	979.4078	5.0835	3
154.6	15.9704	978.6765	5.0969	3
154.7	15.969	977.8626	5.0928	3
154.8	15.9674	977.1009	5.0809	3
154.9	15.9654	976.2971	5.0737	3
155	15.9631	975.5897	5.0772	3
155.1	15.9606	974.8039	5.0832	3
155.2	15.958	973.987	5.0741	3
155.3	15.9551	973.128	5.0584	3
155.4	15.9522	972.3716	5.0545	3
155.5	15.9492	971.5613	5.0539	3
155.6	15.9461	970.8393	5.0605	3
155.7	15.9426	969.9069	5.0772	3
155.8	15.939	969.1272	5.0739	3
155.9	15.9358	968.2906	5.0709	3
156	15.9322	967.5536	5.0778	3
156.1	15.9289	966.6801	5.0793	3
156.2	15.9254	965.7904	5.0736	3
156.3	15.9218	964.9986	5.0717	3
156.4	15.918	964.206	5.066	3
156.5	15.9143	963.4038	5.0649	3
156.6	15.9107	962.4587	5.0723	3
156.7	15.9073	961.5994	5.0806	3
156.8	15.9037	960.8542	5.0808	3
156.9	15.9001	960.0077	5.0726	3
157	15.8965	959.1929	5.0771	3
157.1	15.8928	958.4232	5.1008	3
157.2	15.8886	957.5806	5.1095	3
157.3	15.8845	956.7727	5.0911	3
157.4	15.8807	955.8261	5.0754	3
157.5	15.8766	955.1308	5.0747	3
157.6	15.8726	954.201	5.0639	3
157.7	15.8687	953.4382	5.0585	3
157.8	15.8648	952.6529	5.0621	3
157.9	15.8605	951.7616	5.0657	3
158	15.8561	951.0008	5.0579	3
158.1	15.8522	950.0732	5.0503	3
158.2	15.8482	949.2677	5.0519	3
158.3	15.8439	948.5395	5.0442	3
158.4	15.8394	947.6609	5.0551	3
158.5	15.8347	946.9035	5.0749	3
158.6	15.8303	946.1094	5.0798	3
158.7	15.8258	945.1695	5.072	3
158.8	15.8211	944.3385	5.0592	3
158.9	15.8166	943.4713	5.0657	3
159	15.8123	942.6286	5.0713	3
159.1	15.8082	941.7809	5.0671	3
159.2	15.804	940.959	5.0468	3
159.3	15.7998	940.2135	5.0457	3
159.4	15.7951	939.3853	5.0614	3
159.5	15.7903	938.5826	5.0566	3
159.6	15.7857	937.7441	5.0536	3
159.7	15.7809	936.9567	5.0481	3
159.8	15.7761	936.0079	5.0557	3
159.9	15.7715	935.1923	5.0696	3
160	15.767	934.3699	5.0737	3
160.1	15.7622	933.6207	5.077	3
160.2	15.757	932.8197	5.0775	3
160.3	15.7519	931.9669	5.0681	3
160.4	15.747	931.1293	5.0749	3
160.5	15.7421	930.3676	5.0835	3
160.6	15.7368	929.5319	5.0721	3
160.7	15.7312	928.6585	5.0667	3
160.8	15.726	927.797	5.0675	3
160.9	15.721	926.9511	5.069	3
161	15.716	926.1418	5.0594	3
161.1	15.7109	925.3147	5.0588	3
161.2	15.7056	924.5393	5.0645	3
161.3	15.7003	923.67	5.0661	3
161.4	15.6949	922.8498	5.0629	3
161.5	15.6896	922.0075	5.0699	3
161.6	15.6842	921.1728	5.0786	3
161.7	15.6788	920.3456	5.0905	3
161.8	15.6733	919.5471	5.096	3
161.9	15.6679	918.6946	5.1027	3
162	15.6626	917.8711	5.1027	3
162.1	15.6573	917.0894	5.0983	3
162.2	15.6519	916.2177	5.0971	3
162.3	15.6468	915.2763	5.096	3
162.4	15.642	914.4837	5.0853	3
162.5	15.6369	913.6031	5.087	3
162.6	15.6317	912.8415	5.0728	3
162.7	15.6265	911.9969	5.0668	3
162.8	15.6216	911.115	5.0689	3
162.9	15.6165	910.2523	5.063	3
163	15.6116	909.4223	5.0618	3
163.1	15.6066	908.5833	5.0589	3
163.2	15.602	907.6928	5.0704	3
163.3	15.5973	906.8003	5.0749	3
163.4	15.5926	906.1165	5.0738	3
163.5	15.5878	905.1993	5.0753	3
163.6	15.583	904.3168	5.0662	3
163.7	15.5786	903.4487	5.0614	3
163.8	15.5742	902.6467	5.0677	3
163.9	15.5696	901.9012	5.073	3
164	15.5652	900.9301	5.0731	3
164.1	15.561	900.0965	5.0843	3
164.2	15.5566	899.3457	5.0776	3
164.3	15.552	898.4408	5.0693	3
164.4	15.5475	897.666	5.0782	3
164.5	15.5428	896.8875	5.069	3
164.6	15.538	896.0967	5.0739	3
164.7	15.5332	895.3096	5.0927	3
164.8	15.5286	894.3432	5.1006	3
164.9	15.5243	893.3649	5.0921	3
165	15.5204	892.5411	5.0823	3
165.1	15.5167	891.683	5.0765	3
165.2	15.513	890.7873	5.081	3
165.3	15.5093	889.932	5.0881	3
165.4	15.5057	889.1752	5.1001	3
165.5	15.5019	888.347	5.0972	3
165.6	15.4981	887.458	5.0949	3
165.7	15.4943	886.6837	5.0914	3
165.8	15.4906	885.8346	5.0708	3
165.9	15.4866	885.0264	5.0547	3
166	15.4824	884.2628	5.058	3
166.1	15.478	883.5732	5.0576	3
166.2	15.4734	882.6929	5.045	3
166.3	15.4686	881.9232	5.04	3
166.4	15.464	881.0876	5.0566	3
166.5	15.4591	880.2318	5.0575	3
166.6	15.4542	879.4622	5.0473	3
166.7	15.4493	878.5614	5.0395	3
166.8	15.4443	877.7957	5.0448	3
166.9	15.4391	877.0665	5.053	3
167	15.4338	876.0786	5.0446	3
167.1	15.4288	875.3299	5.0529	3
167.2	15.4238	874.4436	5.07	3
167.3	15.4186	873.6603	5.0761	3
167.4	15.4134	872.85	5.0712	3
167.5	15.4079	871.9745	5.0623	3
167.6	15.4024	871.285	5.0564	3
167.7	15.3968	870.4481	5.0442	3
167.8	15.3911	869.5902	5.0448	3
167.9	15.3854	868.7557	5.063	3
168	15.3799	867.9067	5.0798	3
168.1	15.3745	866.993	5.0753	3
168.2	15.3692	866.1255	5.0622	3
168.3	15.3639	865.4526	5.073	3
168.4	15.3583	864.532	5.074	3
168.5	15.3525	863.7341	5.0709	3
168.6	15.3468	862.9164	5.0733	3
168.7	15.3409	862.1102	5.0603	3
168.8	15.3349	861.3683	5.0436	3
168.9	15.3289	860.4965	5.0501	3
169	15.323	859.5821	5.0615	3
169.1	15.3174	858.724	5.0685	3
169.2	15.3117	857.9246	5.0759	3
169.3	15.306	857.0737	5.0649	3
169.4	15.3004	856.2197	5.0624	3
169.5	15.2949	855.4009	5.0639	3
169.6	15.2892	854.6226	5.0671	3
169.7	15.2833	853.8541	5.0651	3
169.8	15.2771	852.9791	5.0633	3
169.9	15.2712	852.1093	5.0625	3
170	15.2655	851.2699	5.0612	3
170.1	15.2594	850.549	5.0639	3
170.2	15.2535	849.633	5.0672	3
170.3	15.2476	848.7136	5.0634	3
170.4	15.2423	847.8111	5.0564	3
170.5	15.2371	846.9417	5.0592	3
170.6	15.2318	846.1425	5.0465	3
170.7	15.2266	845.3068	5.0484	3
170.8	15.2215	844.4114	5.057	3
170.9	15.2165	843.5654	5.0652	3
171	15.2117	842.7518	5.0804	3
171.1	15.2068	841.8445	5.0563	3
171.2	15.2021	841.0324	5.0359	3
171.3	15.1972	840.2813	5.0462	3
171.4	15.1921	839.5264	5.0531	3
171.5	15.1867	838.6399	5.0437	3
171.6	15.1814	837.7613	5.0328	3
171.7	15.1764	836.9832	5.0428	3
171.8	15.1711	836.1419	5.0584	3
171.9	15.1657	835.2797	5.0586	3
172	15.1607	834.4766	5.0509	3
172.1	15.1558	833.6117	5.0508	3
172.2	15.1508	832.6935	5.0392	3
172.3	15.1457	831.9381	5.0401	3
172.4	15.1408	831.0843	5.0534	3
172.5	15.1359	830.2115	5.0493	3
172.6	15.1309	829.468	5.0517	3
172.7	15.1257	828.6387	5.0542	3
172.8	15.1204	827.8727	5.0493	3
172.9	15.1155	826.95	5.0559	3
173	15.1102	826.154	5.0612	3
173.1	15.1047	825.4269	5.0735	3
173.2	15.099	824.5652	5.0781	3
173.3	15.0932	823.6817	5.0665	3
173.4	15.0879	822.923	5.0589	3
173.5	15.0823	822.1116	5.0516	3
173.6	15.0764	821.2985	5.056	3
173.7	15.0706	820.3536	5.0629	3
173.8	15.0648	819.5444	5.0635	3
173.9	15.0593	818.71	5.0593	3
174	15.0539	817.9094	5.0524	3
174.1	15.0486	817.0269	5.0654	3
174.2	15.0431	816.136	5.0677	3
174.3	15.0377	815.308	5.0622	3
174.4	15.0326	814.451	5.0707	3
174.5	15.0274	813.6552	5.0787	3
174.6	15.0224	812.7291	5.0843	3
174.7	15.0174	811.7771	5.0767	3
174.8	15.0129	811.0276	5.0691	3
174.9	15.0085	810.1069	5.0784	3
175	15.0041	809.2761	5.0833	3
175.1	15	808.3505	5.0681	3
175.2	14.9958	807.4873	5.0498	3
175.3	14.992	806.7279	5.0575	3
175.4	14.9879	805.8565	5.0682	3
175.5	14.9836	805.137	5.0778	3
175.6	14.9792	804.3547	5.0763	3
175.7	14.9743	803.543	5.0648	3
175.8	14.9695	802.7019	5.0715	3
175.9	14.9652	801.7234	5.0788	3
176	14.9611	800.9232	5.0719	3
176.1	14.9569	800.0513	5.072	3
176.2	14.9526	799.3152	5.0663	3
176.3	14.9485	798.3595	5.071	3
176.4	14.9444	797.5373	5.0691	3
176.5	14.9407	796.681	5.0418	3
176.6	14.9367	795.8122	5.0516	3
176.7	14.9327	795.0527	5.0634	3
176.8	14.929	794.1587	5.0613	3
176.9	14.9247	793.4417	5.0678	3
177	14.9202	792.705	5.0739	3
177.1	14.9156	791.8004	5.0681	3
177.2	14.9113	790.9656	5.0655	3
177.3	14.9074	790.0262	5.06	3
177.4	14.9028	789.397	5.0578	3
177.5	14.8982	788.5618	5.0696	3
177.6	14.8931	787.6761	5.0655	3
177.7	14.8884	786.8477	5.0559	3
177.8	14.8835	786.1411	5.0506	3
177.9	14.8783	785.3653	5.0549	3
178	14.8729	784.5402	5.0551	3
178.1	14.8673	783.7501	5.053	3
178.2	14.8617	782.9639	5.0589	3
178.3	14.8558	782.0387	5.0611	3
178.4	14.8502	781.1596	5.0533	3
178.5	14.8452	780.3059	5.0685	3
178.6	14.8398	779.45	5.063	3
178.7	14.8347	778.6763	5.06	3
178.8	14.8293	777.879	5.0584	3
178.9	14.8239	777.0719	5.0757	3
179	14.818	776.2758	5.073	3
179.1	14.8118	775.523	5.0664	3
179.2	14.8056	774.6374	5.0594	3
179.3	14.7997	773.8184	5.0571	3
179.4	14.7941	772.8742	5.063	3
179.5	14.7883	772.0424	5.061	3
179.6	14.7828	771.236	5.0771	3
179.7	14.777	770.3922	5.0931	3
179.8	14.7713	769.6145	5.0768	3
179.9	14.7658	768.6566	5.0707	3
180	14.76	767.8219	5.0745	3
180.1	14.7544	767.1039	5.053	3
180.2	14.7489	766.2018	5.0428	3
180.3	14.7434	765.4464	5.0521	3
180.4	14.7376	764.5351	5.0479	3
180.5	14.7316	763.8977	5.0525	3
180.6	14.7253	763.0079	5.0616	3
180.7	14.7191	762.1518	5.0603	3
180.8	14.713	761.3685	5.0653	3
180.9	14.7071	760.4358	5.0752	3
181	14.701	759.7193	5.0884	3
181.1	14.6948	758.8223	5.0786	3
181.2	14.6884	758.0846	5.0732	3
181.3	14.6821	757.1796	5.0718	3
181.4	14.6755	756.4251	5.0606	3
181.5	14.6691	755.6343	5.0672	3
181.6	14.6623	754.774	5.0689	3
181.7	14.6554	753.9758	5.0645	3
181.8	14.6489	753.0308	5.063	3
181.9	14.6426	752.237	5.071	3
182	14.6358	751.545	5.0774	3
182.1	14.6288	750.6821	5.0757	3
182.2	14.622	749.7604	5.0863	3
182.3	14.6154	748.9239	5.093	3
182.4	14.6088	748.1128	5.1048	3
182.5	14.6022	747.2374	5.1197	3
182.6	14.5956	746.3976	5.1176	3
182.7	14.5891	745.6125	5.1144	3
182.8	14.5824	744.7355	5.1109	3
182.9	14.5759	743.9636	5.1187	3
183	14.5693	743.0643	5.1086	3
183.1	14.5625	742.2644	5.092	3
183.2	14.5559	741.4257	5.0933	3
183.3	14.5495	740.5174	5.0967	3
183.4	14.543	739.7839	5.0977	3
183.5	14.5366	738.827	5.1133	3
183.6	14.5305	737.9395	5.1154	3
183.7	14.5248	737.0646	5.1011	3
183.8	14.519	736.2771	5.0982	3
183.9	14.5133	735.3898	5.098	3
184	14.5079	734.4401	5.0924	3
184.1	14.5028	733.5882	5.0981	3
184.2	14.4977	732.7604	5.1061	3
184.3	14.4926	731.9005	5.0972	3
184.4	14.4875	731.0978	5.0897	3
184.5	14.4826	730.2053	5.0921	3
184.6	14.4784	729.25	5.1014	3
184.7	14.4744	728.3007	5.0978	3
184.8	14.4704	727.5122	5.0837	3
184.9	14.4663	726.6813	5.0899	3
185	14.4623	725.8241	5.1063	3
185.1	14.4586	725.0023	5.1001	3
185.2	14.4548	724.182	5.0949	3
185.3	14.451	723.3127	5.0925	3
185.4	14.4474	722.4269	5.0896	3
185.5	14.4436	721.6324	5.0987	3
185.6	14.4396	720.8737	5.0919	3
185.7	14.4353	720.0837	5.0923	3
185.8	14.4312	719.2319	5.1014	3
185.9	14.4269	718.4027	5.1052	3
186	14.4225	717.6428	5.099	3
186.1	14.418	716.9002	5.0959	3
186.2	14.413	716.0954	5.0918	3
186.3	14.4083	715.2105	5.081	3
186.4	14.4039	714.2036	5.082	3
186.5	14.3998	713.364	5.0828	3
186.6	14.3955	712.632	5.074	3
186.7	14.3911	711.7894	5.0715	3
186.8	14.3868	710.9039	5.0783	3
186.9	14.3828	710.0098	5.0794	3
187	14.379	709.1449	5.0795	3
187.1	14.3751	708.2851	5.08	3
187.2	14.3713	707.4974	5.0818	3
187.3	14.3673	706.685	5.087	3
187.4	14.3631	705.9134	5.0865	3
187.5	14.3591	705.0653	5.0851	3
187.6	14.3549	704.2343	5.0943	3
187.7	14.3505	703.5716	5.093	3
187.8	14.3457	702.7682	5.075	3
187.9	14.3406	701.9868	5.0721	3
188	14.3355	701.0315	5.0784	3
188.1	14.3305	700.2345	5.0839	3
188.2	14.3256	699.4197	5.0799	3
188.3	14.3207	698.5952	5.0725	3
188.4	14.3157	697.7873	5.074	3
188.5	14.3108	696.8484	5.0885	3
188.6	14.3059	696.0279	5.1067	3
188.7	14.3011	695.1162	5.1048	3
188.8	14.2963	694.4376	5.0963	3
188.9	14.2915	693.6206	5.0903	3
189	14.2864	692.7843	5.0943	3
189.1	14.2812	691.9616	5.1033	3
189.2	14.2762	691.0149	5.1063	3
189.3	14.2717	690.1649	5.1029	3
189.4	14.2674	689.2558	5.1063	3
189.5	14.263	688.4268	5.0962	3
189.6	14.2588	687.5655	5.0885	3
189.7	14.2546	686.7581	5.0963	3
189.8	14.2504	685.9752	5.1076	3
189.9	14.246	685.1075	5.1013	3
190	14.2413	684.3425	5.0839	3
190.1	14.2363	683.6866	5.0831	3
190.2	14.2306	682.9185	5.0994	3
190.3	14.2251	681.9833	5.1077	3
190.4	14.2204	680.9458	5.1194	3
190.5	14.2162	680.0411	5.124	3
190.6	14.212	679.2245	5.12	3
190.7	14.2077	678.4822	5.1134	3
190.8	14.2034	677.6556	5.0988	3
190.9	14.199	676.7206	5.0904	3
191	14.1945	675.9907	5.0832	3
191.1	14.1895	675.3452	5.0917	3
191.2	14.184	674.5359	5.1053	3
191.3	14.1783	673.8015	5.1143	3
191.4	14.1724	672.9902	5.1161	3
191.5	14.1662	672.1585	5.1116	3
191.6	14.1604	671.2868	5.1073	3
191.7	14.1544	670.4655	5.1035	3
191.8	14.1482	669.7063	5.1044	3
191.9	14.1419	668.8762	5.1036	3
192	14.1356	667.971	5.0959	3
192.1	14.1295	667.1537	5.0925	3
192.2	14.1235	666.2947	5.0823	3
192.3	14.1174	665.5326	5.0759	3
192.4	14.111	664.7669	5.0844	3
192.5	14.1045	663.8553	5.0823	3
192.6	14.0983	662.9727	5.0806	3
192.7	14.0927	662.0147	5.0892	3
192.8	14.087	661.2247	5.0795	3
192.9	14.081	660.5002	5.0732	3
193	14.0748	659.6229	5.0832	3
193.1	14.0689	658.7677	5.0869	3
193.2	14.0631	657.8754	5.0985	3
193.3	14.0574	657.0961	5.1088	3
193.4	14.0517	656.1803	5.1152	3
193.5	14.0461	655.4052	5.1145	3
193.6	14.0407	654.5126	5.1133	3
193.7	14.0352	653.552	5.1016	3
193.8	14.0298	652.8972	5.0963	3
193.9	14.0241	652.0894	5.0885	3
194	14.0182	651.2784	5.0925	3
194.1	14.0123	650.3764	5.0827	3
194.2	14.0066	649.5201	5.0704	3
194.3	14.0014	648.5714	5.084	3
194.4	13.9964	647.7124	5.0832	3
194.5	13.9916	646.8446	5.0669	3
194.6	13.9869	646.0826	5.068	3
194.7	13.982	645.2403	5.0762	3
194.8	13.9769	644.4285	5.0807	3
194.9	13.9716	643.7118	5.0836	3
195	13.966	642.8494	5.0715	3
195.1	13.9605	641.9384	5.0752	3
195.2	13.9553	641.165	5.0759	3
195.3	13.95	640.312	5.075	3
195.4	13.9446	639.5135	5.0664	3
195.5	13.9394	638.5731	5.054	3
195.6	13.9343	637.7632	5.0512	3
195.7	13.9294	636.9749	5.0502	3
195.8	13.9241	636.0929	5.0462	3
195.9	13.9189	635.2905	5.0578	3
196	13.914	634.4163	5.0601	3
196.1	13.9089	633.6072	5.08	3
196.2	13.9039	632.7985	5.0808	3
196.3	13.899	631.8387	5.0692	3
196.4	13.8941	631.0414	5.0701	3
196.5	13.8891	630.2938	5.0808	3
196.6	13.8838	629.4796	5.0736	3
196.7	13.8783	628.71	5.0605	3
196.8	13.8728	627.7969	5.0483	3
196.9	13.8674	626.9987	5.0525	3
197	13.8622	626.137	5.0538	3
197.1	13.8571	625.2425	5.0541	3
197.2	13.8521	624.3094	5.0522	3
197.3	13.847	623.6145	5.0676	3
197.4	13.842	622.8084	5.075	3
197.5	13.8368	622.0286	5.0844	3
197.6	13.8311	621.2424	5.0949	3
197.7	13.8253	620.3707	5.083	3
197.8	13.8198	619.4977	5.0793	3
197.9	13.8146	618.6484	5.0839	3
198	13.8093	617.8456	5.0956	3
198.1	13.8041	617.0174	5.1053	3
198.2	13.7987	616.083	5.0931	3
198.3	13.7933	615.3309	5.0954	3
198.4	13.7878	614.51	5.085	3
198.5	13.7824	613.6991	5.0684	3
198.6	13.7769	612.8529	5.0812	3
198.7	13.7712	612.026	5.0902	3
198.8	13.7658	611.2278	5.1016	3
198.9	13.7604	610.385	5.1057	3
199	13.7547	609.6002	5.1052	3
199.1	13.7489	608.6932	5.0912	3
199.2	13.7429	607.9148	5.0845	3
199.3	13.7371	607.1263	5.0858	3
199.4	13.7313	606.2585	5.0741	3
199.5	13.7255	605.4626	5.064	3
199.6	13.7192	604.6526	5.0622	3
199.7	13.7129	603.8347	5.0687	3
199.8	13.707	602.9287	5.0761	3
199.9	13.7011	602.1293	5.0756	3
200	13.6949	601.3863	5.0692	3
200.1	13.6886	600.5366	5.0693	3
200.2	13.6823	599.6962	5.0605	3
200.3	13.6761	598.8301	5.0674	3
200.4	13.6694	598.0937	5.076	3
200.5	13.6628	597.285	5.0901	3
200.6	13.6565	596.3795	5.0906	3
200.7	13.6501	595.563	5.0811	3
200.8	13.6436	594.7808	5.0921	3
200.9	13.6368	593.9796	5.0875	3
201	13.6299	593.1243	5.0811	3
201.1	13.623	592.2999	5.0863	3
201.2	13.6161	591.5518	5.0869	3
201.3	13.6092	590.6847	5.0885	3
201.4	13.6018	589.8909	5.0893	3
201.5	13.5946	589.0185	5.088	3
201.6	13.5875	588.101	5.0882	3
201.7	13.5811	587.23	5.087	3
201.8	13.575	586.3393	5.0782	3
201.9	13.5686	585.5431	5.0788	3
202	13.5619	584.8181	5.0779	3
202.1	13.5549	583.9656	5.067	3
202.2	13.5478	583.1691	5.073	3
202.3	13.5405	582.4144	5.0866	3
202.4	13.533	581.6578	5.0853	3
202.5	13.5255	580.7509	5.0784	3
202.6	13.5185	579.9068	5.0806	3
202.7	13.5115	578.9537	5.0857	3
202.8	13.5046	578.1605	5.0775	3
202.9	13.498	577.2413	5.0791	3
203	13.4914	576.4158	5.0706	3
203.1	13.4846	575.609	5.0777	3
203.2	13.478	574.657	5.0853	3
203.3	13.4716	573.8639	5.0903	3
203.4	13.4653	573.0454	5.1013	3
203.5	13.4587	572.3201	5.1125	3
203.6	13.4523	571.339	5.1035	3
203.7	13.4461	570.3941	5.0861	3
203.8	13.4401	569.667	5.0761	3
203.9	13.4336	568.9057	5.0851	3
204	13.4267	568.117	5.0949	3
204.1	13.4197	567.3866	5.0893	3
204.2	13.4126	566.5717	5.0859	3
204.3	13.4053	565.7492	5.1102	3
204.4	13.3984	564.7526	5.1202	3
204.5	13.3921	563.8007	5.1067	3
204.6	13.3856	563.0823	5.0937	3
204.7	13.3784	562.4348	5.0896	3
204.8	13.3706	561.6435	5.1018	3
204.9	13.3629	560.8343	5.1128	3
205	13.3552	559.9984	5.1096	3
205.1	13.3476	559.0836	5.0971	3
205.2	13.3406	558.2133	5.0886	3
205.3	13.3335	557.3141	5.0911	3
205.4	13.3262	556.5182	5.0838	3
205.5	13.319	555.688	5.0714	3
205.6	13.312	554.763	5.0778	3
205.7	13.3053	553.9102	5.0888	3
205.8	13.2988	553.0352	5.0858	3
205.9	13.2918	552.3279	5.0815	3
206	13.2847	551.447	5.0849	3
206.1	13.278	550.5544	5.0809	3
206.2	13.2714	549.7871	5.0884	3
206.3	13.2646	548.9833	5.0873	3
206.4	13.2577	548.0943	5.0854	3
206.5	13.2512	547.2518	5.0798	3
206.6	13.2443	546.4475	5.0773	3
206.7	13.2373	545.6909	5.0687	3
206.8	13.2305	544.7071	5.0789	3
206.9	13.2239	543.8227	5.0929	3
207	13.2176	543.1113	5.0885	3
207.1	13.2111	542.2075	5.085	3
207.2	13.2046	541.2943	5.0847	3
207.3	13.1983	540.4943	5.0754	3
207.4	13.1922	539.635	5.0713	3
207.5	13.1862	538.8246	5.0685	3
207.6	13.1803	537.9508	5.0822	3
207.7	13.1743	537.1087	5.087	3
207.8	13.168	536.4019	5.0808	3
207.9	13.1614	535.5427	5.0659	3
208	13.1551	534.5969	5.0618	3
208.1	13.1491	533.7873	5.0684	3
208.2	13.143	532.992	5.0718	3
208.3	13.1365	532.1911	5.061	3
208.4	13.1303	531.3883	5.0569	3
208.5	13.1235	530.584	5.056	3
208.6	13.1167	529.8035	5.0597	3
208.7	13.11	528.9826	5.0623	3
208.8	13.1031	528.1848	5.0607	3
208.9	13.096	527.3491	5.0705	3
209	13.0887	526.6226	5.0643	3
209.1	13.0812	525.6831	5.0541	3
209.2	13.0742	524.7982	5.0622	3
209.3	13.067	524.0104	5.0526	3
209.4	13.0597	523.2621	5.0451	3
209.5	13.0525	522.4124	5.0502	3
209.6	13.0452	521.52	5.056	3
209.7	13.0379	520.7304	5.0505	3
209.8	13.0306	519.9002	5.0541	3
209.9	13.0232	519.0831	5.056	3
210	13.0159	518.2344	5.0591	3
210.1	13.0087	517.2789	5.0498	3
210.2	13.002	516.3786	5.0439	3
210.3	12.9955	515.5576	5.0398	3
210.4	12.9887	514.8068	5.0361	3
210.5	12.9821	513.9079	5.041	3
210.6	12.9753	513.0866	5.0593	3
210.7	12.9687	512.1127	5.0658	3
210.8	12.9629	511.1942	5.0545	3
210.9	12.9572	510.3827	5.0532	3
211	12.9514	509.6098	5.0483	3
211.1	12.9458	508.6784	5.0531	3
211.2	12.9404	507.7086	5.0536	3
211.3	12.9354	506.8858	5.0519	3
211.4	12.9301	506.1635	5.0452	3
211.5	12.9244	505.3995	5.043	3
211.6	12.9186	504.5486	5.0479	3
211.7	12.9128	503.6871	5.052	3
211.8	12.9073	502.8144	5.0609	3
211.9	12.902	502.0334	5.0542	3
212	12.8963	501.299	5.0556	3
212.1	12.8899	500.5081	5.0571	3
212.2	12.8838	499.5682	5.0521	3
212.3	12.8781	498.7513	5.052	3
212.4	12.8726	497.8518	5.0581	3
212.5	12.8674	496.843	5.0587	3
212.6	12.8627	496.0058	5.0582	3
212.7	12.8579	495.1831	5.0558	3
212.8	12.853	494.4287	5.0623	3
212.9	12.8477	493.6302	5.0672	3
213	12.8423	492.7993	5.0723	3
213.1	12.8369	492.0654	5.0652	3
213.2	12.8315	491.1456	5.0451	3
213.3	12.8261	490.2587	5.0555	3
213.4	12.8205	489.5569	5.0641	3
213.5	12.8146	488.8363	5.0533	3
213.6	12.8083	488.0473	5.0479	3
213.7	12.802	487.1994	5.0539	3
213.8	12.7955	486.4172	5.0573	3
213.9	12.789	485.7394	5.0652	3
214	12.782	484.8382	5.0675	3
214.1	12.7747	484.06	5.0584	3
214.2	12.7673	483.3317	5.051	3
214.3	12.7598	482.4219	5.0551	3
214.4	12.7522	481.6203	5.0493	3
214.5	12.7446	480.8	5.045	3
214.6	12.737	479.9464	5.044	3
214.7	12.7295	479.1802	5.0544	3
214.8	12.7218	478.2751	5.0578	3
214.9	12.7142	477.5229	5.0604	3
215	12.7064	476.6637	5.0558	3
215.1	12.6983	475.8553	5.0609	3
215.2	12.6904	475.0615	5.0766	3
215.3	12.6829	474.0764	5.0766	3
215.4	12.6756	473.2373	5.0682	3
215.5	12.668	472.4854	5.0731	3
215.6	12.6604	471.6466	5.0822	3
215.7	12.6531	470.6384	5.0865	3
215.8	12.6467	469.6776	5.0925	3
215.9	12.6405	468.8283	5.0922	3
216	12.6345	467.9492	5.0794	3
216.1	12.6289	466.9256	5.0865	3
216.2	12.6235	466.1322	5.0934	3
216.3	12.6182	465.2693	5.0874	3
216.4	12.6131	464.4201	5.0869	3
216.5	12.6077	463.5637	5.0715	3
216.6	12.6024	462.7957	5.0697	3
216.7	12.5971	461.8963	5.0878	3
216.8	12.5916	461.2118	5.093	3
216.9	12.5859	460.2995	5.0872	3
217	12.5808	459.3993	5.0763	3
217.1	12.5759	458.5615	5.069	3
217.2	12.5708	457.8155	5.0769	3
217.3	12.5653	457.003	5.0859	3
217.4	12.5599	456.1267	5.0734	3
217.5	12.5546	455.2351	5.0672	3
217.6	12.5493	454.4505	5.0726	3
217.7	12.5438	453.7693	5.0684	3
217.8	12.5381	452.8115	5.0586	3
217.9	12.5325	452.0792	5.0675	3
218	12.5269	451.2263	5.0674	3
218.1	12.521	450.3062	5.0547	3
218.2	12.5156	449.489	5.0541	3
218.3	12.5102	448.5479	5.0567	3
218.4	12.5052	447.7224	5.0466	3
218.5	12.5008	446.7798	5.06	3
218.6	12.4963	445.9588	5.0636	3
218.7	12.4917	445.1475	5.0489	3
218.8	12.4871	444.3391	5.0517	3
218.9	12.4824	443.5884	5.0568	3
219	12.4772	442.7755	5.0687	3
219.1	12.4721	441.9238	5.0757	3
219.2	12.4673	440.9461	5.0723	3
219.3	12.4623	440.2638	5.0709	3
219.4	12.4569	439.4697	5.0723	3
219.5	12.4516	438.5672	5.0755	3
219.6	12.4465	437.7824	5.073	3
219.7	12.4413	436.9681	5.0815	3
219.8	12.4359	436.2505	5.0888	3
219.9	12.4302	435.4386	5.0948	3
220	12.4245	434.5439	5.0995	3
220.1	12.4189	433.7262	5.1004	3
220.2	12.4132	432.9573	5.105	3
220.3	12.407	432.1648	5.1042	3
220.4	12.4007	431.338	5.1013	3
220.5	12.3946	430.5347	5.0928	3
220.6	12.3882	429.7072	5.0836	3
220.7	12.3819	428.8355	5.085	3
220.8	12.3756	428.015	5.0794	3
220.9	12.3693	427.1643	5.075	3
221	12.363	426.2741	5.0876	3
221.1	12.357	425.5252	5.0752	3
221.2	12.3508	424.6683	5.0789	3
221.3	12.3445	423.8776	5.0942	3
221.4	12.338	423.0799	5.0875	3
221.5	12.3314	422.1743	5.0733	3
221.6	12.3255	421.2765	5.0732	3
221.7	12.3199	420.4024	5.0807	3
221.8	12.3142	419.5697	5.0846	3
221.9	12.3082	418.7412	5.0778	3
222	12.3022	417.9442	5.0954	3
222.1	12.2962	417.1279	5.1	3
222.2	12.2898	416.3451	5.0872	3
222.3	12.2832	415.5188	5.0747	3
222.4	12.2768	414.6252	5.0726	3
222.5	12.2707	413.83	5.0722	3
222.6	12.2646	413.0517	5.0731	3
222.7	12.2582	412.1742	5.0642	3
222.8	12.252	411.3603	5.0585	3
222.9	12.2456	410.5323	5.062	3
223	12.239	409.6814	5.076	3
223.1	12.2325	408.9062	5.0829	3
223.2	12.2259	408.0723	5.0709	3
223.3	12.2192	407.2472	5.0583	3
223.4	12.2125	406.4674	5.0566	3
223.5	12.2054	405.6906	5.0608	3
223.6	12.1984	404.877	5.0629	3
223.7	12.1914	403.9735	5.0667	3
223.8	12.1845	403.1658	5.084	3
223.9	12.1773	402.3846	5.0797	3
224	12.1699	401.5703	5.0783	3
224.1	12.1625	400.7236	5.0768	3
224.2	12.155	399.9601	5.0618	3
224.3	12.1476	399.1214	5.0556	3
224.4	12.1402	398.3015	5.0604	3
224.5	12.1327	397.4701	5.0704	3
224.6	12.125	396.6533	5.0748	3
224.7	12.1171	395.8387	5.0704	3
224.8	12.1093	394.9905	5.0746	3
224.9	12.1015	394.1452	5.0609	3
225	12.094	393.1843	5.0562	3
225.1	12.0869	392.3636	5.0604	3
225.2	12.0794	391.5927	5.0652	3
225.3	12.0719	390.789	5.0742	3
225.4	12.0641	389.9417	5.0723	3
225.5	12.0565	389.1257	5.0806	3
225.6	12.0488	388.3122	5.0882	3
225.7	12.0412	387.4323	5.0838	3
225.8	12.0337	386.5098	5.0792	3
225.9	12.0262	385.7557	5.0778	3
226	12.0189	384.8981	5.0704	3
226.1	12.0115	384.0521	5.0686	3
226.2	12.0041	383.2265	5.0733	3
226.3	11.9965	382.4042	5.0701	3
226.4	11.989	381.5923	5.0633	3
226.5	11.9815	380.7728	5.0607	3
226.6	11.9738	380.0211	5.0667	3
226.7	11.9659	379.156	5.0708	3
226.8	11.9581	378.327	5.0687	3
226.9	11.9503	377.4581	5.0677	3
227	11.9427	376.5295	5.0631	3
227.1	11.9353	375.7715	5.0702	3
227.2	11.9276	374.9947	5.0819	3
227.3	11.9199	374.1342	5.085	3
227.4	11.9118	373.375	5.0839	3
227.5	11.9039	372.4685	5.0851	3
227.6	11.8963	371.6118	5.0848	3
227.7	11.8886	370.7707	5.0832	3
227.8	11.8811	369.9193	5.0652	3
227.9	11.8733	369.1309	5.076	3
228	11.8655	368.3043	5.0842	3
228.1	11.8579	367.4234	5.0725	3
228.2	11.8503	366.5778	5.0627	3
228.3	11.8428	365.7372	5.0654	3
228.4	11.8355	364.8996	5.0792	3
228.5	11.8282	364.151	5.095	3
228.6	11.8204	363.3281	5.0924	3
228.7	11.8125	362.4493	5.0891	3
228.8	11.8048	361.6186	5.084	3
228.9	11.7972	360.7486	5.0967	3
229	11.7897	359.9218	5.0978	3
229.1	11.7824	359.1123	5.0889	3
229.2	11.7748	358.2764	5.0835	3
229.3	11.767	357.4815	5.072	3
229.4	11.7591	356.6418	5.0741	3
229.5	11.7512	355.8503	5.0827	3
229.6	11.7429	355.1171	5.0871	3
229.7	11.7342	354.3872	5.0815	3
229.8	11.7255	353.5001	5.067	3
229.9	11.717	352.5956	5.0741	3
230	11.7086	351.7367	5.0801	3
230.1	11.7004	350.8681	5.0751	3
230.2	11.6922	350.0492	5.0632	3
230.3	11.6839	349.1962	5.0685	3
230.4	11.6758	348.4281	5.0736	3
230.5	11.6677	347.5457	5.076	3
230.6	11.6595	346.7651	5.0758	3
230.7	11.6514	345.8938	5.0709	3
230.8	11.6432	345.0103	5.0672	3
230.9	11.6351	344.2334	5.074	3
231	11.627	343.3205	5.0665	3
231.1	11.6191	342.4568	5.0698	3
231.2	11.6115	341.6108	5.076	3
231.3	11.6035	340.8634	5.0727	3
231.4	11.5953	340.0739	5.0694	3
231.5	11.5872	339.1842	5.072	3
231.6	11.5793	338.3266	5.082	3
231.7	11.5713	337.5391	5.0889	3
231.8	11.5628	336.7836	5.0909	3
231.9	11.5544	335.9234	5.0739	3
232	11.5463	335.0696	5.0676	3
232.1	11.538	334.2917	5.0731	3
232.2	11.5291	333.4404	5.0789	3
232.3	11.5206	332.6011	5.0956	3
232.4	11.5122	331.8362	5.0928	3
232.5	11.5036	331.1174	5.0693	3
232.6	11.4946	330.241	5.0701	3
232.7	11.4857	329.2766	5.0844	3
232.8	11.4772	328.3452	5.0732	3
232.9	11.469	327.5378	5.0513	3
233	11.461	326.6478	5.0552	3
233.1	11.4532	325.7009	5.0667	3
233.2	11.4456	324.9521	5.0773	3
233.3	11.4378	324.1825	5.0732	3
233.4	11.4299	323.2608	5.0646	3
233.5	11.4226	322.3423	5.0716	3
233.6	11.4157	321.4212	5.0744	3
233.7	11.4088	320.5072	5.0697	3
233.8	11.4021	319.7404	5.0662	3
233.9	11.3956	318.8874	5.0643	3
234	11.3887	318.0883	5.0671	3
234.1	11.3815	317.3722	5.0722	3
234.2	11.374	316.5187	5.0686	3
234.3	11.3669	315.6806	5.0649	3
234.4	11.3597	314.7776	5.0727	3
234.5	11.3525	314.0563	5.0618	3
234.6	11.3449	313.2822	5.0428	3
234.7	11.3374	312.4151	5.0378	3
234.8	11.3298	311.586	5.0477	3
234.9	11.3223	310.7399	5.0501	3
235	11.3147	309.9202	5.0483	3
235.1	11.307	309.103	5.0466	3
235.2	11.2995	308.1611	5.035	3
235.3	11.2925	307.2151	5.0345	3
235.4	11.2859	306.3617	5.0545	3
235.5	11.2793	305.4729	5.0433	3
235.6	11.2728	304.726	5.037	3
235.7	11.2662	303.9898	5.0541	3
235.8	11.2592	303.0761	5.0677	3
235.9	11.2522	302.2651	5.0793	3
236	11.2453	301.4743	5.0847	3
236.1	11.2383	300.5984	5.0883	3
236.2	11.2315	299.7432	5.0834	3
236.3	11.2248	298.9689	5.0728	3
236.4	11.2176	298.1185	5.0588	3
236.5	11.2107	297.2171	5.0493	3
236.6	11.2038	296.4667	5.0624	3
236.7	11.1969	295.7298	5.0633	3
236.8	11.1896	294.8805	5.0563	3
236.9	11.1822	294.1007	5.0468	3
237	11.1747	293.3083	5.0463	3
237.1	11.1666	292.5304	5.0607	3
237.2	11.1583	291.7341	5.0628	3
237.3	11.15	290.9168	5.0617	3
237.4	11.1421	289.9921	5.0496	3
237.5	11.1343	289.0915	5.0426	3
237.6	11.1262	288.3539	5.0512	3
237.7	11.1181	287.6764	5.0558	3
237.8	11.1097	286.8032	5.0596	3
237.9	11.101	285.9882	5.0567	3
238	11.0922	285.2112	5.0518	3
238.1	11.0832	284.3215	5.0484	3
238.2	11.0745	283.4146	5.0442	3
238.3	11.0662	282.512	5.0399	3
238.4	11.0578	281.7838	5.0541	3
238.5	11.0494	280.9752	5.0554	3
238.6	11.0412	280.1137	5.0444	3
238.7	11.0328	279.2831	5.0405	3
238.8	11.024	278.4631	5.0388	3
238.9	11.0156	277.6377	5.0543	3
239	11.0072	276.7288	5.0666	3
239.1	10.9989	275.9269	5.061	3
239.2	10.9906	275.06	5.0622	3
239.3	10.9824	274.1889	5.0617	3
239.4	10.9743	273.3208	5.0724	3
239.5	10.9663	272.5284	5.0715	3
239.6	10.9582	271.7749	5.0647	3
239.7	10.9496	270.9183	5.0601	3
239.8	10.9411	270.1457	5.0604	3
239.9	10.9325	269.3124	5.0672	3
240	10.9242	268.4614	5.0666	3
240.1	10.9158	267.594	5.0396	3
240.2	10.9071	266.7917	5.0407	3
240.3	10.8983	266.0564	5.0724	3
240.4	10.8895	265.1661	5.0643	3
240.5	10.8805	264.3494	5.0471	3
240.6	10.8716	263.5176	5.0474	3
240.7	10.8627	262.6767	5.0516	3
240.8	10.8538	261.8221	5.0487	3
240.9	10.8451	260.9629	5.0488	3
241	10.8364	260.1117	5.0429	3
241.1	10.8276	259.2991	5.0329	3
241.2	10.8189	258.4737	5.0389	3
241.3	10.8103	257.6114	5.0342	3
241.4	10.802	256.7218	5.044	3
241.5	10.7934	255.989	5.0516	3
241.6	10.7847	255.1458	5.0634	3
241.7	10.7759	254.1555	5.064	3
241.8	10.7675	253.3355	5.058	3
241.9	10.7595	252.5309	5.0633	3
242	10.7513	251.6237	5.0677	3
242.1	10.7435	250.7919	5.0726	3
242.2	10.736	249.8227	5.0799	3
242.3	10.7289	249.0087	5.0703	3
242.4	10.7217	248.221	5.0701	3
242.5	10.7143	247.362	5.0733	3
242.6	10.707	246.4689	5.0647	3
242.7	10.6999	245.6457	5.0644	3
242.8	10.6929	244.7578	5.0638	3
242.9	10.6859	243.9142	5.0605	3
243	10.6788	243.1614	5.0628	3
243.1	10.6714	242.4109	5.0638	3
243.2	10.6638	241.56	5.0698	3
243.3	10.6564	240.6139	5.0731	3
243.4	10.6492	239.8483	5.0884	3
243.5	10.6418	239.1058	5.099	3
243.6	10.6342	238.3333	5.0854	3
243.7	10.6266	237.4295	5.0833	3
243.8	10.619	236.5119	5.079	3
243.9	10.6114	235.7545	5.0604	3
244	10.6037	234.9049	5.0573	3
244.1	10.5961	234.1135	5.0642	3
244.2	10.5884	233.3272	5.0553	3
244.3	10.5806	232.4174	5.0561	3
244.4	10.5729	231.5469	5.0592	3
244.5	10.5656	230.7443	5.0705	3
244.6	10.5581	229.8489	5.0813	3
244.7	10.551	228.9461	5.0803	3
244.8	10.544	228.1461	5.0817	3
244.9	10.5366	227.3678	5.0752	3
245	10.529	226.546	5.0757	3
245.1	10.5212	225.7727	5.0629	3
245.2	10.5133	225.0223	5.0701	3
245.3	10.5053	224.2291	5.0944	3
245.4	10.4968	223.4704	5.0968	3
245.5	10.4881	222.666	5.0868	3
245.6	10.4797	221.7757	5.0757	3
245.7	10.4714	220.8586	5.0645	3
245.8	10.4632	220.0319	5.0687	3
245.9	10.4551	219.1585	5.0804	3
246	10.447	218.3175	5.0799	3
246.1	10.4389	217.5473	5.074	3
246.2	10.4306	216.7856	5.0692	3
246.3	10.4222	215.9375	5.068	3
246.4	10.4138	215.0631	5.0738	3
246.5	10.4053	214.3093	5.0771	3
246.6	10.3966	213.4677	5.07	3
246.7	10.388	212.6452	5.0599	3
246.8	10.3797	211.7434	5.0587	3
246.9	10.3713	210.8956	5.0798	3
247	10.3628	210.1495	5.093	3
247.1	10.3541	209.3077	5.0872	3
247.2	10.3454	208.4255	5.0748	3
247.3	10.3369	207.5915	5.0789	3
247.4	10.3284	206.8665	5.0789	3
247.5	10.3193	206.1511	5.0707	3
247.6	10.3102	205.1942	5.0746	3
247.7	10.3013	204.3116	5.0714	3
247.8	10.2924	203.4809	5.0711	3
247.9	10.2836	202.6241	5.0727	3
248	10.2749	201.7464	5.0758	3
248.1	10.2665	200.9134	5.0816	3
248.2	10.258	200.0838	5.0891	3
248.3	10.2495	199.2239	5.0882	3
248.4	10.2412	198.3274	5.0721	3
248.5	10.2337	197.4195	5.0617	3
248.6	10.2263	196.5996	5.0583	3
248.7	10.2186	195.7571	5.0734	3
248.8	10.211	194.8615	5.0786	3
248.9	10.2034	194.0512	5.0771	3
249	10.1957	193.2112	5.0789	3
249.1	10.1882	192.3648	5.0795	3
249.2	10.1807	191.4641	5.0778	3
249.3	10.1735	190.7057	5.0777	3
249.4	10.1663	189.8759	5.0767	3
249.5	10.1591	188.9724	5.0813	3
249.6	10.1518	188.2071	5.079	3
249.7	10.1444	187.3275	5.0727	3
249.8	10.137	186.56	5.087	3
249.9	10.1295	185.7641	5.0924	3
250	10.1217	184.9628	5.0845	3
250.1	10.114	184.075	5.0828	3
250.2	10.1063	183.2464	5.08	3
250.3	10.0987	182.4398	5.0729	3
250.4	10.0911	181.6244	5.071	3
250.5	10.0835	180.8451	5.0797	3
250.6	10.0754	180.0202	5.0815	3
250.7	10.067	179.238	5.0814	3
250.8	10.0587	178.4653	5.0783	3
250.9	10.05	177.6419	5.0743	3
251	10.0411	176.9007	5.0732	3
251.1	10.032	176.0737	5.0722	3
251.2	10.0228	175.205	5.0837	3
251.3	10.0137	174.4102	5.0876	3
251.4	10.0046	173.6056	5.0993	3
251.5	9.9952	172.7622	5.0966	3
251.6	9.9859	171.936	5.0951	3
251.7	9.9765	171.036	5.1045	3
251.8	9.9674	170.2939	5.1077	3
251.9	9.9585	169.3956	5.1044	3
252	9.9493	168.5421	5.1035	3
252.1	9.9402	167.6549	5.1005	3
252.2	9.9313	166.8788	5.0884	3
252.3	9.9224	166.0785	5.0837	3
252.4	9.9135	165.1954	5.0897	3
252.5	9.9044	164.2755	5.0876	3
252.6	9.8955	163.4932	5.0769	3
252.7	9.8871	162.654	5.0775	3
252.8	9.8783	161.7318	5.0804	3
252.9	9.8696	160.9516	5.0852	3
253	9.861	160.0941	5.0839	3
253.1	9.8524	159.2808	5.0849	3
253.2	9.8437	158.5607	5.0847	3
253.3	9.8347	157.7129	5.0941	3
253.4	9.8254	156.8667	5.1016	3
253.5	9.8161	156.0893	5.0982	3
253.6	9.8065	155.3827	5.0982	3
253.7	9.7968	154.4994	5.0986	3
253.8	9.7871	153.6846	5.0848	3
253.9	9.7773	152.8991	5.0794	3
254	9.7673	152.1353	5.096	3
254.1	9.7572	151.3186	5.1171	3
254.2	9.7468	150.4516	5.1235	3
254.3	9.7362	149.6546	5.1148	3
254.4	9.7259	148.8406	5.1123	3
254.5	9.7152	148.0281	5.1141	3
254.6	9.7043	147.2324	5.1026	3
254.7	9.6938	146.3353	5.0974	3
254.8	9.6834	145.485	5.104	3
254.9	9.6733	144.6148	5.1064	3
255	9.6631	143.7564	5.0977	3
255.1	9.6531	142.8329	5.0866	3
255.2	9.6436	141.9137	5.0902	3
255.3	9.6344	141.0834	5.0951	3
255.4	9.625	140.287	5.0857	3
255.5	9.6154	139.424	5.0885	3
255.6	9.6064	138.5982	5.0957	3
255.7	9.5973	137.7426	5.0972	3
255.8	9.5879	136.8469	5.0879	3
255.9	9.579	135.8725	5.0859	3
256	9.5707	134.9771	5.092	3
256.1	9.5626	134.1432	5.0815	3
256.2	9.5543	133.3154	5.0793	3
256.3	9.5461	132.552	5.0848	3
256.4	9.5381	131.6463	5.0869	3
256.5	9.5299	130.827	5.0956	3
256.6	9.5216	130.1004	5.1043	3
256.7	9.5132	129.1501	5.1027	3
256.8	9.5052	128.3101	5.1071	3
256.9	9.4971	127.499	5.1087	3
257	9.4885	126.7571	5.1053	3
257.1	9.4798	126.0241	5.1173	3
257.2	9.4708	125.2103	5.1041	3
257.3	9.4617	124.3424	5.0893	3
257.4	9.4527	123.4872	5.097	3
257.5	9.444	122.6984	5.1081	3
257.6	9.4352	121.8069	5.0979	3
257.7	9.4263	120.9883	5.0829	3
257.8	9.4174	120.155	5.1029	3
257.9	9.4082	119.4295	5.1161	3
258	9.3988	118.6747	5.1085	3
258.1	9.389	117.8435	5.1016	3
258.2	9.3793	116.9799	5.1064	3
258.3	9.3699	116.1182	5.1161	3
258.4	9.3602	115.3144	5.1105	3
258.5	9.3504	114.6034	5.1115	3
258.6	9.3406	113.7347	5.119	3
258.7	9.3306	112.8845	5.1111	3
258.8	9.3208	112.0366	5.1056	3
258.9	9.3109	111.2394	5.0951	3
259	9.3009	110.3601	5.084	3
259.1	9.291	109.5846	5.0823	3
259.2	9.2807	108.7739	5.0897	3
259.3	9.2703	107.9365	5.0887	3
259.4	9.2599	107.1868	5.0872	3
259.5	9.2491	106.4088	5.1041	3
259.6	9.2383	105.6204	5.1045	3
259.7	9.2274	104.714	5.0909	3
259.8	9.2164	103.9368	5.0809	3
259.9	9.2052	103.1788	5.0903	3
260	9.194	102.2956	5.0869	3
260.1	9.1829	101.426	5.0871	3
260.2	9.1718	100.5653	5.0806	3
260.3	9.161	99.7403	5.0824	3
260.4	9.1502	98.9099	5.0895	3
260.5	9.139	98.1712	5.0816	3
260.6	9.1277	97.3176	5.0546	3
260.7	9.1164	96.5422	5.054	3
260.8	9.1053	95.6349	5.0649	3
260.9	9.0941	94.7752	5.0715	3
261	9.0829	93.9719	5.0625	3
261.1	9.0716	93.0971	5.0662	3
261.2	9.0604	92.2888	5.0817	3
261.3	9.0494	91.501	5.0796	3
261.4	9.038	90.7135	5.0705	3
261.5	9.026	89.9104	5.0704	3
261.6	9.0143	89.0332	5.0877	3
261.7	9.0028	88.1627	5.0964	3
261.8	8.9913	87.3108	5.0888	3
261.9	8.98	86.4798	5.082	3
262	8.9687	85.6147	5.076	3
262.1	8.9574	84.8271	5.0708	3
262.2	8.946	83.941	5.0822	3
262.3	8.9349	83.0945	5.0741	3
262.4	8.9239	82.2312	5.0648	3
262.5	8.9127	81.3874	5.068	3
262.6	8.9017	80.582	5.0721	3
262.7	8.8906	79.7579	5.083	3
262.8	8.8793	78.9589	5.0768	3
262.9	8.868	78.1922	5.0687	3
263	8.8563	77.4149	5.0669	3
263.1	8.8445	76.5992	5.0758	3
263.2	8.8327	75.7775	5.0802	3
263.3	8.8208	74.9671	5.0799	3
263.4	8.8086	74.1597	5.0836	3
263.5	8.7967	73.2667	5.0753	3
263.6	8.7852	72.384	5.0725	3
263.7	8.7738	71.637	5.0828	3
263.8	8.7617	70.9232	5.0853	3
263.9	8.7489	70.1757	5.0853	3
264	8.7356	69.4308	5.099	3
264.1	8.7219	68.6238	5.0918	3
264.2	8.7085	67.7943	5.0845	3
264.3	8.6953	66.8302	5.082	3
264.4	8.6823	65.925	5.0857	3
264.5	8.6694	65.0577	5.0903	3
264.6	8.6568	64.2784	5.0924	3
264.7	8.6441	63.4861	5.0942	3
264.8	8.6312	62.5812	5.0964	3
264.9	8.6183	61.7118	5.1046	3
265	8.6056	60.9497	5.1073	3
265.1	8.5929	60.1379	5.1095	3
265.2	8.58	59.2827	5.1182	3
265.3	8.5668	58.4476	5.1129	3
265.4	8.5536	57.6708	5.1013	3
265.5	8.5405	56.816	5.0856	3
265.6	8.5272	56.0173	5.0759	3
265.7	8.5138	55.2285	5.0899	3
265.8	8.5003	54.369	5.0962	3
265.9	8.4869	53.4794	5.0851	3
266	8.4737	52.6767	5.0731	3
266.1	8.4606	51.8686	5.0729	3
266.2	8.4477	50.9677	5.0809	3
266.3	8.4344	50.1885	5.0751	3
266.4	8.4212	49.4044	5.0638	3
266.5	8.4078	48.5856	5.0645	3
266.6	8.3943	47.6909	5.0661	3
266.7	8.3809	46.8764	5.084	3
266.8	8.3674	46.0321	5.0949	3
266.9	8.3539	45.2212	5.0877	3
267	8.3403	44.3851	5.0841	3
267.1	8.3269	43.499	5.0842	3
267.2	8.3135	42.6865	5.0783	3
267.3	8.3001	41.9041	5.0697	3
267.4	8.2863	41.0778	5.0806	3
267.5	8.2725	40.2592	5.0851	3
267.6	8.2588	39.4688	5.0901	3
267.7	8.2448	38.5977	5.0886	3
267.8	8.2311	37.7368	5.0854	3
267.9	8.217	37.0682	5.0873	3
268	8.2027	36.2195	5.0869	3
268.1	8.1885	35.3681	5.0845	3
268.2	8.1744	34.4929	5.0735	3
268.3	8.1603	33.627	5.087	3
268.4	8.1462	32.8752	5.1004	3
268.5	8.1318	32.0478	5.0959	3
268.6	8.1174	31.245	5.0983	3
268.7	8.1031	30.3854	5.082	3
268.8	8.0887	29.5633	5.0781	3
268.9	8.0742	28.7702	5.0935	3
269	8.0595	27.8914	5.0972	3
269.1	8.0449	27.1409	5.0867	3
269.2	8.0304	26.2732	5.0854	3
269.3	8.0155	25.4472	5.1008	3
269.4	8.0006	24.6889	5.1015	3
269.5	7.9855	23.8304	5.0942	3
269.6	7.9706	23.0244	5.0963	3
269.7	7.9556	22.1819	5.0972	3
269.8	7.9405	21.3933	5.1008	3
269.9	7.9252	20.5462	5.0964	3
270	7.9101	19.6992	5.0979	3
270.1	7.8947	18.9193	5.0926	3
270.2	7.8793	18.141	5.1018	3
270.3	7.864	17.2962	5.1006	3
270.4	7.8484	16.4692	5.0921	3
270.5	7.8327	15.6393	5.1062	3
270.6	7.8168	14.8359	5.1155	3
270.7	7.8009	14.0487	5.1132	3
270.8	7.7851	13.1936	5.1159	3
270.9	7.7692	12.383	5.1198	3
271	7.753	11.5635	5.1134	4
271.1	7.7369	10.7268	5.1077	4
271.2	7.721	10.1622	5.1087	4
271.3	7.7041	8.0435	5.1028	4
271.4	7.6241	-32.5169	5.0984	4
271.5	7.3688	-127.4986	5.1027	4
271.6	6.9847	-194.3701	5.1011	4
271.7	6.5438	-213.3096	5.1101	4
271.8	6.076	-211.8474	5.1144	4
271.9	5.5993	-208.8927	5.1172	4
272	5.1174	-206.574	5.11	4
272.1	4.6304	-202.9929	5.1131	4
272.2	4.1364	-193.654	5.1263	4
272.3	3.6381	-181.883	5.1252	4
272.4	3.139	-172.1955	5.1132	4
272.5	2.6395	-165.3455	5.1178	4
272.6	2.1387	-158.7252	5.12	4
272.7	1.636	-151.0534	5.1169	4
272.8	1.131	-142.434	5.1148	4
272.9	0.6263	-135.3995	5.1141	4
273	0.1201	-129.0699	5.119	4
273.1	-0.3878	-121.8591	5.1292	4
273.2	-0.8984	-112.7352	5.1455	4
273.3	-1.4099	-103.9228	5.1373	4
273.4	-1.9207	-97.1729	5.1259	4
273.5	-2.4317	-90.712	5.1349	4
273.6	-2.9432	-84.2519	5.1357	4
273.7	-3.4553	-77.7169	5.1177	4
273.8	-3.9666	-73.2333	5.1123	4
273.9	-4.478	-69.766	5.1071	4
274	-4.989	-66.8507	5.1069	4
274.1	-5.4996	-63.6813	5.1201	4
274.2	-6.0127	-60.1417	5.1286	4
274.3	-6.525	-57.0172	5.1241	4
274.4	-7.0364	-54.8539	5.1181	4
274.5	-7.5439	-53.369	5.1256	4
274.6	-7.9694	-51.5902	5.1217	4
274.7	-8.2298	-49.0486	5.1158	4
274.8	-8.4176	-47.1778	5.1091	4
274.9	-8.593	-45.9302	5.0899	4
275	-8.7624	-45.0007	5.1057	4
275.1	-8.9283	-44.3136	5.1134	4
275.2	-9.0915	-43.7914	5.1046	4
275.3	-9.2533	-43.3232	5.0977	4
275.4	-9.4142	-42.8747	5.1069	4
275.5	-9.5742	-42.5788	5.1033	4
275.6	-9.7337	-42.2914	5.1048	4
275.7	-9.8926	-41.9496	5.103	4
275.8	-10.0515	-41.5066	5.1048	4
275.9	-10.2101	-40.907	5.1007	4
