Indentation

 + Advanced

+ Advanced
   Acquisition rate :	10.0 [Hz]
   Linear loading
   Max load :	1000.00 	µN
   Loading rate :	500.00 	µN/min
   Unloading rate :	500.00 	µN/min
   Pause :	30.0 s

+ TTX - UNHT Bio S/N: 1000136751 settings
   Fn contact : 25 µN
   Approach distance : 20 µm
   Approach speed : 100 µm/min
   Retract speed : 200 µm/min
   Retract time : 5 sec
   Dz sensor in large range
   Load in fine range
   FnRef in fine range
   FnRef contactload :500.000 µN
   Stiffness threshold : 1 µN/µm

   X Position :10523.04 µm
   Y Position :38057.90 µm
   Z Position :8357.92 µm

Date :6/9/2026
Time :10:04:41 AM

Analysis n # 1

   Method :	Hertz

 + Parameters

  Load Fit [10%,98%]

 + Main results

   EHz=	734.86 	kPa

 + Hypothesis


 + Additional results

   ErHz=	807.54 kPa
   h offset=	7.56 µm
   R2=	1.00

Analysis n # 2

   Method :	Oliver & Pharr

 + Parameters

  Unload Fit [40%,98%]

 + Main results

   HIT=	19.368 	kPa
   EIT=	721.88 	kPa
   E*=	793.27 	kPa

 + Hypothesis

   !!! Indenter not calibrated !!!
   m out of O&P hypothesis
   Poisson's ratio(nu)=	0.30 

 + Additional results

   HVIT=	0.0019743 	 Vickers
   CIT 0.001/120/30=	2.91 	%
   nIT=	63.20 %
   Fmax=	1003.18 	µN
   hmax=	20.35 	µm
   S=	203.7136 	µN/µm
   F/S²=	0.0242 	µm²/µN
   hc=	16.77 	µm
   hr=	15.42 	µm
   hp=	-10.76 	µm
   m=	6.3171 
   Epsilon=	0.73 
   R2=	0.998
   Ap=	51794.98 	µm²
   Welast=	3494.61 pJ
   Wplast=	2034.78 pJ
   Wtotal=	5529.39 pJ
   Er=	793.27 	kPa

Measured values
Time (s)	Pd (µm)	Fn (µN)	FnRef (µN)	SegmentID

0	0	0	5.1681	0
0.1	0.2222	0.0292	5.1716	0
0.2	0.4411	0.0899	5.1624	0
0.3	0.657	0.0855	5.1495	0
0.4	0.8696	0.2454	5.145	0
0.5	1.0787	0.4096	5.1454	0
0.6	1.2854	0.5091	5.1505	0
0.7	1.4897	0.7578	5.1505	0
0.8	1.6914	0.9161	5.1586	0
0.9	1.8904	1.1218	5.1493	0
1	2.0874	1.406	5.1401	0
1.1	2.2826	1.7078	5.1399	1
1.2	2.4761	2.0348	5.1474	1
1.3	2.6679	2.4768	5.1553	1
1.4	2.8581	3.0257	5.1559	1
1.5	3.0298	3.3187	5.1706	1
1.6	3.1285	3.368	5.1782	1
1.7	3.1705	3.3817	5.1593	1
1.8	3.2036	3.381	5.1584	1
1.9	3.2362	3.4943	5.169	1
2	3.2691	3.5518	5.1864	1
2.1	3.3039	3.6197	5.1881	1
2.2	3.3404	3.655	5.1824	1
2.3	3.3794	3.758	5.1831	1
2.4	3.4209	3.8962	5.1762	1
2.5	3.465	4.0249	5.1552	1
2.6	3.5123	4.1039	5.1585	1
2.7	3.562	4.2974	5.1751	1
2.8	3.6148	4.5304	5.1758	1
2.9	3.6706	4.6149	5.1741	1
3	3.7294	4.8676	5.1801	1
3.1	3.7914	5.0238	5.182	1
3.2	3.8568	5.1862	5.1778	1
3.3	3.9257	5.5271	5.1766	1
3.4	3.9971	5.7734	5.185	1
3.5	4.0717	6.0331	5.1913	1
3.6	4.1497	6.2826	5.2051	1
3.7	4.2309	6.5589	5.2029	1
3.8	4.3149	6.9759	5.1918	1
3.9	4.4016	7.2943	5.1847	1
4	4.4913	7.6637	5.1746	1
4.1	4.5834	8.0693	5.1744	1
4.2	4.6787	8.4575	5.1804	1
4.3	4.7762	8.9307	5.1722	1
4.4	4.8766	9.3252	5.1602	1
4.5	4.9794	9.8203	5.1676	1
4.6	5.0841	10.4148	5.1746	1
4.7	5.1904	11.0027	5.1766	1
4.8	5.2986	11.5921	5.1819	1
4.9	5.4082	12.2725	5.1825	1
5	5.5187	12.9786	5.1708	1
5.1	5.63	13.741	5.1654	1
5.2	5.7424	14.5538	5.1739	1
5.3	5.855	15.3857	5.1733	1
5.4	5.9675	16.3199	5.166	1
5.5	6.0801	17.2678	5.1674	1
5.6	6.1924	18.3096	5.1753	1
5.7	6.3033	19.4253	5.186	1
5.8	6.413	20.5983	5.1893	1
5.9	6.5216	21.6535	5.1815	1
6	6.6286	22.9635	5.174	1
6.1	6.7331	24.3206	5.1694	1
6.2	6.835	25.5856	5.1812	1
6.3	6.9343	27.0039	5.1743	1
6.4	7.0306	28.3395	5.161	1
6.5	7.1243	29.7076	5.161	1
6.6	7.2156	31.0702	5.1755	1
6.7	7.3038	32.4436	5.1815	1
6.8	7.3894	33.7073	5.1733	1
6.9	7.4719	35.1243	5.1838	1
7	7.5511	36.4644	5.1843	1
7.1	7.6281	37.748	5.1789	1
7.2	7.7024	39.1484	5.181	1
7.3	7.7738	40.3836	5.1797	1
7.4	7.8423	41.7063	5.158	1
7.5	7.9079	43.0344	5.1514	1
7.6	7.9712	44.2602	5.1707	1
7.7	8.0326	45.4345	5.1826	1
7.8	8.0917	46.7047	5.1919	1
7.9	8.1484	48.0074	5.194	1
8	8.2031	49.0318	5.1749	1
8.1	8.2554	50.3611	5.1696	1
8.2	8.3059	51.3633	5.1744	1
8.3	8.3547	52.5155	5.1887	1
8.4	8.4023	53.4898	5.1943	1
8.5	8.4484	54.6251	5.1923	1
8.6	8.4931	55.6254	5.1863	1
8.7	8.5363	56.7032	5.1853	1
8.8	8.5785	57.6291	5.1848	1
8.9	8.6204	58.491	5.1842	1
9	8.6613	59.5109	5.1885	1
9.1	8.7009	60.5139	5.1986	1
9.2	8.7396	61.4864	5.2041	1
9.3	8.7776	62.4526	5.2086	1
9.4	8.8147	63.3821	5.2094	1
9.5	8.8514	64.3539	5.2144	1
9.6	8.8865	65.3955	5.205	1
9.7	8.9208	66.3238	5.2001	1
9.8	8.9546	67.2445	5.1986	1
9.9	8.9875	68.212	5.1947	1
10	9.0196	69.18	5.1829	1
10.1	9.0513	70.1004	5.1771	1
10.2	9.0823	71.0939	5.1768	1
10.3	9.1131	71.8928	5.1763	1
10.4	9.1433	72.7633	5.1857	1
10.5	9.1731	73.5696	5.2069	1
10.6	9.2028	74.4519	5.2027	1
10.7	9.2322	75.4134	5.1827	1
10.8	9.261	76.2458	5.1784	1
10.9	9.2894	77.1768	5.1924	1
11	9.3174	78.1187	5.193	1
11.1	9.3453	79.0178	5.1894	1
11.2	9.3724	79.9181	5.184	1
11.3	9.399	80.7885	5.1983	1
11.4	9.4251	81.6693	5.2073	1
11.5	9.4509	82.5597	5.1898	1
11.6	9.4765	83.4434	5.1964	1
11.7	9.5017	84.3729	5.2028	1
11.8	9.5265	85.2112	5.1959	1
11.9	9.551	86.0528	5.1824	1
12	9.5754	86.8964	5.1743	1
12.1	9.5997	87.817	5.1774	1
12.2	9.6232	88.7737	5.1647	1
12.3	9.6465	89.6526	5.1632	1
12.4	9.67	90.4274	5.174	1
12.5	9.6929	91.3845	5.1852	1
12.6	9.7156	92.2065	5.1848	1
12.7	9.7379	93.0054	5.191	1
12.8	9.7603	93.8986	5.2032	1
12.9	9.7825	94.8023	5.196	1
13	9.804	95.7148	5.1881	1
13.1	9.8253	96.5121	5.186	1
13.2	9.8466	97.3393	5.1816	1
13.3	9.8681	98.1823	5.1741	1
13.4	9.8895	99.0966	5.1799	1
13.5	9.9106	99.9109	5.181	1
13.6	9.9317	100.772	5.1802	1
13.7	9.9525	101.5229	5.1723	1
13.8	9.9733	102.4542	5.1656	1
13.9	9.9939	103.3069	5.1649	1
14	10.0143	104.1464	5.1666	1
14.1	10.0348	105.0538	5.1717	1
14.2	10.0547	105.8786	5.1748	1
14.3	10.075	106.6576	5.1805	1
14.4	10.0955	107.4668	5.1933	1
14.5	10.1159	108.3695	5.2018	1
14.6	10.1356	109.2784	5.194	1
14.7	10.1551	110.183	5.1898	1
14.8	10.1744	110.9539	5.2	1
14.9	10.1936	111.8371	5.2033	1
15	10.2128	112.7735	5.2084	1
15.1	10.2312	113.7288	5.2007	1
15.2	10.2495	114.4629	5.1903	1
15.3	10.2676	115.3161	5.1717	1
15.4	10.2856	116.225	5.1802	1
15.5	10.3037	117.0282	5.1858	1
15.6	10.3215	117.9647	5.18	1
15.7	10.3392	118.8622	5.1821	1
15.8	10.3564	119.7883	5.1759	1
15.9	10.3732	120.5087	5.1792	1
16	10.3901	121.4254	5.1786	1
16.1	10.4065	122.3269	5.1745	1
16.2	10.4229	123.1682	5.1729	1
16.3	10.4389	124.1103	5.1781	1
16.4	10.4549	124.9241	5.1917	1
16.5	10.471	125.7202	5.1843	1
16.6	10.4868	126.5663	5.1618	1
16.7	10.5021	127.4439	5.1594	1
16.8	10.5173	128.3105	5.1633	1
16.9	10.533	129.1489	5.1575	1
17	10.5483	130.0121	5.1686	1
17.1	10.5637	130.8149	5.185	1
17.2	10.5794	131.5849	5.186	1
17.3	10.5948	132.489	5.1928	1
17.4	10.6098	133.3944	5.2073	1
17.5	10.6244	134.29	5.2048	1
17.6	10.6389	135.1065	5.2018	1
17.7	10.6536	135.9122	5.1973	1
17.8	10.6679	136.8096	5.1818	1
17.9	10.6822	137.65	5.1753	1
18	10.6964	138.4782	5.1814	1
18.1	10.7103	139.3414	5.1764	1
18.2	10.7245	140.1649	5.172	1
18.3	10.7387	140.9465	5.1803	1
18.4	10.7529	141.7765	5.1781	1
18.5	10.7672	142.6979	5.1799	1
18.6	10.7813	143.4773	5.177	1
18.7	10.795	144.3754	5.1722	1
18.8	10.8084	145.2306	5.1699	1
18.9	10.8214	146.0964	5.1637	1
19	10.8344	146.8527	5.1491	1
19.1	10.8476	147.6575	5.1341	1
19.2	10.8611	148.5636	5.1424	1
19.3	10.8745	149.3914	5.1507	1
19.4	10.888	150.2209	5.1437	1
19.5	10.9016	151.0492	5.1419	1
19.6	10.9148	151.8896	5.1593	1
19.7	10.9282	152.697	5.1613	1
19.8	10.9416	153.5903	5.1577	1
19.9	10.9551	154.366	5.1703	1
20	10.9685	155.2029	5.1706	1
20.1	10.9818	156.1586	5.1765	1
20.2	10.9947	156.9391	5.1851	1
20.3	11.0077	157.832	5.1852	1
20.4	11.0206	158.6088	5.1865	1
20.5	11.0334	159.5543	5.1881	1
20.6	11.0459	160.4313	5.1705	1
20.7	11.0583	161.228	5.1552	1
20.8	11.0709	162.0126	5.16	1
20.9	11.0836	162.7558	5.1521	1
21	11.0963	163.6512	5.1367	1
21.1	11.1093	164.4568	5.1434	1
21.2	11.1224	165.1846	5.1486	1
21.3	11.1357	166.0068	5.1561	1
21.4	11.149	166.8387	5.1524	1
21.5	11.1623	167.6405	5.1519	1
21.6	11.1758	168.501	5.1529	1
21.7	11.1893	169.3077	5.1492	1
21.8	11.2027	170.1546	5.1453	1
21.9	11.2159	171.0043	5.1492	1
22	11.2291	171.7989	5.144	1
22.1	11.2427	172.6351	5.1382	1
22.2	11.2562	173.4622	5.1433	1
22.3	11.2696	174.393	5.1426	1
22.4	11.2827	175.2479	5.1498	1
22.5	11.2955	176.098	5.1521	1
22.6	11.3087	176.791	5.1411	1
22.7	11.322	177.7896	5.1356	1
22.8	11.3354	178.4713	5.1352	1
22.9	11.3488	179.4099	5.1337	1
23	11.3619	180.2391	5.148	1
23.1	11.3745	181.1308	5.156	1
23.2	11.387	182.0289	5.1519	1
23.3	11.3994	182.7396	5.148	1
23.4	11.4122	183.6253	5.1389	1
23.5	11.425	184.427	5.15	1
23.6	11.4375	185.3417	5.1523	1
23.7	11.4499	186.1429	5.154	1
23.8	11.4626	187.0108	5.1644	1
23.9	11.4751	187.8445	5.1571	1
24	11.4873	188.753	5.1489	1
24.1	11.4994	189.5575	5.1498	1
24.2	11.5117	190.3993	5.1549	1
24.3	11.5238	191.2078	5.1789	1
24.4	11.5359	192.0928	5.1687	1
24.5	11.5478	192.9042	5.1715	1
24.6	11.56	193.7296	5.1732	1
24.7	11.5724	194.5122	5.1717	1
24.8	11.5846	195.4713	5.1671	1
24.9	11.5965	196.3064	5.1601	1
25	11.6087	196.949	5.1518	1
25.1	11.6214	197.7554	5.1642	1
25.2	11.6344	198.455	5.1675	1
25.3	11.6473	199.3583	5.1607	1
25.4	11.6603	200.1676	5.1663	1
25.5	11.6731	201.0634	5.1718	1
25.6	11.686	201.8731	5.1669	1
25.7	11.6989	202.6567	5.1615	1
25.8	11.712	203.4563	5.1613	1
25.9	11.7253	204.3278	5.1506	1
26	11.7383	205.2057	5.1518	1
26.1	11.7512	206.0622	5.1538	1
26.2	11.7641	206.8764	5.1633	1
26.3	11.7772	207.6954	5.1719	1
26.4	11.7902	208.5721	5.1693	1
26.5	11.8034	209.4067	5.1661	1
26.6	11.8162	210.152	5.1685	1
26.7	11.8292	211.0452	5.1656	1
26.8	11.842	211.8913	5.1686	1
26.9	11.8548	212.7794	5.1712	1
27	11.8678	213.4259	5.152	1
27.1	11.8813	214.3214	5.148	1
27.2	11.8946	215.2062	5.1512	1
27.3	11.9071	216.1499	5.1458	1
27.4	11.9197	216.9528	5.1419	1
27.5	11.9321	217.75	5.1431	1
27.6	11.9445	218.6546	5.1486	1
27.7	11.957	219.4648	5.1418	1
27.8	11.9695	220.3132	5.1532	1
27.9	11.9816	221.196	5.1601	1
28	11.9939	222.0455	5.152	1
28.1	12.0065	222.8723	5.1503	1
28.2	12.0188	223.6495	5.1474	1
28.3	12.0311	224.5393	5.1315	1
28.4	12.0428	225.4368	5.1299	1
28.5	12.0546	226.3615	5.1472	1
28.6	12.0663	227.1454	5.1459	1
28.7	12.0778	227.9711	5.1455	1
28.8	12.0898	228.7371	5.1402	1
28.9	12.1017	229.5407	5.1486	1
29	12.1138	230.4518	5.1557	1
29.1	12.1255	231.2516	5.1558	1
29.2	12.1373	232.1156	5.1546	1
29.3	12.1489	232.96	5.144	1
29.4	12.1603	233.8869	5.1468	1
29.5	12.1714	234.8093	5.1506	1
29.6	12.1824	235.5636	5.1469	1
29.7	12.1935	236.4026	5.1345	1
29.8	12.2045	237.3164	5.1318	1
29.9	12.2153	238.0922	5.134	1
30	12.2263	238.882	5.1222	1
30.1	12.2372	239.7669	5.1238	1
30.2	12.2481	240.6191	5.1377	1
30.3	12.2586	241.4719	5.1432	1
30.4	12.2694	242.3386	5.1462	1
30.5	12.2803	243.0757	5.1566	1
30.6	12.2911	243.9114	5.1627	1
30.7	12.3019	244.7179	5.1568	1
30.8	12.313	245.5772	5.1569	1
30.9	12.3238	246.4094	5.1613	1
31	12.3348	247.3379	5.1849	1
31.1	12.3456	248.0824	5.1946	1
31.2	12.3562	249.0059	5.1745	1
31.3	12.3668	249.7972	5.148	1
31.4	12.3773	250.6213	5.1369	1
31.5	12.3882	251.4088	5.1473	1
31.6	12.3994	252.1337	5.1561	1
31.7	12.4106	253.0088	5.159	1
31.8	12.4214	253.9367	5.1618	1
31.9	12.432	254.787	5.163	1
32	12.4426	255.5792	5.1551	1
32.1	12.4533	256.4261	5.1431	1
32.2	12.4642	257.2388	5.1452	1
32.3	12.4746	258.1484	5.152	1
32.4	12.4853	258.9041	5.1386	1
32.5	12.4958	259.7681	5.1386	1
32.6	12.5067	260.6166	5.1519	1
32.7	12.5173	261.4866	5.1623	1
32.8	12.5275	262.3885	5.1471	1
32.9	12.5377	263.1751	5.1415	1
33	12.5478	264.0817	5.142	1
33.1	12.5575	264.9382	5.1412	1
33.2	12.5673	265.8277	5.1567	1
33.3	12.5775	266.4869	5.1675	1
33.4	12.5881	267.3413	5.1606	1
33.5	12.5988	268.0406	5.1469	1
33.6	12.6097	268.8807	5.1533	1
33.7	12.6204	269.7661	5.155	1
33.8	12.6312	270.4711	5.1348	1
33.9	12.6424	271.3083	5.1241	1
34	12.6531	272.2958	5.1285	1
34.1	12.6636	273.091	5.1324	1
34.2	12.674	273.9347	5.1371	1
34.3	12.6848	274.67	5.1392	1
34.4	12.6955	275.6489	5.1525	1
34.5	12.7059	276.4837	5.1535	1
34.6	12.7161	277.2973	5.1412	1
34.7	12.7267	278.1826	5.1386	1
34.8	12.7368	278.9789	5.1411	1
34.9	12.7469	279.8829	5.1371	1
35	12.7571	280.6483	5.1313	1
35.1	12.7673	281.5176	5.1246	1
35.2	12.7774	282.3212	5.1191	1
35.3	12.7871	283.2013	5.1188	1
35.4	12.7972	284.058	5.1219	1
35.5	12.8072	284.8147	5.1219	1
35.6	12.8174	285.7213	5.1313	1
35.7	12.828	286.4703	5.1369	1
35.8	12.8383	287.3836	5.1444	1
35.9	12.8484	288.2088	5.1588	1
36	12.8585	288.9559	5.1703	1
36.1	12.8689	289.7783	5.168	1
36.2	12.8795	290.5235	5.1445	1
36.3	12.89	291.4717	5.1375	1
36.4	12.9004	292.2216	5.1389	1
36.5	12.911	293.0483	5.1428	1
36.6	12.9221	293.8746	5.1544	1
36.7	12.9329	294.7019	5.1579	1
36.8	12.9437	295.6226	5.1561	1
36.9	12.9542	296.4338	5.1568	1
37	12.9645	297.309	5.1539	1
37.1	12.9748	298.0863	5.1471	1
37.2	12.985	299.0508	5.153	1
37.3	12.9951	299.8143	5.1592	1
37.4	13.0054	300.6581	5.1586	1
37.5	13.0157	301.5077	5.1537	1
37.6	13.0257	302.394	5.14	1
37.7	13.0355	303.2546	5.1329	1
37.8	13.0453	304.0178	5.1429	1
37.9	13.0553	304.9366	5.1381	1
38	13.0648	305.8578	5.135	1
38.1	13.0739	306.6933	5.1315	1
38.2	13.0833	307.5013	5.1228	1
38.3	13.0927	308.4014	5.1382	1
38.4	13.1015	309.3179	5.1583	1
38.5	13.11	310.2113	5.1524	1
38.6	13.1186	311.0194	5.15	1
38.7	13.1271	311.7873	5.1411	1
38.8	13.1359	312.6369	5.1404	1
38.9	13.1447	313.4597	5.1568	1
39	13.1534	314.2798	5.1657	1
39.1	13.1623	314.9839	5.1738	1
39.2	13.1718	315.7349	5.1671	1
39.3	13.1816	316.471	5.1621	1
39.4	13.1914	317.3749	5.161	1
39.5	13.2011	318.268	5.1518	1
39.6	13.2107	319.0592	5.1492	1
39.7	13.2206	319.8053	5.1555	1
39.8	13.2304	320.7574	5.1545	1
39.9	13.2401	321.5785	5.1574	1
40	13.2496	322.4311	5.1594	1
40.1	13.2592	323.2527	5.1612	1
40.2	13.2689	324.0218	5.1563	1
40.3	13.2786	324.8792	5.1482	1
40.4	13.2883	325.7426	5.1488	1
40.5	13.2979	326.6078	5.1459	1
40.6	13.3075	327.4722	5.1523	1
40.7	13.317	328.211	5.152	1
40.8	13.3264	329.0574	5.1434	1
40.9	13.3362	329.9921	5.1605	1
41	13.3457	330.7664	5.1608	1
41.1	13.3552	331.5709	5.1622	1
41.2	13.365	332.3621	5.1692	1
41.3	13.3744	333.2882	5.1539	1
41.4	13.3839	334.1444	5.1392	1
41.5	13.3933	334.9194	5.1374	1
41.6	13.4025	335.9081	5.1413	1
41.7	13.4115	336.7247	5.1276	1
41.8	13.4202	337.5939	5.1248	1
41.9	13.4293	338.3645	5.1383	1
42	13.4385	339.1819	5.1366	1
42.1	13.4476	340.132	5.1291	1
42.2	13.4567	340.7701	5.1241	1
42.3	13.466	341.6239	5.1323	1
42.4	13.4757	342.2583	5.1451	1
42.5	13.486	343.1131	5.1391	1
42.6	13.4961	343.9176	5.1356	1
42.7	13.5061	344.8261	5.1441	1
42.8	13.5162	345.5899	5.1316	1
42.9	13.5268	346.2425	5.1206	1
43	13.538	347.1461	5.1329	1
43.1	13.5489	347.9495	5.1501	1
43.2	13.5594	348.9248	5.1485	1
43.3	13.5699	349.6048	5.1508	1
43.4	13.5809	350.4532	5.1456	1
43.5	13.5922	351.3506	5.1488	1
43.6	13.6026	352.2204	5.1653	1
43.7	13.613	353.1002	5.1635	1
43.8	13.6231	353.9259	5.1437	1
43.9	13.6334	354.9441	5.1415	1
44	13.6432	355.664	5.1475	1
44.1	13.6534	356.4401	5.143	1
44.2	13.6638	357.1287	5.1386	1
44.3	13.6745	357.9289	5.1462	1
44.4	13.6855	358.8299	5.1538	1
44.5	13.6962	359.6849	5.1513	1
44.6	13.7067	360.6094	5.1401	1
44.7	13.7171	361.4849	5.1388	1
44.8	13.7273	362.3206	5.1425	1
44.9	13.7377	363.1188	5.1465	1
45	13.7479	363.9961	5.1526	1
45.1	13.7582	364.7595	5.1573	1
45.2	13.7683	365.6811	5.1398	1
45.3	13.7784	366.5014	5.125	1
45.4	13.7881	367.4383	5.1182	1
45.5	13.7975	368.3246	5.1238	1
45.6	13.8071	369.1158	5.1268	1
45.7	13.8165	369.9738	5.1236	1
45.8	13.8261	370.8582	5.1267	1
45.9	13.835	371.7494	5.1325	1
46	13.8438	372.5858	5.1363	1
46.1	13.853	373.2688	5.1219	1
46.2	13.8622	374.1995	5.1306	1
46.3	13.8713	375.026	5.1464	1
46.4	13.8801	375.8938	5.1496	1
46.5	13.8887	376.8219	5.1435	1
46.6	13.8971	377.728	5.1322	1
46.7	13.9053	378.5749	5.1444	1
46.8	13.9136	379.3783	5.1482	1
46.9	13.9219	380.1161	5.1377	1
47	13.9304	380.9548	5.1352	1
47.1	13.9389	381.826	5.1366	1
47.2	13.9472	382.6655	5.1179	1
47.3	13.9556	383.483	5.1165	1
47.4	13.9642	384.2664	5.1349	1
47.5	13.9727	385.1466	5.1438	1
47.6	13.9811	385.9669	5.1396	1
47.7	13.9892	386.8224	5.133	1
47.8	13.9975	387.7581	5.1341	1
47.9	14.0056	388.4315	5.1386	1
48	14.0139	389.2748	5.1356	1
48.1	14.0227	390.0814	5.1384	1
48.2	14.0312	390.9706	5.1318	1
48.3	14.0397	391.8375	5.1283	1
48.4	14.0483	392.6049	5.1299	1
48.5	14.0568	393.4113	5.1296	1
48.6	14.0653	394.324	5.132	1
48.7	14.0736	395.1445	5.1453	1
48.8	14.0817	396.0475	5.1519	1
48.9	14.0897	396.8528	5.1455	1
49	14.0972	397.8627	5.1429	1
49.1	14.1046	398.7337	5.1403	1
49.2	14.1122	399.386	5.1435	1
49.3	14.1201	400.1549	5.1442	1
49.4	14.1283	401.0251	5.1457	1
49.5	14.1361	401.9125	5.1482	1
49.6	14.1439	402.7513	5.1369	1
49.7	14.1518	403.5269	5.1324	1
49.8	14.1596	404.3465	5.1317	1
49.9	14.1675	405.2724	5.1251	1
50	14.1753	405.9847	5.1168	1
50.1	14.1832	406.8168	5.1194	1
50.2	14.1915	407.6698	5.1312	1
50.3	14.1996	408.4542	5.141	1
50.4	14.2077	409.3488	5.1453	1
50.5	14.2158	410.1675	5.1428	1
50.6	14.2239	410.9581	5.1497	1
50.7	14.2324	411.6947	5.163	1
50.8	14.2411	412.479	5.1733	1
50.9	14.2497	413.4401	5.1796	1
51	14.2582	414.2186	5.175	1
51.1	14.2667	415.0666	5.1685	1
51.2	14.2753	415.8507	5.1579	1
51.3	14.2835	416.7843	5.1391	1
51.4	14.2918	417.6134	5.1335	1
51.5	14.3002	418.4108	5.1443	1
51.6	14.3086	419.27	5.1367	1
51.7	14.3172	420.1465	5.1366	1
51.8	14.3255	420.9178	5.1469	1
51.9	14.3342	421.7397	5.1553	1
52	14.3427	422.6066	5.156	1
52.1	14.3511	423.5524	5.16	1
52.2	14.3593	424.2694	5.1598	1
52.3	14.3671	425.197	5.1571	1
52.4	14.3741	426.3707	5.1534	1
52.5	14.3798	427.5145	5.1566	1
52.6	14.3838	428.7069	5.1617	1
52.7	14.3867	429.6712	5.1664	1
52.8	14.3912	429.628	5.1706	1
52.9	14.4008	429.1834	5.1791	1
53	14.4144	429.6717	5.1732	1
53.1	14.4267	431.1581	5.1715	1
53.2	14.4366	432.3526	5.1736	1
53.3	14.4458	433.2443	5.1707	1
53.4	14.455	434.0771	5.1715	1
53.5	14.4642	434.9763	5.1815	1
53.6	14.4728	435.9419	5.1744	1
53.7	14.481	436.7803	5.1713	1
53.8	14.4895	437.5236	5.1716	1
53.9	14.4982	438.3344	5.1643	1
54	14.507	439.153	5.157	1
54.1	14.516	439.9802	5.1596	1
54.2	14.5253	440.762	5.1711	1
54.3	14.5347	441.5011	5.1741	1
54.4	14.5443	442.3694	5.1601	1
54.5	14.5538	443.1854	5.1572	1
54.6	14.5634	443.9588	5.1711	1
54.7	14.5733	444.7931	5.1617	1
54.8	14.583	445.6622	5.1602	1
54.9	14.5926	446.502	5.1525	1
55	14.6023	447.346	5.149	1
55.1	14.6122	448.0711	5.1554	1
55.2	14.6222	448.9835	5.1503	1
55.3	14.6317	449.9215	5.1517	1
55.4	14.641	450.7593	5.1554	1
55.5	14.6502	451.6552	5.159	1
55.6	14.659	452.5894	5.1534	1
55.7	14.6675	453.439	5.1529	1
55.8	14.6763	454.1992	5.1496	1
55.9	14.6855	454.9469	5.1437	1
56	14.6947	455.7854	5.1351	1
56.1	14.7038	456.5061	5.1287	1
56.2	14.7132	457.363	5.1366	1
56.3	14.7228	458.205	5.1307	1
56.4	14.7324	459.0369	5.1259	1
56.5	14.742	459.847	5.133	1
56.6	14.7517	460.6449	5.13	1
56.7	14.7613	461.5202	5.1387	1
56.8	14.7706	462.4745	5.1497	1
56.9	14.7797	463.3713	5.1545	1
57	14.7883	464.2636	5.1521	1
57.1	14.7968	465.1938	5.1517	1
57.2	14.8051	466.0048	5.1633	1
57.3	14.8132	466.8705	5.1634	1
57.4	14.8215	467.5512	5.1555	1
57.5	14.831	468.0724	5.1567	1
57.6	14.8409	469.0491	5.154	1
57.7	14.8485	470.3306	5.1473	1
57.8	14.8562	470.9668	5.1358	1
57.9	14.8645	471.7727	5.1336	1
58	14.8736	472.514	5.1414	1
58.1	14.8825	473.2742	5.1531	1
58.2	14.892	474.0033	5.156	1
58.3	14.9009	474.9224	5.1466	1
58.4	14.91	475.89	5.1371	1
58.5	14.9187	476.7169	5.138	1
58.6	14.9271	477.6311	5.1455	1
58.7	14.9355	478.4552	5.1393	1
58.8	14.9438	479.3284	5.1362	1
58.9	14.952	480.1406	5.1377	1
59	14.9606	480.8483	5.141	1
59.1	14.9693	481.7084	5.1502	1
59.2	14.9784	482.5232	5.1512	1
59.3	14.9872	483.2928	5.1589	1
59.4	14.996	484.1588	5.1507	1
59.5	15.0051	485.0046	5.1444	1
59.6	15.0141	485.8263	5.1421	1
59.7	15.0229	486.6669	5.1544	1
59.8	15.0316	487.5325	5.1544	1
59.9	15.0403	488.3701	5.1574	1
60	15.0489	489.2607	5.1551	1
60.1	15.0573	490.0533	5.1471	1
60.2	15.066	490.9161	5.1543	1
60.3	15.0747	491.7501	5.1444	1
60.4	15.0829	492.5966	5.1347	1
60.5	15.0912	493.4631	5.1313	1
60.6	15.0997	494.3096	5.1328	1
60.7	15.1079	495.1589	5.1531	1
60.8	15.116	495.9954	5.1543	1
60.9	15.1241	496.782	5.1456	1
61	15.1324	497.6917	5.1443	1
61.1	15.1407	498.4948	5.1401	1
61.2	15.1488	499.2992	5.1554	1
61.3	15.1569	500.1367	5.159	1
61.4	15.165	500.9652	5.1556	1
61.5	15.1733	501.8543	5.1518	1
61.6	15.1813	502.6633	5.1609	1
61.7	15.1893	503.4362	5.1664	1
61.8	15.1975	504.2028	5.1504	1
61.9	15.2058	505.1651	5.1518	1
62	15.2138	505.9871	5.1445	1
62.1	15.222	506.7947	5.1409	1
62.2	15.2303	507.6627	5.1517	1
62.3	15.2383	508.5535	5.148	1
62.4	15.2458	509.4575	5.1512	1
62.5	15.2531	510.2445	5.1568	1
62.6	15.2611	510.9421	5.1654	1
62.7	15.2694	511.8529	5.1728	1
62.8	15.2771	512.8399	5.1771	1
62.9	15.2843	513.6449	5.1694	1
63	15.2917	514.394	5.1622	1
63.1	15.2996	515.1969	5.1696	1
63.2	15.3074	516.0437	5.1791	1
63.3	15.3153	516.855	5.1852	1
63.4	15.3231	517.6194	5.1973	1
63.5	15.3312	518.5067	5.1918	1
63.6	15.3392	519.3373	5.1767	1
63.7	15.3472	520.2424	5.1762	1
63.8	15.3551	521.0862	5.1705	1
63.9	15.3629	521.8618	5.1756	1
64	15.3707	522.613	5.1947	1
64.1	15.3786	523.5139	5.1972	1
64.2	15.3863	524.4225	5.1813	1
64.3	15.3936	525.2547	5.1716	1
64.4	15.4012	525.9924	5.1757	1
64.5	15.4091	526.8182	5.1832	1
64.6	15.4171	527.7167	5.177	1
64.7	15.4248	528.51	5.1676	1
64.8	15.4327	529.3684	5.1847	1
64.9	15.4407	530.1209	5.195	1
65	15.4486	530.9201	5.188	1
65.1	15.4564	531.8458	5.1808	1
65.2	15.4642	532.7312	5.1753	1
65.3	15.4722	533.4506	5.1653	1
65.4	15.48	534.3265	5.165	1
65.5	15.4881	535.1655	5.1719	1
65.6	15.4961	535.9353	5.1799	1
65.7	15.5042	536.7763	5.1993	1
65.8	15.5124	537.6269	5.1969	1
65.9	15.5204	538.5295	5.1914	1
66	15.5282	539.3534	5.203	1
66.1	15.5357	540.2363	5.1957	1
66.2	15.5432	541.1662	5.1884	1
66.3	15.5507	541.9369	5.1904	1
66.4	15.5582	542.6776	5.177	1
66.5	15.5658	543.5665	5.1834	1
66.6	15.5734	544.4163	5.1894	1
66.7	15.5807	545.2775	5.1575	1
66.8	15.5882	546.1069	5.1429	1
66.9	15.5957	546.9004	5.1512	1
67	15.6033	547.742	5.1531	1
67.1	15.6111	548.4953	5.1657	1
67.2	15.6186	549.3988	5.1761	1
67.3	15.626	550.2462	5.1814	1
67.4	15.6336	551.0551	5.1927	1
67.5	15.6413	551.9188	5.2	1
67.6	15.6489	552.8035	5.2135	1
67.7	15.6562	553.5886	5.2152	1
67.8	15.6635	554.4183	5.2012	1
67.9	15.671	555.2166	5.1921	1
68	15.6784	556.0927	5.1636	1
68.1	15.686	556.8495	5.1603	1
68.2	15.6936	557.6828	5.1602	1
68.3	15.7015	558.4707	5.165	1
68.4	15.7094	559.3385	5.1633	1
68.5	15.7172	560.1385	5.1531	1
68.6	15.7248	560.988	5.1525	1
68.7	15.7326	561.852	5.15	1
68.8	15.7404	562.6701	5.1455	1
68.9	15.7481	563.5393	5.1508	1
69	15.7555	564.3739	5.1487	1
69.1	15.7629	565.2293	5.1376	1
69.2	15.7703	566.0368	5.1348	1
69.3	15.7779	566.9274	5.1459	1
69.4	15.7856	567.7281	5.1477	1
69.5	15.7931	568.5712	5.1621	1
69.6	15.8007	569.403	5.1709	1
69.7	15.8083	570.2224	5.1663	1
69.8	15.8159	571.0253	5.1713	1
69.9	15.8232	571.9616	5.1729	1
70	15.8304	572.7623	5.1774	1
70.1	15.8377	573.5671	5.1692	1
70.2	15.8451	574.4303	5.1598	1
70.3	15.8524	575.3437	5.1643	1
70.4	15.8591	576.2118	5.1469	1
70.5	15.8661	577.0052	5.1336	1
70.6	15.8733	577.8036	5.1381	1
70.7	15.8804	578.6276	5.1461	1
70.8	15.8875	579.5457	5.1377	1
70.9	15.8945	580.3058	5.1445	1
71	15.9016	581.1081	5.1536	1
71.1	15.9087	581.9446	5.15	1
71.2	15.9161	582.6973	5.1489	1
71.3	15.9235	583.6137	5.1441	1
71.4	15.931	584.3557	5.1341	1
71.5	15.9385	585.1902	5.1435	1
71.6	15.9462	586.1028	5.1696	1
71.7	15.9537	586.8792	5.181	1
71.8	15.9611	587.7906	5.1606	1
71.9	15.9682	588.5954	5.1523	1
72	15.9756	589.4045	5.1691	1
72.1	15.9829	590.2469	5.1756	1
72.2	15.9903	591.0713	5.1699	1
72.3	15.9976	591.9612	5.1743	1
72.4	16.0047	592.8164	5.1829	1
72.5	16.0118	593.614	5.1919	1
72.6	16.0189	594.4357	5.1898	1
72.7	16.0258	595.3454	5.1925	1
72.8	16.0326	596.1689	5.1994	1
72.9	16.0398	596.8672	5.1862	1
73	16.0473	597.7346	5.1905	1
73.1	16.0548	598.6139	5.1929	1
73.2	16.062	599.4621	5.1873	1
73.3	16.069	600.2907	5.1832	1
73.4	16.076	601.1551	5.1788	1
73.5	16.0828	602.0095	5.1751	1
73.6	16.0895	602.9199	5.1854	1
73.7	16.0964	603.6974	5.1896	1
73.8	16.1034	604.4362	5.1685	1
73.9	16.1108	605.275	5.1582	1
74	16.1181	606.0788	5.1626	1
74.1	16.1253	606.8838	5.1732	1
74.2	16.1327	607.7539	5.1707	1
74.3	16.14	608.617	5.1583	1
74.4	16.1471	609.5125	5.1526	1
74.5	16.1541	610.2725	5.1354	1
74.6	16.1612	611.1458	5.121	1
74.7	16.1681	612.0313	5.1342	1
74.8	16.1747	612.8549	5.144	1
74.9	16.1817	613.5713	5.1376	1
75	16.1891	614.4097	5.1347	1
75.1	16.1963	615.3455	5.1358	1
75.2	16.2029	616.1738	5.1401	1
75.3	16.2097	617.0555	5.1478	1
75.4	16.2166	617.7434	5.1463	1
75.5	16.2241	618.3763	5.1419	1
75.6	16.233	618.998	5.1384	1
75.7	16.2428	619.6421	5.1403	1
75.8	16.2521	620.7328	5.1431	1
75.9	16.2599	622.0103	5.1457	1
76	16.2658	623.2723	5.1421	1
76.1	16.2704	624.2672	5.1514	1
76.2	16.2743	625.1046	5.1529	1
76.3	16.2787	625.8817	5.1462	1
76.4	16.2835	626.5356	5.1574	1
76.5	16.289	627.3111	5.1508	1
76.6	16.2952	627.8829	5.1374	1
76.7	16.3017	628.5976	5.14	1
76.8	16.3089	629.4098	5.1437	1
76.9	16.3162	630.1686	5.1515	1
77	16.3239	630.9876	5.1467	1
77.1	16.3315	631.7414	5.139	1
77.2	16.3392	632.6634	5.1439	1
77.3	16.3468	633.5404	5.1501	1
77.4	16.3538	634.4395	5.1659	1
77.5	16.3612	635.1756	5.1738	1
77.6	16.3694	635.7827	5.1543	1
77.7	16.3788	636.2609	5.153	1
77.8	16.3898	636.8801	5.1568	1
77.9	16.4012	637.6636	5.1658	1
78	16.4125	638.5488	5.1671	1
78.1	16.4235	639.4743	5.1613	1
78.2	16.4339	640.4909	5.155	1
78.3	16.444	641.3304	5.1582	1
78.4	16.4542	642.1281	5.1592	1
78.5	16.4646	642.9889	5.1542	1
78.6	16.4745	643.9611	5.1504	1
78.7	16.4838	644.9318	5.1624	1
78.8	16.4928	645.7775	5.1632	1
78.9	16.502	646.494	5.165	1
79	16.5115	647.3485	5.1739	1
79.1	16.5205	648.2465	5.1652	1
79.2	16.5296	649.1416	5.1701	1
79.3	16.5384	649.9235	5.1794	1
79.4	16.5472	650.7985	5.1742	1
79.5	16.5558	651.7385	5.1614	1
79.6	16.5642	652.6102	5.1484	1
79.7	16.5724	653.4879	5.1498	1
79.8	16.5803	654.4552	5.1647	1
79.9	16.5877	655.2744	5.1754	1
80	16.5953	655.9934	5.1699	1
80.1	16.6031	656.8822	5.1605	1
80.2	16.6108	657.7339	5.1601	1
80.3	16.6181	658.6261	5.1489	1
80.4	16.6253	659.4924	5.1404	1
80.5	16.6326	660.304	5.148	1
80.6	16.6398	661.166	5.1556	1
80.7	16.6473	661.9298	5.1508	1
80.8	16.6549	662.7543	5.1398	1
80.9	16.6624	663.5612	5.1353	1
81	16.6699	664.3435	5.1294	1
81.1	16.6774	665.2648	5.1359	1
81.2	16.6849	666.1107	5.1535	1
81.3	16.692	667.05	5.1492	1
81.4	16.6992	667.779	5.1466	1
81.5	16.7066	668.5694	5.147	1
81.6	16.7142	669.4542	5.1508	1
81.7	16.7212	670.2897	5.1576	1
81.8	16.7281	671.1253	5.1652	1
81.9	16.7353	672.0186	5.1604	1
82	16.7422	672.9551	5.1572	1
82.1	16.7484	673.941	5.1591	1
82.2	16.7543	674.7077	5.1525	1
82.3	16.7606	675.4001	5.1547	1
82.4	16.7682	675.8557	5.1769	1
82.5	16.7775	676.3169	5.1719	1
82.6	16.7867	677.4241	5.1528	1
82.7	16.7946	678.6455	5.1447	1
82.8	16.802	679.4247	5.1366	1
82.9	16.809	680.3594	5.1392	1
83	16.8158	681.2176	5.1387	1
83.1	16.8222	682.1056	5.1398	1
83.2	16.8289	682.8369	5.1403	1
83.3	16.836	683.6244	5.1408	1
83.4	16.8431	684.4429	5.1306	1
83.5	16.8499	685.3287	5.1249	1
83.6	16.857	686.0941	5.1365	1
83.7	16.8645	686.9082	5.1349	1
83.8	16.8723	687.7875	5.1414	1
83.9	16.8798	688.5235	5.1577	1
84	16.8874	689.3702	5.1559	1
84.1	16.8951	690.1347	5.1531	1
84.2	16.9027	691.0394	5.1671	1
84.3	16.9101	691.9062	5.1543	1
84.4	16.9176	692.6254	5.1425	1
84.5	16.9254	693.4664	5.142	1
84.6	16.9331	694.2398	5.1476	1
84.7	16.9407	695.2227	5.1468	1
84.8	16.9483	696.0492	5.143	1
84.9	16.956	696.7846	5.1448	1
85	16.964	697.6692	5.1522	1
85.1	16.9717	698.4938	5.1497	1
85.2	16.9794	699.2881	5.1406	1
85.3	16.9873	700.155	5.1431	1
85.4	16.9952	701.0089	5.1424	1
85.5	17.0031	701.7201	5.1392	1
85.6	17.0111	702.6367	5.1498	1
85.7	17.0191	703.4398	5.1533	1
85.8	17.0269	704.2612	5.1517	1
85.9	17.0344	705.2303	5.1493	1
86	17.0418	706.1191	5.1307	1
86.1	17.0492	706.861	5.1458	1
86.2	17.0567	707.6898	5.1689	1
86.3	17.0642	708.6264	5.1698	1
86.4	17.0716	709.4364	5.1542	1
86.5	17.0786	710.1595	5.1472	1
86.6	17.0859	711.1597	5.1614	1
86.7	17.0931	711.9299	5.1655	1
86.8	17.1003	712.765	5.153	1
86.9	17.1078	713.6136	5.1553	1
87	17.1151	714.3975	5.1604	1
87.1	17.1225	715.2687	5.1592	1
87.2	17.1298	716.1144	5.1744	1
87.3	17.137	716.975	5.1924	1
87.4	17.144	717.7825	5.19	1
87.5	17.1514	718.5643	5.1823	1
87.6	17.159	719.3688	5.1766	1
87.7	17.1669	720.091	5.1655	1
87.8	17.1748	720.9096	5.1762	1
87.9	17.1828	721.7831	5.1721	1
88	17.1907	722.5878	5.1704	1
88.1	17.1986	723.4733	5.1611	1
88.2	17.2066	724.216	5.1581	1
88.3	17.2148	725.0133	5.1542	1
88.4	17.2232	725.8605	5.1321	1
88.5	17.2315	726.6697	5.1285	1
88.6	17.2397	727.6192	5.1406	1
88.7	17.2476	728.4725	5.1331	1
88.8	17.2555	729.3568	5.1426	1
88.9	17.2633	730.1698	5.1424	1
89	17.2713	730.9578	5.1474	1
89.1	17.279	731.9067	5.1569	1
89.2	17.2864	732.7201	5.1498	1
89.3	17.2936	733.6438	5.1555	1
89.4	17.301	734.4245	5.1538	1
89.5	17.3083	735.275	5.1394	1
89.6	17.3154	736.1429	5.1411	1
89.7	17.3222	737.0064	5.1541	1
89.8	17.329	737.8244	5.1506	1
89.9	17.3361	738.6209	5.1465	1
90	17.3434	739.4864	5.1479	1
90.1	17.3507	740.2721	5.1591	1
90.2	17.3581	741.0361	5.169	1
90.3	17.3658	741.7831	5.1605	1
90.4	17.3736	742.5867	5.143	1
90.5	17.3815	743.4658	5.137	1
90.6	17.3894	744.329	5.1332	1
90.7	17.397	745.199	5.1429	1
90.8	17.4046	745.9807	5.1333	1
90.9	17.4124	746.7791	5.1249	1
91	17.4202	747.6123	5.1453	1
91.1	17.4282	748.3676	5.1623	1
91.2	17.4362	749.2375	5.1666	1
91.3	17.4445	750.0634	5.1612	1
91.4	17.453	750.8557	5.1473	1
91.5	17.4617	751.6075	5.135	1
91.6	17.4707	752.4287	5.1316	1
91.7	17.4799	753.1852	5.1386	1
91.8	17.4888	754.0477	5.1263	1
91.9	17.4975	754.9088	5.1268	1
92	17.5062	755.8143	5.143	1
92.1	17.5148	756.6907	5.1438	1
92.2	17.5231	757.5267	5.1408	1
92.3	17.5315	758.3714	5.1302	1
92.4	17.5401	759.1958	5.1179	1
92.5	17.5486	759.9932	5.1099	1
92.6	17.557	760.8701	5.1053	1
92.7	17.5652	761.7541	5.1038	1
92.8	17.5735	762.5403	5.1074	1
92.9	17.5821	763.4028	5.1207	1
93	17.5904	764.2287	5.1393	1
93.1	17.5984	765.1583	5.1333	1
93.2	17.6063	765.9556	5.1286	1
93.3	17.6143	766.8147	5.1388	1
93.4	17.6222	767.6412	5.1608	1
93.5	17.6298	768.5467	5.156	1
93.6	17.6377	769.3332	5.127	1
93.7	17.6453	770.189	5.122	1
93.8	17.6531	771.0638	5.1476	1
93.9	17.6608	771.858	5.1608	1
94	17.6687	772.6882	5.1621	1
94.1	17.6762	773.5547	5.1722	1
94.2	17.6832	774.4465	5.1697	1
94.3	17.6903	775.2732	5.1437	1
94.4	17.6973	776.1567	5.1275	1
94.5	17.7044	777.1229	5.1268	1
94.6	17.7114	777.8606	5.1269	1
94.7	17.7184	778.5224	5.1156	1
94.8	17.7258	779.4013	5.1087	1
94.9	17.7334	780.2158	5.1113	1
95	17.7407	781.0352	5.1243	1
95.1	17.748	781.923	5.1429	1
95.2	17.755	782.8261	5.1426	1
95.3	17.7619	783.816	5.1446	1
95.4	17.7685	784.5692	5.1416	1
95.5	17.7748	785.4307	5.1235	1
95.6	17.7813	786.3039	5.1174	1
95.7	17.7878	787.0548	5.1178	1
95.8	17.7947	787.8856	5.1325	1
95.9	17.8011	788.7477	5.1371	1
96	17.8076	789.6284	5.1337	1
96.1	17.8143	790.3648	5.1368	1
96.2	17.821	791.1697	5.1349	1
96.3	17.8277	792.0954	5.1386	1
96.4	17.834	792.8781	5.1484	1
96.5	17.8403	793.7421	5.1435	1
96.6	17.8472	794.4841	5.1416	1
96.7	17.8541	795.2945	5.1415	1
96.8	17.8611	796.1401	5.1335	1
96.9	17.8678	796.9578	5.1349	1
97	17.8746	797.8195	5.1429	1
97.1	17.8813	798.6982	5.1361	1
97.2	17.8879	799.5811	5.1245	1
97.3	17.8946	800.4078	5.1224	1
97.4	17.9013	801.1833	5.123	1
97.5	17.9079	802.0789	5.1177	1
97.6	17.9144	802.8723	5.1276	1
97.7	17.9208	803.7862	5.1238	1
97.8	17.9274	804.5065	5.1091	1
97.9	17.9341	805.2262	5.1051	1
98	17.9412	806.1971	5.1029	1
98.1	17.9482	806.8543	5.1165	1
98.2	17.9552	807.7808	5.1188	1
98.3	17.9623	808.6487	5.0986	1
98.4	17.969	809.4108	5.0965	1
98.5	17.976	810.2686	5.1011	1
98.6	17.9831	811.0837	5.093	1
98.7	17.9903	811.9137	5.0812	1
98.8	17.9976	812.7485	5.0908	1
98.9	18.0049	813.5276	5.0942	1
99	18.0122	814.3127	5.104	1
99.1	18.0197	815.2646	5.1128	1
99.2	18.027	815.9995	5.1196	1
99.3	18.0344	816.8091	5.1178	1
99.4	18.042	817.66	5.0981	1
99.5	18.0493	818.5911	5.1078	1
99.6	18.0562	819.4249	5.1279	1
99.7	18.0629	820.3808	5.1181	1
99.8	18.0697	821.1787	5.1145	1
99.9	18.0763	822.0265	5.1006	1
100	18.083	822.8903	5.0919	1
100.1	18.0896	823.6466	5.1013	1
100.2	18.0962	824.5397	5.1122	1
100.3	18.1033	825.2608	5.1124	1
100.4	18.1103	826.099	5.1259	1
100.5	18.1173	827.064	5.141	1
100.6	18.1241	827.8162	5.1404	1
100.7	18.1309	828.5858	5.1309	1
100.8	18.1379	829.479	5.1189	1
100.9	18.1446	830.352	5.1257	1
101	18.1512	831.2413	5.1274	1
101.1	18.158	831.9301	5.1109	1
101.2	18.1647	832.796	5.1064	1
101.3	18.1713	833.7144	5.1014	1
101.4	18.178	834.5266	5.0971	1
101.5	18.1845	835.3932	5.1022	1
101.6	18.191	836.2266	5.1102	1
101.7	18.1975	836.982	5.1059	1
101.8	18.2041	837.8667	5.1038	1
101.9	18.2109	838.6633	5.1307	1
102	18.2176	839.4843	5.1323	1
102.1	18.2242	840.3985	5.1241	1
102.2	18.2307	841.1959	5.114	1
102.3	18.2372	842.038	5.1147	1
102.4	18.2438	842.8773	5.1136	1
102.5	18.2503	843.6557	5.1202	1
102.6	18.2568	844.5322	5.1197	1
102.7	18.2633	845.3722	5.1197	1
102.8	18.2695	846.3021	5.1077	1
102.9	18.2755	847.169	5.0978	1
103	18.2814	848.0171	5.1089	1
103.1	18.2873	848.8275	5.1146	1
103.2	18.2933	849.5552	5.1184	1
103.3	18.2996	850.4275	5.125	1
103.4	18.3057	851.3035	5.1246	1
103.5	18.3116	852.2038	5.1235	1
103.6	18.3174	852.9878	5.1352	1
103.7	18.3233	853.7677	5.1348	1
103.8	18.3293	854.6305	5.1327	1
103.9	18.3352	855.4296	5.1394	1
104	18.3411	856.3982	5.1465	1
104.1	18.3469	857.0698	5.1466	1
104.2	18.3528	857.9994	5.1442	1
104.3	18.3589	858.8	5.1488	1
104.4	18.3648	859.5244	5.1366	1
104.5	18.3711	860.4814	5.1229	1
104.6	18.3775	861.1602	5.122	1
104.7	18.3837	862.1601	5.1323	1
104.8	18.39	862.9197	5.1404	1
104.9	18.3961	863.7002	5.1423	1
105	18.4027	864.5921	5.1503	1
105.1	18.4091	865.3738	5.136	1
105.2	18.4152	866.296	5.1369	1
105.3	18.4214	867.0217	5.136	1
105.4	18.4273	867.9474	5.132	1
105.5	18.4335	868.7995	5.129	1
105.6	18.4395	869.555	5.1317	1
105.7	18.4457	870.3829	5.1267	1
105.8	18.4522	871.1211	5.1263	1
105.9	18.4588	871.9726	5.1223	1
106	18.4658	872.7215	5.1285	1
106.1	18.4727	873.4702	5.1251	1
106.2	18.4798	874.4018	5.1261	1
106.3	18.4871	875.1542	5.119	1
106.4	18.4946	875.8864	5.1281	1
106.5	18.5029	876.6342	5.1376	1
106.6	18.5114	877.4154	5.1251	1
106.7	18.5198	878.2604	5.1095	1
106.8	18.5279	879.2121	5.0987	1
106.9	18.5359	880.0768	5.1046	1
107	18.5437	880.8676	5.1132	1
107.1	18.5516	881.727	5.1199	1
107.2	18.5595	882.6462	5.1197	1
107.3	18.5669	883.4192	5.1231	1
107.4	18.5743	884.3557	5.1132	1
107.5	18.5819	885.1505	5.1168	1
107.6	18.5895	885.9641	5.1282	1
107.7	18.5977	886.6971	5.1277	1
107.8	18.6059	887.4332	5.1061	1
107.9	18.6143	888.3592	5.0953	1
108	18.6224	889.1941	5.1145	1
108.1	18.6304	890.0107	5.1141	1
108.2	18.6388	890.867	5.108	1
108.3	18.6471	891.5958	5.0989	1
108.4	18.6555	892.5347	5.0999	1
108.5	18.6641	893.2501	5.1141	1
108.6	18.6725	894.09	5.1109	1
108.7	18.6811	895.0799	5.106	1
108.8	18.6893	895.8549	5.105	1
108.9	18.6972	896.8468	5.1085	1
109	18.7052	897.6206	5.1209	1
109.1	18.7131	898.3918	5.1229	1
109.2	18.7213	899.2089	5.117	1
109.3	18.7293	900.1167	5.1181	1
109.4	18.7369	901.0183	5.1211	1
109.5	18.745	901.6796	5.1259	1
109.6	18.7531	902.5296	5.1265	1
109.7	18.7609	903.5214	5.1138	1
109.8	18.7683	904.3425	5.1168	1
109.9	18.7757	905.222	5.1197	1
110	18.7832	906.1508	5.1104	1
110.1	18.7905	906.8036	5.1174	1
110.2	18.7981	907.7177	5.1296	1
110.3	18.8056	908.556	5.1343	1
110.4	18.8128	909.4072	5.13	1
110.5	18.8202	910.212	5.1391	1
110.6	18.8273	910.9949	5.1384	1
110.7	18.8347	911.9092	5.131	1
110.8	18.8423	912.7105	5.1303	1
110.9	18.8498	913.4316	5.1336	1
111	18.8578	914.2866	5.1394	1
111.1	18.8655	915.1205	5.1458	1
111.2	18.8728	916.095	5.1446	1
111.3	18.8799	916.9304	5.1338	1
111.4	18.8871	917.7615	5.1265	1
111.5	18.8944	918.576	5.1227	1
111.6	18.9014	919.3782	5.1211	1
111.7	18.9079	920.3353	5.1248	1
111.8	18.9144	921.1709	5.1284	1
111.9	18.9209	922.0997	5.1218	1
112	18.9273	922.9102	5.1187	1
112.1	18.9338	923.72	5.1277	1
112.2	18.9405	924.5761	5.1356	1
112.3	18.9471	925.3969	5.1274	1
112.4	18.9534	926.2029	5.1251	1
112.5	18.9596	927.1292	5.137	1
112.6	18.9656	927.9909	5.1333	1
112.7	18.9714	928.884	5.1412	1
112.8	18.977	929.7075	5.1473	1
112.9	18.9827	930.4946	5.1322	1
113	18.9889	931.1654	5.1235	1
113.1	18.996	931.8942	5.1237	1
113.2	19.0035	932.6537	5.1307	1
113.3	19.011	933.5341	5.1346	1
113.4	19.0186	934.2692	5.1063	1
113.5	19.0262	935.0979	5.1015	1
113.6	19.0337	936.0172	5.1077	1
113.7	19.041	936.7989	5.1057	1
113.8	19.0484	937.6564	5.1143	1
113.9	19.0561	938.492	5.1253	1
114	19.0637	939.3167	5.1241	1
114.1	19.0713	940.1817	5.1265	1
114.2	19.079	940.8664	5.1304	1
114.3	19.0871	941.7341	5.1146	1
114.4	19.0951	942.5812	5.1234	1
114.5	19.1029	943.4479	5.1396	1
114.6	19.1108	944.3365	5.1561	1
114.7	19.1185	945.0922	5.1651	1
114.8	19.1265	945.8815	5.1532	1
114.9	19.1345	946.7126	5.1602	1
115	19.1423	947.6587	5.1613	1
115.1	19.1498	948.5335	5.1538	1
115.2	19.1571	949.3401	5.1396	1
115.3	19.1649	950.1948	5.1338	1
115.4	19.1725	951.001	5.1415	1
115.5	19.1799	951.7326	5.1327	1
115.6	19.1873	952.6571	5.13	1
115.7	19.1947	953.5449	5.1377	1
115.8	19.202	954.3569	5.1439	1
115.9	19.2094	955.2225	5.1543	1
116	19.2167	955.9517	5.1475	1
116.1	19.2242	956.9332	5.1434	1
116.2	19.2317	957.675	5.1334	1
116.3	19.2393	958.4198	5.1303	1
116.4	19.2473	959.2914	5.1326	1
116.5	19.2554	960.0324	5.1293	1
116.6	19.2635	960.9721	5.1295	1
116.7	19.2712	961.7487	5.1333	1
116.8	19.2789	962.5575	5.1454	1
116.9	19.2871	963.4361	5.1572	1
117	19.2951	964.177	5.1583	1
117.1	19.3034	965.039	5.1575	1
117.2	19.3116	965.8124	5.1301	1
117.3	19.3198	966.7565	5.1143	1
117.4	19.3279	967.6194	5.1186	1
117.5	19.3357	968.4537	5.1211	1
117.6	19.3433	969.4138	5.126	1
117.7	19.3506	970.2442	5.1378	1
117.8	19.3577	971.1105	5.1419	1
117.9	19.3651	971.875	5.1357	1
118	19.3724	972.734	5.1398	1
118.1	19.3794	973.6707	5.1551	1
118.2	19.3862	974.4856	5.1571	1
118.3	19.3929	975.3086	5.1597	1
118.4	19.3997	976.1932	5.1573	1
118.5	19.4062	977.0539	5.1486	1
118.6	19.4128	977.863	5.152	1
118.7	19.4197	978.7332	5.1553	1
118.8	19.4263	979.5611	5.1534	1
118.9	19.4326	980.4313	5.1585	1
119	19.4389	981.2336	5.1567	1
119.1	19.4454	982.0648	5.1463	1
119.2	19.452	982.8471	5.1325	1
119.3	19.4585	983.7582	5.1311	1
119.4	19.4648	984.5817	5.133	1
119.5	19.471	985.4174	5.1399	1
119.6	19.4773	986.2549	5.1438	1
119.7	19.4835	987.0918	5.1403	1
119.8	19.4896	987.9414	5.1459	1
119.9	19.4958	988.6796	5.1414	1
120	19.502	989.6861	5.1333	1
120.1	19.5081	990.4486	5.1427	1
120.2	19.5141	991.2152	5.1534	1
120.3	19.5206	992.0525	5.1472	1
120.4	19.527	992.9149	5.1315	1
120.5	19.5335	993.7153	5.1306	1
120.6	19.54	994.4681	5.1354	1
120.7	19.5465	995.3437	5.1429	1
120.8	19.5529	996.272	5.1568	1
120.9	19.5591	997.0404	5.1571	1
121	19.5657	997.8191	5.1494	1
121.1	19.5727	998.6406	5.1528	2
121.2	19.5794	999.4349	5.1571	2
121.3	19.5863	1000.3018	5.1548	2
121.4	19.5933	1001.0337	5.1556	2
121.5	19.6005	1001.7351	5.1537	2
121.6	19.6074	1002.2065	5.1459	2
121.7	19.614	1002.3838	5.1424	2
121.8	19.6205	1002.439	5.1408	2
121.9	19.6267	1002.4098	5.1426	2
122	19.6326	1002.4753	5.1534	2
122.1	19.6381	1002.5186	5.1539	2
122.2	19.6436	1002.593	5.1547	2
122.3	19.649	1002.6138	5.1515	2
122.4	19.6541	1002.5806	5.1486	2
122.5	19.659	1002.6348	5.159	2
122.6	19.6642	1002.5789	5.1681	2
122.7	19.6696	1002.5523	5.1647	2
122.8	19.6749	1002.6916	5.1494	2
122.9	19.6797	1002.6498	5.1341	2
123	19.6843	1002.6428	5.133	2
123.1	19.689	1002.6605	5.1374	2
123.2	19.6937	1002.74	5.1234	2
123.3	19.6983	1002.7225	5.1282	2
123.4	19.7028	1002.6947	5.13	2
123.5	19.7075	1002.7386	5.1306	2
123.6	19.7119	1002.793	5.1261	2
123.7	19.716	1002.7248	5.1126	2
123.8	19.7202	1002.7214	5.1089	2
123.9	19.7244	1002.7484	5.1194	2
124	19.7285	1002.7913	5.137	2
124.1	19.7327	1002.7303	5.1403	2
124.2	19.7369	1002.7344	5.1284	2
124.3	19.7411	1002.7742	5.1239	2
124.4	19.7452	1002.7889	5.1228	2
124.5	19.7492	1002.784	5.1202	2
124.6	19.7532	1002.7988	5.1182	2
124.7	19.7571	1002.7905	5.1336	2
124.8	19.7611	1002.854	5.1442	2
124.9	19.7645	1002.9037	5.1365	2
125	19.768	1002.8475	5.1361	2
125.1	19.7715	1002.9087	5.1311	2
125.2	19.7752	1002.7862	5.1299	2
125.3	19.7788	1002.8302	5.149	2
125.4	19.7825	1002.8485	5.1714	2
125.5	19.7858	1002.8161	5.1727	2
125.6	19.7893	1002.9774	5.1684	2
125.7	19.7925	1002.9381	5.1672	2
125.8	19.7955	1002.9489	5.1583	2
125.9	19.7987	1002.8972	5.1655	2
126	19.8017	1002.952	5.1632	2
126.1	19.8046	1003.0124	5.1576	2
126.2	19.8074	1002.9484	5.147	2
126.3	19.8101	1003.0391	5.1374	2
126.4	19.8128	1003.0359	5.1558	2
126.5	19.815	1003.0613	5.1662	2
126.6	19.8175	1002.9775	5.1703	2
126.7	19.8205	1002.9061	5.1704	2
126.8	19.8235	1003.0185	5.1515	2
126.9	19.8263	1003.0157	5.1641	2
127	19.829	1002.9426	5.1666	2
127.1	19.8318	1003.0227	5.1545	2
127.2	19.8347	1002.8778	5.1516	2
127.3	19.8375	1002.9243	5.1559	2
127.4	19.8405	1002.8936	5.1549	2
127.5	19.8437	1002.8769	5.1607	2
127.6	19.8468	1002.8934	5.1692	2
127.7	19.8501	1002.8904	5.1611	2
127.8	19.8533	1002.8196	5.1574	2
127.9	19.8568	1002.7722	5.1558	2
128	19.8603	1002.8087	5.1552	2
128.1	19.8636	1002.8642	5.1508	2
128.2	19.8667	1002.893	5.1483	2
128.3	19.8699	1002.8499	5.1498	2
128.4	19.8732	1002.8373	5.143	2
128.5	19.8766	1002.8203	5.1536	2
128.6	19.8802	1002.7068	5.1548	2
128.7	19.8841	1002.6703	5.1438	2
128.8	19.8878	1002.7735	5.1472	2
128.9	19.8913	1002.8379	5.1508	2
129	19.8946	1002.7994	5.1504	2
129.1	19.8977	1002.8667	5.1663	2
129.2	19.9007	1002.9482	5.1543	2
129.3	19.9037	1002.848	5.1472	2
129.4	19.907	1002.8251	5.144	2
129.5	19.9104	1002.8117	5.1442	2
129.6	19.9138	1002.8271	5.1358	2
129.7	19.9175	1002.6324	5.1239	2
129.8	19.9215	1002.6714	5.1229	2
129.9	19.9253	1002.7599	5.1286	2
130	19.9287	1002.8101	5.1257	2
130.1	19.9318	1002.8806	5.1307	2
130.2	19.9349	1002.897	5.1291	2
130.3	19.9377	1002.8764	5.1271	2
130.4	19.9402	1003.0274	5.1377	2
130.5	19.9424	1003.0486	5.1526	2
130.6	19.9448	1002.989	5.1528	2
130.7	19.9477	1002.9066	5.133	2
130.8	19.9507	1002.8895	5.1307	2
130.9	19.9536	1002.92	5.1353	2
131	19.9564	1002.9315	5.1486	2
131.1	19.9589	1002.9904	5.1467	2
131.2	19.9613	1003.0119	5.1467	2
131.3	19.9635	1003.0367	5.1395	2
131.4	19.9655	1003.0767	5.1282	2
131.5	19.9676	1003.0003	5.1214	2
131.6	19.9697	1003.0303	5.1326	2
131.7	19.972	1003.0395	5.1356	2
131.8	19.9743	1002.9571	5.135	2
131.9	19.977	1002.9614	5.1388	2
132	19.9797	1002.8553	5.1453	2
132.1	19.9822	1002.9877	5.1489	2
132.2	19.9846	1002.9218	5.1428	2
132.3	19.9868	1002.9502	5.1412	2
132.4	19.9897	1002.961	5.1484	2
132.5	19.9921	1002.9422	5.1542	2
132.6	19.9943	1003.0889	5.1539	2
132.7	19.9967	1002.8979	5.1605	2
132.8	19.9997	1002.7898	5.1618	2
132.9	20.003	1002.8674	5.1603	2
133	20.0058	1002.8437	5.1451	2
133.1	20.0083	1003.0158	5.1505	2
133.2	20.011	1002.9472	5.1636	2
133.3	20.0137	1002.8237	5.1687	2
133.4	20.0166	1002.8862	5.1668	2
133.5	20.0193	1002.9768	5.1535	2
133.6	20.0218	1002.9711	5.1488	2
133.7	20.0243	1002.9441	5.1465	2
133.8	20.0272	1002.915	5.1514	2
133.9	20.0296	1002.9022	5.1535	2
134	20.0319	1003.1116	5.149	2
134.1	20.0338	1002.9819	5.1551	2
134.2	20.0359	1003.0596	5.15	2
134.3	20.0381	1002.9867	5.1425	2
134.4	20.0403	1003.0019	5.1478	2
134.5	20.0426	1002.9676	5.1474	2
134.6	20.0455	1002.7933	5.1393	2
134.7	20.0488	1002.8367	5.1584	2
134.8	20.0517	1002.9044	5.1695	2
134.9	20.0543	1002.9475	5.1668	2
135	20.0568	1002.8777	5.1622	2
135.1	20.0592	1002.9745	5.1632	2
135.2	20.0617	1002.9284	5.1694	2
135.3	20.0641	1002.992	5.1681	2
135.4	20.0672	1002.6777	5.1683	2
135.5	20.0702	1002.9617	5.1595	2
135.6	20.0725	1002.9823	5.1389	2
135.7	20.074	1003.1848	5.1418	2
135.8	20.0757	1003.0875	5.1614	2
135.9	20.0774	1003.0367	5.1509	2
136	20.0791	1003.2196	5.1542	2
136.1	20.0801	1003.167	5.1644	2
136.2	20.0811	1003.355	5.1619	2
136.3	20.0823	1003.1401	5.1592	2
136.4	20.0832	1003.3456	5.1577	2
136.5	20.084	1003.3348	5.1694	2
136.6	20.0842	1003.3491	5.1677	2
136.7	20.0849	1003.3888	5.1445	2
136.8	20.0856	1003.2012	5.1533	2
136.9	20.0862	1003.4099	5.1571	2
137	20.0867	1003.3558	5.1552	2
137.1	20.0868	1003.3799	5.1534	2
137.2	20.0873	1003.3561	5.1593	2
137.3	20.0875	1003.4312	5.1662	2
137.4	20.087	1003.7326	5.1724	2
137.5	20.0857	1003.8029	5.1672	2
137.6	20.0837	1003.8072	5.1626	2
137.7	20.0829	1003.4464	5.1692	2
137.8	20.0835	1003.1197	5.1712	2
137.9	20.0854	1002.9984	5.1757	2
138	20.0878	1002.8005	5.1731	2
138.1	20.0906	1002.7881	5.1691	2
138.2	20.0936	1002.8338	5.1665	2
138.3	20.0957	1002.991	5.1701	2
138.4	20.0975	1003.1223	5.1696	2
138.5	20.0988	1003.1172	5.1568	2
138.6	20.0997	1003.2579	5.1531	2
138.7	20.1004	1003.3068	5.1601	2
138.8	20.1009	1003.3953	5.1594	2
138.9	20.1011	1003.3508	5.158	2
139	20.1014	1003.3626	5.1627	2
139.1	20.1016	1003.3853	5.1637	2
139.2	20.1016	1003.3916	5.1576	2
139.3	20.1017	1003.3961	5.1604	2
139.4	20.1017	1003.4425	5.1591	2
139.5	20.1017	1003.3778	5.1459	2
139.6	20.1016	1003.4185	5.1368	2
139.7	20.1017	1003.3844	5.1352	2
139.8	20.1021	1003.1861	5.1401	2
139.9	20.1029	1003.4121	5.1596	2
140	20.1033	1003.2988	5.1576	2
140.1	20.1033	1003.3821	5.1488	2
140.2	20.1033	1003.3969	5.139	2
140.3	20.1033	1003.3692	5.1387	2
140.4	20.1032	1003.4732	5.1561	2
140.5	20.1031	1003.4392	5.1677	2
140.6	20.1027	1003.4238	5.1659	2
140.7	20.1027	1003.4118	5.1695	2
140.8	20.1028	1003.3464	5.165	2
140.9	20.1028	1003.3996	5.1563	2
141	20.1031	1003.275	5.1573	2
141.1	20.1034	1003.3156	5.1579	2
141.2	20.1037	1003.3904	5.1693	2
141.3	20.1038	1003.377	5.1638	2
141.4	20.104	1003.3387	5.1573	2
141.5	20.1042	1003.3083	5.156	2
141.6	20.1045	1003.2974	5.1514	2
141.7	20.105	1003.3251	5.155	2
141.8	20.1054	1003.2585	5.1591	2
141.9	20.1061	1003.2257	5.1654	2
142	20.1069	1003.2342	5.1663	2
142.1	20.1071	1003.3626	5.165	2
142.2	20.1066	1003.6178	5.1722	2
142.3	20.1052	1003.7036	5.1685	2
142.4	20.1041	1003.6635	5.178	2
142.5	20.1032	1003.5556	5.1861	2
142.6	20.1026	1003.3919	5.1775	2
142.7	20.1027	1003.323	5.1693	2
142.8	20.103	1003.3039	5.1781	2
142.9	20.1032	1003.3151	5.1752	2
143	20.1035	1003.3023	5.174	2
143.1	20.1041	1003.205	5.1844	2
143.2	20.1046	1003.3051	5.1866	2
143.3	20.1051	1003.2479	5.1824	2
143.4	20.1056	1003.2413	5.1763	2
143.5	20.1064	1003.1157	5.1722	2
143.6	20.1071	1003.2497	5.174	2
143.7	20.1078	1003.2494	5.1647	2
143.8	20.1081	1003.2554	5.1548	2
143.9	20.1088	1003.244	5.1605	2
144	20.1095	1003.1986	5.1646	2
144.1	20.1101	1003.234	5.1607	2
144.2	20.1107	1003.242	5.1555	2
144.3	20.1112	1003.2804	5.1704	2
144.4	20.1117	1003.2761	5.1621	2
144.5	20.1122	1003.2356	5.1447	2
144.6	20.1125	1003.1409	5.1398	2
144.7	20.1128	1003.3109	5.1328	2
144.8	20.1133	1003.2882	5.1368	2
144.9	20.1138	1003.2575	5.1413	2
145	20.1143	1003.3196	5.1359	2
145.1	20.1145	1003.1927	5.1478	2
145.2	20.1151	1003.3069	5.1518	2
145.3	20.1157	1003.2204	5.1481	2
145.4	20.1164	1003.1894	5.1488	2
145.5	20.1167	1003.2266	5.1454	2
145.6	20.1171	1003.3144	5.1367	2
145.7	20.1173	1003.2674	5.1328	2
145.8	20.1176	1003.3528	5.1442	2
145.9	20.1177	1003.3597	5.1555	2
146	20.1176	1003.326	5.1547	2
146.1	20.1178	1003.3532	5.1437	2
146.2	20.1178	1003.3506	5.1453	2
146.3	20.1177	1003.4175	5.1487	2
146.4	20.1174	1003.4227	5.1593	2
146.5	20.117	1003.4274	5.1489	2
146.6	20.1167	1003.4782	5.1528	2
146.7	20.1162	1003.4951	5.1601	2
146.8	20.1158	1003.4003	5.1544	2
146.9	20.1157	1003.2879	5.1418	2
147	20.1164	1003.1236	5.1546	2
147.1	20.1178	1002.9833	5.171	2
147.2	20.1199	1002.8166	5.168	2
147.3	20.1223	1002.7373	5.1594	2
147.4	20.1252	1002.6473	5.1612	2
147.5	20.1282	1002.7261	5.1719	2
147.6	20.1311	1002.7976	5.1741	2
147.7	20.1338	1002.7543	5.1723	2
147.8	20.1362	1002.8272	5.1746	2
147.9	20.1384	1002.9097	5.1658	2
148	20.14	1003.048	5.155	2
148.1	20.1415	1003.0428	5.1609	2
148.2	20.1428	1003.0416	5.167	2
148.3	20.1441	1003.0936	5.1747	2
148.4	20.1449	1003.1845	5.1855	2
148.5	20.1455	1003.2279	5.1766	2
148.6	20.1462	1003.2136	5.1648	2
148.7	20.1465	1003.2831	5.1435	2
148.8	20.1464	1003.3723	5.1357	2
148.9	20.1464	1003.3996	5.1537	2
149	20.1463	1003.3656	5.1428	2
149.1	20.1464	1003.3064	5.1369	2
149.2	20.1467	1003.2695	5.1479	2
149.3	20.147	1003.3138	5.1437	2
149.4	20.147	1003.3883	5.141	2
149.5	20.1468	1003.3688	5.1448	2
149.6	20.1465	1003.3445	5.1368	2
149.7	20.1467	1003.353	5.1438	2
149.8	20.1467	1003.2946	5.1573	2
149.9	20.1469	1003.3035	5.1523	2
150	20.1469	1003.3317	5.14	2
150.1	20.1469	1003.3747	5.1284	2
150.2	20.1468	1003.4082	5.1403	2
150.3	20.1465	1003.4139	5.1462	2
150.4	20.1464	1003.2966	5.1477	2
150.5	20.1464	1003.3508	5.1487	2
150.6	20.1464	1003.3547	5.1377	2
150.7	20.1463	1003.2911	5.129	2
150.8	20.147	1003.186	5.1327	2
150.9	20.1476	1003.2218	5.1456	2
151	20.1482	1003.2638	5.1494	2
151.1	20.1487	1003.2267	5.1482	2
151.2	20.1492	1003.2001	5.1402	3
151.3	20.15	1003.178	5.152	3
151.4	20.1505	1003.1876	5.1748	3
151.5	20.151	1003.1696	5.1706	3
151.6	20.1513	1002.7534	5.1549	3
151.7	20.1515	1001.9466	5.158	3
151.8	20.1516	1001.1956	5.1581	3
151.9	20.1515	1000.4602	5.1514	3
152	20.1512	999.5722	5.1474	3
152.1	20.151	998.6972	5.1399	3
152.2	20.1508	997.9707	5.1316	3
152.3	20.1503	997.1753	5.1312	3
152.4	20.1495	996.3705	5.1406	3
152.5	20.1487	995.5242	5.1428	3
152.6	20.1479	994.6498	5.1409	3
152.7	20.1471	993.8678	5.1243	3
152.8	20.1459	993.1278	5.1243	3
152.9	20.1445	992.3141	5.1424	3
153	20.1432	991.4498	5.1376	3
153.1	20.142	990.6248	5.1302	3
153.2	20.1407	989.8284	5.1398	3
153.3	20.1393	989.0172	5.1324	3
153.4	20.1378	988.1335	5.1296	3
153.5	20.1364	987.3709	5.1237	3
153.6	20.1347	986.5949	5.1201	3
153.7	20.1328	985.732	5.1195	3
153.8	20.1309	984.9069	5.1264	3
153.9	20.1291	984.0692	5.1376	3
154	20.127	983.2376	5.1367	3
154.1	20.125	982.505	5.1439	3
154.2	20.1227	981.643	5.161	3
154.3	20.1205	980.8296	5.1504	3
154.4	20.1183	979.9538	5.1394	3
154.5	20.1158	979.3175	5.1521	3
154.6	20.1132	978.4092	5.1506	3
154.7	20.1105	977.5842	5.1422	3
154.8	20.1078	976.8056	5.1494	3
154.9	20.105	975.8656	5.1511	3
155	20.1022	975.208	5.1466	3
155.1	20.0989	974.5302	5.1481	3
155.2	20.095	973.607	5.1456	3
155.3	20.092	972.4386	5.1418	3
155.4	20.0901	971.503	5.1427	3
155.5	20.0883	970.7482	5.1435	3
155.6	20.0858	970.1173	5.1449	3
155.7	20.0829	969.347	5.1482	3
155.8	20.0798	968.4187	5.1381	3
155.9	20.077	967.6062	5.1403	3
156	20.0743	966.8256	5.1481	3
156.1	20.0712	965.9534	5.1576	3
156.2	20.0681	965.1731	5.1566	3
156.3	20.0651	964.284	5.1563	3
156.4	20.0619	963.5141	5.163	3
156.5	20.0591	962.6532	5.1812	3
156.6	20.056	961.8345	5.1778	3
156.7	20.0528	961.1284	5.176	3
156.8	20.0492	960.2513	5.186	3
156.9	20.0456	959.4341	5.1827	3
157	20.0424	958.5859	5.1704	3
157.1	20.039	957.7206	5.1599	3
157.2	20.0354	956.9079	5.1695	3
157.3	20.0318	956.0715	5.1882	3
157.4	20.0285	955.21	5.1865	3
157.5	20.0251	954.3925	5.1767	3
157.6	20.0216	953.5648	5.1578	3
157.7	20.0182	952.72	5.14	3
157.8	20.0148	951.8312	5.1409	3
157.9	20.0116	950.9692	5.1563	3
158	20.0087	950.1438	5.1596	3
158.1	20.0063	949.0746	5.1665	3
158.2	20.0052	947.8474	5.1679	3
158.3	20.0048	947.0291	5.161	3
158.4	20.0044	946.2619	5.1587	3
158.5	20.0037	945.4807	5.1555	3
158.6	20.0023	944.9443	5.159	3
158.7	19.9996	944.4156	5.1455	3
158.8	19.9959	943.6294	5.1342	3
158.9	19.9931	942.4451	5.1343	3
159	19.9918	941.2846	5.1387	3
159.1	19.9914	940.3423	5.1402	3
159.2	19.9914	939.4226	5.1382	3
159.3	19.9913	938.7188	5.1349	3
159.4	19.991	937.8323	5.1266	3
159.5	19.9909	936.985	5.1339	3
159.6	19.9913	935.9841	5.135	3
159.7	19.9916	935.2675	5.132	3
159.8	19.9915	934.5179	5.1559	3
159.9	19.9911	933.6842	5.1592	3
160	19.9911	932.8062	5.1589	3
160.1	19.9911	931.9625	5.1475	3
160.2	19.9906	931.3928	5.1327	3
160.3	19.9896	930.5317	5.1256	3
160.4	19.9886	929.6254	5.131	3
160.5	19.9877	928.8414	5.1335	3
160.6	19.9865	928.0887	5.1494	3
160.7	19.985	927.3241	5.1526	3
160.8	19.9831	926.5345	5.1403	3
160.9	19.9812	925.7654	5.1451	3
161	19.9792	924.9671	5.1563	3
161.1	19.9772	924.1177	5.1559	3
161.2	19.9748	923.3544	5.1468	3
161.3	19.972	922.6047	5.1448	3
161.4	19.9688	921.8301	5.1506	3
161.5	19.9656	921.0473	5.1449	3
161.6	19.9624	920.1719	5.148	3
161.7	19.9591	919.3821	5.1598	3
161.8	19.9554	918.5931	5.141	3
161.9	19.9516	917.8906	5.125	3
162	19.9474	917.1177	5.1196	3
162.1	19.9429	916.3014	5.1226	3
162.2	19.9385	915.4699	5.1259	3
162.3	19.9342	914.5505	5.135	3
162.4	19.9302	913.6455	5.1475	3
162.5	19.9261	912.9018	5.159	3
162.6	19.9219	912.0554	5.1507	3
162.7	19.918	911.1178	5.1394	3
162.8	19.9141	910.2909	5.1446	3
162.9	19.9101	909.5159	5.1538	3
163	19.9058	908.712	5.1545	3
163.1	19.9016	907.848	5.1591	3
163.2	19.8974	907.1335	5.1694	3
163.3	19.8928	906.3504	5.1567	3
163.4	19.8878	905.5549	5.1544	3
163.5	19.883	904.7293	5.1563	3
163.6	19.8783	903.7815	5.1405	3
163.7	19.8736	902.9944	5.1389	3
163.8	19.869	902.1441	5.1507	3
163.9	19.8643	901.2536	5.1507	3
164	19.86	900.356	5.1656	3
164.1	19.856	899.4684	5.1747	3
164.2	19.8521	898.6428	5.1723	3
164.3	19.8482	897.8999	5.1518	3
164.4	19.8443	896.9566	5.1333	3
164.5	19.8405	896.1156	5.1408	3
164.6	19.8363	895.3362	5.1491	3
164.7	19.8321	894.536	5.15	3
164.8	19.8277	893.796	5.1433	3
164.9	19.8232	893.0088	5.1404	3
165	19.8184	892.1412	5.146	3
165.1	19.8138	891.3599	5.139	3
165.2	19.809	890.544	5.1356	3
165.3	19.8039	889.7429	5.1422	3
165.4	19.7988	888.9036	5.1407	3
165.5	19.7936	888.0447	5.1349	3
165.6	19.7887	887.2434	5.1446	3
165.7	19.7837	886.3939	5.1486	3
165.8	19.7786	885.5449	5.1504	3
165.9	19.7736	884.7338	5.1483	3
166	19.7687	883.8429	5.1491	3
166.1	19.7639	882.984	5.1582	3
166.2	19.7593	882.0568	5.176	3
166.3	19.7551	881.2037	5.1766	3
166.4	19.751	880.325	5.1715	3
166.5	19.7473	879.4354	5.164	3
166.6	19.7436	878.6048	5.1539	3
166.7	19.7398	877.7441	5.1584	3
166.8	19.736	876.9112	5.1526	3
166.9	19.7322	876.1276	5.1456	3
167	19.7283	875.2825	5.1436	3
167.1	19.7243	874.539	5.1471	3
167.2	19.7202	873.7064	5.1384	3
167.3	19.7159	872.8096	5.1396	3
167.4	19.7117	871.988	5.1626	3
167.5	19.7076	871.1868	5.1657	3
167.6	19.7036	870.3072	5.1477	3
167.7	19.6998	869.454	5.1466	3
167.8	19.6963	868.5071	5.1443	3
167.9	19.6926	867.7259	5.1325	3
168	19.6891	866.8902	5.1312	3
168.1	19.6857	866.0449	5.1408	3
168.2	19.6822	865.2694	5.1496	3
168.3	19.6786	864.3311	5.1501	3
168.4	19.675	863.5843	5.1433	3
168.5	19.6712	862.7345	5.1372	3
168.6	19.6669	861.8233	5.1282	3
168.7	19.6631	861.1698	5.1319	3
168.8	19.6593	860.2925	5.1309	3
168.9	19.6556	859.5028	5.117	3
169	19.6517	858.6489	5.1106	3
169.1	19.6476	857.7756	5.1124	3
169.2	19.6435	857.0403	5.121	3
169.3	19.6391	856.2778	5.1249	3
169.4	19.6344	855.4644	5.1219	3
169.5	19.6298	854.613	5.1206	3
169.6	19.625	853.8623	5.1103	3
169.7	19.6203	852.9757	5.1059	3
169.8	19.6156	852.1195	5.1263	3
169.9	19.6109	851.3483	5.1423	3
170	19.6058	850.594	5.1421	3
170.1	19.6007	849.7214	5.1459	3
170.2	19.5956	848.8472	5.144	3
170.3	19.5906	848.0953	5.1368	3
170.4	19.5855	847.2759	5.1313	3
170.5	19.58	846.4315	5.1326	3
170.6	19.5745	845.6169	5.1327	3
170.7	19.569	844.8023	5.1353	3
170.8	19.5634	843.9925	5.1293	3
170.9	19.5576	843.2822	5.1297	3
171	19.5516	842.469	5.1345	3
171.1	19.5455	841.5722	5.1243	3
171.2	19.5394	840.7623	5.1231	3
171.3	19.5334	839.9081	5.1236	3
171.4	19.5278	838.9611	5.1237	3
171.5	19.5223	838.1126	5.1243	3
171.6	19.517	837.2769	5.1184	3
171.7	19.5117	836.383	5.1194	3
171.8	19.5064	835.5565	5.1301	3
171.9	19.5012	834.7163	5.1379	3
172	19.4961	833.9391	5.1429	3
172.1	19.4907	833.1015	5.1398	3
172.2	19.4853	832.3173	5.1246	3
172.3	19.4799	831.4571	5.1209	3
172.4	19.4744	830.6606	5.1319	3
172.5	19.4689	829.7777	5.1327	3
172.6	19.4633	828.926	5.137	3
172.7	19.4581	828.0608	5.1363	3
172.8	19.4529	827.2533	5.129	3
172.9	19.4475	826.5127	5.134	3
173	19.4419	825.6356	5.1442	3
173.1	19.4365	824.7598	5.137	3
173.2	19.4309	823.9704	5.1382	3
173.3	19.4254	823.062	5.1362	3
173.4	19.4201	822.3359	5.1273	3
173.5	19.4145	821.4796	5.1303	3
173.6	19.4088	820.6687	5.1308	3
173.7	19.403	819.8766	5.1364	3
173.8	19.3972	819.025	5.1443	3
173.9	19.3915	818.1813	5.1315	3
174	19.3854	817.4242	5.1236	3
174.1	19.3793	816.5274	5.1255	3
174.2	19.3736	815.6599	5.1255	3
174.3	19.3677	814.8796	5.1358	3
174.4	19.3621	814.0244	5.1327	3
174.5	19.3561	813.1531	5.1227	3
174.6	19.3503	812.3662	5.1333	3
174.7	19.3447	811.4818	5.1399	3
174.8	19.339	810.7062	5.1353	3
174.9	19.3332	809.8776	5.1474	3
175	19.3272	809.0648	5.1413	3
175.1	19.3215	808.1276	5.1493	3
175.2	19.3158	807.346	5.1518	3
175.3	19.3101	806.5386	5.1379	3
175.4	19.3041	805.6361	5.1324	3
175.5	19.2985	804.7352	5.1296	3
175.6	19.2935	803.7867	5.1327	3
175.7	19.2894	802.7587	5.1325	3
175.8	19.2856	801.7781	5.124	3
175.9	19.2824	800.9786	5.1247	3
176	19.279	800.2172	5.1273	3
176.1	19.2757	799.463	5.1255	3
176.2	19.2717	798.6474	5.1308	3
176.3	19.2675	797.8372	5.1247	3
176.4	19.2634	796.9667	5.1309	3
176.5	19.2593	796.1296	5.1366	3
176.6	19.2552	795.2937	5.1278	3
176.7	19.2513	794.3987	5.1193	3
176.8	19.2477	793.6229	5.126	3
176.9	19.2442	792.7284	5.1094	3
177	19.2403	791.8978	5.0966	3
177.1	19.2363	791.1096	5.1027	3
177.2	19.2322	790.3363	5.111	3
177.3	19.2278	789.5603	5.1157	3
177.4	19.2235	788.7215	5.1163	3
177.5	19.2189	787.9312	5.1154	3
177.6	19.2141	787.2098	5.1282	3
177.7	19.209	786.3467	5.1216	3
177.8	19.2042	785.5537	5.124	3
177.9	19.1992	784.6975	5.1195	3
178	19.1939	783.9365	5.1238	3
178.1	19.1885	783.1383	5.1159	3
178.2	19.1829	782.26	5.0972	3
178.3	19.1775	781.4561	5.0859	3
178.4	19.172	780.6751	5.0911	3
178.5	19.1663	779.8371	5.1002	3
178.6	19.1605	779.007	5.1045	3
178.7	19.1546	778.1421	5.1137	3
178.8	19.1487	777.3048	5.1252	3
178.9	19.1433	776.4687	5.1208	3
179	19.1378	775.6986	5.1004	3
179.1	19.132	774.9288	5.1021	3
179.2	19.1261	774.0936	5.1272	3
179.3	19.1202	773.2294	5.1344	3
179.4	19.1142	772.373	5.128	3
179.5	19.108	771.6389	5.1112	3
179.6	19.1015	770.8417	5.1125	3
179.7	19.095	769.9985	5.1262	3
179.8	19.0886	769.1971	5.1332	3
179.9	19.0818	768.4009	5.1338	3
180	19.0748	767.6065	5.126	3
180.1	19.0678	766.7071	5.1226	3
180.2	19.0609	765.8738	5.1306	3
180.3	19.0544	765.0378	5.1298	3
180.4	19.0479	764.1636	5.1339	3
180.5	19.0415	763.3232	5.1405	3
180.6	19.0353	762.4364	5.1435	3
180.7	19.0291	761.6025	5.1458	3
180.8	19.0227	760.7763	5.1405	3
180.9	19.0164	759.8683	5.1419	3
181	19.0103	759.111	5.142	3
181.1	19.0047	758.1571	5.1437	3
181.2	18.9986	757.4532	5.1403	3
181.3	18.9927	756.5267	5.1298	3
181.4	18.987	755.6059	5.1392	3
181.5	18.9814	754.8454	5.1547	3
181.6	18.9756	753.9423	5.1568	3
181.7	18.9702	753.039	5.1544	3
181.8	18.9652	752.2116	5.137	3
181.9	18.9602	751.4091	5.1233	3
182	18.955	750.5436	5.122	3
182.1	18.9496	749.7105	5.1315	3
182.2	18.9443	748.927	5.1356	3
182.3	18.9388	748.0432	5.1368	3
182.4	18.9337	747.1729	5.1411	3
182.5	18.9288	746.3541	5.1457	3
182.6	18.9237	745.59	5.1435	3
182.7	18.9184	744.757	5.1347	3
182.8	18.9127	743.9771	5.1468	3
182.9	18.9073	743.2751	5.1431	3
183	18.9015	742.4644	5.1381	3
183.1	18.8951	741.669	5.1444	3
183.2	18.8888	740.7635	5.14	3
183.3	18.8824	739.9722	5.124	3
183.4	18.8759	739.2177	5.1128	3
183.5	18.8693	738.3032	5.1173	3
183.6	18.8628	737.5018	5.1285	3
183.7	18.8564	736.6872	5.1273	3
183.8	18.8502	735.8135	5.1411	3
183.9	18.8444	734.7636	5.1459	3
184	18.8389	733.9187	5.127	3
184.1	18.8335	733.0324	5.1256	3
184.2	18.8283	732.2551	5.1296	3
184.3	18.8234	731.3641	5.1267	3
184.4	18.8183	730.5664	5.1339	3
184.5	18.8127	729.7916	5.1286	3
184.6	18.8072	728.8937	5.1251	3
184.7	18.802	728.0952	5.1297	3
184.8	18.7968	727.1726	5.129	3
184.9	18.7913	726.4712	5.1334	3
185	18.7858	725.7063	5.1443	3
185.1	18.7802	724.78	5.151	3
185.2	18.7745	724.0024	5.1478	3
185.3	18.7688	723.2362	5.1454	3
185.4	18.7628	722.3722	5.1551	3
185.5	18.7565	721.5421	5.1565	3
185.6	18.7504	720.7922	5.1454	3
185.7	18.7441	719.9001	5.1402	3
185.8	18.7383	718.9124	5.1399	3
185.9	18.7332	717.9961	5.1382	3
186	18.7282	717.1621	5.1312	3
186.1	18.723	716.3258	5.134	3
186.2	18.7177	715.6355	5.143	3
186.3	18.7124	714.7198	5.1413	3
186.4	18.707	713.9206	5.1422	3
186.5	18.7018	713.0544	5.1412	3
186.6	18.6964	712.2285	5.145	3
186.7	18.691	711.4813	5.1403	3
186.8	18.6854	710.7027	5.1404	3
186.9	18.6797	709.7219	5.1368	3
187	18.6748	708.8971	5.1342	3
187.1	18.6697	707.9187	5.1411	3
187.2	18.6645	707.2262	5.1413	3
187.3	18.6593	706.3664	5.1437	3
187.4	18.6539	705.5612	5.1575	3
187.5	18.6484	704.7913	5.1637	3
187.6	18.643	703.8623	5.1596	3
187.7	18.6378	703.119	5.1583	3
187.8	18.6326	702.2488	5.1511	3
187.9	18.6269	701.5161	5.1575	3
188	18.6212	700.6828	5.1675	3
188.1	18.6151	699.8046	5.1664	3
188.2	18.609	699.0937	5.1682	3
188.3	18.6031	698.247	5.1693	3
188.4	18.5968	697.3944	5.1641	3
188.5	18.5907	696.6225	5.1568	3
188.6	18.5846	695.7266	5.1514	3
188.7	18.5783	695.0307	5.1514	3
188.8	18.5718	694.1442	5.1573	3
188.9	18.5652	693.4007	5.1619	3
189	18.559	692.3762	5.1623	3
189.1	18.553	691.4956	5.1578	3
189.2	18.5472	690.5962	5.1491	3
189.3	18.5417	689.7592	5.1478	3
189.4	18.5366	688.8734	5.1425	3
189.5	18.5316	687.9921	5.1322	3
189.6	18.5263	687.1988	5.1416	3
189.7	18.5209	686.4852	5.156	3
189.8	18.5155	685.6276	5.1504	3
189.9	18.5097	684.7945	5.1344	3
190	18.5038	684.0822	5.1374	3
190.1	18.4978	683.2408	5.1347	3
190.2	18.4919	682.3629	5.1414	3
190.3	18.4862	681.4136	5.1331	3
190.4	18.4805	680.7023	5.1268	3
190.5	18.4749	679.7431	5.148	3
190.6	18.4695	678.9343	5.1622	3
190.7	18.4645	678.0713	5.1579	3
190.8	18.459	677.31	5.1593	3
190.9	18.4532	676.5221	5.1533	3
191	18.4476	675.5851	5.1527	3
191.1	18.4422	674.6765	5.1602	3
191.2	18.4371	673.8216	5.1493	3
191.3	18.4322	672.9894	5.1446	3
191.4	18.4274	672.2122	5.1511	3
191.5	18.4224	671.3371	5.1656	3
191.6	18.4173	670.5126	5.1686	3
191.7	18.412	669.6794	5.1648	3
191.8	18.4068	668.8817	5.1611	3
191.9	18.4015	667.979	5.1552	3
192	18.3961	667.2785	5.1539	3
192.1	18.3905	666.463	5.1486	3
192.2	18.3847	665.7592	5.1633	3
192.3	18.3787	664.851	5.1675	3
192.4	18.3726	664.0464	5.1639	3
192.5	18.3665	663.2873	5.1729	3
192.6	18.3604	662.3801	5.171	3
192.7	18.3542	661.5726	5.1682	3
192.8	18.348	660.7783	5.1642	3
192.9	18.3418	659.8822	5.1496	3
193	18.3358	659.0604	5.149	3
193.1	18.3297	658.2396	5.153	3
193.2	18.3236	657.4358	5.1607	3
193.3	18.3174	656.5865	5.1664	3
193.4	18.3112	655.7388	5.1737	3
193.5	18.305	655.0064	5.1971	3
193.6	18.2984	654.1664	5.1871	3
193.7	18.2919	653.2716	5.1784	3
193.8	18.2855	652.5205	5.167	3
193.9	18.2788	651.7355	5.1545	3
194	18.272	650.8307	5.1575	3
194.1	18.2653	650.1129	5.1525	3
194.2	18.2584	649.225	5.1488	3
194.3	18.2511	648.534	5.1484	3
194.4	18.2436	647.6365	5.1498	3
194.5	18.2362	646.8198	5.1587	3
194.6	18.2291	646.0007	5.1603	3
194.7	18.2219	645.1242	5.1498	3
194.8	18.2145	644.3524	5.1427	3
194.9	18.2071	643.5078	5.1351	3
195	18.1999	642.6248	5.1441	3
195.1	18.1928	641.8386	5.1583	3
195.2	18.1857	640.8746	5.1606	3
195.3	18.1789	640.0388	5.1504	3
195.4	18.1719	639.2709	5.1424	3
195.5	18.1652	638.3319	5.1337	3
195.6	18.1586	637.4278	5.1359	3
195.7	18.1527	636.4537	5.1294	3
195.8	18.1471	635.5385	5.1348	3
195.9	18.1416	634.716	5.1335	3
196	18.1359	634.0322	5.1403	3
196.1	18.1303	633.1882	5.1514	3
196.2	18.1245	632.2855	5.1501	3
196.3	18.1191	631.4457	5.1397	3
196.4	18.1137	630.5173	5.1325	3
196.5	18.1083	629.7726	5.1318	3
196.6	18.1027	628.9373	5.1292	3
196.7	18.0973	628.0754	5.1385	3
196.8	18.0923	627.155	5.1277	3
196.9	18.087	626.3746	5.1155	3
197	18.0814	625.6105	5.1229	3
197.1	18.0757	624.7933	5.1229	3
197.2	18.0698	623.946	5.1207	3
197.3	18.0642	623.1373	5.119	3
197.4	18.0589	622.29	5.1164	3
197.5	18.0535	621.4213	5.1221	3
197.6	18.0478	620.6781	5.1246	3
197.7	18.0417	619.9151	5.1291	3
197.8	18.0353	619.0981	5.1351	3
197.9	18.0291	618.291	5.1371	3
198	18.0226	617.456	5.1292	3
198.1	18.0161	616.6452	5.1203	3
198.2	18.0096	615.8277	5.1285	3
198.3	18.0032	614.8958	5.1399	3
198.4	17.9969	614.1631	5.1443	3
198.5	17.9903	613.309	5.1441	3
198.6	17.9838	612.4912	5.1264	3
198.7	17.9778	611.5605	5.1134	3
198.8	17.9723	610.6618	5.13	3
198.9	17.9664	609.8743	5.1483	3
199	17.9602	609.0497	5.1473	3
199.1	17.9539	608.3065	5.136	3
199.2	17.9476	607.4471	5.1471	3
199.3	17.941	606.6864	5.1493	3
199.4	17.9342	605.8723	5.1309	3
199.5	17.9271	605.027	5.132	3
199.6	17.9202	604.3364	5.1365	3
199.7	17.9133	603.4836	5.1315	3
199.8	17.9061	602.5208	5.1188	3
199.9	17.8994	601.7075	5.1343	3
200	17.8924	600.8958	5.1376	3
200.1	17.8853	600.1671	5.1298	3
200.2	17.8782	599.3139	5.1247	3
200.3	17.8711	598.387	5.1207	3
200.4	17.864	597.6206	5.1158	3
200.5	17.8568	596.8103	5.1168	3
200.6	17.8495	595.9134	5.1186	3
200.7	17.8423	595.0859	5.1209	3
200.8	17.8353	594.2568	5.1239	3
200.9	17.8282	593.4557	5.123	3
201	17.8213	592.558	5.1274	3
201.1	17.8144	591.7758	5.1435	3
201.2	17.8074	590.9361	5.1476	3
201.3	17.8002	590.0642	5.1502	3
201.4	17.793	589.3003	5.1474	3
201.5	17.7859	588.3774	5.1496	3
201.6	17.7786	587.6404	5.1325	3
201.7	17.7714	586.8162	5.1325	3
201.8	17.7643	585.9096	5.1488	3
201.9	17.7573	585.0489	5.1516	3
202	17.7506	584.1736	5.1409	3
202.1	17.7439	583.368	5.1272	3
202.2	17.7371	582.5448	5.1238	3
202.3	17.7301	581.7247	5.1265	3
202.4	17.7231	580.8941	5.141	3
202.5	17.7161	580.064	5.1557	3
202.6	17.7093	579.2229	5.161	3
202.7	17.7024	578.3541	5.1592	3
202.8	17.6956	577.567	5.1499	3
202.9	17.6889	576.6969	5.1475	3
203	17.6824	575.8309	5.1313	3
203.1	17.6759	574.9809	5.1321	3
203.2	17.6692	574.1724	5.1372	3
203.3	17.6626	573.2708	5.1464	3
203.4	17.6561	572.51	5.1481	3
203.5	17.6495	571.6494	5.1456	3
203.6	17.6429	570.8401	5.1467	3
203.7	17.6364	569.9156	5.1429	3
203.8	17.6299	569.074	5.1431	3
203.9	17.6234	568.3852	5.1549	3
204	17.617	567.4579	5.1397	3
204.1	17.6106	566.5423	5.1354	3
204.2	17.6044	565.7246	5.1419	3
204.3	17.5981	564.9091	5.1403	3
204.4	17.5918	564.0421	5.1529	3
204.5	17.5857	563.2117	5.1547	3
204.6	17.5796	562.4808	5.1452	3
204.7	17.5732	561.6688	5.1289	3
204.8	17.5667	560.7444	5.1219	3
204.9	17.5604	559.9027	5.1227	3
205	17.5542	559.0718	5.1205	3
205.1	17.5481	558.2483	5.1095	3
205.2	17.5421	557.3572	5.1104	3
205.3	17.5359	556.4927	5.1156	3
205.4	17.5299	555.7162	5.1246	3
205.5	17.5239	554.8718	5.1484	3
205.6	17.5181	554.0362	5.1536	3
205.7	17.5124	553.0682	5.1378	3
205.8	17.5066	552.3652	5.1306	3
205.9	17.5007	551.4646	5.1291	3
206	17.4948	550.6158	5.1308	3
206.1	17.4892	549.8143	5.1369	3
206.2	17.4835	548.9901	5.1362	3
206.3	17.4775	548.1938	5.1162	3
206.4	17.4714	547.4189	5.1085	3
206.5	17.465	546.5862	5.1084	3
206.6	17.4587	545.8556	5.1218	3
206.7	17.4522	544.9862	5.1383	3
206.8	17.4456	544.1639	5.1281	3
206.9	17.4389	543.3169	5.112	3
207	17.4322	542.5393	5.117	3
207.1	17.4258	541.6071	5.1212	3
207.2	17.4194	540.7278	5.1153	3
207.3	17.4129	539.9978	5.1317	3
207.4	17.4065	539.0933	5.1347	3
207.5	17.4002	538.2694	5.1327	3
207.6	17.3938	537.4776	5.138	3
207.7	17.3868	536.7638	5.1477	3
207.8	17.38	535.8787	5.1374	3
207.9	17.3728	535.059	5.1329	3
208	17.3659	534.2569	5.1523	3
208.1	17.3589	533.4115	5.154	3
208.2	17.3519	532.5864	5.1402	3
208.3	17.3452	531.6667	5.1427	3
208.4	17.3384	530.8156	5.1388	3
208.5	17.3318	530.0752	5.1392	3
208.6	17.3253	529.1367	5.1406	3
208.7	17.3184	528.3149	5.1391	3
208.8	17.3117	527.5211	5.1425	3
208.9	17.3049	526.7079	5.1321	3
209	17.2983	525.8437	5.1327	3
209.1	17.2916	524.9619	5.1292	3
209.2	17.2853	524.0521	5.1246	3
209.3	17.279	523.2446	5.1238	3
209.4	17.2726	522.4924	5.1358	3
209.5	17.2658	521.6181	5.1287	3
209.6	17.259	520.9033	5.1373	3
209.7	17.2521	520.0233	5.1323	3
209.8	17.2454	519.1985	5.1341	3
209.9	17.2387	518.3824	5.1445	3
210	17.2318	517.5626	5.1411	3
210.1	17.2246	516.8399	5.1286	3
210.2	17.2174	515.9029	5.1189	3
210.3	17.2102	515.1279	5.1321	3
210.4	17.2033	514.2087	5.1485	3
210.5	17.1965	513.3254	5.1612	3
210.6	17.1901	512.486	5.1577	3
210.7	17.1839	511.5818	5.1451	3
210.8	17.1775	510.7619	5.1282	3
210.9	17.171	509.978	5.1163	3
211	17.1649	509.1334	5.1402	3
211.1	17.1585	508.2755	5.1488	3
211.2	17.1522	507.3881	5.1281	3
211.3	17.1457	506.5626	5.1331	3
211.4	17.1398	505.6608	5.1516	3
211.5	17.1339	504.8128	5.1508	3
211.6	17.1281	503.9801	5.1553	3
211.7	17.122	503.1178	5.1353	3
211.8	17.1161	502.3838	5.1228	3
211.9	17.1101	501.5191	5.1233	3
212	17.1041	500.7001	5.1114	3
212.1	17.0984	499.7613	5.1087	3
212.2	17.0929	498.9076	5.1213	3
212.3	17.0873	498.1054	5.1316	3
212.4	17.0818	497.2835	5.1248	3
212.5	17.0759	496.5094	5.1277	3
212.6	17.0698	495.7768	5.1414	3
212.7	17.0634	494.9953	5.1429	3
212.8	17.0568	494.1114	5.1349	3
212.9	17.0504	493.2836	5.1387	3
213	17.0439	492.4602	5.1448	3
213.1	17.0374	491.6249	5.1575	3
213.2	17.031	490.7737	5.1522	3
213.3	17.0247	489.9104	5.1376	3
213.4	17.0184	489.1214	5.1288	3
213.5	17.0124	488.2215	5.1304	3
213.6	17.0066	487.2537	5.1434	3
213.7	17.0009	486.4932	5.1503	3
213.8	16.9947	485.7634	5.1557	3
213.9	16.9879	485.0519	5.1569	3
214	16.9811	484.2462	5.1505	3
214.1	16.9739	483.3975	5.1479	3
214.2	16.9667	482.6807	5.1463	3
214.3	16.9593	481.7676	5.1582	3
214.4	16.9524	480.8902	5.17	3
214.5	16.9454	480.0235	5.1523	3
214.6	16.9384	479.197	5.1453	3
214.7	16.9313	478.4531	5.1542	3
214.8	16.9242	477.6331	5.1539	3
214.9	16.9168	476.8193	5.144	3
215	16.9093	476.0301	5.1437	3
215.1	16.9019	475.1922	5.1323	3
215.2	16.8942	474.3387	5.1338	3
215.3	16.8866	473.5825	5.1395	3
215.4	16.879	472.6748	5.1473	3
215.5	16.871	471.9393	5.153	3
215.6	16.8627	471.1149	5.1468	3
215.7	16.8548	470.2838	5.1438	3
215.8	16.8469	469.4166	5.1549	3
215.9	16.8389	468.6341	5.1449	3
216	16.8308	467.7931	5.1429	3
216.1	16.8226	466.9509	5.1478	3
216.2	16.8146	466.1409	5.1341	3
216.3	16.8066	465.294	5.1394	3
216.4	16.7986	464.4816	5.138	3
216.5	16.7907	463.5891	5.1296	3
216.6	16.7828	462.7757	5.1296	3
216.7	16.7749	461.9281	5.1276	3
216.8	16.767	461.0636	5.1179	3
216.9	16.759	460.2523	5.1227	3
217	16.7511	459.4443	5.1195	3
217.1	16.7422	458.9031	5.1064	3
217.2	16.7329	458.064	5.1109	3
217.3	16.7245	456.8311	5.1143	3
217.4	16.7179	455.738	5.1056	3
217.5	16.7117	454.8934	5.1092	3
217.6	16.705	454.1714	5.1135	3
217.7	16.6979	453.4292	5.1073	3
217.8	16.6909	452.5146	5.1156	3
217.9	16.6838	451.7688	5.1192	3
218	16.6764	450.9882	5.1115	3
218.1	16.6691	450.1798	5.1155	3
218.2	16.6616	449.3019	5.1181	3
218.3	16.6538	448.6157	5.1154	3
218.4	16.6454	447.8329	5.112	3
218.5	16.6369	447.138	5.1065	3
218.6	16.6285	446.1891	5.1154	3
218.7	16.62	445.305	5.116	3
218.8	16.6117	444.4367	5.0993	3
218.9	16.6034	443.6934	5.1041	3
219	16.5949	442.9618	5.1214	3
219.1	16.5862	442.0625	5.1185	3
219.2	16.5779	441.1137	5.0997	3
219.3	16.5696	440.3106	5.0909	3
219.4	16.5616	439.4286	5.1062	3
219.5	16.5536	438.5755	5.1145	3
219.6	16.546	437.683	5.1009	3
219.7	16.5389	436.7639	5.074	3
219.8	16.5318	435.8463	5.0744	3
219.9	16.5251	434.9918	5.0784	3
220	16.5185	434.0588	5.0874	3
220.1	16.5126	433.0814	5.1003	3
220.2	16.507	432.1704	5.1094	3
220.3	16.5011	431.6161	5.1227	3
220.4	16.4937	431.1685	5.1217	3
220.5	16.4846	430.6537	5.1118	3
220.6	16.475	429.8095	5.1123	3
220.7	16.4658	428.8156	5.1168	3
220.8	16.4578	427.6916	5.1204	3
220.9	16.4507	426.6832	5.1281	3
221	16.444	425.852	5.1372	3
221.1	16.4369	425.0708	5.1361	3
221.2	16.4296	424.247	5.1264	3
221.3	16.4226	423.4351	5.1204	3
221.4	16.4151	422.6472	5.1203	3
221.5	16.4072	422.0499	5.1182	3
221.6	16.399	421.1128	5.1234	3
221.7	16.3909	420.2725	5.1396	3
221.8	16.3832	419.3581	5.1387	3
221.9	16.3758	418.3494	5.1351	3
222	16.3692	417.3818	5.132	3
222.1	16.363	416.526	5.1278	3
222.2	16.3565	415.6695	5.1201	3
222.3	16.3503	414.8967	5.1287	3
222.4	16.344	414.0869	5.132	3
222.5	16.3374	413.2914	5.1291	3
222.6	16.3307	412.5161	5.1251	3
222.7	16.3241	411.6812	5.1315	3
222.8	16.3175	410.8413	5.1453	3
222.9	16.3109	410.0146	5.1472	3
223	16.3041	409.1337	5.1397	3
223.1	16.2975	408.3235	5.1341	3
223.2	16.291	407.4347	5.1304	3
223.3	16.2845	406.6924	5.1361	3
223.4	16.2774	405.8202	5.1374	3
223.5	16.2707	404.9116	5.1254	3
223.6	16.2643	404.0112	5.1192	3
223.7	16.2578	403.3559	5.1169	3
223.8	16.2508	402.5261	5.1216	3
223.9	16.2438	401.7857	5.1229	3
224	16.2372	400.8388	5.1216	3
224.1	16.2302	400.0775	5.1121	3
224.2	16.223	399.2928	5.1029	3
224.3	16.2157	398.362	5.1037	3
224.4	16.2087	397.6457	5.1062	3
224.5	16.2014	396.7897	5.1079	3
224.6	16.1938	396.0223	5.1093	3
224.7	16.1865	395.1226	5.1128	3
224.8	16.1791	394.3174	5.1117	3
224.9	16.1716	393.6098	5.1112	3
225	16.1639	392.6519	5.0985	3
225.1	16.1567	391.7151	5.107	3
225.2	16.1506	390.5593	5.1139	3
225.3	16.1457	389.4079	5.1054	3
225.4	16.1407	388.9654	5.1107	3
225.5	16.133	388.8111	5.1178	3
225.6	16.123	388.3163	5.1001	3
225.7	16.1129	387.3779	5.0984	3
225.8	16.1034	386.3437	5.0786	3
225.9	16.0947	385.4228	5.0728	3
226	16.0861	384.6223	5.0926	3
226.1	16.0774	383.7142	5.0908	3
226.2	16.0685	382.9067	5.0887	3
226.3	16.0599	382.042	5.0933	3
226.4	16.0514	381.1672	5.089	3
226.5	16.0431	380.3178	5.0945	3
226.6	16.0348	379.4939	5.102	3
226.7	16.0266	378.7078	5.0937	3
226.8	16.0182	377.9016	5.081	3
226.9	16.0096	377.075	5.0963	3
227	16.001	376.2658	5.0942	3
227.1	15.9925	375.3899	5.0903	3
227.2	15.9838	374.559	5.0824	3
227.3	15.9753	373.7018	5.0658	3
227.4	15.9669	372.8124	5.0761	3
227.5	15.9585	372.0331	5.0776	3
227.6	15.95	371.2159	5.0691	3
227.7	15.9415	370.3245	5.0774	3
227.8	15.9332	369.4557	5.0792	3
227.9	15.9248	368.6706	5.0692	3
228	15.9162	367.8717	5.0646	3
228.1	15.9075	367.0868	5.0627	3
228.2	15.8989	366.2081	5.0593	3
228.3	15.8903	365.4887	5.067	3
228.4	15.881	364.7311	5.0752	3
228.5	15.8714	363.9322	5.0799	3
228.6	15.862	363.0615	5.085	3
228.7	15.8528	362.2566	5.0843	3
228.8	15.8438	361.2911	5.0785	3
228.9	15.8351	360.3103	5.0684	3
229	15.8269	359.3764	5.0785	3
229.1	15.819	358.4982	5.077	3
229.2	15.8114	357.5963	5.0689	3
229.3	15.8042	356.7585	5.0721	3
229.4	15.797	355.8692	5.0837	3
229.5	15.7893	355.3498	5.0843	3
229.6	15.7807	354.5635	5.0792	3
229.7	15.7724	353.5926	5.0771	3
229.8	15.7644	352.8305	5.0795	3
229.9	15.7557	352.0829	5.0891	3
230	15.7471	351.1506	5.0906	3
230.1	15.7389	350.3359	5.101	3
230.2	15.7305	349.4827	5.0921	3
230.3	15.7219	348.6706	5.0929	3
230.4	15.7138	347.8126	5.094	3
230.5	15.7056	346.9786	5.0933	3
230.6	15.6973	346.1621	5.0998	3
230.7	15.6887	345.3347	5.0918	3
230.8	15.68	344.6004	5.0717	3
230.9	15.6714	343.7502	5.0675	3
231	15.6628	342.8698	5.0797	3
231.1	15.6541	342.093	5.0895	3
231.2	15.645	341.297	5.1048	3
231.3	15.6359	340.4423	5.0979	3
231.4	15.6271	339.6246	5.0961	3
231.5	15.6183	338.8442	5.1103	3
231.6	15.6094	337.9518	5.1072	3
231.7	15.6003	337.1213	5.1057	3
231.8	15.5913	336.2497	5.1128	3
231.9	15.5822	335.4498	5.117	3
232	15.5732	334.5938	5.1147	3
232.1	15.5645	333.675	5.1056	3
232.2	15.5557	332.9531	5.0945	3
232.3	15.5465	332.1714	5.0953	3
232.4	15.5375	331.3073	5.098	3
232.5	15.5291	330.347	5.1034	3
232.6	15.5206	329.449	5.1044	3
232.7	15.5121	328.6201	5.1041	3
232.8	15.5039	327.7664	5.1057	3
232.9	15.4959	326.9559	5.1081	3
233	15.4875	326.1153	5.1095	3
233.1	15.479	325.4335	5.0993	3
233.2	15.4704	324.5314	5.087	3
233.3	15.4618	323.7297	5.0885	3
233.4	15.4537	322.7229	5.084	3
233.5	15.4458	321.7056	5.0834	3
233.6	15.4385	320.9563	5.0884	3
233.7	15.431	320.14	5.0852	3
233.8	15.4232	319.383	5.0948	3
233.9	15.4151	318.7076	5.1102	3
234	15.4064	317.8658	5.1035	3
234.1	15.3978	317.0983	5.1028	3
234.2	15.3893	316.1984	5.108	3
234.3	15.3809	315.2996	5.1014	3
234.4	15.3728	314.4722	5.083	3
234.5	15.3645	313.6155	5.0916	3
234.6	15.3563	312.7728	5.1037	3
234.7	15.3484	311.8249	5.1042	3
234.8	15.3412	310.8213	5.0988	3
234.9	15.3347	309.8103	5.0925	3
235	15.3288	308.8432	5.0944	3
235.1	15.3231	308.0105	5.0876	3
235.2	15.3172	307.3962	5.0855	3
235.3	15.3106	306.7665	5.084	3
235.4	15.3029	306.0488	5.0983	3
235.5	15.2949	305.2419	5.1068	3
235.6	15.2871	304.364	5.1127	3
235.7	15.2793	303.536	5.1042	3
235.8	15.2717	302.6851	5.1088	3
235.9	15.264	301.7998	5.115	3
236	15.2565	300.8856	5.1085	3
236.1	15.2494	300.0991	5.1074	3
236.2	15.2419	299.3755	5.1021	3
236.3	15.2342	298.4468	5.0994	3
236.4	15.2267	297.6999	5.1115	3
236.5	15.2188	296.9763	5.1205	3
236.6	15.2103	296.1811	5.1226	3
236.7	15.202	295.4328	5.1156	3
236.8	15.1935	294.4498	5.1069	3
236.9	15.1849	293.7272	5.1018	3
237	15.1764	292.8685	5.0965	3
237.1	15.1675	292.17	5.1	3
237.2	15.1586	291.3423	5.1054	3
237.3	15.1494	290.523	5.1223	3
237.4	15.14	289.7381	5.1228	3
237.5	15.1304	288.9385	5.114	3
237.6	15.1212	287.9714	5.1116	3
237.7	15.1119	287.2271	5.1123	3
237.8	15.1026	286.3686	5.1192	3
237.9	15.093	285.5078	5.1258	3
238	15.0838	284.6294	5.1306	3
238.1	15.075	283.7834	5.1249	3
238.2	15.0664	282.9356	5.1205	3
238.3	15.0574	282.1325	5.121	3
238.4	15.0482	281.2578	5.118	3
238.5	15.0393	280.3611	5.1228	3
238.6	15.0305	279.673	5.1303	3
238.7	15.0217	278.7377	5.1309	3
238.8	15.0127	277.9014	5.1367	3
238.9	15.004	277.1136	5.1427	3
239	14.9951	276.1612	5.1345	3
239.1	14.9866	275.3112	5.1209	3
239.2	14.9781	274.5331	5.1222	3
239.3	14.9694	273.7055	5.1216	3
239.4	14.9609	272.8193	5.1199	3
239.5	14.9525	271.898	5.1122	3
239.6	14.9445	271.0286	5.1085	3
239.7	14.937	270.1267	5.1108	3
239.8	14.9292	269.45	5.119	3
239.9	14.9213	268.5296	5.1118	3
240	14.9134	267.7238	5.1107	3
240.1	14.9054	266.9664	5.1104	3
240.2	14.897	266.1432	5.0902	3
240.3	14.8891	265.2265	5.0874	3
240.4	14.8807	264.4083	5.0945	3
240.5	14.8731	263.5761	5.0929	3
240.6	14.8652	262.7113	5.103	3
240.7	14.8568	262.0864	5.1104	3
240.8	14.8484	261.2	5.1095	3
240.9	14.8396	260.4892	5.107	3
241	14.8305	259.7928	5.1012	3
241.1	14.8206	258.8995	5.109	3
241.2	14.811	258.0241	5.1092	3
241.3	14.8024	257.0053	5.0963	3
241.4	14.7935	256.3772	5.1113	3
241.5	14.7836	255.6733	5.1147	3
241.6	14.7736	254.7414	5.1125	3
241.7	14.7638	254.056	5.1119	3
241.8	14.7536	253.2236	5.1138	3
241.9	14.7435	252.425	5.1179	3
242	14.7333	251.5178	5.101	3
242.1	14.723	250.7201	5.097	3
242.2	14.7129	249.8017	5.1105	3
242.3	14.703	248.9909	5.1084	3
242.4	14.693	248.1991	5.1138	3
242.5	14.6827	247.3765	5.1096	3
242.6	14.6725	246.5542	5.109	3
242.7	14.6624	245.7107	5.0985	3
242.8	14.6517	244.9278	5.0981	3
242.9	14.6411	244.1475	5.1005	3
243	14.6307	243.1694	5.0941	3
243.1	14.6205	242.2029	5.0983	3
243.2	14.6107	241.4564	5.0989	3
243.3	14.6011	240.5541	5.0981	3
243.4	14.5917	239.7251	5.0945	3
243.5	14.582	238.8756	5.0959	3
243.6	14.5722	238.1839	5.0936	3
243.7	14.5619	237.3493	5.1067	3
243.8	14.5519	236.4804	5.1042	3
243.9	14.5423	235.4901	5.1006	3
244	14.5329	234.6404	5.1053	3
244.1	14.5235	233.8597	5.1038	3
244.2	14.5138	233.0826	5.1095	3
244.3	14.5041	232.3029	5.1186	3
244.4	14.4941	231.4719	5.13	3
244.5	14.4839	230.6646	5.1289	3
244.6	14.474	229.7216	5.1071	3
244.7	14.4642	228.9163	5.0952	3
244.8	14.4543	228.1779	5.1005	3
244.9	14.4443	227.2442	5.0927	3
245	14.4345	226.4661	5.0962	3
245.1	14.4246	225.6439	5.1044	3
245.2	14.4144	224.8892	5.1073	3
245.3	14.4041	223.9867	5.1028	3
245.4	14.3942	223.1146	5.1003	3
245.5	14.3843	222.3506	5.1058	3
245.6	14.3741	221.5641	5.1146	3
245.7	14.3637	220.6979	5.1134	3
245.8	14.3544	219.4481	5.1269	3
245.9	14.3475	218.0862	5.1258	3
246	14.3406	217.5432	5.1142	3
246.1	14.3321	217.0226	5.123	3
246.2	14.3232	216.2223	5.1305	3
246.3	14.3139	215.5452	5.1339	3
246.4	14.3045	214.7061	5.1319	3
246.5	14.2948	213.9068	5.1214	3
246.6	14.2846	213.1574	5.1137	3
246.7	14.2745	212.4587	5.1047	3
246.8	14.264	211.5767	5.1004	3
246.9	14.2537	210.7624	5.1038	3
247	14.2432	209.9097	5.0993	3
247.1	14.2326	209.0762	5.1001	3
247.2	14.2222	208.2941	5.1108	3
247.3	14.2113	207.422	5.0989	3
247.4	14.2011	206.5623	5.0972	3
247.5	14.1909	205.7123	5.0968	3
247.6	14.1803	204.9028	5.099	3
247.7	14.1698	204.0479	5.1072	3
247.8	14.1591	203.3133	5.0991	3
247.9	14.1483	202.5007	5.0967	3
248	14.1373	201.7053	5.1073	3
248.1	14.1263	200.81	5.1097	3
248.2	14.1152	200.0559	5.1075	3
248.3	14.104	199.253	5.1236	3
248.4	14.0926	198.4507	5.117	3
248.5	14.081	197.5726	5.1096	3
248.6	14.0698	196.5829	5.1138	3
248.7	14.0593	195.6805	5.1043	3
248.8	14.0491	194.8173	5.094	3
248.9	14.0389	194.0716	5.0858	3
249	14.0282	193.2809	5.089	3
249.1	14.0175	192.4096	5.0934	3
249.2	14.007	191.5555	5.0883	3
249.3	13.9962	190.7334	5.0966	3
249.4	13.9857	189.8893	5.096	3
249.5	13.9753	189.0712	5.099	3
249.6	13.965	188.2342	5.1019	3
249.7	13.9548	187.3766	5.1003	3
249.8	13.9443	186.5146	5.0877	3
249.9	13.9337	185.7175	5.0961	3
250	13.9231	184.8625	5.105	3
250.1	13.9125	184.0882	5.0988	3
250.2	13.9019	183.3209	5.0912	3
250.3	13.8909	182.5415	5.0967	3
250.4	13.88	181.7156	5.0925	3
250.5	13.8689	180.8472	5.0744	3
250.6	13.8581	179.9294	5.0825	3
250.7	13.847	179.1353	5.0909	3
250.8	13.8361	178.325	5.0887	3
250.9	13.8253	177.4276	5.0903	3
251	13.8143	176.7283	5.0896	3
251.1	13.8032	175.8625	5.0847	3
251.2	13.792	175.1054	5.0841	3
251.3	13.7805	174.2177	5.0792	3
251.4	13.769	173.3953	5.0757	3
251.5	13.7576	172.5758	5.086	3
251.6	13.7462	171.8157	5.0961	3
251.7	13.7346	171.0053	5.1094	3
251.8	13.723	170.1022	5.1179	3
251.9	13.7115	169.2056	5.1114	3
252	13.7	168.4571	5.104	3
252.1	13.6884	167.6348	5.1038	3
252.2	13.6767	166.8223	5.0927	3
252.3	13.6649	165.8884	5.0988	3
252.4	13.6535	165.0478	5.1049	3
252.5	13.642	164.2202	5.1193	3
252.6	13.6307	163.414	5.1214	3
252.7	13.6195	162.5527	5.1104	3
252.8	13.6081	161.723	5.1033	3
252.9	13.5969	160.8455	5.0943	3
253	13.5853	160.0792	5.093	3
253.1	13.5737	159.2346	5.096	3
253.2	13.5624	158.3871	5.1008	3
253.3	13.5512	157.5471	5.096	3
253.4	13.5399	156.7556	5.093	3
253.5	13.5282	155.9743	5.0774	3
253.6	13.5165	155.0854	5.0666	3
253.7	13.505	154.2246	5.0632	3
253.8	13.4936	153.4074	5.0647	3
253.9	13.4819	152.6135	5.0666	3
254	13.4702	151.7373	5.0645	3
254.1	13.4585	151.0023	5.0603	3
254.2	13.4466	150.1843	5.0649	3
254.3	13.4342	149.413	5.0683	3
254.4	13.4218	148.608	5.0684	3
254.5	13.4096	147.7073	5.066	3
254.6	13.3974	146.9665	5.0777	3
254.7	13.3849	146.1748	5.0821	3
254.8	13.3722	145.3301	5.0742	3
254.9	13.3593	144.4722	5.0708	3
255	13.3466	143.6161	5.0819	3
255.1	13.334	142.7861	5.0766	3
255.2	13.3218	141.874	5.0723	3
255.3	13.3096	141.0149	5.0808	3
255.4	13.2976	140.1337	5.0861	3
255.5	13.2857	139.4067	5.0912	3
255.6	13.2735	138.5647	5.0877	3
255.7	13.2613	137.6776	5.0748	3
255.8	13.2494	136.8586	5.0874	3
255.9	13.237	136.0526	5.0914	3
256	13.2245	135.3221	5.0819	3
256.1	13.2122	134.4552	5.0863	3
256.2	13.1999	133.5064	5.0966	3
256.3	13.1877	132.7241	5.098	3
256.4	13.1752	131.9487	5.0904	3
256.5	13.1624	131.1298	5.0844	3
256.6	13.1497	130.2888	5.085	3
256.7	13.137	129.5065	5.081	3
256.8	13.1239	128.735	5.0867	3
256.9	13.111	127.8806	5.0971	3
257	13.0983	126.9808	5.0892	3
257.1	13.0853	126.117	5.0711	3
257.2	13.0725	125.3328	5.0725	3
257.3	13.0599	124.4921	5.0807	3
257.4	13.0472	123.6537	5.0743	3
257.5	13.0346	122.7491	5.0683	3
257.6	13.0221	121.9696	5.0752	3
257.7	13.0093	121.2682	5.0879	3
257.8	12.9961	120.3579	5.0985	3
257.9	12.983	119.5023	5.0991	3
258	12.97	118.7859	5.0834	3
258.1	12.9565	118.011	5.0805	3
258.2	12.9427	117.2076	5.0786	3
258.3	12.929	116.3312	5.0745	3
258.4	12.9155	115.3978	5.0869	3
258.5	12.9022	114.6157	5.0939	3
258.6	12.8886	113.8474	5.0919	3
258.7	12.8751	112.9519	5.0864	3
258.8	12.8617	112.0459	5.0951	3
258.9	12.8486	111.2774	5.0973	3
259	12.8351	110.4924	5.1118	3
259.1	12.8213	109.5056	5.1113	3
259.2	12.8085	108.6163	5.1083	3
259.3	12.7958	107.8284	5.1095	3
259.4	12.783	107.0122	5.1068	3
259.5	12.7699	106.1697	5.1053	3
259.6	12.7568	105.3888	5.1086	3
259.7	12.7436	104.5466	5.1048	3
259.8	12.7303	103.7445	5.0903	3
259.9	12.7172	102.9031	5.0879	3
260	12.7042	102.0665	5.101	3
260.1	12.691	101.2579	5.1217	3
260.2	12.6776	100.4342	5.1144	3
260.3	12.6641	99.6194	5.0989	3
260.4	12.6505	98.7433	5.0972	3
260.5	12.637	98.0535	5.112	3
260.6	12.6231	97.223	5.1059	3
260.7	12.6089	96.3693	5.0911	3
260.8	12.5948	95.6018	5.0979	3
260.9	12.5805	94.7435	5.0982	3
261	12.5662	93.9713	5.0888	3
261.1	12.5521	93.0783	5.0833	3
261.2	12.5381	92.1967	5.0906	3
261.3	12.5241	91.3219	5.094	3
261.4	12.5103	90.4161	5.0871	3
261.5	12.4969	89.6119	5.0991	3
261.6	12.4834	88.7153	5.1053	3
261.7	12.4701	87.991	5.095	3
261.8	12.4565	87.1638	5.0914	3
261.9	12.4427	86.2967	5.0934	3
262	12.4289	85.5397	5.0929	3
262.1	12.4149	84.7144	5.1005	3
262.2	12.4008	83.8705	5.0968	3
262.3	12.3868	83.1051	5.1057	3
262.4	12.3727	82.2335	5.1088	3
262.5	12.3584	81.3828	5.095	3
262.6	12.3443	80.5326	5.082	3
262.7	12.3305	79.6154	5.0742	3
262.8	12.3169	78.7573	5.0856	3
262.9	12.3035	77.9272	5.0885	3
263	12.2899	77.1191	5.086	3
263.1	12.2763	76.2808	5.0884	3
263.2	12.2626	75.4711	5.0867	3
263.3	12.249	74.6274	5.0861	3
263.4	12.2355	73.818	5.083	3
263.5	12.2215	73.0562	5.0946	3
263.6	12.2073	72.2776	5.0998	3
263.7	12.193	71.4311	5.096	3
263.8	12.1788	70.6148	5.0926	3
263.9	12.1641	69.8402	5.0908	3
264	12.149	69.086	5.098	3
264.1	12.1339	68.2795	5.1003	3
264.2	12.1187	67.4959	5.1103	3
264.3	12.1035	66.6241	5.1026	3
264.4	12.0882	65.8376	5.0872	3
264.5	12.0726	64.9589	5.0868	3
264.6	12.0575	64.0859	5.0852	3
264.7	12.0424	63.3009	5.0809	3
264.8	12.027	62.5237	5.0826	3
264.9	12.0113	61.7065	5.0922	3
265	11.9956	60.8271	5.088	3
265.1	11.98	60.0646	5.0717	3
265.2	11.9638	59.3184	5.059	3
265.3	11.9476	58.5183	5.0633	3
265.4	11.9312	57.6366	5.0493	3
265.5	11.9149	56.8428	5.0434	3
265.6	11.8983	56.1477	5.0497	3
265.7	11.8811	55.3199	5.0599	3
265.8	11.8644	54.4451	5.0816	3
265.9	11.8477	53.5145	5.0989	3
266	11.8316	52.5425	5.1035	3
266.1	11.8164	51.6103	5.1019	3
266.2	11.801	50.7521	5.0892	3
266.3	11.7857	49.9763	5.0858	3
266.4	11.7701	49.1816	5.0971	3
266.5	11.7547	48.3178	5.1172	3
266.6	11.7389	47.5614	5.1215	3
266.7	11.7227	46.758	5.1124	3
266.8	11.7066	46.0414	5.1088	3
266.9	11.6902	45.1152	5.1128	3
267	11.674	44.2672	5.117	3
267.1	11.6577	43.5575	5.1168	3
267.2	11.6409	42.8136	5.1105	3
267.3	11.6236	42.0368	5.1158	3
267.4	11.6063	41.2517	5.1259	3
267.5	11.5885	40.4768	5.1124	3
267.6	11.5703	39.6768	5.1073	3
267.7	11.552	38.9227	5.1112	3
267.8	11.5336	38.0991	5.1172	3
267.9	11.5148	37.3877	5.12	3
268	11.4954	36.6258	5.1159	3
268.1	11.4758	35.7537	5.1087	3
268.2	11.4565	34.9968	5.0852	3
268.3	11.4368	34.2409	5.0875	3
268.4	11.4166	33.4488	5.1003	3
268.5	11.3962	32.6518	5.103	3
268.6	11.3758	31.8662	5.1016	3
268.7	11.355	31.103	5.1027	3
268.8	11.334	30.2529	5.1092	3
268.9	11.3127	29.4077	5.1146	3
269	11.2914	28.6703	5.1181	3
269.1	11.2699	27.8707	5.1102	3
269.2	11.2481	27.0624	5.1136	3
269.3	11.2264	26.2885	5.1255	3
269.4	11.2042	25.5199	5.1236	3
269.5	11.1817	24.6747	5.1264	3
269.6	11.1592	23.9365	5.1403	3
269.7	11.1364	23.1163	5.1323	3
269.8	11.1132	22.3023	5.1236	3
269.9	11.09	21.4987	5.1222	3
270	11.0665	20.6602	5.1283	3
270.1	11.0429	19.9436	5.1255	3
270.2	11.0192	19.1496	5.1225	3
270.3	10.9951	18.3582	5.136	3
270.4	10.9707	17.5206	5.1411	3
270.5	10.9462	16.6776	5.1397	3
270.6	10.9217	15.9405	5.1268	3
270.7	10.8971	15.0804	5.1208	3
270.8	10.8721	14.3416	5.1241	3
270.9	10.8471	13.5357	5.1313	3
271	10.8223	12.8122	5.123	3
271.1	10.7969	11.9977	5.1179	3
271.2	10.7709	11.1854	5.1225	4
271.3	10.7448	10.3258	5.1277	4
271.4	10.7194	9.8792	5.1409	4
271.5	10.6872	5.3133	5.1261	4
271.6	10.5527	-35.6058	5.1154	4
271.7	10.2202	-90.2124	5.1153	4
271.8	9.7764	-96.5028	5.1033	4
271.9	9.3001	-82.3127	5.1057	4
272	8.815	-71.2626	5.1107	4
272.1	8.3247	-62.3981	5.1076	4
272.2	7.8316	-55.4614	5.1116	4
272.3	7.336	-49.8656	5.116	4
272.4	6.8369	-43.7983	5.1312	4
272.5	6.3361	-37.8925	5.1289	4
272.6	5.8336	-32.2144	5.1085	4
272.7	5.3296	-26.9655	5.1232	4
272.8	4.824	-22.4662	5.1333	4
272.9	4.3179	-18.7276	5.1248	4
273	3.8115	-16.2117	5.1275	4
273.1	3.3052	-14.9851	5.1312	4
273.2	2.7989	-14.4816	5.1255	4
273.3	2.2911	-14.1793	5.1307	4
273.4	1.7821	-13.8304	5.1137	4
273.5	1.2725	-13.9081	5.1147	4
273.6	0.762	-14.0145	5.1112	4
273.7	0.2507	-13.9766	5.1039	4
273.8	-0.2609	-14.0405	5.1044	4
273.9	-0.7725	-14.1119	5.1021	4
274	-1.2847	-13.929	5.1022	4
274.1	-1.7976	-13.5564	5.1051	4
274.2	-2.3107	-13.1681	5.1007	4
274.3	-2.8247	-12.5448	5.1026	4
274.4	-3.3385	-11.8881	5.1015	4
274.5	-3.8523	-11.046	5.0993	4
274.6	-4.3659	-10.5516	5.1089	4
274.7	-4.8788	-10.1354	5.1236	4
274.8	-5.3928	-9.6518	5.1166	4
274.9	-5.8734	-9.4172	5.1141	4
275	-6.2049	-9.0978	5.1269	4
275.1	-6.4112	-8.6917	5.1208	4
275.2	-6.5908	-8.2143	5.1219	4
275.3	-6.763	-7.6556	5.1399	4
275.4	-6.9309	-6.9634	5.134	4
275.5	-7.0959	-6.4638	5.1211	4
275.6	-7.259	-6.362	5.1079	4
275.7	-7.4203	-6.462	5.1122	4
275.8	-7.5808	-6.4423	5.133	4
275.9	-7.7409	-6.4661	5.1308	4
276	-7.9005	-6.5089	5.1299	4
276.1	-8.0599	-6.4595	5.1302	4
