Indentation

 + Advanced

+ Advanced
   Acquisition rate :	10.0 [Hz]
   Linear loading
   Max load :	1000.00 	µN
   Loading rate :	500.00 	µN/min
   Unloading rate :	500.00 	µN/min
   Pause :	30.0 s

+ TTX - UNHT Bio S/N: 1000136751 settings
   Fn contact : 25 µN
   Approach distance : 20 µm
   Approach speed : 100 µm/min
   Retract speed : 200 µm/min
   Retract time : 5 sec
   Dz sensor in large range
   Load in fine range
   FnRef in fine range
   FnRef contactload :500.000 µN
   Stiffness threshold : 1 µN/µm

   X Position :10622.97 µm
   Y Position :37957.90 µm
   Z Position :8352.21 µm

Date :6/9/2026
Time :9:51:36 AM

Analysis n # 1

   Method :	Hertz

 + Parameters

  Load Fit [10%,98%]

 + Main results

   EHz=	718.93 	kPa

 + Hypothesis


 + Additional results

   ErHz=	790.03 kPa
   h offset=	3.45 µm
   R2=	1.00

Analysis n # 2

   Method :	Oliver & Pharr

 + Parameters

  Unload Fit [40%,98%]

 + Main results

   HIT=	25.661 	kPa
   EIT=	854.49 	kPa
   E*=	939 	kPa

 + Hypothesis

   !!! Indenter not calibrated !!!
   m out of O&P hypothesis
   Poisson's ratio(nu)=	0.30 

 + Additional results

   HVIT=	0.0026158 	 Vickers
   CIT 0.001/120/30=	2.82 	%
   nIT=	67.33 %
   Fmax=	1008.63 	µN
   hmax=	16.16 	µm
   S=	210.0623 	µN/µm
   F/S²=	0.0229 	µm²/µN
   hc=	12.67 	µm
   hr=	11.36 	µm
   hp=	-94.46 	µm
   m=	23.0379 
   Epsilon=	0.73 
   R2=	1.010
   Ap=	39305.55 	µm²
   Welast=	3596.48 pJ
   Wplast=	1744.85 pJ
   Wtotal=	5341.33 pJ
   Er=	939 	kPa

Measured values
Time (s)	Pd (µm)	Fn (µN)	FnRef (µN)	SegmentID

0	0	0	5.0781	1
0.1	0.1861	0.4918	5.0869	1
0.2	0.3693	1.1712	5.0955	1
0.3	0.5222	1.6361	5.0848	1
0.4	0.6172	1.7719	5.0771	1
0.5	0.6877	2.0527	5.0871	1
0.6	0.7552	2.3288	5.0931	1
0.7	0.8225	2.6223	5.0945	1
0.8	0.8902	3.0001	5.0916	1
0.9	0.959	3.3582	5.1119	1
1	1.0288	3.7369	5.1201	1
1.1	1.0996	4.0998	5.1098	1
1.2	1.1726	4.5466	5.0935	1
1.3	1.247	5.0085	5.0969	1
1.4	1.3226	5.5818	5.1113	1
1.5	1.3996	6.0492	5.1058	1
1.6	1.4784	6.6263	5.1042	1
1.7	1.5582	7.3136	5.1101	1
1.8	1.6384	7.9904	5.1127	1
1.9	1.7199	8.6668	5.1139	1
2	1.8027	9.2982	5.1119	1
2.1	1.8857	10.076	5.1053	1
2.2	1.9692	10.9077	5.1078	1
2.3	2.0529	11.6979	5.1102	1
2.4	2.1363	12.5865	5.1146	1
2.5	2.2201	13.49	5.1096	1
2.6	2.303	14.4962	5.0937	1
2.7	2.3852	15.532	5.0878	1
2.8	2.4665	16.5251	5.0992	1
2.9	2.5472	17.5665	5.0908	1
3	2.627	18.6299	5.0894	1
3.1	2.7052	19.7022	5.0939	1
3.2	2.7821	20.8118	5.0917	1
3.3	2.8573	22.0276	5.0791	1
3.4	2.9307	23.307	5.0727	1
3.5	3.0022	24.5487	5.0886	1
3.6	3.0715	25.7641	5.0955	1
3.7	3.1387	27.0004	5.0901	1
3.8	3.204	28.1847	5.0878	1
3.9	3.2669	29.4013	5.0866	1
4	3.3278	30.5044	5.0848	1
4.1	3.3874	31.6705	5.083	1
4.2	3.4452	32.8983	5.0933	1
4.3	3.5008	34.0236	5.101	1
4.4	3.5548	35.0735	5.1034	1
4.5	3.6073	36.1686	5.0929	1
4.6	3.6583	37.2636	5.0813	1
4.7	3.7077	38.3171	5.0916	1
4.8	3.756	39.3475	5.0945	1
4.9	3.8029	40.4423	5.0925	1
5	3.8483	41.4942	5.0997	1
5.1	3.8926	42.5333	5.1074	1
5.2	3.9361	43.5367	5.1008	1
5.3	3.9786	44.465	5.1048	1
5.4	4.0202	45.4802	5.1059	1
5.5	4.0607	46.4655	5.0938	1
5.6	4.1001	47.3988	5.0915	1
5.7	4.1392	48.3268	5.0911	1
5.8	4.1776	49.3189	5.1033	1
5.9	4.2151	50.2545	5.113	1
6	4.2518	51.1892	5.125	1
6.1	4.2877	52.0959	5.104	1
6.2	4.3233	52.9947	5.0785	1
6.3	4.3584	53.9194	5.0837	1
6.4	4.3931	54.8139	5.0954	1
6.5	4.4275	55.7115	5.1078	1
6.6	4.4612	56.5735	5.1088	1
6.7	4.4943	57.5294	5.1055	1
6.8	4.527	58.4366	5.0889	1
6.9	4.5595	59.2784	5.0806	1
7	4.5916	60.2227	5.1016	1
7.1	4.6231	61.1341	5.1073	1
7.2	4.6541	61.9994	5.1032	1
7.3	4.685	62.8707	5.1069	1
7.4	4.7155	63.7083	5.1059	1
7.5	4.7459	64.603	5.1065	1
7.6	4.7759	65.4551	5.1075	1
7.7	4.8057	66.3613	5.0944	1
7.8	4.8352	67.2548	5.0926	1
7.9	4.8645	68.1138	5.1055	1
8	4.8933	69.0334	5.1067	1
8.1	4.9214	69.9571	5.0772	1
8.2	4.9491	70.8686	5.0695	1
8.3	4.9769	71.6884	5.0864	1
8.4	5.0045	72.5456	5.0979	1
8.5	5.0314	73.5368	5.0933	1
8.6	5.0578	74.3856	5.0872	1
8.7	5.0842	75.2445	5.092	1
8.8	5.1104	76.1272	5.0963	1
8.9	5.1361	77.0672	5.1063	1
9	5.1615	77.902	5.1056	1
9.1	5.1867	78.759	5.0984	1
9.2	5.2115	79.6639	5.0845	1
9.3	5.2362	80.5654	5.0879	1
9.4	5.2608	81.2978	5.0939	1
9.5	5.2857	82.1314	5.0909	1
9.6	5.3105	82.9432	5.0958	1
9.7	5.3349	83.9221	5.1116	1
9.8	5.3592	84.6791	5.1025	1
9.9	5.3834	85.5508	5.0897	1
10	5.4073	86.4753	5.1003	1
10.1	5.4304	87.4174	5.113	1
10.2	5.4535	88.3188	5.1058	1
10.3	5.4766	89.1347	5.1107	1
10.4	5.499	90.052	5.1193	1
10.5	5.521	90.9077	5.1092	1
10.6	5.5431	91.718	5.0963	1
10.7	5.5653	92.5809	5.0879	1
10.8	5.5871	93.492	5.0994	1
10.9	5.6087	94.3679	5.1022	1
11	5.6302	95.231	5.107	1
11.1	5.6512	96.1412	5.1094	1
11.2	5.6718	97.0235	5.1008	1
11.3	5.692	97.9168	5.0886	1
11.4	5.7122	98.7104	5.0932	1
11.5	5.7321	99.5929	5.115	1
11.6	5.752	100.4755	5.1118	1
11.7	5.7718	101.3041	5.116	1
11.8	5.7919	102.0575	5.1084	1
11.9	5.8117	103	5.0909	1
12	5.8313	103.7159	5.0931	1
12.1	5.8508	104.5785	5.1015	1
12.2	5.8705	105.4768	5.0926	1
12.3	5.8895	106.4677	5.0786	1
12.4	5.9086	107.294	5.0764	1
12.5	5.9275	108.0133	5.0655	1
12.6	5.9464	108.894	5.0736	1
12.7	5.9649	109.8473	5.1003	1
12.8	5.9828	110.7609	5.1112	1
12.9	6.0008	111.5467	5.1214	1
13	6.019	112.4394	5.1215	1
13.1	6.0364	113.3587	5.1228	1
13.2	6.0534	114.1673	5.1197	1
13.3	6.0707	115.0043	5.1226	1
13.4	6.088	115.9361	5.1296	1
13.5	6.1048	116.7904	5.1348	1
13.6	6.1222	117.5365	5.1372	1
13.7	6.1397	118.2382	5.1334	1
13.8	6.1569	119.1656	5.1158	1
13.9	6.1738	119.9747	5.1024	1
14	6.1909	120.8166	5.1055	1
14.1	6.2081	121.701	5.1204	1
14.2	6.2249	122.5293	5.1203	1
14.3	6.2417	123.3983	5.1164	1
14.4	6.2585	124.2043	5.112	1
14.5	6.2751	125.0863	5.1278	1
14.6	6.2914	125.9959	5.128	1
14.7	6.3075	126.7792	5.1156	1
14.8	6.3241	127.6118	5.132	1
14.9	6.3404	128.4602	5.1346	1
15	6.3566	129.3598	5.1151	1
15.1	6.3725	130.242	5.1279	1
15.2	6.3885	131.0184	5.127	1
15.3	6.4046	131.7841	5.1207	1
15.4	6.4206	132.6303	5.1129	1
15.5	6.4368	133.5218	5.1064	1
15.6	6.4526	134.3405	5.1138	1
15.7	6.4683	135.2354	5.1325	1
15.8	6.4837	136.0891	5.1285	1
15.9	6.499	136.9945	5.1282	1
16	6.5141	137.787	5.1235	1
16.1	6.5291	138.7192	5.1175	1
16.2	6.5441	139.5986	5.1275	1
16.3	6.5589	140.395	5.1273	1
16.4	6.5736	141.2164	5.1172	1
16.5	6.5884	142.0665	5.1268	1
16.6	6.6031	142.88	5.1251	1
16.7	6.6179	143.591	5.1212	1
16.8	6.6328	144.3996	5.1315	1
16.9	6.648	145.277	5.1324	1
17	6.6633	146.053	5.1288	1
17.1	6.6789	146.7936	5.1241	1
17.2	6.6947	147.6508	5.1215	1
17.3	6.7102	148.5156	5.1185	1
17.4	6.7259	149.312	5.1255	1
17.5	6.7415	150.1493	5.1318	1
17.6	6.7571	151.0396	5.1255	1
17.7	6.7724	151.9602	5.1153	1
17.8	6.7873	152.8196	5.1141	1
17.9	6.8021	153.5877	5.1226	1
18	6.8171	154.4933	5.1302	1
18.1	6.832	155.309	5.1164	1
18.2	6.847	156.0844	5.109	1
18.3	6.8623	156.9154	5.1188	1
18.4	6.8776	157.7846	5.1253	1
18.5	6.8927	158.6789	5.1324	1
18.6	6.9076	159.4529	5.1383	1
18.7	6.9226	160.3284	5.1322	1
18.8	6.9371	161.2161	5.1326	1
18.9	6.9516	162.0223	5.1437	1
19	6.9665	162.8092	5.1522	1
19.1	6.9813	163.6366	5.1566	1
19.2	6.9957	164.5457	5.1628	1
19.3	7.0101	165.4356	5.1558	1
19.4	7.0244	166.2573	5.149	1
19.5	7.0386	167.1086	5.1563	1
19.6	7.0527	167.8931	5.1566	1
19.7	7.067	168.7475	5.1574	1
19.8	7.0811	169.6432	5.1576	1
19.9	7.0951	170.4193	5.1664	1
20	7.109	171.3279	5.1847	1
20.1	7.1233	172.0911	5.1719	1
20.2	7.1375	172.9562	5.1587	1
20.3	7.1516	173.7845	5.1696	1
20.4	7.1658	174.5398	5.1705	1
20.5	7.1801	175.4081	5.1723	1
20.6	7.194	176.3156	5.1719	1
20.7	7.2078	177.1548	5.1599	1
20.8	7.2217	177.986	5.1566	1
20.9	7.2358	178.7888	5.1604	1
21	7.2494	179.7073	5.1705	1
21.1	7.263	180.5179	5.1651	1
21.2	7.2765	181.2985	5.1624	1
21.3	7.2901	182.1291	5.1715	1
21.4	7.3036	183.0312	5.1634	1
21.5	7.3172	183.91	5.1522	1
21.6	7.3306	184.7388	5.1588	1
21.7	7.344	185.5649	5.161	1
21.8	7.3575	186.3686	5.1604	1
21.9	7.3712	187.2053	5.1613	1
22	7.3846	188.0893	5.164	1
22.1	7.3979	188.9279	5.1627	1
22.2	7.4111	189.776	5.1624	1
22.3	7.4243	190.5737	5.163	1
22.4	7.4377	191.3611	5.1582	1
22.5	7.4512	192.1899	5.147	1
22.6	7.4648	192.9551	5.1531	1
22.7	7.4784	193.7984	5.1679	1
22.8	7.492	194.5982	5.1681	1
22.9	7.5059	195.4357	5.1465	1
23	7.5198	196.333	5.1469	1
23.1	7.5333	197.2241	5.1514	1
23.2	7.5467	198.0192	5.1366	1
23.3	7.56	198.9605	5.1435	1
23.4	7.573	199.8314	5.1523	1
23.5	7.5855	200.7092	5.15	1
23.6	7.5978	201.5898	5.1541	1
23.7	7.6096	202.48	5.1714	1
23.8	7.6211	203.2955	5.1654	1
23.9	7.6329	204.0978	5.1644	1
24	7.6453	204.8902	5.1689	1
24.1	7.6578	205.7104	5.1579	1
24.2	7.67	206.5124	5.1492	1
24.3	7.6827	207.345	5.1392	1
24.4	7.6952	208.2358	5.1397	1
24.5	7.7076	209.0806	5.1406	1
24.6	7.72	209.8203	5.1446	1
24.7	7.7323	210.7565	5.1361	1
24.8	7.7447	211.5272	5.1243	1
24.9	7.7572	212.3659	5.1345	1
25	7.7696	213.2517	5.143	1
25.1	7.7816	214.0311	5.1472	1
25.2	7.7939	214.8993	5.1413	1
25.3	7.8064	215.7219	5.1314	1
25.4	7.819	216.4445	5.1239	1
25.5	7.8319	217.3461	5.1304	1
25.6	7.8446	218.1756	5.1394	1
25.7	7.857	219.0742	5.1418	1
25.8	7.8692	219.964	5.1325	1
25.9	7.8811	220.8362	5.1298	1
26	7.8929	221.5766	5.1396	1
26.1	7.9049	222.4568	5.1525	1
26.2	7.9169	223.3113	5.1437	1
26.3	7.9288	224.1005	5.1414	1
26.4	7.9406	224.938	5.148	1
26.5	7.9526	225.7509	5.1558	1
26.6	7.9645	226.6438	5.1449	1
26.7	7.9761	227.5308	5.1451	1
26.8	7.9875	228.3418	5.1546	1
26.9	7.9993	229.128	5.1709	1
27	8.0109	229.9605	5.1803	1
27.1	8.0226	230.8535	5.1809	1
27.2	8.0344	231.6443	5.1559	1
27.3	8.0461	232.4664	5.1429	1
27.4	8.0578	233.3397	5.1396	1
27.5	8.0695	234.1792	5.132	1
27.6	8.081	235.0158	5.1238	1
27.7	8.0926	235.8052	5.1253	1
27.8	8.1041	236.6409	5.1266	1
27.9	8.1158	237.53	5.119	1
28	8.1274	238.2969	5.1206	1
28.1	8.1388	239.2599	5.1242	1
28.2	8.1502	240.0382	5.114	1
28.3	8.1615	240.8906	5.1222	1
28.4	8.1728	241.7852	5.1469	1
28.5	8.1839	242.5894	5.1484	1
28.6	8.1948	243.4703	5.1441	1
28.7	8.2058	244.2456	5.1498	1
28.8	8.2169	245.0695	5.1486	1
28.9	8.228	245.9378	5.144	1
29	8.2392	246.6938	5.1451	1
29.1	8.2504	247.5356	5.1509	1
29.2	8.2618	248.3543	5.1561	1
29.3	8.2732	249.1943	5.1579	1
29.4	8.2845	250.0666	5.1572	1
29.5	8.2957	250.8843	5.1506	1
29.6	8.3069	251.7751	5.1502	1
29.7	8.3175	252.646	5.147	1
29.8	8.3282	253.5604	5.1408	1
29.9	8.3388	254.3056	5.1415	1
30	8.3495	255.1663	5.1332	1
30.1	8.3602	256.0063	5.1375	1
30.2	8.371	256.8262	5.1624	1
30.3	8.3819	257.6381	5.1684	1
30.4	8.3926	258.4333	5.1544	1
30.5	8.4032	259.3759	5.1591	1
30.6	8.4135	260.1969	5.1553	1
30.7	8.4241	260.983	5.1507	1
30.8	8.4352	261.7402	5.1566	1
30.9	8.4462	262.5491	5.1529	1
31	8.4571	263.3916	5.1576	1
31.1	8.4683	264.2123	5.1671	1
31.2	8.4797	265.022	5.1633	1
31.3	8.4907	265.8607	5.1659	1
31.4	8.5015	266.7447	5.1697	1
31.5	8.5124	267.5705	5.1698	1
31.6	8.5233	268.4793	5.1616	1
31.7	8.534	269.2735	5.1746	1
31.8	8.5451	270.1021	5.1769	1
31.9	8.5562	270.869	5.175	1
32	8.5673	271.6859	5.1753	1
32.1	8.5784	272.563	5.1674	1
32.2	8.5891	273.4589	5.1618	1
32.3	8.6	274.3141	5.1638	1
32.4	8.6106	275.114	5.17	1
32.5	8.6211	275.917	5.1665	1
32.6	8.6321	276.6663	5.1491	1
32.7	8.6436	277.4491	5.1501	1
32.8	8.6551	278.281	5.1725	1
32.9	8.6666	279.065	5.1876	1
33	8.6785	279.8646	5.1798	1
33.1	8.6906	280.652	5.1575	1
33.2	8.7028	281.3897	5.1469	1
33.3	8.715	282.2022	5.1544	1
33.4	8.7276	283.0766	5.1666	1
33.5	8.74	283.9381	5.1605	1
33.6	8.7526	284.856	5.1557	1
33.7	8.7644	285.718	5.1572	1
33.8	8.7763	286.6663	5.1582	1
33.9	8.7879	287.4545	5.1568	1
34	8.7996	288.1809	5.1551	1
34.1	8.8115	289.0523	5.1526	1
34.2	8.8237	289.8534	5.1493	1
34.3	8.8359	290.6792	5.146	1
34.4	8.8481	291.4728	5.1501	1
34.5	8.8605	292.2393	5.1574	1
34.6	8.8732	293.1016	5.152	1
34.7	8.8858	293.966	5.1472	1
34.8	8.8978	294.8907	5.1425	1
34.9	8.9096	295.7784	5.147	1
35	8.9215	296.6047	5.1548	1
35.1	8.9335	297.3465	5.1594	1
35.2	8.9456	298.1928	5.1457	1
35.3	8.9577	299.0422	5.1349	1
35.4	8.9697	299.8686	5.1366	1
35.5	8.9818	300.7083	5.1376	1
35.6	8.9938	301.5797	5.1402	1
35.7	9.0058	302.3437	5.1414	1
35.8	9.0181	303.1499	5.1411	1
35.9	9.0306	304.0704	5.1484	1
36	9.0422	304.9985	5.1477	1
36.1	9.0535	305.949	5.1299	1
36.2	9.0644	306.8641	5.1245	1
36.3	9.0748	307.6696	5.1353	1
36.4	9.0854	308.5132	5.1372	1
36.5	9.0959	309.4024	5.1238	1
36.6	9.1062	310.2809	5.1307	1
36.7	9.1165	311.0974	5.1396	1
36.8	9.1268	311.9877	5.1653	1
36.9	9.137	312.7857	5.1652	1
37	9.1474	313.5071	5.1493	1
37.1	9.1582	314.2509	5.1572	1
37.2	9.1688	315.1995	5.1629	1
37.3	9.1793	316.0401	5.1528	1
37.4	9.1897	316.8338	5.1471	1
37.5	9.2003	317.6706	5.1491	1
37.6	9.2106	318.504	5.1493	1
37.7	9.2204	319.4516	5.1496	1
37.8	9.2303	320.2578	5.1544	1
37.9	9.2404	321.0915	5.1528	1
38	9.2507	321.944	5.1471	1
38.1	9.2607	322.8149	5.1503	1
38.2	9.2704	323.547	5.157	1
38.3	9.2805	324.3735	5.1634	1
38.4	9.2912	325.121	5.1533	1
38.5	9.302	325.9124	5.1575	1
38.6	9.313	326.6822	5.149	1
38.7	9.3242	327.454	5.1347	1
38.8	9.3357	328.3603	5.1419	1
38.9	9.3468	329.1908	5.1512	1
39	9.3575	330.1678	5.1487	1
39.1	9.368	331.0228	5.1457	1
39.2	9.3786	331.8219	5.1418	1
39.3	9.389	332.7615	5.1498	1
39.4	9.3991	333.6597	5.1504	1
39.5	9.4088	334.4283	5.1437	1
39.6	9.4189	335.2838	5.1337	1
39.7	9.429	336.0781	5.1443	1
39.8	9.4389	336.9041	5.1562	1
39.9	9.449	337.7754	5.149	1
40	9.4587	338.6629	5.1333	1
40.1	9.4684	339.5368	5.1287	1
40.2	9.478	340.3343	5.1322	1
40.3	9.4877	341.1244	5.1313	1
40.4	9.4975	341.8502	5.116	1
40.5	9.5076	342.7162	5.1191	1
40.6	9.5177	343.5891	5.1267	1
40.7	9.5276	344.4758	5.1379	1
40.8	9.5373	345.3349	5.1417	1
40.9	9.547	346.1474	5.1237	1
41	9.5565	347.0416	5.127	1
41.1	9.5658	347.9524	5.1425	1
41.2	9.5747	348.7146	5.1319	1
41.3	9.5837	349.5816	5.124	1
41.4	9.593	350.4158	5.1286	1
41.5	9.602	351.3127	5.1226	1
41.6	9.6109	352.1357	5.1289	1
41.7	9.62	352.9656	5.1405	1
41.8	9.6294	353.6928	5.1347	1
41.9	9.6385	354.5298	5.1339	1
42	9.6477	355.4432	5.1338	1
42.1	9.6568	356.2429	5.1315	1
42.2	9.666	357.0051	5.1354	1
42.3	9.6754	357.8272	5.1344	1
42.4	9.6848	358.7232	5.1322	1
42.5	9.694	359.6213	5.1331	1
42.6	9.7031	360.4022	5.1346	1
42.7	9.7121	361.2094	5.1558	1
42.8	9.721	362.2022	5.1644	1
42.9	9.7297	362.9577	5.1558	1
43	9.7385	363.7367	5.1597	1
43.1	9.7475	364.5863	5.1628	1
43.2	9.7565	365.4432	5.1605	1
43.3	9.7653	366.2727	5.1581	1
43.4	9.7744	367.0687	5.1455	1
43.5	9.7834	367.8916	5.1471	1
43.6	9.7924	368.6909	5.157	1
43.7	9.8015	369.5162	5.1601	1
43.8	9.811	370.2779	5.1648	1
43.9	9.8208	371.0184	5.1685	1
44	9.831	371.7722	5.1576	1
44.1	9.8414	372.6242	5.1533	1
44.2	9.8515	373.4914	5.153	1
44.3	9.8615	374.3201	5.1529	1
44.4	9.8717	375.2039	5.1521	1
44.5	9.882	375.9553	5.1516	1
44.6	9.8924	376.7348	5.1473	1
44.7	9.9031	377.5932	5.1362	1
44.8	9.9138	378.3208	5.1295	1
44.9	9.9243	379.2542	5.1233	1
45	9.9347	380.1121	5.1251	1
45.1	9.9451	380.9719	5.1373	1
45.2	9.9554	381.8423	5.1322	1
45.3	9.9654	382.6632	5.131	1
45.4	9.9759	383.4872	5.1453	1
45.5	9.9862	384.4119	5.1556	1
45.6	9.9961	385.155	5.143	1
45.7	10.0062	386.0324	5.129	1
45.8	10.0163	386.7944	5.1173	1
45.9	10.0266	387.6772	5.1286	1
46	10.0371	388.4103	5.1277	1
46.1	10.0474	389.2753	5.131	1
46.2	10.0578	390.133	5.1408	1
46.3	10.0682	391.0322	5.1416	1
46.4	10.0783	391.9341	5.1485	1
46.5	10.0881	392.7072	5.1385	1
46.6	10.0983	393.5212	5.121	1
46.7	10.1086	394.3127	5.1313	1
46.8	10.1187	395.2292	5.1399	1
46.9	10.129	395.9016	5.1386	1
47	10.1398	396.7337	5.1313	1
47.1	10.1503	397.6659	5.1296	1
47.2	10.1605	398.4916	5.1261	1
47.3	10.1705	399.3441	5.1249	1
47.4	10.1808	400.1921	5.1274	1
47.5	10.1908	401.1715	5.1351	1
47.6	10.2001	402.0871	5.1283	1
47.7	10.2094	402.8312	5.1275	1
47.8	10.2188	403.6135	5.1394	1
47.9	10.2282	404.546	5.1469	1
48	10.2374	405.4264	5.1335	1
48.1	10.2465	406.1552	5.1393	1
48.2	10.2563	406.8376	5.1453	1
48.3	10.2662	407.7555	5.1387	1
48.4	10.2757	408.7397	5.1367	1
48.5	10.285	409.5745	5.1391	1
48.6	10.2943	410.427	5.1477	1
48.7	10.3033	411.2732	5.1492	1
48.8	10.3119	412.21	5.1513	1
48.9	10.3204	413.0217	5.1505	1
49	10.329	413.7697	5.1508	1
49.1	10.3377	414.6735	5.1589	1
49.2	10.3463	415.5265	5.1724	1
49.3	10.355	416.2651	5.1639	1
49.4	10.3637	417.0565	5.1432	1
49.5	10.3729	417.9236	5.1275	1
49.6	10.3821	418.7397	5.1344	1
49.7	10.3909	419.5671	5.1512	1
49.8	10.3999	420.4005	5.1586	1
49.9	10.4086	421.3678	5.1532	1
50	10.417	422.2058	5.1385	1
50.1	10.4252	423.0087	5.1425	1
50.2	10.4338	423.8929	5.1544	1
50.3	10.4419	424.7122	5.1547	1
50.4	10.4501	425.5353	5.1499	1
50.5	10.4586	426.3206	5.1422	1
50.6	10.4673	427.1232	5.1459	1
50.7	10.4762	427.9211	5.1551	1
50.8	10.4854	428.6045	5.1463	1
50.9	10.4949	429.4226	5.1351	1
51	10.5043	430.3041	5.1302	1
51.1	10.5134	431.1813	5.1262	1
51.2	10.5228	431.9559	5.1125	1
51.3	10.5325	432.723	5.1053	1
51.4	10.5423	433.506	5.1236	1
51.5	10.5521	434.4254	5.1357	1
51.6	10.5615	435.3705	5.1269	1
51.7	10.5707	436.1521	5.1224	1
51.8	10.5797	437.0321	5.1128	1
51.9	10.5888	437.8952	5.1121	1
52	10.5978	438.7207	5.1189	1
52.1	10.6069	439.6039	5.1167	1
52.2	10.6157	440.3659	5.1099	1
52.3	10.6246	441.2828	5.1124	1
52.4	10.6333	442.1208	5.1259	1
52.5	10.6419	442.9213	5.1324	1
52.6	10.6504	443.8485	5.1385	1
52.7	10.6588	444.6009	5.1266	1
52.8	10.6673	445.4693	5.1255	1
52.9	10.6759	446.3225	5.1366	1
53	10.6844	447.1511	5.1398	1
53.1	10.693	448.0137	5.1367	1
53.2	10.7015	448.8723	5.1392	1
53.3	10.7098	449.6785	5.1432	1
53.4	10.7184	450.4429	5.1368	1
53.5	10.7274	451.1944	5.1448	1
53.6	10.7365	451.9734	5.1445	1
53.7	10.7455	452.8053	5.1328	1
53.8	10.7544	453.7539	5.1331	1
53.9	10.7631	454.6957	5.132	1
54	10.7712	455.5936	5.1259	1
54.1	10.7793	456.3826	5.1323	1
54.2	10.7873	457.2047	5.1343	1
54.3	10.7953	458.1049	5.1337	1
54.4	10.8033	458.924	5.1334	1
54.5	10.8112	459.7883	5.139	1
54.6	10.8194	460.5209	5.1286	1
54.7	10.828	461.2462	5.1285	1
54.8	10.8371	461.9776	5.144	1
54.9	10.8464	462.7252	5.1512	1
55	10.8562	463.5368	5.1539	1
55.1	10.8662	464.2998	5.1445	1
55.2	10.8764	465.1287	5.1356	1
55.3	10.8866	465.9313	5.1369	1
55.4	10.8966	466.8639	5.1396	1
55.5	10.9065	467.6843	5.1508	1
55.6	10.916	468.576	5.1572	1
55.7	10.9257	469.3852	5.1486	1
55.8	10.9354	470.2071	5.1477	1
55.9	10.9453	471.0143	5.1552	1
56	10.9553	471.9374	5.1622	1
56.1	10.9645	472.8802	5.1574	1
56.2	10.9733	473.7675	5.1498	1
56.3	10.9821	474.5531	5.1597	1
56.4	10.9909	475.464	5.1623	1
56.5	10.9995	476.314	5.1595	1
56.6	11.008	477.2397	5.1536	1
56.7	11.016	478.155	5.1598	1
56.8	11.0236	478.9405	5.1558	1
56.9	11.0315	479.8129	5.1406	1
57	11.0393	480.7058	5.1336	1
57.1	11.0466	481.5079	5.1427	1
57.2	11.0541	482.2945	5.1434	1
57.3	11.0616	483.2236	5.1413	1
57.4	11.069	484.0802	5.1381	1
57.5	11.0763	484.8772	5.1448	1
57.6	11.0838	485.6741	5.1386	1
57.7	11.0912	486.5192	5.1332	1
57.8	11.0986	487.4142	5.1535	1
57.9	11.1057	488.2728	5.1708	1
58	11.1129	489.0718	5.1617	1
58.1	11.1202	489.8497	5.1594	1
58.2	11.1276	490.7437	5.1458	1
58.3	11.135	491.5745	5.1467	1
58.4	11.1424	492.3788	5.1662	1
58.5	11.1496	493.1918	5.1808	1
58.6	11.1566	494.0593	5.1729	1
58.7	11.1638	494.8399	5.1689	1
58.8	11.1715	495.6347	5.1629	1
58.9	11.1792	496.3985	5.1693	1
59	11.1869	497.2722	5.1736	1
59.1	11.1947	498.077	5.1655	1
59.2	11.2023	498.9369	5.1549	1
59.3	11.2102	499.7769	5.1548	1
59.4	11.2176	500.6019	5.159	1
59.5	11.2251	501.5071	5.1527	1
59.6	11.2327	502.2342	5.1584	1
59.7	11.2403	503.1056	5.1671	1
59.8	11.2481	503.9067	5.1472	1
59.9	11.2556	504.7621	5.1439	1
60	11.2632	505.6118	5.1446	1
60.1	11.2707	506.4833	5.1337	1
60.2	11.2781	507.3613	5.1382	1
60.3	11.2853	508.1604	5.1469	1
60.4	11.2929	508.9633	5.1484	1
60.5	11.3004	509.8361	5.1424	1
60.6	11.3077	510.6452	5.1315	1
60.7	11.3151	511.4645	5.1354	1
60.8	11.3226	512.278	5.139	1
60.9	11.3302	513.1164	5.1392	1
61	11.3379	513.9231	5.1541	1
61.1	11.3456	514.7365	5.1547	1
61.2	11.3533	515.5884	5.1519	1
61.3	11.361	516.412	5.1448	1
61.4	11.3686	517.2868	5.1411	1
61.5	11.3763	518.0668	5.1374	1
61.6	11.3841	518.8953	5.1303	1
61.7	11.3922	519.6388	5.1282	1
61.8	11.4002	520.5583	5.1342	1
61.9	11.408	521.4553	5.144	1
62	11.4156	522.2897	5.147	1
62.1	11.4231	523.1029	5.1363	1
62.2	11.4307	523.9061	5.1344	1
62.3	11.4386	524.7156	5.1355	1
62.4	11.4468	525.4043	5.1399	1
62.5	11.4555	526.1652	5.1381	1
62.6	11.4645	526.9106	5.1351	1
62.7	11.4735	527.8552	5.1352	1
62.8	11.4826	528.6677	5.1455	1
62.9	11.4916	529.4645	5.1499	1
63	11.5006	530.2569	5.1464	1
63.1	11.5097	531.1763	5.1457	1
63.2	11.5185	532.0246	5.1535	1
63.3	11.5268	532.9693	5.1563	1
63.4	11.535	533.8599	5.1508	1
63.5	11.5428	534.7281	5.144	1
63.6	11.5508	535.5814	5.1271	1
63.7	11.5587	536.3077	5.1312	1
63.8	11.5668	537.1642	5.125	1
63.9	11.5748	538.1173	5.1182	1
64	11.5826	538.974	5.1343	1
64.1	11.5903	539.8099	5.1429	1
64.2	11.5982	540.5805	5.1463	1
64.3	11.6063	541.354	5.149	1
64.4	11.6144	542.147	5.1593	1
64.5	11.6226	542.9946	5.1563	1
64.6	11.6305	543.8526	5.149	1
64.7	11.6382	544.7071	5.1499	1
64.8	11.6459	545.529	5.1481	1
64.9	11.6535	546.4974	5.1497	1
65	11.6613	547.1638	5.1575	1
65.1	11.6697	547.8705	5.1543	1
65.2	11.6786	548.7326	5.1452	1
65.3	11.687	549.5786	5.1458	1
65.4	11.6953	550.547	5.1501	1
65.5	11.7033	551.3536	5.1487	1
65.6	11.7111	552.2931	5.1342	1
65.7	11.7185	553.1928	5.1307	1
65.8	11.7258	554.0365	5.1399	1
65.9	11.7332	554.8599	5.1507	1
66	11.7406	555.6373	5.1407	1
66.1	11.7481	556.5131	5.1373	1
66.2	11.7555	557.2477	5.1408	1
66.3	11.763	558.0665	5.1404	1
66.4	11.7706	558.9153	5.1295	1
66.5	11.7783	559.7735	5.134	1
66.6	11.7863	560.5881	5.1238	1
66.7	11.7943	561.3579	5.1302	1
66.8	11.8022	562.2064	5.1396	1
66.9	11.8101	563.0202	5.1326	1
67	11.8177	563.9737	5.1313	1
67.1	11.8256	564.684	5.1262	1
67.2	11.834	565.4084	5.1261	1
67.3	11.8427	566.2217	5.131	1
67.4	11.8512	567.1467	5.1286	1
67.5	11.8592	568.0582	5.1188	1
67.6	11.867	568.8904	5.1225	1
67.7	11.8747	569.7761	5.1424	1
67.8	11.8825	570.6298	5.1462	1
67.9	11.8903	571.3939	5.1332	1
68	11.898	572.2672	5.1368	1
68.1	11.9053	573.1464	5.1331	1
68.2	11.9125	574.0848	5.1367	1
68.3	11.9197	574.8705	5.1511	1
68.4	11.9272	575.6128	5.1528	1
68.5	11.9344	576.4728	5.1577	1
68.6	11.9415	577.461	5.1505	1
68.7	11.9485	578.257	5.1409	1
68.8	11.9556	579.0244	5.1373	1
68.9	11.9629	579.9049	5.1344	1
69	11.9699	580.7483	5.1386	1
69.1	11.9768	581.5094	5.1542	1
69.2	11.9843	582.3252	5.1512	1
69.3	11.9917	583.1163	5.1348	1
69.4	11.999	583.9543	5.1366	1
69.5	12.0065	584.7777	5.1348	1
69.6	12.014	585.6488	5.1316	1
69.7	12.0216	586.4333	5.1184	1
69.8	12.0291	587.2574	5.1135	1
69.9	12.0367	588.069	5.119	1
70	12.0443	588.8605	5.1211	1
70.1	12.0521	589.7849	5.1225	1
70.2	12.0595	590.6019	5.1237	1
70.3	12.0671	591.3586	5.1239	1
70.4	12.0746	592.3133	5.1292	1
70.5	12.0818	593.1704	5.1381	1
70.6	12.0891	593.9663	5.1484	1
70.7	12.097	594.7948	5.1526	1
70.8	12.1048	595.5127	5.16	1
70.9	12.1123	596.3916	5.1431	1
71	12.1201	597.2189	5.1131	1
71.1	12.1281	597.9994	5.1122	1
71.2	12.1359	598.9049	5.1172	1
71.3	12.1438	599.7494	5.106	1
71.4	12.1517	600.5805	5.1163	1
71.5	12.1594	601.4167	5.1333	1
71.6	12.1669	602.2526	5.1314	1
71.7	12.1744	603.0476	5.1207	1
71.8	12.1823	603.913	5.1227	1
71.9	12.1897	604.7615	5.1222	1
72	12.1971	605.6836	5.1358	1
72.1	12.205	606.3413	5.1472	1
72.2	12.2128	607.1926	5.1465	1
72.3	12.2205	608.1399	5.1402	1
72.4	12.2277	608.9697	5.1308	1
72.5	12.2352	609.7706	5.135	1
72.6	12.2429	610.5985	5.141	1
72.7	12.2504	611.4714	5.1445	1
72.8	12.2575	612.3687	5.1333	1
72.9	12.2648	613.1573	5.1131	1
73	12.2719	614.0541	5.121	1
73.1	12.2786	615.0124	5.1339	1
73.2	12.2853	615.7377	5.139	1
73.3	12.2925	616.4569	5.1547	1
73.4	12.3003	617.1421	5.1485	1
73.5	12.3083	618.0021	5.1389	1
73.6	12.3163	618.8511	5.1394	1
73.7	12.3244	619.6196	5.1312	1
73.8	12.3327	620.4969	5.1297	1
73.9	12.3406	621.3819	5.1349	1
74	12.3487	622.1248	5.1347	1
74.1	12.3568	622.9413	5.125	1
74.2	12.365	623.8176	5.1378	1
74.3	12.373	624.6488	5.1456	1
74.4	12.3809	625.4883	5.1439	1
74.5	12.3892	626.307	5.1488	1
74.6	12.3973	627.2579	5.1501	1
74.7	12.4045	628.2111	5.1427	1
74.8	12.4116	629.1085	5.1327	1
74.9	12.4185	629.9628	5.1174	1
75	12.4256	630.7003	5.1272	1
75.1	12.4325	631.5289	5.1311	1
75.2	12.4394	632.46	5.1252	1
75.3	12.4463	633.2868	5.1375	1
75.4	12.4528	634.2104	5.1388	1
75.5	12.4593	635.0438	5.1425	1
75.6	12.4655	635.8774	5.1374	1
75.7	12.4718	636.6454	5.1355	1
75.8	12.4781	637.6018	5.1327	1
75.9	12.4841	638.4234	5.1353	1
76	12.4903	639.1445	5.1512	1
76.1	12.4968	639.9347	5.1492	1
76.2	12.5031	640.8856	5.1374	1
76.3	12.5092	641.6576	5.1498	1
76.4	12.5155	642.4728	5.1624	1
76.5	12.522	643.4202	5.1631	1
76.6	12.5279	644.3551	5.171	1
76.7	12.5337	645.0546	5.172	1
76.8	12.5395	645.8125	5.1617	1
76.9	12.5458	646.6965	5.1611	1
77	12.552	647.596	5.1579	1
77.1	12.5579	648.4161	5.1492	1
77.2	12.564	649.2022	5.148	1
77.3	12.5703	649.9897	5.1558	1
77.4	12.5768	650.7778	5.1596	1
77.5	12.5833	651.6114	5.1635	1
77.6	12.59	652.3196	5.1684	1
77.7	12.5973	653.0435	5.1755	1
77.8	12.6047	653.9347	5.1733	1
77.9	12.6123	654.6329	5.1585	1
78	12.6203	655.4137	5.154	1
78.1	12.6286	656.2134	5.1602	1
78.2	12.6369	657.092	5.1572	1
78.3	12.6454	657.7937	5.1503	1
78.4	12.6537	658.7159	5.1394	1
78.5	12.6623	659.5668	5.143	1
78.6	12.6707	660.3795	5.1424	1
78.7	12.6791	661.2762	5.1482	1
78.8	12.6874	662.0477	5.1591	1
78.9	12.6957	662.8591	5.1545	1
79	12.7044	663.6815	5.1583	1
79.1	12.713	664.474	5.1541	1
79.2	12.7221	665.2977	5.1524	1
79.3	12.7314	665.9962	5.1395	1
79.4	12.7403	667.0004	5.1291	1
79.5	12.7494	667.8333	5.1408	1
79.6	12.7581	668.6458	5.1484	1
79.7	12.7667	669.6008	5.14	1
79.8	12.775	670.4435	5.1387	1
79.9	12.7832	671.2538	5.1409	1
80	12.7915	672.0345	5.138	1
80.1	12.7999	672.8726	5.1336	1
80.2	12.8085	673.7544	5.1411	1
80.3	12.817	674.5678	5.1389	1
80.4	12.8252	675.5296	5.1375	1
80.5	12.8332	676.4028	5.1361	1
80.6	12.841	677.2254	5.1287	1
80.7	12.8489	678.0355	5.1381	1
80.8	12.8569	678.9104	5.1414	1
80.9	12.8648	679.6761	5.1309	1
81	12.8725	680.5813	5.1345	1
81.1	12.88	681.4853	5.1394	1
81.2	12.8873	682.3508	5.122	1
81.3	12.8945	683.187	5.1162	1
81.4	12.9018	684.0116	5.1315	1
81.5	12.9089	684.8877	5.1395	1
81.6	12.9157	685.7863	5.1314	1
81.7	12.9223	686.6356	5.1185	1
81.8	12.929	687.5542	5.1106	1
81.9	12.9356	688.3331	5.1093	1
82	12.942	689.1238	5.107	1
82.1	12.9486	690.0106	5.1102	1
82.2	12.9552	690.8209	5.1221	1
82.3	12.9617	691.6794	5.1181	1
82.4	12.968	692.5263	5.1285	1
82.5	12.9744	693.2754	5.1302	1
82.6	12.9808	694.0564	5.1297	1
82.7	12.9878	694.9024	5.1282	1
82.8	12.9947	695.7639	5.1224	1
82.9	13.0013	696.582	5.1156	1
83	13.0082	697.4231	5.1226	1
83.1	13.0151	698.1975	5.1201	1
83.2	13.0229	698.735	5.1111	1
83.3	13.0319	699.3727	5.1205	1
83.4	13.0401	700.5758	5.1241	1
83.5	13.0472	701.5333	5.112	1
83.6	13.0539	702.4052	5.1137	1
83.7	13.0608	703.277	5.1141	1
83.8	13.0676	704.1189	5.1123	1
83.9	13.0744	704.942	5.1136	1
84	13.0808	705.762	5.1138	1
84.1	13.0873	706.6444	5.114	1
84.2	13.0942	707.3868	5.113	1
84.3	13.1014	708.0926	5.1254	1
84.4	13.109	708.88	5.135	1
84.5	13.1167	709.6762	5.1384	1
84.6	13.1241	710.6012	5.1369	1
84.7	13.1317	711.3425	5.1373	1
84.8	13.1393	712.2683	5.1367	1
84.9	13.1468	713.0628	5.1376	1
85	13.1546	713.895	5.133	1
85.1	13.1623	714.7917	5.1279	1
85.2	13.1699	715.5762	5.1343	1
85.3	13.1777	716.3757	5.1369	1
85.4	13.1854	717.2262	5.1214	1
85.5	13.1928	718.1077	5.1103	1
85.6	13.2001	718.8972	5.1124	1
85.7	13.2073	719.8024	5.1211	1
85.8	13.2144	720.6626	5.1315	1
85.9	13.2216	721.5491	5.131	1
86	13.2289	722.3638	5.1193	1
86.1	13.236	723.15	5.1146	1
86.2	13.2431	724.0516	5.1192	1
86.3	13.2501	724.8809	5.1279	1
86.4	13.2569	725.6693	5.1226	1
86.5	13.2636	726.6607	5.1146	1
86.6	13.2703	727.3844	5.1167	1
86.7	13.277	728.344	5.1177	1
86.8	13.2838	729.0611	5.1105	1
86.9	13.2903	729.8702	5.1048	1
87	13.2976	730.6365	5.1183	1
87.1	13.3051	731.3625	5.1378	1
87.2	13.3129	732.209	5.1272	1
87.3	13.3206	733.0707	5.124	1
87.4	13.328	733.8657	5.1398	1
87.5	13.3355	734.7344	5.1396	1
87.6	13.3436	735.4656	5.1274	1
87.7	13.3515	736.3273	5.1364	1
87.8	13.3593	737.2282	5.1434	1
87.9	13.3668	738.0503	5.1359	1
88	13.3748	738.8084	5.1377	1
88.1	13.3831	739.6445	5.149	1
88.2	13.3909	740.5412	5.1513	1
88.3	13.3985	741.4062	5.1415	1
88.4	13.4063	742.135	5.1398	1
88.5	13.4145	742.9438	5.144	1
88.6	13.4227	743.8505	5.1194	1
88.7	13.4308	744.6676	5.1057	1
88.8	13.4386	745.5593	5.1238	1
88.9	13.4463	746.4325	5.1364	1
89	13.4537	747.2372	5.1441	1
89.1	13.4613	748.1676	5.15	1
89.2	13.4689	748.9264	5.1455	1
89.3	13.4763	749.7469	5.1321	1
89.4	13.4839	750.5385	5.1234	1
89.5	13.4914	751.3633	5.1227	1
89.6	13.4992	752.2359	5.1339	1
89.7	13.5063	753.2747	5.1428	1
89.8	13.5128	754.0855	5.1351	1
89.9	13.5196	754.9382	5.133	1
90	13.526	755.8343	5.1303	1
90.1	13.5324	756.6644	5.12	1
90.2	13.5389	757.424	5.1157	1
90.3	13.5456	758.2905	5.114	1
90.4	13.552	759.1926	5.1184	1
90.5	13.5581	760.0242	5.1251	1
90.6	13.5644	760.7761	5.1259	1
90.7	13.5712	761.5676	5.1199	1
90.8	13.5779	762.4866	5.1347	1
90.9	13.5844	763.3399	5.1447	1
91	13.5908	764.0451	5.137	1
91.1	13.5976	764.8983	5.1368	1
91.2	13.6043	765.7796	5.1318	1
91.3	13.6108	766.6014	5.121	1
91.4	13.6175	767.3381	5.1387	1
91.5	13.6242	768.2272	5.1545	1
91.6	13.6311	769.0909	5.1613	1
91.7	13.6378	769.8769	5.1612	1
91.8	13.6445	770.7588	5.1601	1
91.9	13.6514	771.4948	5.1527	1
92	13.6583	772.3775	5.1271	1
92.1	13.6653	773.3417	5.1118	1
92.2	13.6719	774.0745	5.1252	1
92.3	13.6786	774.9324	5.1393	1
92.4	13.6854	775.7068	5.1343	1
92.5	13.6923	776.4989	5.1322	1
92.6	13.6995	777.3268	5.1272	1
92.7	13.7067	778.1248	5.1387	1
92.8	13.7139	778.9772	5.1463	1
92.9	13.7209	779.7795	5.142	1
93	13.728	780.5826	5.1336	1
93.1	13.7351	781.5137	5.1114	1
93.2	13.7422	782.3675	5.117	1
93.3	13.7492	783.1622	5.1307	1
93.4	13.7562	784.0058	5.1408	1
93.5	13.7633	784.8046	5.1388	1
93.6	13.7702	785.6449	5.1284	1
93.7	13.7773	786.5093	5.1291	1
93.8	13.7844	787.3254	5.1279	1
93.9	13.7912	788.2326	5.1296	1
94	13.7982	789.0218	5.1296	1
94.1	13.8052	789.795	5.114	1
94.2	13.8123	790.6357	5.1051	1
94.3	13.8194	791.4323	5.0943	1
94.4	13.8266	792.2409	5.1017	1
94.5	13.834	793.1407	5.1112	1
94.6	13.8414	793.9074	5.1171	1
94.7	13.8487	794.8581	5.1076	1
94.8	13.8558	795.6926	5.0968	1
94.9	13.8629	796.493	5.1125	1
95	13.8702	797.2363	5.1218	1
95.1	13.8773	798.1586	5.1067	1
95.2	13.8844	799.03	5.0987	1
95.3	13.8911	799.9048	5.1096	1
95.4	13.8984	800.6071	5.1235	1
95.5	13.9058	801.3916	5.1221	1
95.6	13.9137	802.2178	5.1228	1
95.7	13.9218	802.9191	5.1287	1
95.8	13.9302	803.7267	5.1446	1
95.9	13.9385	804.5543	5.1531	1
96	13.9462	805.5888	5.1477	1
96.1	13.9541	806.3035	5.1388	1
96.2	13.9617	807.2563	5.1274	1
96.3	13.9693	808.0496	5.1069	1
96.4	13.9769	808.8962	5.1138	1
96.5	13.9843	809.8509	5.1251	1
96.6	13.9918	810.6204	5.133	1
96.7	13.9991	811.4817	5.1248	1
96.8	14.0063	812.3122	5.1108	1
96.9	14.0133	813.118	5.1069	1
97	14.0202	814.0309	5.1092	1
97.1	14.0275	814.7538	5.113	1
97.2	14.0347	815.6685	5.121	1
97.3	14.0416	816.6147	5.1227	1
97.4	14.0483	817.3955	5.1281	1
97.5	14.0553	818.1709	5.1304	1
97.6	14.0626	818.9623	5.1316	1
97.7	14.0699	819.7986	5.1361	1
97.8	14.0775	820.5282	5.1401	1
97.9	14.0851	821.2927	5.1309	1
98	14.0933	822.1792	5.1212	1
98.1	14.1011	822.9177	5.1265	1
98.2	14.1091	823.9155	5.1208	1
98.3	14.1167	824.7002	5.1308	1
98.4	14.1242	825.5559	5.1378	1
98.5	14.1319	826.4247	5.1523	1
98.6	14.1393	827.2228	5.1583	1
98.7	14.147	828.0658	5.1673	1
98.8	14.1539	829.2417	5.1702	1
98.9	14.1602	829.9038	5.1567	1
99	14.1668	830.8466	5.1605	1
99.1	14.1734	831.5688	5.148	1
99.2	14.18	832.4898	5.132	1
99.3	14.1864	833.3328	5.1412	1
99.4	14.1928	834.099	5.1408	1
99.5	14.1995	834.9115	5.1449	1
99.6	14.206	835.7877	5.1418	1
99.7	14.2125	836.6269	5.129	1
99.8	14.2189	837.4506	5.1386	1
99.9	14.2254	838.2976	5.1481	1
100	14.2321	839.0039	5.1433	1
100.1	14.2387	839.8646	5.1492	1
100.2	14.2458	840.6398	5.1636	1
100.3	14.253	841.4212	5.1593	1
100.4	14.2604	842.2938	5.1576	1
100.5	14.2678	843.1002	5.1666	1
100.6	14.2748	844.0429	5.1507	1
100.7	14.2818	844.969	5.1371	1
100.8	14.2888	845.5973	5.1481	1
100.9	14.2957	846.575	5.1337	1
101	14.3024	847.3549	5.1241	1
101.1	14.3093	848.1565	5.126	1
101.2	14.3164	849.1084	5.1359	1
101.3	14.3231	849.8867	5.1373	1
101.4	14.3298	850.6627	5.1519	1
101.5	14.3369	851.4817	5.1544	1
101.6	14.3441	852.2673	5.1546	1
101.7	14.3511	853.1861	5.1578	1
101.8	14.3582	854.0184	5.1576	1
101.9	14.365	854.9451	5.1485	1
102	14.3716	855.7955	5.144	1
102.1	14.3781	856.5456	5.1521	1
102.2	14.385	857.3439	5.1469	1
102.3	14.3921	858.1603	5.1447	1
102.4	14.399	859.0042	5.1478	1
102.5	14.4057	859.9691	5.1359	1
102.6	14.4124	860.7743	5.1487	1
102.7	14.4186	861.6356	5.1567	1
102.8	14.4251	862.5186	5.1687	1
102.9	14.4315	863.3621	5.161	1
103	14.4374	864.2739	5.1604	1
103.1	14.4431	865.0998	5.1627	1
103.2	14.4488	865.8847	5.1613	1
103.3	14.4547	866.6667	5.1549	1
103.4	14.4608	867.4887	5.1604	1
103.5	14.467	868.3214	5.1777	1
103.6	14.4733	869.0952	5.1765	1
103.7	14.4796	869.9243	5.1646	1
103.8	14.4861	870.8612	5.1699	1
103.9	14.4922	871.6871	5.1653	1
104	14.4982	872.5315	5.1733	1
104.1	14.5043	873.3468	5.1761	1
104.2	14.5105	874.1538	5.1596	1
104.3	14.5168	874.9467	5.1527	1
104.4	14.5233	875.7303	5.1525	1
104.5	14.5301	876.4853	5.1573	1
104.6	14.537	877.2912	5.1587	1
104.7	14.544	878.1462	5.1675	1
104.8	14.5511	878.924	5.1637	1
104.9	14.5583	879.7951	5.1551	1
105	14.5655	880.5467	5.1499	1
105.1	14.5727	881.4104	5.15	1
105.2	14.58	882.2341	5.1521	1
105.3	14.5875	883.0833	5.1566	1
105.4	14.5949	883.9504	5.1574	1
105.5	14.602	884.8422	5.1564	1
105.6	14.6091	885.6192	5.1636	1
105.7	14.6162	886.4845	5.166	1
105.8	14.6232	887.3613	5.166	1
105.9	14.6299	888.2422	5.1673	1
106	14.6367	889.0438	5.1615	1
106.1	14.6433	889.8682	5.1646	1
106.2	14.6498	890.8376	5.1662	1
106.3	14.6559	891.6571	5.1681	1
106.4	14.6619	892.4875	5.1466	1
106.5	14.668	893.342	5.1462	1
106.6	14.674	894.2432	5.1444	1
106.7	14.68	895.0157	5.144	1
106.8	14.6861	895.8165	5.1498	1
106.9	14.6922	896.7264	5.1594	1
107	14.698	897.5701	5.1685	1
107.1	14.7038	898.4198	5.1463	1
107.2	14.7097	899.1716	5.1387	1
107.3	14.7158	900.0299	5.1504	1
107.4	14.7218	900.8523	5.1547	1
107.5	14.7279	901.6785	5.1613	1
107.6	14.7343	902.3994	5.1608	1
107.7	14.7409	903.2235	5.1652	1
107.8	14.7474	904.0646	5.1639	1
107.9	14.7539	904.9172	5.1638	1
108	14.7604	905.729	5.17	1
108.1	14.7669	906.553	5.1646	1
108.2	14.7733	907.4527	5.1623	1
108.3	14.7798	908.278	5.1551	1
108.4	14.7863	909.0083	5.1551	1
108.5	14.7929	909.8731	5.1725	1
108.6	14.7995	910.777	5.1753	1
108.7	14.8058	911.625	5.1745	1
108.8	14.8121	912.4057	5.1666	1
108.9	14.8187	913.1538	5.1581	1
109	14.8252	914.1116	5.1556	1
109.1	14.8318	914.942	5.1565	1
109.2	14.8387	915.6264	5.1517	1
109.3	14.8459	916.3849	5.1422	1
109.4	14.853	917.2586	5.1361	1
109.5	14.8599	918.1827	5.1368	1
109.6	14.8664	919.0422	5.1462	1
109.7	14.8727	919.944	5.1453	1
109.8	14.8791	920.8275	5.1433	1
109.9	14.8854	921.6535	5.1422	1
110	14.8915	922.4614	5.139	1
110.1	14.8977	923.2968	5.1443	1
110.2	14.9039	924.1519	5.1454	1
110.3	14.9102	924.9948	5.1405	1
110.4	14.9164	925.6978	5.1506	1
110.5	14.9229	926.5553	5.1606	1
110.6	14.9295	927.4585	5.1596	1
110.7	14.9361	928.2269	5.1525	1
110.8	14.9428	929.1031	5.1462	1
110.9	14.9494	929.9055	5.1437	1
111	14.9558	930.7143	5.1547	1
111.1	14.9623	931.5581	5.1532	1
111.2	14.9687	932.4134	5.1563	1
111.3	14.9751	933.2943	5.1603	1
111.4	14.9814	934.1253	5.1638	1
111.5	14.9877	934.9681	5.1646	1
111.6	14.994	935.8147	5.168	1
111.7	15.0001	936.6273	5.154	1
111.8	15.0063	937.5172	5.1527	1
111.9	15.0125	938.29	5.1598	1
112	15.0189	939.1162	5.1514	1
112.1	15.0252	939.8372	5.1579	1
112.2	15.0319	940.7465	5.1607	1
112.3	15.0386	941.5395	5.1506	1
112.4	15.0452	942.2878	5.1427	1
112.5	15.0521	943.2044	5.1441	1
112.6	15.0589	944.0576	5.1431	1
112.7	15.0656	944.83	5.1415	1
112.8	15.0725	945.5796	5.1526	1
112.9	15.0793	946.4746	5.1677	1
113	15.0861	947.3689	5.1744	1
113.1	15.093	948.1116	5.1657	1
113.2	15.1	949.043	5.151	1
113.3	15.1067	949.8158	5.1372	1
113.4	15.1134	950.6446	5.1285	1
113.5	15.1204	951.4894	5.1372	1
113.6	15.1274	952.2987	5.1553	1
113.7	15.1345	953.1642	5.1696	1
113.8	15.1416	954.0357	5.1586	1
113.9	15.1483	954.8717	5.1538	1
114	15.1548	955.7047	5.1701	1
114.1	15.1611	956.5451	5.1697	1
114.2	15.1677	957.4763	5.1558	1
114.3	15.1743	958.195	5.1613	1
114.4	15.1808	959.0445	5.147	1
114.5	15.1876	959.8863	5.1357	1
114.6	15.1944	960.7185	5.1372	1
114.7	15.201	961.6883	5.1578	1
114.8	15.2074	962.3854	5.1622	1
114.9	15.2137	963.3243	5.1587	1
115	15.2199	964.1722	5.1538	1
115.1	15.2262	964.8717	5.1564	1
115.2	15.2328	965.6919	5.1576	1
115.3	15.2391	966.6596	5.1596	1
115.4	15.2447	967.703	5.1725	1
115.5	15.2501	968.4642	5.1671	1
115.6	15.2559	969.1815	5.1443	1
115.7	15.2621	969.9112	5.1362	1
115.8	15.2685	970.6783	5.1477	1
115.9	15.275	971.533	5.1429	1
116	15.2818	972.3276	5.1401	1
116.1	15.2887	973.111	5.1545	1
116.2	15.2957	974.009	5.1587	1
116.3	15.3029	974.7668	5.1567	1
116.4	15.3101	975.5389	5.1609	1
116.5	15.3172	976.4798	5.1668	1
116.6	15.3241	977.4285	5.1698	1
116.7	15.3307	978.2318	5.1635	1
116.8	15.3373	979.0906	5.1635	1
116.9	15.3434	980.0094	5.1598	1
117	15.3494	980.8509	5.1616	1
117.1	15.3553	981.6635	5.1674	1
117.2	15.3612	982.629	5.1658	1
117.3	15.3667	983.4709	5.1603	1
117.4	15.3723	984.2792	5.1533	1
117.5	15.3782	984.9794	5.1564	1
117.6	15.384	985.8385	5.1394	1
117.7	15.3901	986.619	5.1374	1
117.8	15.3962	987.3718	5.1568	1
117.9	15.4025	988.3158	5.1792	1
118	15.4086	989.1447	5.1581	1
118.1	15.4146	990.0441	5.1565	1
118.2	15.4205	990.8314	5.1548	1
118.3	15.4264	991.633	5.1464	1
118.4	15.4326	992.5193	5.1473	1
118.5	15.4387	993.2617	5.1563	1
118.6	15.445	994.0793	5.1508	1
118.7	15.4515	994.9348	5.1402	1
118.8	15.4581	995.7724	5.1307	1
118.9	15.4645	996.6132	5.1301	1
119	15.4706	997.4751	5.1256	1
119.1	15.4766	998.3708	5.1261	1
119.2	15.4826	999.1066	5.1416	1
119.3	15.4888	999.9194	5.151	1
119.4	15.4953	1000.6761	5.1514	1
119.5	15.5021	1001.3935	5.1532	1
119.6	15.5095	1002.2543	5.1483	1
119.7	15.5168	1003.0677	5.1431	1
119.8	15.5235	1004.0851	5.1588	1
119.9	15.5299	1004.8291	5.1636	2
120	15.5367	1005.63	5.159	2
120.1	15.5439	1006.4457	5.17	2
120.2	15.5509	1007.2563	5.1756	2
120.3	15.5579	1007.9204	5.1632	2
120.4	15.5648	1008.0672	5.1553	2
120.5	15.5713	1008.1703	5.1543	2
120.6	15.5776	1008.2558	5.1419	2
120.7	15.5835	1008.2924	5.1404	2
120.8	15.589	1008.3782	5.1447	2
120.9	15.5941	1008.424	5.1426	2
121	15.599	1008.4606	5.129	2
121.1	15.604	1008.4641	5.1231	2
121.2	15.6088	1008.5305	5.135	2
121.3	15.6131	1008.6002	5.1313	2
121.4	15.6173	1008.5251	5.1226	2
121.5	15.6217	1008.6258	5.1289	2
121.6	15.6258	1008.6603	5.1353	2
121.7	15.6293	1008.785	5.1242	2
121.8	15.6331	1008.7092	5.1123	2
121.9	15.6369	1008.6282	5.1132	2
122	15.6406	1008.7321	5.1256	2
122.1	15.6444	1008.7765	5.1303	2
122.2	15.6481	1008.5686	5.1273	2
122.3	15.6523	1008.5896	5.1224	2
122.4	15.6565	1008.5456	5.1312	2
122.5	15.6605	1008.6062	5.1382	2
122.6	15.6647	1008.5726	5.1216	2
122.7	15.6687	1008.624	5.1176	2
122.8	15.6726	1008.6854	5.1255	2
122.9	15.6765	1008.5608	5.1363	2
123	15.6807	1008.5087	5.1375	2
123.1	15.6851	1008.4687	5.1404	2
123.2	15.6896	1008.5584	5.1494	2
123.3	15.6937	1008.5431	5.1561	2
123.4	15.6974	1008.535	5.1605	2
123.5	15.701	1008.5281	5.162	2
123.6	15.7052	1008.5083	5.1501	2
123.7	15.7097	1008.4461	5.1259	2
123.8	15.7144	1008.4013	5.1137	2
123.9	15.7192	1008.4346	5.1149	2
124	15.7236	1008.4673	5.1303	2
124.1	15.7282	1008.4626	5.1304	2
124.2	15.7327	1008.5219	5.1299	2
124.3	15.7371	1008.4806	5.1344	2
124.4	15.7412	1008.5735	5.1553	2
124.5	15.7451	1008.5753	5.1499	2
124.6	15.749	1008.5725	5.146	2
124.7	15.7528	1008.6685	5.1347	2
124.8	15.7566	1008.6235	5.1268	2
124.9	15.7599	1008.7338	5.1201	2
125	15.7632	1008.7653	5.1158	2
125.1	15.7662	1008.7377	5.1224	2
125.2	15.7693	1008.8362	5.1373	2
125.3	15.7723	1008.74	5.1598	2
125.4	15.7753	1008.8084	5.1654	2
125.5	15.7782	1008.7994	5.156	2
125.6	15.7806	1008.8269	5.1458	2
125.7	15.783	1008.9749	5.14	2
125.8	15.7856	1008.7967	5.1358	2
125.9	15.7882	1008.8789	5.1317	2
126	15.7907	1008.9306	5.1347	2
126.1	15.7926	1008.8865	5.1311	2
126.2	15.7949	1008.9034	5.1296	2
126.3	15.7974	1008.8426	5.1298	2
126.4	15.7997	1008.9205	5.1275	2
126.5	15.802	1008.9134	5.1185	2
126.6	15.8042	1008.8775	5.1105	2
126.7	15.8068	1008.8458	5.1218	2
126.8	15.8089	1008.8894	5.134	2
126.9	15.8108	1009.0008	5.1343	2
127	15.813	1008.8357	5.135	2
127.1	15.8154	1008.9104	5.1503	2
127.2	15.8175	1008.8547	5.1553	2
127.3	15.8195	1008.9073	5.1532	2
127.4	15.8215	1008.9023	5.1519	2
127.5	15.8238	1008.8667	5.143	2
127.6	15.8261	1008.8845	5.1289	2
127.7	15.8286	1008.8038	5.1286	2
127.8	15.8311	1008.8185	5.1377	2
127.9	15.8336	1008.8198	5.1381	2
128	15.8358	1008.9342	5.1272	2
128.1	15.8379	1008.8744	5.1193	2
128.2	15.8398	1008.9182	5.1342	2
128.3	15.8418	1008.8867	5.1273	2
128.4	15.8435	1008.9817	5.1258	2
128.5	15.8455	1008.9506	5.1483	2
128.6	15.8471	1008.9317	5.153	2
128.7	15.8488	1009.0234	5.1504	2
128.8	15.8504	1008.9417	5.1605	2
128.9	15.8519	1009.0548	5.1535	2
129	15.8534	1008.9835	5.1413	2
129.1	15.8546	1009.107	5.1393	2
129.2	15.8559	1009.0343	5.1321	2
129.3	15.8574	1008.9602	5.1292	2
129.4	15.8591	1008.9468	5.1442	2
129.5	15.8604	1009.0262	5.1496	2
129.6	15.8617	1009.0129	5.146	2
129.7	15.8632	1009.0084	5.1393	2
129.8	15.8645	1009.0868	5.1441	2
129.9	15.8658	1009.0395	5.1516	2
130	15.867	1009.0078	5.1439	2
130.1	15.8686	1008.9943	5.1382	2
130.2	15.8699	1009.0228	5.1274	2
130.3	15.871	1009.1136	5.1219	2
130.4	15.8721	1009.048	5.1243	2
130.5	15.8733	1009.0576	5.1198	2
130.6	15.8744	1009.0444	5.1345	2
130.7	15.8755	1009.0374	5.1522	2
130.8	15.8765	1009.0511	5.1441	2
130.9	15.8779	1008.9444	5.1276	2
131	15.8794	1008.9298	5.1298	2
131.1	15.881	1009.0142	5.1427	2
131.2	15.8823	1009.0565	5.1359	2
131.3	15.8837	1008.9551	5.1313	2
131.4	15.8853	1008.8494	5.136	2
131.5	15.8869	1008.9478	5.1424	2
131.6	15.8886	1008.9098	5.1339	2
131.7	15.8902	1008.8597	5.1342	2
131.8	15.8921	1008.8924	5.132	2
131.9	15.8938	1008.9452	5.1254	2
132	15.8958	1008.7973	5.1382	2
132.1	15.8982	1008.6518	5.1341	2
132.2	15.9014	1008.5851	5.1399	2
132.3	15.9047	1008.5417	5.1635	2
132.4	15.9081	1008.5629	5.149	2
132.5	15.9112	1008.6269	5.1317	2
132.6	15.9137	1008.7824	5.1235	2
132.7	15.9161	1008.8396	5.1344	2
132.8	15.9181	1008.7999	5.14	2
132.9	15.9201	1008.8543	5.1356	2
133	15.9222	1008.8002	5.146	2
133.1	15.9242	1008.839	5.1391	2
133.2	15.9264	1008.7645	5.1327	2
133.3	15.9287	1008.7694	5.1492	2
133.4	15.931	1008.7965	5.1509	2
133.5	15.9334	1008.7054	5.1444	2
133.6	15.9356	1008.805	5.1456	2
133.7	15.9376	1008.9212	5.1455	2
133.8	15.939	1008.9878	5.1478	2
133.9	15.9402	1009.0232	5.1504	2
134	15.9413	1009.059	5.1382	2
134.1	15.9421	1009.1037	5.1283	2
134.2	15.9428	1009.0944	5.1337	2
134.3	15.9435	1009.0395	5.1322	2
134.4	15.9444	1009.0577	5.1321	2
134.5	15.9456	1008.9836	5.1192	2
134.6	15.9468	1009.0217	5.1184	2
134.7	15.9478	1009.0775	5.1178	2
134.8	15.9487	1009.078	5.1253	2
134.9	15.9496	1009.0367	5.1239	2
135	15.9504	1009.1325	5.1155	2
135.1	15.9511	1009.1164	5.123	2
135.2	15.9516	1009.0999	5.1243	2
135.3	15.9522	1009.1318	5.1252	2
135.4	15.953	1009.069	5.1259	2
135.5	15.9537	1009.1406	5.1225	2
135.6	15.9548	1009.0034	5.1297	2
135.7	15.9562	1008.9619	5.1238	2
135.8	15.9577	1008.9463	5.1262	2
135.9	15.9592	1008.9651	5.1337	2
136	15.9607	1008.9155	5.13	2
136.1	15.9622	1008.8936	5.135	2
136.2	15.9636	1008.9991	5.1331	2
136.3	15.9646	1009.0019	5.1217	2
136.4	15.9655	1009.0454	5.1288	2
136.5	15.9663	1009.068	5.1484	2
136.6	15.967	1009.1363	5.1432	2
136.7	15.9674	1009.1537	5.1272	2
136.8	15.9677	1009.1652	5.1163	2
136.9	15.968	1009.1502	5.1192	2
137	15.9683	1009.1568	5.1314	2
137.1	15.9688	1009.1708	5.1322	2
137.2	15.9691	1009.1856	5.1197	2
137.3	15.9694	1009.1654	5.1225	2
137.4	15.9697	1009.1341	5.1308	2
137.5	15.9699	1009.188	5.1245	2
137.6	15.9702	1009.161	5.1249	2
137.7	15.9705	1009.1551	5.1256	2
137.8	15.9708	1009.1302	5.1227	2
137.9	15.971	1009.1097	5.1277	2
138	15.9713	1009.1789	5.137	2
138.1	15.9715	1009.2317	5.137	2
138.2	15.9715	1009.2213	5.1348	2
138.3	15.9715	1009.2041	5.129	2
138.4	15.9715	1009.2651	5.1305	2
138.5	15.9713	1009.2353	5.1268	2
138.6	15.9711	1009.2265	5.1397	2
138.7	15.9711	1009.2394	5.1451	2
138.8	15.971	1009.2513	5.1482	2
138.9	15.9706	1009.3176	5.1649	2
139	15.9704	1009.2843	5.1675	2
139.1	15.9703	1009.1875	5.1578	2
139.2	15.9704	1009.1827	5.1543	2
139.3	15.9703	1009.2533	5.1548	2
139.4	15.9699	1009.2479	5.1496	2
139.5	15.9697	1009.2432	5.1509	2
139.6	15.9697	1009.1868	5.1548	2
139.7	15.9696	1009.2694	5.1582	2
139.8	15.9694	1009.3047	5.1524	2
139.9	15.9691	1009.2898	5.1479	2
140	15.9688	1009.2044	5.1314	2
140.1	15.9685	1009.2432	5.1349	2
140.2	15.9681	1009.3104	5.1382	2
140.3	15.9678	1009.2241	5.1297	2
140.4	15.9676	1009.1928	5.1264	2
140.5	15.9673	1009.3177	5.1192	2
140.6	15.9669	1009.2598	5.1248	2
140.7	15.9666	1009.2518	5.1303	2
140.8	15.9667	1009.1773	5.1318	2
140.9	15.9668	1009.1157	5.1276	2
141	15.967	1009.2167	5.1271	2
141.1	15.9673	1009.1472	5.1291	2
141.2	15.9671	1009.1282	5.1193	2
141.3	15.9669	1009.1919	5.1053	2
141.4	15.9668	1009.2047	5.1056	2
141.5	15.9668	1009.3201	5.1119	2
141.6	15.9666	1009.3136	5.1303	2
141.7	15.966	1009.3212	5.1424	2
141.8	15.9655	1009.2298	5.1412	2
141.9	15.9652	1009.2577	5.1369	2
142	15.965	1009.213	5.1381	2
142.1	15.9646	1009.2341	5.1436	2
142.2	15.9642	1009.2191	5.1461	2
142.3	15.9639	1009.3144	5.1503	2
142.4	15.9637	1009.2299	5.1469	2
142.5	15.9633	1009.2401	5.1576	2
142.6	15.963	1009.2461	5.1596	2
142.7	15.9627	1009.2179	5.1468	2
142.8	15.9621	1009.3047	5.1323	2
142.9	15.9615	1009.3653	5.139	2
143	15.961	1009.2503	5.1559	2
143.1	15.9608	1009.2115	5.1611	2
143.2	15.9606	1009.1933	5.1532	2
143.3	15.9601	1009.2707	5.1404	2
143.4	15.9599	1009.202	5.138	2
143.5	15.96	1009.1935	5.1253	2
143.6	15.9597	1009.1905	5.1204	2
143.7	15.9594	1009.226	5.1255	2
143.8	15.9593	1009.1332	5.1259	2
143.9	15.9597	1009.0766	5.1264	2
144	15.96	1009.0789	5.137	2
144.1	15.9603	1009.1395	5.1449	2
144.2	15.9605	1009.1297	5.1368	2
144.3	15.9607	1009.092	5.1354	2
144.4	15.9608	1009.146	5.1335	2
144.5	15.9608	1009.1519	5.1244	2
144.6	15.961	1009.0998	5.1309	2
144.7	15.9615	1009.048	5.1432	2
144.8	15.9618	1009.1012	5.1374	2
144.9	15.9622	1009.0983	5.151	2
145	15.9623	1009.1069	5.1533	2
145.1	15.9624	1009.1488	5.1391	2
145.2	15.9624	1009.1696	5.1302	2
145.3	15.9624	1009.1437	5.129	2
145.4	15.9626	1009.0668	5.1329	2
145.5	15.9632	1009.0558	5.1459	2
145.6	15.9637	1009.1434	5.152	2
145.7	15.9638	1009.1336	5.1571	2
145.8	15.9639	1009.0366	5.1521	2
145.9	15.9642	1009.0625	5.1428	2
146	15.9644	1009.1377	5.1447	2
146.1	15.9646	1009.1841	5.1547	2
146.2	15.9645	1009.1442	5.1536	2
146.3	15.9646	1009.1622	5.1465	2
146.4	15.9645	1009.1658	5.1433	2
146.5	15.9646	1009.1058	5.1436	2
146.6	15.9648	1009.0428	5.156	2
146.7	15.965	1009.1348	5.1488	2
146.8	15.965	1009.1075	5.1365	2
146.9	15.965	1009.168	5.1363	2
147	15.9649	1009.2091	5.1313	2
147.1	15.9647	1009.2156	5.1437	2
147.2	15.9648	1009.1221	5.1532	2
147.3	15.9647	1009.1255	5.1461	2
147.4	15.9646	1009.2334	5.1401	2
147.5	15.9645	1009.155	5.1335	2
147.6	15.9644	1009.1775	5.1429	2
147.7	15.9644	1009.1899	5.1506	2
147.8	15.9641	1009.3066	5.1645	2
147.9	15.9633	1009.3284	5.1659	2
148	15.9629	1009.2162	5.1537	2
148.1	15.9628	1009.0945	5.1576	2
148.2	15.9624	1009.3327	5.1675	2
148.3	15.9619	1009.2127	5.1549	2
148.4	15.9612	1009.2318	5.1404	2
148.5	15.9614	1009.1068	5.1443	2
148.6	15.9611	1009.1915	5.1367	2
148.7	15.9608	1009.2666	5.1343	2
148.8	15.9608	1009.104	5.1439	2
148.9	15.961	1009.0844	5.1427	2
149	15.9613	1009.1394	5.1476	2
149.1	15.9613	1009.0573	5.1551	2
149.2	15.9615	1008.9943	5.1445	2
149.3	15.9621	1009.0182	5.1394	2
149.4	15.963	1008.9278	5.1301	2
149.5	15.9643	1008.8095	5.1326	2
149.6	15.9659	1008.7503	5.1407	2
149.7	15.9678	1008.7449	5.1623	2
149.8	15.9701	1008.5652	5.1691	2
149.9	15.9726	1008.4996	5.1596	3
150	15.975	1008.6321	5.159	3
150.1	15.9769	1008.8109	5.1538	3
150.2	15.9785	1008.6757	5.1408	3
150.3	15.9806	1008.3714	5.1374	3
150.4	15.9829	1007.8857	5.1341	3
150.5	15.9847	1007.0357	5.1312	3
150.6	15.986	1006.3759	5.1323	3
150.7	15.9875	1005.5499	5.1464	3
150.8	15.9884	1004.7774	5.1501	3
150.9	15.9888	1004.0816	5.154	3
151	15.9888	1003.1755	5.1393	3
151.1	15.9893	1002.3322	5.1312	3
151.2	15.9897	1001.6138	5.1342	3
151.3	15.9891	1000.8882	5.1341	3
151.4	15.9887	1000.042	5.1291	3
151.5	15.9885	999.1098	5.1107	3
151.6	15.9883	998.3921	5.1136	3
151.7	15.9875	997.6425	5.1209	3
151.8	15.9865	996.7692	5.1171	3
151.9	15.9862	995.8836	5.1175	3
152	15.9858	995.0248	5.1184	3
152.1	15.9852	994.3052	5.1074	3
152.2	15.9845	993.4895	5.1143	3
152.3	15.9835	992.6129	5.12	3
152.4	15.9825	991.8303	5.1249	3
152.5	15.9811	991.0869	5.1273	3
152.6	15.9798	990.2302	5.123	3
152.7	15.9785	989.3341	5.1276	3
152.8	15.9773	988.553	5.1369	3
152.9	15.9757	987.8012	5.133	3
153	15.9741	986.96	5.1276	3
153.1	15.9727	986.0408	5.1257	3
153.2	15.9714	985.123	5.1184	3
153.3	15.9701	984.4792	5.1067	3
153.4	15.9686	983.6279	5.1192	3
153.5	15.9668	982.9078	5.1272	3
153.6	15.9647	982.0816	5.1289	3
153.7	15.9626	981.2381	5.1339	3
153.8	15.9604	980.4248	5.1462	3
153.9	15.9578	979.6819	5.1493	3
154	15.9548	978.8872	5.1389	3
154.1	15.9514	978.1161	5.1377	3
154.2	15.9486	977.0943	5.1495	3
154.3	15.9461	976.2334	5.1358	3
154.4	15.9439	975.3723	5.1191	3
154.5	15.9419	974.5718	5.1366	3
154.6	15.9398	973.7606	5.138	3
154.7	15.9376	972.8873	5.1247	3
154.8	15.9354	972.0462	5.1221	3
154.9	15.9339	971.1102	5.1266	3
155	15.9324	970.2568	5.1414	3
155.1	15.9307	969.4955	5.1482	3
155.2	15.9287	968.7174	5.143	3
155.3	15.9266	967.7395	5.1369	3
155.4	15.9248	967.0105	5.1311	3
155.5	15.9227	966.1889	5.1257	3
155.6	15.9202	965.4494	5.1267	3
155.7	15.9178	964.5341	5.1235	3
155.8	15.9155	963.7803	5.1289	3
155.9	15.9136	962.7951	5.1444	3
156	15.9118	961.9709	5.1557	3
156.1	15.9101	961.1759	5.1545	3
156.2	15.908	960.3213	5.1571	3
156.3	15.906	959.528	5.1556	3
156.4	15.9039	958.6204	5.1504	3
156.5	15.9016	957.9607	5.1536	3
156.6	15.8993	957.0881	5.1599	3
156.7	15.8965	956.3427	5.1568	3
156.8	15.8939	955.4597	5.1542	3
156.9	15.8908	954.7525	5.1495	3
157	15.8875	954.0913	5.1572	3
157.1	15.8842	953.1314	5.1601	3
157.2	15.881	952.2502	5.1569	3
157.3	15.8779	951.3234	5.1546	3
157.4	15.8746	950.6462	5.1474	3
157.5	15.8714	949.8267	5.1446	3
157.6	15.8683	948.9047	5.148	3
157.7	15.8652	948.0572	5.1486	3
157.8	15.8621	947.2991	5.1466	3
157.9	15.8586	946.4748	5.1595	3
158	15.855	945.7028	5.1473	3
158.1	15.8513	944.8532	5.1329	3
158.2	15.8472	944.1753	5.1483	3
158.3	15.8429	943.3663	5.1592	3
158.4	15.8386	942.4708	5.1629	3
158.5	15.8347	941.6035	5.1582	3
158.6	15.8311	940.7197	5.1655	3
158.7	15.8269	939.9863	5.1632	3
158.8	15.8229	939.1015	5.1528	3
158.9	15.8189	938.2602	5.1449	3
159	15.8151	937.4133	5.1372	3
159.1	15.8113	936.5054	5.1356	3
159.2	15.8078	935.6628	5.1374	3
159.3	15.8046	934.6937	5.1333	3
159.4	15.8015	933.8809	5.124	3
159.5	15.7985	933.0988	5.1245	3
159.6	15.7954	932.2147	5.1324	3
159.7	15.7924	931.4249	5.1189	3
159.8	15.7892	930.5956	5.1126	3
159.9	15.7858	929.8247	5.1156	3
160	15.7823	928.9082	5.1158	3
160.1	15.7789	928.0911	5.1156	3
160.2	15.7757	927.2487	5.124	3
160.3	15.7724	926.398	5.1152	3
160.4	15.7689	925.6649	5.1062	3
160.5	15.7651	924.9026	5.1213	3
160.6	15.7612	924.1289	5.1244	3
160.7	15.7574	923.2963	5.1334	3
160.8	15.7534	922.4451	5.1496	3
160.9	15.7492	921.5649	5.1443	3
161	15.7454	920.7029	5.1378	3
161.1	15.7415	919.9251	5.146	3
161.2	15.7376	919.1047	5.1523	3
161.3	15.7335	918.3128	5.1596	3
161.4	15.7293	917.4598	5.1647	3
161.5	15.725	916.6284	5.1642	3
161.6	15.7206	915.9271	5.1483	3
161.7	15.716	915.0982	5.1385	3
161.8	15.7111	914.3198	5.1404	3
161.9	15.7061	913.4339	5.1336	3
162	15.7015	912.598	5.1208	3
162.1	15.6976	911.7769	5.1282	3
162.2	15.6935	910.814	5.1412	3
162.3	15.6893	909.9564	5.1387	3
162.4	15.6853	909.0383	5.1435	3
162.5	15.6815	908.2056	5.1533	3
162.6	15.6778	907.3858	5.1451	3
162.7	15.6739	906.5418	5.1391	3
162.8	15.6701	905.7191	5.1373	3
162.9	15.6662	904.8966	5.1426	3
163	15.6623	904.0959	5.1395	3
163.1	15.6583	903.2111	5.151	3
163.2	15.6541	902.5353	5.1535	3
163.3	15.6497	901.7307	5.1444	3
163.4	15.6453	900.7803	5.1399	3
163.5	15.6409	900.0133	5.1453	3
163.6	15.6365	899.2434	5.1534	3
163.7	15.6318	898.3577	5.1633	3
163.8	15.627	897.6037	5.1592	3
163.9	15.6221	896.849	5.1609	3
164	15.6174	895.9557	5.1543	3
164.1	15.6126	895.0339	5.1475	3
164.2	15.6079	894.1924	5.1442	3
164.3	15.6035	893.3716	5.1436	3
164.4	15.599	892.5269	5.1409	3
164.5	15.5944	891.7023	5.1305	3
164.6	15.5896	890.8929	5.1232	3
164.7	15.5851	890.0102	5.1396	3
164.8	15.5808	889.0921	5.1324	3
164.9	15.5772	888.1343	5.1392	3
165	15.5736	887.2915	5.157	3
165.1	15.5703	886.4019	5.146	3
165.2	15.5669	885.6318	5.146	3
165.3	15.5635	884.8474	5.1484	3
165.4	15.5599	883.9602	5.1383	3
165.5	15.5564	883.1827	5.1395	3
165.6	15.5528	882.3001	5.1381	3
165.7	15.5491	881.5437	5.1415	3
165.8	15.5453	880.7246	5.1411	3
165.9	15.5414	879.8966	5.1263	3
166	15.5373	878.97	5.127	3
166.1	15.5334	878.2358	5.1465	3
166.2	15.5296	877.3654	5.143	3
166.3	15.5258	876.4456	5.1241	3
166.4	15.5225	875.5905	5.1294	3
166.5	15.5193	874.7087	5.1344	3
166.6	15.516	873.9525	5.1361	3
166.7	15.5125	873.1438	5.1298	3
166.8	15.5088	872.4094	5.128	3
166.9	15.5051	871.5306	5.1212	3
167	15.5013	870.6806	5.1334	3
167.1	15.4976	869.8817	5.1303	3
167.2	15.4939	869.0599	5.1269	3
167.3	15.4901	868.2313	5.1349	3
167.4	15.4862	867.3281	5.1467	3
167.5	15.482	866.661	5.1357	3
167.6	15.4775	865.7567	5.1265	3
167.7	15.473	865.0207	5.131	3
167.8	15.4687	864.2842	5.1311	3
167.9	15.464	863.3797	5.1132	3
168	15.4593	862.5523	5.1084	3
168.1	15.4547	861.7333	5.1089	3
168.2	15.4495	860.9392	5.1158	3
168.3	15.4446	860.0848	5.1208	3
168.4	15.4396	859.2565	5.1333	3
168.5	15.435	858.4582	5.1386	3
168.6	15.43	857.6232	5.1323	3
168.7	15.4253	856.7436	5.1312	3
168.8	15.4208	855.7829	5.1392	3
168.9	15.4164	854.9782	5.1433	3
169	15.4119	854.1383	5.1434	3
169.1	15.4074	853.2687	5.1545	3
169.2	15.4032	852.5362	5.1587	3
169.3	15.399	851.5822	5.1497	3
169.4	15.3945	850.9626	5.1407	3
169.5	15.3899	849.9538	5.1433	3
169.6	15.3853	849.1828	5.1533	3
169.7	15.3808	848.3931	5.1557	3
169.8	15.376	847.5501	5.143	3
169.9	15.3713	846.7965	5.1424	3
170	15.3667	845.8505	5.138	3
170.1	15.3622	844.9963	5.1425	3
170.2	15.3579	844.1274	5.1602	3
170.3	15.3533	843.3338	5.1867	3
170.4	15.3491	842.4749	5.1941	3
170.5	15.3448	841.5323	5.186	3
170.6	15.3407	840.7877	5.1908	3
170.7	15.3365	840.0062	5.1944	3
170.8	15.3319	839.1764	5.1804	3
170.9	15.3274	838.3716	5.1609	3
171	15.3226	837.6171	5.1598	3
171.1	15.3176	836.7725	5.1678	3
171.2	15.3125	835.9462	5.1721	3
171.3	15.3077	835.1415	5.1761	3
171.4	15.3026	834.3718	5.1558	3
171.5	15.2978	833.3889	5.1434	3
171.6	15.2934	832.4099	5.1587	3
171.7	15.2895	831.5038	5.1591	3
171.8	15.2862	830.506	5.1584	3
171.9	15.283	829.7355	5.1605	3
172	15.2799	828.874	5.1724	3
172.1	15.2762	828.1294	5.1654	3
172.2	15.2724	827.4621	5.1457	3
172.3	15.2684	826.5711	5.1442	3
172.4	15.2642	825.7523	5.147	3
172.5	15.2602	824.9548	5.1491	3
172.6	15.2561	824.102	5.1477	3
172.7	15.2519	823.2192	5.1544	3
172.8	15.248	822.3378	5.159	3
172.9	15.2442	821.5273	5.1524	3
173	15.2403	820.8191	5.1726	3
173.1	15.236	819.9874	5.1696	3
173.2	15.2318	819.1019	5.1514	3
173.3	15.2277	818.2735	5.1458	3
173.4	15.2235	817.4481	5.1571	3
173.5	15.2192	816.6279	5.1479	3
173.6	15.215	815.8069	5.1375	3
173.7	15.2104	815.0045	5.1303	3
173.8	15.2058	814.1908	5.1288	3
173.9	15.2013	813.3426	5.138	3
174	15.1968	812.5223	5.1442	3
174.1	15.1923	811.6244	5.1455	3
174.2	15.1875	810.8529	5.1473	3
174.3	15.1825	810.1115	5.1381	3
174.4	15.1773	809.3337	5.1216	3
174.5	15.1722	808.46	5.1155	3
174.6	15.1671	807.712	5.1235	3
174.7	15.1616	806.9547	5.1349	3
174.8	15.1559	806.0907	5.1333	3
174.9	15.1504	805.2848	5.1273	3
175	15.1449	804.3416	5.1342	3
175.1	15.1393	803.5132	5.1383	3
175.2	15.1341	802.6296	5.1302	3
175.3	15.1291	801.8221	5.1303	3
175.4	15.1237	800.9769	5.1416	3
175.5	15.1186	800.1187	5.1476	3
175.6	15.1139	799.2041	5.1339	3
175.7	15.1092	798.3739	5.127	3
175.8	15.1042	797.6279	5.128	3
175.9	15.0991	796.909	5.1366	3
176	15.094	796.0067	5.1408	3
176.1	15.0889	795.2108	5.1247	3
176.2	15.0833	794.44	5.1137	3
176.3	15.0773	793.617	5.1281	3
176.4	15.0713	792.7569	5.1416	3
176.5	15.0653	792.0239	5.1405	3
176.6	15.0593	791.2117	5.1293	3
176.7	15.0532	790.3535	5.1242	3
176.8	15.047	789.5271	5.1241	3
176.9	15.041	788.6757	5.1212	3
177	15.0349	787.7742	5.1095	3
177.1	15.0288	787.0164	5.1136	3
177.2	15.0232	786.0637	5.1058	3
177.3	15.0177	785.1918	5.1043	3
177.4	15.0123	784.4307	5.0996	3
177.5	15.0066	783.5606	5.1063	3
177.6	15.0011	782.6983	5.1077	3
177.7	14.9955	781.874	5.1087	3
177.8	14.9901	781.109	5.1058	3
177.9	14.9844	780.2189	5.1008	3
178	14.9786	779.4305	5.099	3
178.1	14.9729	778.5622	5.1038	3
178.2	14.9673	777.7056	5.1023	3
178.3	14.962	776.9599	5.1157	3
178.4	14.9561	776.0687	5.1339	3
178.5	14.9505	775.2362	5.1263	3
178.6	14.9449	774.3108	5.1279	3
178.7	14.9396	773.581	5.1347	3
178.8	14.9339	772.6896	5.1265	3
178.9	14.9279	771.9778	5.1305	3
179	14.9225	770.9651	5.1418	3
179.1	14.9171	770.2441	5.1294	3
179.2	14.9115	769.4804	5.1213	3
179.3	14.9052	768.6751	5.1305	3
179.4	14.8995	767.7234	5.1383	3
179.5	14.8942	766.8578	5.1376	3
179.6	14.8885	766.2012	5.1499	3
179.7	14.8824	765.33	5.153	3
179.8	14.8764	764.4927	5.146	3
179.9	14.8708	763.5476	5.1442	3
180	14.8649	762.7966	5.1591	3
180.1	14.8591	762.001	5.1539	3
180.2	14.8532	761.0691	5.1346	3
180.3	14.8479	760.1678	5.1318	3
180.4	14.8425	759.4401	5.1342	3
180.5	14.8371	758.5176	5.1241	3
180.6	14.8317	757.6112	5.1216	3
180.7	14.8265	756.8278	5.1394	3
180.8	14.8209	756.1059	5.1384	3
180.9	14.8153	755.2832	5.1378	3
181	14.8097	754.3916	5.1368	3
181.1	14.8043	753.4881	5.1345	3
181.2	14.7991	752.6291	5.1423	3
181.3	14.7944	751.6984	5.1504	3
181.4	14.7896	750.8433	5.1436	3
181.5	14.7847	750.1282	5.1441	3
181.6	14.7797	749.2523	5.1423	3
181.7	14.7749	748.359	5.1428	3
181.8	14.7701	747.5879	5.1364	3
181.9	14.765	746.796	5.1223	3
182	14.7598	745.9534	5.1235	3
182.1	14.7549	745.111	5.1215	3
182.2	14.7502	744.2464	5.1204	3
182.3	14.7453	743.387	5.1238	3
182.4	14.7406	742.5244	5.1123	3
182.5	14.736	741.6605	5.1092	3
182.6	14.7313	740.8605	5.1143	3
182.7	14.7267	740.0543	5.1291	3
182.8	14.7218	739.1545	5.1311	3
182.9	14.7169	738.4102	5.1227	3
183	14.712	737.6045	5.1202	3
183.1	14.7068	736.8161	5.1241	3
183.2	14.7016	735.9754	5.1368	3
183.3	14.6967	735.1518	5.1442	3
183.4	14.6915	734.3031	5.1368	3
183.5	14.686	733.5514	5.1354	3
183.6	14.6805	732.7224	5.1444	3
183.7	14.6747	732.0043	5.1407	3
183.8	14.6689	731.1009	5.1331	3
183.9	14.6631	730.2424	5.1318	3
184	14.6574	729.4234	5.1269	3
184.1	14.6516	728.6248	5.1195	3
184.2	14.6455	727.8557	5.1293	3
184.3	14.6395	727.0492	5.14	3
184.4	14.6337	726.1167	5.1429	3
184.5	14.6279	725.1509	5.1391	3
184.6	14.622	724.5813	5.1328	3
184.7	14.6157	723.652	5.1319	3
184.8	14.6095	722.8522	5.1408	3
184.9	14.6041	721.8728	5.1551	3
185	14.5986	721.0713	5.1566	3
185.1	14.5932	720.1883	5.1413	3
185.2	14.588	719.2646	5.1267	3
185.3	14.5833	718.4311	5.1301	3
185.4	14.5783	717.5496	5.1321	3
185.5	14.5731	716.8378	5.1197	3
185.6	14.568	715.9384	5.1173	3
185.7	14.5626	715.1224	5.1368	3
185.8	14.5576	714.317	5.1359	3
185.9	14.5523	713.4911	5.1289	3
186	14.5468	712.6956	5.1319	3
186.1	14.5415	711.8399	5.1287	3
186.2	14.5358	711.1129	5.1316	3
186.3	14.5301	710.3134	5.1461	3
186.4	14.5242	709.4677	5.1385	3
186.5	14.5186	708.5776	5.1346	3
186.6	14.513	707.6549	5.1286	3
186.7	14.5077	706.8407	5.1323	3
186.8	14.5025	705.9971	5.1384	3
186.9	14.4971	705.1909	5.155	3
187	14.4915	704.3997	5.1468	3
187.1	14.4859	703.5636	5.1352	3
187.2	14.4802	702.7322	5.1379	3
187.3	14.4746	701.8814	5.1416	3
187.4	14.469	701.1386	5.1464	3
187.5	14.4631	700.3573	5.135	3
187.6	14.457	699.4877	5.1332	3
187.7	14.4508	698.7375	5.1364	3
187.8	14.4447	697.8603	5.1351	3
187.9	14.4383	696.9943	5.1292	3
188	14.4321	696.2033	5.1191	3
188.1	14.4257	695.4077	5.1135	3
188.2	14.419	694.6326	5.1202	3
188.3	14.4122	693.8195	5.122	3
188.4	14.4051	693.0323	5.1185	3
188.5	14.3981	692.2625	5.1206	3
188.6	14.391	691.3773	5.1319	3
188.7	14.3837	690.6162	5.1294	3
188.8	14.3765	689.7657	5.1332	3
188.9	14.369	688.9091	5.1354	3
189	14.3622	688.0465	5.1191	3
189.1	14.355	687.1933	5.1092	3
189.2	14.3475	686.557	5.107	3
189.3	14.3402	685.5402	5.12	3
189.4	14.3329	684.7073	5.1379	3
189.5	14.3261	683.8323	5.132	3
189.6	14.3189	683.0714	5.1255	3
189.7	14.3117	682.2226	5.1299	3
189.8	14.3049	681.2188	5.1347	3
189.9	14.2984	680.4552	5.1296	3
190	14.2917	679.5792	5.1186	3
190.1	14.285	678.8092	5.1148	3
190.2	14.2787	677.7868	5.1384	3
190.3	14.2728	676.9557	5.1597	3
190.4	14.2669	676.1082	5.1557	3
190.5	14.2607	675.3016	5.1405	3
190.6	14.2546	674.5645	5.1421	3
190.7	14.2481	673.7557	5.1413	3
190.8	14.2417	672.8885	5.1438	3
190.9	14.2354	672.0425	5.145	3
191	14.2291	671.1567	5.1369	3
191.1	14.2226	670.3901	5.1246	3
191.2	14.2162	669.545	5.1185	3
191.3	14.21	668.7211	5.1249	3
191.4	14.2033	667.9732	5.1391	3
191.5	14.1965	667.0202	5.1338	3
191.6	14.1901	666.2364	5.1206	3
191.7	14.1839	665.2924	5.1099	3
191.8	14.1775	664.6186	5.1058	3
191.9	14.1706	663.8911	5.1025	3
192	14.1639	662.8372	5.1093	3
192.1	14.1579	662.0339	5.1065	3
192.2	14.1516	661.2575	5.1109	3
192.3	14.1447	660.4675	5.1039	3
192.4	14.138	659.6173	5.1081	3
192.5	14.1315	658.7054	5.1226	3
192.6	14.1249	657.9389	5.122	3
192.7	14.118	657.1073	5.1192	3
192.8	14.1112	656.3346	5.1236	3
192.9	14.1042	655.5142	5.1259	3
193	14.0971	654.7961	5.1179	3
193.1	14.0899	653.8243	5.1187	3
193.2	14.0831	652.8848	5.1286	3
193.3	14.0772	651.9508	5.1266	3
193.4	14.0715	650.9377	5.1245	3
193.5	14.0664	650.0911	5.1264	3
193.6	14.0616	649.1771	5.1229	3
193.7	14.0565	648.4899	5.1217	3
193.8	14.0511	647.7177	5.1192	3
193.9	14.0451	646.9766	5.1103	3
194	14.0391	646.1586	5.127	3
194.1	14.0333	645.1611	5.1453	3
194.2	14.0277	644.3934	5.1417	3
194.3	14.0219	643.6075	5.1374	3
194.4	14.0158	642.7989	5.1294	3
194.5	14.0097	642.041	5.1244	3
194.6	14.0034	641.2772	5.128	3
194.7	13.9966	640.4523	5.1355	3
194.8	13.9897	639.7025	5.129	3
194.9	13.9824	638.9447	5.1167	3
195	13.975	638.1545	5.1229	3
195.1	13.9678	637.1958	5.1272	3
195.2	13.9607	636.3522	5.1303	3
195.3	13.9536	635.57	5.1244	3
195.4	13.9465	634.6219	5.1192	3
195.5	13.9403	633.6547	5.1334	3
195.6	13.9343	632.7888	5.1318	3
195.7	13.9283	631.9891	5.1379	3
195.8	13.9224	631.0721	5.1401	3
195.9	13.9164	630.2036	5.1314	3
196	13.9108	629.4011	5.139	3
196.1	13.9048	628.7023	5.1554	3
196.2	13.8984	627.9348	5.1552	3
196.3	13.8919	627.0244	5.1595	3
196.4	13.8854	626.2663	5.1634	3
196.5	13.8794	625.3079	5.1474	3
196.6	13.8734	624.41	5.1286	3
196.7	13.8676	623.5953	5.1328	3
196.8	13.8619	622.6889	5.1491	3
196.9	13.856	621.9759	5.1547	3
197	13.8497	621.1388	5.1455	3
197.1	13.8437	620.2963	5.1393	3
197.2	13.8378	619.4785	5.1231	3
197.3	13.8316	618.6292	5.1246	3
197.4	13.8252	617.9055	5.1378	3
197.5	13.8187	617.1386	5.1438	3
197.6	13.8122	616.2965	5.1448	3
197.7	13.8056	615.4216	5.125	3
197.8	13.799	614.5399	5.1295	3
197.9	13.7927	613.6995	5.1344	3
198	13.7862	612.8939	5.1302	3
198.1	13.7797	612.0795	5.1407	3
198.2	13.7731	611.3318	5.1456	3
198.3	13.7664	610.4501	5.1486	3
198.4	13.76	609.5052	5.1493	3
198.5	13.7536	608.7128	5.1587	3
198.6	13.7472	607.927	5.1496	3
198.7	13.7404	607.1752	5.1486	3
198.8	13.7337	606.3323	5.1524	3
198.9	13.7269	605.3758	5.1543	3
199	13.7206	604.5248	5.1656	3
199.1	13.7146	603.6178	5.1618	3
199.2	13.7086	602.7326	5.1458	3
199.3	13.7028	601.9156	5.1577	3
199.4	13.6967	601.1425	5.1597	3
199.5	13.6906	600.3781	5.1626	3
199.6	13.684	599.591	5.1657	3
199.7	13.6773	598.8295	5.1557	3
199.8	13.6701	598.0479	5.1494	3
199.9	13.6627	597.2846	5.1541	3
200	13.6554	596.3095	5.155	3
200.1	13.6486	595.3717	5.1591	3
200.2	13.6423	594.586	5.1674	3
200.3	13.6357	593.7942	5.1775	3
200.4	13.629	593.0211	5.176	3
200.5	13.6222	592.0645	5.158	3
200.6	13.6156	591.2592	5.1588	3
200.7	13.6089	590.4409	5.1649	3
200.8	13.602	589.5543	5.1522	3
200.9	13.5954	588.7954	5.1507	3
201	13.5888	588.0116	5.1501	3
201.1	13.5821	587.0636	5.1529	3
201.2	13.5757	586.2454	5.1489	3
201.3	13.5691	585.433	5.1502	3
201.4	13.5624	584.6485	5.1385	3
201.5	13.5555	583.8493	5.1276	3
201.6	13.5485	582.9775	5.1388	3
201.7	13.5416	582.0871	5.1495	3
201.8	13.535	581.2931	5.1495	3
201.9	13.5282	580.4022	5.1387	3
202	13.5213	579.6448	5.116	3
202.1	13.5146	578.777	5.1114	3
202.2	13.5081	577.9575	5.1159	3
202.3	13.5016	577.0415	5.1103	3
202.4	13.4954	576.1805	5.111	3
202.5	13.4889	575.4176	5.1073	3
202.6	13.482	574.6547	5.1188	3
202.7	13.4752	573.7529	5.1208	3
202.8	13.4685	572.9686	5.1102	3
202.9	13.4618	572.0498	5.117	3
203	13.4552	571.1963	5.1286	3
203.1	13.4491	570.3254	5.1391	3
203.2	13.4428	569.5212	5.1252	3
203.3	13.4362	568.732	5.12	3
203.4	13.4298	567.9165	5.1394	3
203.5	13.4232	567.0636	5.1563	3
203.6	13.4166	566.222	5.1557	3
203.7	13.41	565.4219	5.1517	3
203.8	13.4031	564.6435	5.1482	3
203.9	13.3962	563.8046	5.1376	3
204	13.3892	562.9635	5.1432	3
204.1	13.3824	562.1827	5.1522	3
204.2	13.3756	561.3062	5.1476	3
204.3	13.3687	560.4306	5.1415	3
204.4	13.3618	559.6632	5.1365	3
204.5	13.3546	558.9228	5.1188	3
204.6	13.3472	558.1167	5.1235	3
204.7	13.3398	557.2356	5.1276	3
204.8	13.3323	556.4287	5.12	3
204.9	13.3248	555.7683	5.1099	3
205	13.3168	554.9096	5.1159	3
205.1	13.3088	554.051	5.1369	3
205.2	13.3011	553.1296	5.1397	3
205.3	13.2934	552.3341	5.1388	3
205.4	13.2858	551.4354	5.1435	3
205.5	13.2786	550.5512	5.1495	3
205.6	13.2713	549.6749	5.1471	3
205.7	13.2638	548.9396	5.1458	3
205.8	13.2563	548.1403	5.1531	3
205.9	13.2487	547.3017	5.1543	3
206	13.241	546.4289	5.1544	3
206.1	13.2333	545.6799	5.1563	3
206.2	13.2256	544.8833	5.1547	3
206.3	13.2175	544.063	5.1386	3
206.4	13.2097	543.172	5.1388	3
206.5	13.2019	542.3111	5.16	3
206.6	13.1943	541.4845	5.1695	3
206.7	13.1866	540.656	5.1648	3
206.8	13.179	539.7547	5.1651	3
206.9	13.1719	538.8887	5.1592	3
207	13.1643	538.0466	5.1532	3
207.1	13.1564	537.2614	5.1489	3
207.2	13.1486	536.4926	5.1435	3
207.3	13.1409	535.5564	5.1507	3
207.4	13.1338	534.8292	5.1547	3
207.5	13.1265	533.8257	5.1407	3
207.6	13.1193	533.0451	5.1347	3
207.7	13.1123	532.1877	5.1314	3
207.8	13.1053	531.3287	5.1345	3
207.9	13.0985	530.4406	5.14	3
208	13.0918	529.5176	5.1422	3
208.1	13.085	528.8236	5.1344	3
208.2	13.0783	527.891	5.1165	3
208.3	13.0714	527.1189	5.1265	3
208.4	13.0644	526.4009	5.1381	3
208.5	13.0572	525.4835	5.1314	3
208.6	13.0502	524.6194	5.1399	3
208.7	13.0436	523.6783	5.1398	3
208.8	13.0372	522.8827	5.1433	3
208.9	13.0306	522.0838	5.1489	3
209	13.0242	521.1948	5.1535	3
209.1	13.0178	520.4162	5.1563	3
209.2	13.0112	519.6146	5.149	3
209.3	13.0043	518.8329	5.1469	3
209.4	12.9975	517.9277	5.1543	3
209.5	12.9908	517.0873	5.1599	3
209.6	12.9839	516.2902	5.1578	3
209.7	12.977	515.5564	5.1595	3
209.8	12.9698	514.7064	5.1699	3
209.9	12.9625	513.8387	5.1651	3
210	12.9553	513.0927	5.1565	3
210.1	12.9478	512.2378	5.1569	3
210.2	12.9404	511.3818	5.152	3
210.3	12.933	510.4982	5.1365	3
210.4	12.9256	509.7614	5.1476	3
210.5	12.918	508.9963	5.1441	3
210.6	12.9101	508.1809	5.1344	3
210.7	12.9021	507.4396	5.1386	3
210.8	12.8939	506.593	5.1391	3
210.9	12.8858	505.6637	5.1384	3
211	12.878	504.8049	5.1418	3
211.1	12.8704	504.0143	5.1456	3
211.2	12.8628	503.0525	5.1445	3
211.3	12.8552	502.2321	5.1391	3
211.4	12.8476	501.5138	5.1312	3
211.5	12.8396	500.7568	5.1197	3
211.6	12.8317	499.9096	5.1344	3
211.7	12.8237	498.9973	5.1451	3
211.8	12.8157	498.244	5.1398	3
211.9	12.8075	497.3942	5.1294	3
212	12.7992	496.66	5.1392	3
212.1	12.7909	495.784	5.1373	3
212.2	12.7825	494.9077	5.1344	3
212.3	12.7743	494.0265	5.132	3
212.4	12.7664	493.1862	5.1293	3
212.5	12.7584	492.3295	5.1463	3
212.6	12.7504	491.5096	5.1359	3
212.7	12.7426	490.6968	5.115	3
212.8	12.735	489.807	5.1142	3
212.9	12.7271	488.9459	5.1214	3
213	12.7193	488.1443	5.1109	3
213.1	12.7114	487.3424	5.1022	3
213.2	12.7035	486.4885	5.1103	3
213.3	12.6957	485.6215	5.1082	3
213.4	12.688	484.7779	5.1114	3
213.5	12.6803	483.9485	5.1122	3
213.6	12.6725	483.1954	5.121	3
213.7	12.6645	482.4015	5.1274	3
213.8	12.6566	481.4095	5.1256	3
213.9	12.6491	480.5783	5.1256	3
214	12.6418	479.7247	5.1301	3
214.1	12.6345	478.8786	5.1182	3
214.2	12.6275	477.9561	5.1224	3
214.3	12.6204	477.1277	5.1324	3
214.4	12.6132	476.4308	5.1286	3
214.5	12.6056	475.6671	5.1228	3
214.6	12.5978	474.7983	5.117	3
214.7	12.59	473.9757	5.114	3
214.8	12.5821	473.0996	5.1094	3
214.9	12.5747	472.2333	5.1115	3
215	12.5676	471.3206	5.1156	3
215.1	12.5606	470.5199	5.1204	3
215.2	12.5534	469.7284	5.1253	3
215.3	12.5459	468.8599	5.1188	3
215.4	12.5387	468.0347	5.1192	3
215.5	12.5315	467.2954	5.1179	3
215.6	12.524	466.4374	5.1205	3
215.7	12.5164	465.5373	5.1235	3
215.8	12.5091	464.6144	5.1255	3
215.9	12.5022	463.8071	5.1189	3
216	12.4951	463.076	5.099	3
216.1	12.4877	462.2496	5.0968	3
216.2	12.4803	461.4184	5.1181	3
216.3	12.4725	460.5765	5.1183	3
216.4	12.4647	459.83	5.1239	3
216.5	12.4568	459.0353	5.1357	3
216.6	12.4489	458.185	5.1341	3
216.7	12.441	457.3799	5.1328	3
216.8	12.433	456.5491	5.1315	3
216.9	12.425	455.7216	5.1369	3
217	12.4171	454.8161	5.1339	3
217.1	12.4093	453.9626	5.14	3
217.2	12.4017	453.0509	5.1413	3
217.3	12.3944	452.1871	5.1402	3
217.4	12.3874	451.3691	5.1437	3
217.5	12.3802	450.4081	5.1418	3
217.6	12.3732	449.6626	5.1292	3
217.7	12.3663	448.7751	5.1326	3
217.8	12.3593	447.9901	5.1375	3
217.9	12.3522	447.1918	5.1347	3
218	12.3448	446.3983	5.1347	3
218.1	12.3374	445.6347	5.1301	3
218.2	12.3298	444.789	5.1338	3
218.3	12.3219	444.0358	5.1486	3
218.4	12.3138	443.2028	5.1507	3
218.5	12.3058	442.4324	5.1376	3
218.6	12.2976	441.6222	5.1328	3
218.7	12.2892	440.7846	5.1371	3
218.8	12.2807	439.9472	5.1345	3
218.9	12.2722	439.1185	5.1242	3
219	12.2636	438.3579	5.124	3
219.1	12.2547	437.4702	5.1285	3
219.2	12.2463	436.6445	5.1392	3
219.3	12.2378	435.7768	5.1402	3
219.4	12.2292	434.9914	5.136	3
219.5	12.2204	434.2348	5.1361	3
219.6	12.2118	433.2703	5.1381	3
219.7	12.2034	432.4556	5.1461	3
219.8	12.1952	431.5909	5.1428	3
219.9	12.1869	430.7293	5.126	3
220	12.1789	429.8521	5.1344	3
220.1	12.1709	428.9331	5.1297	3
220.2	12.1629	428.2355	5.1344	3
220.3	12.155	427.2954	5.1474	3
220.4	12.1472	426.4144	5.1424	3
220.5	12.1395	425.6183	5.1317	3
220.6	12.1317	424.7474	5.1361	3
220.7	12.1242	423.8847	5.1377	3
220.8	12.1167	423.0812	5.1264	3
220.9	12.1092	422.2571	5.1231	3
221	12.1017	421.4908	5.1275	3
221.1	12.0941	420.6091	5.1363	3
221.2	12.0863	419.7903	5.1327	3
221.3	12.0781	419.0807	5.133	3
221.4	12.0699	418.1976	5.1364	3
221.5	12.0617	417.3866	5.1336	3
221.6	12.0539	416.5441	5.1354	3
221.7	12.0458	415.669	5.145	3
221.8	12.0377	414.8215	5.1508	3
221.9	12.0301	413.8913	5.1367	3
222	12.0231	412.9516	5.1366	3
222.1	12.0162	412.0953	5.1412	3
222.2	12.0092	411.2996	5.1374	3
222.3	12.0021	410.4497	5.1179	3
222.4	11.9954	409.6156	5.1318	3
222.5	11.9888	408.7548	5.1266	3
222.6	11.982	407.9872	5.1076	3
222.7	11.9747	407.2078	5.1121	3
222.8	11.967	406.4773	5.1172	3
222.9	11.9594	405.6424	5.133	3
223	11.9517	404.8492	5.144	3
223.1	11.9436	404.1441	5.1439	3
223.2	11.935	403.2773	5.1265	3
223.3	11.9263	402.4175	5.118	3
223.4	11.9181	401.5623	5.1341	3
223.5	11.9101	400.7425	5.1517	3
223.6	11.9019	399.9272	5.1525	3
223.7	11.8933	399.0681	5.1422	3
223.8	11.8847	398.3249	5.1376	3
223.9	11.876	397.4958	5.1429	3
224	11.8673	396.7307	5.1394	3
224.1	11.8586	395.8037	5.1342	3
224.2	11.8505	394.8369	5.1293	3
224.3	11.8427	393.9337	5.1283	3
224.4	11.8349	393.174	5.1247	3
224.5	11.827	392.3156	5.1326	3
224.6	11.819	391.5888	5.1353	3
224.7	11.8106	390.7759	5.134	3
224.8	11.802	389.9503	5.135	3
224.9	11.7937	389.0841	5.1315	3
225	11.7855	388.1786	5.1329	3
225.1	11.7774	387.3653	5.136	3
225.2	11.769	386.6276	5.1319	3
225.3	11.7606	385.8193	5.1338	3
225.4	11.7519	384.987	5.1354	3
225.5	11.7435	384.0761	5.1333	3
225.6	11.7357	383.0162	5.1351	3
225.7	11.7285	382.0915	5.133	3
225.8	11.7217	381.2226	5.1339	3
225.9	11.715	380.4116	5.1361	3
226	11.7083	379.5936	5.1403	3
226.1	11.7013	378.8532	5.1425	3
226.2	11.6942	377.9829	5.1238	3
226.3	11.6871	377.1013	5.1139	3
226.4	11.6799	376.4103	5.1097	3
226.5	11.6728	375.4439	5.1222	3
226.6	11.666	374.488	5.123	3
226.7	11.66	373.612	5.1157	3
226.8	11.654	372.7954	5.1156	3
226.9	11.6475	371.994	5.1224	3
227	11.6409	371.2972	5.1193	3
227.1	11.6343	370.4772	5.1136	3
227.2	11.627	369.6865	5.1169	3
227.3	11.6195	369.0161	5.125	3
227.4	11.6117	368.1734	5.1305	3
227.5	11.6039	367.2507	5.1336	3
227.6	11.5962	366.4955	5.1441	3
227.7	11.5883	365.7179	5.1269	3
227.8	11.5801	364.9873	5.1146	3
227.9	11.5718	364.0913	5.1271	3
228	11.5629	363.3315	5.1091	3
228.1	11.5541	362.4908	5.1066	3
228.2	11.5453	361.7221	5.1187	3
228.3	11.5369	360.794	5.1173	3
228.4	11.5285	359.9898	5.1174	3
228.5	11.5198	359.2317	5.1163	3
228.6	11.5106	358.4349	5.1158	3
228.7	11.5012	357.6533	5.1044	3
228.8	11.4921	356.8057	5.1105	3
228.9	11.4832	355.8534	5.117	3
229	11.4745	354.8082	5.1138	3
229.1	11.4663	354.1004	5.129	3
229.2	11.4584	353.1718	5.1383	3
229.3	11.4504	352.3415	5.1316	3
229.4	11.4422	351.5658	5.1293	3
229.5	11.4338	350.7388	5.1344	3
229.6	11.4256	349.864	5.1297	3
229.7	11.4179	348.8215	5.1223	3
229.8	11.4108	347.9911	5.1246	3
229.9	11.4034	347.2184	5.1163	3
230	11.396	346.4401	5.1269	3
230.1	11.3881	345.6073	5.1421	3
230.2	11.3803	344.8665	5.1389	3
230.3	11.3723	344.0037	5.125	3
230.4	11.3641	343.2235	5.1131	3
230.5	11.3561	342.2549	5.1087	3
230.6	11.349	341.322	5.1024	3
230.7	11.3421	340.4613	5.1035	3
230.8	11.3346	339.7192	5.1013	3
230.9	11.3272	338.9744	5.1011	3
231	11.3193	337.9785	5.1046	3
231.1	11.312	337.2534	5.1184	3
231.2	11.3046	336.3895	5.1257	3
231.3	11.2967	335.6968	5.1221	3
231.4	11.2891	334.7833	5.1085	3
231.5	11.2817	333.7973	5.0935	3
231.6	11.2749	332.9074	5.1004	3
231.7	11.2682	332.0027	5.1111	3
231.8	11.2612	331.2517	5.1105	3
231.9	11.2544	330.5392	5.1124	3
232	11.2467	329.841	5.1122	3
232.1	11.2387	329.0215	5.1148	3
232.2	11.2307	328.1331	5.1194	3
232.3	11.2228	327.4075	5.1296	3
232.4	11.2145	326.6476	5.1227	3
232.5	11.2058	325.8423	5.1114	3
232.6	11.1974	324.9612	5.1169	3
232.7	11.1888	324.1161	5.1144	3
232.8	11.1803	323.3227	5.1136	3
232.9	11.1715	322.4968	5.1121	3
233	11.1624	321.7337	5.1146	3
233.1	11.1534	320.9729	5.12	3
233.2	11.1441	320.1191	5.1255	3
233.3	11.1347	319.3251	5.1241	3
233.4	11.1253	318.4191	5.1256	3
233.5	11.1157	317.6391	5.1283	3
233.6	11.1062	316.7884	5.1262	3
233.7	11.0968	315.95	5.1347	3
233.8	11.0872	315.1776	5.1495	3
233.9	11.0776	314.3297	5.1563	3
234	11.0682	313.4244	5.1538	3
234.1	11.0589	312.6203	5.1472	3
234.2	11.0496	311.8425	5.1421	3
234.3	11.0399	311.0802	5.1524	3
234.4	11.03	310.2098	5.1594	3
234.5	11.0206	309.34	5.157	3
234.6	11.0114	308.4184	5.1623	3
234.7	11.0021	307.5621	5.1601	3
234.8	10.9927	306.7302	5.14	3
234.9	10.9837	305.9051	5.136	3
235	10.9747	305.1284	5.1494	3
235.1	10.9651	304.3259	5.1478	3
235.2	10.9554	303.5212	5.1482	3
235.3	10.9459	302.616	5.1566	3
235.4	10.9364	301.797	5.1512	3
235.5	10.9269	301.0072	5.1575	3
235.6	10.9172	300.1825	5.1576	3
235.7	10.9075	299.2613	5.1487	3
235.8	10.8981	298.4371	5.1439	3
235.9	10.8886	297.715	5.1416	3
236	10.8787	296.9121	5.1351	3
236.1	10.8689	296.0301	5.1436	3
236.2	10.8591	295.142	5.1417	3
236.3	10.8496	294.2896	5.1402	3
236.4	10.8398	293.4781	5.1245	3
236.5	10.8303	292.6294	5.1321	3
236.6	10.821	291.7958	5.1383	3
236.7	10.8117	291.0177	5.1433	3
236.8	10.8021	290.1865	5.1469	3
236.9	10.7924	289.3167	5.1416	3
237	10.7827	288.5456	5.1536	3
237.1	10.773	287.6564	5.1566	3
237.2	10.7633	286.9433	5.1537	3
237.3	10.753	285.9936	5.1541	3
237.4	10.7432	285.2743	5.1507	3
237.5	10.7332	284.4085	5.1518	3
237.6	10.7233	283.6121	5.1498	3
237.7	10.7133	282.7366	5.1617	3
237.8	10.7034	281.849	5.1591	3
237.9	10.6935	281.1119	5.154	3
238	10.6834	280.3297	5.1492	3
238.1	10.6729	279.5222	5.1551	3
238.2	10.6623	278.6416	5.159	3
238.3	10.6517	277.8795	5.1485	3
238.4	10.6411	277.0326	5.151	3
238.5	10.6308	276.1706	5.1533	3
238.6	10.6206	275.2668	5.1591	3
238.7	10.6102	274.4592	5.1762	3
238.8	10.5998	273.597	5.1688	3
238.9	10.5896	272.7639	5.171	3
239	10.5796	271.9534	5.1798	3
239.1	10.5698	271.0661	5.1755	3
239.2	10.5597	270.1689	5.1656	3
239.3	10.5496	269.3601	5.1502	3
239.4	10.5393	268.6158	5.1586	3
239.5	10.529	267.7686	5.1797	3
239.6	10.5191	266.8766	5.1852	3
239.7	10.5092	266.0135	5.1762	3
239.8	10.4991	265.3633	5.1715	3
239.9	10.489	264.4813	5.1619	3
240	10.4788	263.5763	5.1493	3
240.1	10.4684	262.766	5.1479	3
240.2	10.458	261.9489	5.1556	3
240.3	10.4475	261.1348	5.1419	3
240.4	10.4372	260.2084	5.147	3
240.5	10.4269	259.4589	5.1529	3
240.6	10.4163	258.7811	5.1562	3
240.7	10.4055	257.9258	5.1692	3
240.8	10.3949	257.0343	5.1638	3
240.9	10.3842	256.2523	5.1596	3
241	10.373	255.4679	5.1652	3
241.1	10.3618	254.6434	5.1594	3
241.2	10.3512	253.6318	5.1504	3
241.3	10.3406	252.8384	5.1683	3
241.4	10.3299	252.0835	5.1697	3
241.5	10.319	251.2082	5.1563	3
241.6	10.3083	250.4095	5.156	3
241.7	10.2975	249.5295	5.166	3
241.8	10.2866	248.771	5.1675	3
241.9	10.2755	247.9435	5.1619	3
242	10.2645	247.0604	5.1584	3
242.1	10.2535	246.2635	5.1626	3
242.2	10.2426	245.4292	5.1697	3
242.3	10.2318	244.5444	5.1672	3
242.4	10.2209	243.7136	5.1588	3
242.5	10.2102	242.8486	5.1457	3
242.6	10.1995	242.0015	5.1623	3
242.7	10.1889	241.1429	5.1711	3
242.8	10.1784	240.3219	5.1639	3
242.9	10.1676	239.5298	5.1617	3
243	10.1569	238.7193	5.1698	3
243.1	10.1462	237.9043	5.1831	3
243.2	10.1351	237.0679	5.1807	3
243.3	10.124	236.2562	5.1625	3
243.4	10.1131	235.3478	5.1443	3
243.5	10.1024	234.4814	5.1374	3
243.6	10.0917	233.7031	5.1491	3
243.7	10.081	232.9359	5.1614	3
243.8	10.07	232.1289	5.147	3
243.9	10.0588	231.2401	5.1341	3
244	10.0478	230.3944	5.1399	3
244.1	10.0368	229.6016	5.138	3
244.2	10.0256	228.8063	5.1262	3
244.3	10.0145	227.928	5.1449	3
244.4	10.0035	227.0849	5.154	3
244.5	9.9923	226.3386	5.1522	3
244.6	9.9811	225.5014	5.156	3
244.7	9.9697	224.6325	5.1621	3
244.8	9.9582	223.7946	5.163	3
244.9	9.9469	223.0107	5.1603	3
245	9.9357	222.15	5.163	3
245.1	9.9246	221.2827	5.1745	3
245.2	9.9136	220.3921	5.1921	3
245.3	9.9028	219.5487	5.1848	3
245.4	9.8919	218.716	5.1645	3
245.5	9.8812	217.8513	5.1642	3
245.6	9.8701	217.0667	5.1658	3
245.7	9.8591	216.2221	5.1707	3
245.8	9.8483	215.4001	5.1689	3
245.9	9.8375	214.5372	5.1585	3
246	9.8266	213.6753	5.1573	3
246.1	9.8157	212.8718	5.1601	3
246.2	9.8051	211.9917	5.1559	3
246.3	9.7946	211.1636	5.1633	3
246.4	9.7839	210.3649	5.171	3
246.5	9.7728	209.5694	5.1596	3
246.6	9.7616	208.7915	5.1568	3
246.7	9.7503	207.9931	5.1687	3
246.8	9.739	207.1221	5.1686	3
246.9	9.7278	206.2704	5.1687	3
247	9.7168	205.4462	5.1609	3
247.1	9.7056	204.6088	5.156	3
247.2	9.6945	203.7126	5.1536	3
247.3	9.6835	202.9348	5.1582	3
247.4	9.6725	202.0721	5.1542	3
247.5	9.6617	201.1805	5.1527	3
247.6	9.6511	200.3638	5.1582	3
247.7	9.6405	199.47	5.1662	3
247.8	9.6298	198.5964	5.1578	3
247.9	9.619	197.8038	5.1503	3
248	9.6081	196.9769	5.1579	3
248.1	9.5974	196.2169	5.1547	3
248.2	9.5867	195.331	5.1631	3
248.3	9.5759	194.5198	5.1773	3
248.4	9.5657	193.5885	5.1757	3
248.5	9.5555	192.7152	5.1648	3
248.6	9.5452	191.8739	5.1618	3
248.7	9.5351	191.076	5.1564	3
248.8	9.5251	190.1806	5.1492	3
248.9	9.5157	189.1866	5.1462	3
249	9.5065	188.3011	5.1535	3
249.1	9.4974	187.5222	5.158	3
249.2	9.4881	186.6968	5.1621	3
249.3	9.4785	185.9863	5.161	3
249.4	9.4687	185.1879	5.1579	3
249.5	9.4588	184.2736	5.1576	3
249.6	9.4493	183.393	5.155	3
249.7	9.4403	182.5695	5.1633	3
249.8	9.4313	181.6576	5.1597	3
249.9	9.4223	180.8035	5.164	3
250	9.4133	179.9823	5.1757	3
250.1	9.4045	179.1372	5.175	3
250.2	9.3956	178.3413	5.1675	3
250.3	9.3868	177.5065	5.1566	3
250.4	9.3777	176.6327	5.1414	3
250.5	9.3683	175.9532	5.1341	3
250.6	9.3585	175.2073	5.1379	3
250.7	9.3484	174.3344	5.1491	3
250.8	9.3387	173.4592	5.1493	3
250.9	9.3292	172.6254	5.147	3
251	9.3195	171.8474	5.156	3
251.1	9.3096	171.0305	5.1686	3
251.2	9.3002	170.0834	5.1681	3
251.3	9.2908	169.2271	5.1616	3
251.4	9.2814	168.4251	5.1529	3
251.5	9.2721	167.563	5.1561	3
251.6	9.2629	166.7456	5.1571	3
251.7	9.2538	165.8969	5.1547	3
251.8	9.2442	165.1618	5.1447	3
251.9	9.234	164.4546	5.1612	3
252	9.2239	163.6337	5.1718	3
252.1	9.2135	162.7916	5.155	3
252.2	9.2031	161.9877	5.1416	3
252.3	9.1925	161.1562	5.1368	3
252.4	9.1818	160.3922	5.1331	3
252.5	9.1711	159.5539	5.1306	3
252.6	9.1602	158.75	5.1352	3
252.7	9.149	157.9793	5.1439	3
252.8	9.1377	157.1216	5.1364	3
252.9	9.1264	156.342	5.12	3
253	9.1147	155.5673	5.1218	3
253.1	9.1032	154.732	5.1249	3
253.2	9.0917	153.8816	5.1188	3
253.3	9.0801	153.0156	5.1176	3
253.4	9.0691	152.1816	5.1195	3
253.5	9.0582	151.1799	5.1342	3
253.6	9.0474	150.3107	5.137	3
253.7	9.0364	149.6034	5.1422	3
253.8	9.0253	148.854	5.1402	3
253.9	9.0137	148.0856	5.1313	3
254	9.0018	147.3066	5.1282	3
254.1	8.9897	146.4289	5.1363	3
254.2	8.9778	145.544	5.1261	3
254.3	8.9664	144.6788	5.1328	3
254.4	8.955	143.8745	5.1438	3
254.5	8.9431	143.1079	5.1404	3
254.6	8.931	142.3034	5.1402	3
254.7	8.919	141.451	5.1437	3
254.8	8.9068	140.6851	5.1479	3
254.9	8.8945	139.8727	5.1534	3
255	8.8822	138.9556	5.1405	3
255.1	8.8702	138.1147	5.1347	3
255.2	8.8581	137.2895	5.1368	3
255.3	8.8459	136.5045	5.1323	3
255.4	8.8336	135.6418	5.1227	3
255.5	8.8214	134.8426	5.1244	3
255.6	8.8091	134.0313	5.1313	3
255.7	8.7966	133.2	5.1413	3
255.8	8.7841	132.371	5.1374	3
255.9	8.7715	131.5358	5.1242	3
256	8.7589	130.729	5.1147	3
256.1	8.7463	129.8451	5.1237	3
256.2	8.7338	129.0629	5.1343	3
256.3	8.7212	128.2234	5.143	3
256.4	8.7085	127.4334	5.1623	3
256.5	8.6958	126.6344	5.1593	3
256.6	8.6831	125.7431	5.1595	3
256.7	8.6703	124.8776	5.1632	3
256.8	8.6576	124.0778	5.1565	3
256.9	8.6446	123.2241	5.1522	3
257	8.6317	122.4779	5.1449	3
257.1	8.6189	121.7109	5.1581	3
257.2	8.6058	120.9349	5.1567	3
257.3	8.5921	120.0745	5.1494	3
257.4	8.5785	119.2694	5.1522	3
257.5	8.5649	118.5405	5.1516	3
257.6	8.5506	117.7474	5.1635	3
257.7	8.536	116.9427	5.1768	3
257.8	8.5217	116.0769	5.1733	3
257.9	8.5071	115.2436	5.159	3
258	8.4925	114.4706	5.1413	3
258.1	8.4779	113.595	5.1403	3
258.2	8.4636	112.7269	5.1371	3
258.3	8.4494	111.9225	5.1443	3
258.4	8.4352	111.0511	5.1333	3
258.5	8.4212	110.1028	5.1304	3
258.6	8.4076	109.2177	5.1278	3
258.7	8.3939	108.3892	5.1247	3
258.8	8.3804	107.5437	5.127	3
258.9	8.3668	106.7835	5.1298	3
259	8.353	105.8724	5.1319	3
259.1	8.3393	105.0438	5.137	3
259.2	8.3255	104.2957	5.1404	3
259.3	8.3113	103.4622	5.1374	3
259.4	8.2972	102.6553	5.1373	3
259.5	8.283	101.8524	5.1477	3
259.6	8.2689	101.0308	5.1597	3
259.7	8.2549	100.1525	5.1722	3
259.8	8.2407	99.3814	5.162	3
259.9	8.2264	98.5256	5.1453	3
260	8.2118	97.696	5.1426	3
260.1	8.1976	96.869	5.1573	3
260.2	8.1834	95.9309	5.1648	3
260.3	8.1692	95.2383	5.1602	3
260.4	8.1546	94.4176	5.1713	3
260.5	8.1399	93.59	5.1651	3
260.6	8.1253	92.789	5.1552	3
260.7	8.1106	91.9419	5.1663	3
260.8	8.0962	91.0627	5.1582	3
260.9	8.0818	90.186	5.1639	3
261	8.0674	89.4166	5.1821	3
261.1	8.0529	88.5458	5.1852	3
261.2	8.0384	87.7087	5.1739	3
261.3	8.0241	86.8292	5.1749	3
261.4	8.0096	86.0468	5.1767	3
261.5	7.9952	85.2463	5.1901	3
261.6	7.9805	84.4439	5.1691	3
261.7	7.9656	83.6232	5.1469	3
261.8	7.9509	82.8127	5.1461	3
261.9	7.9358	81.9595	5.1537	3
262	7.9208	81.2089	5.1634	3
262.1	7.9059	80.3417	5.1711	3
262.2	7.8907	79.5455	5.1871	3
262.3	7.8752	78.8209	5.1855	3
262.4	7.8592	78.0215	5.1864	3
262.5	7.8433	77.1279	5.1817	3
262.6	7.8276	76.2494	5.1685	3
262.7	7.8122	75.3196	5.1751	3
262.8	7.7973	74.3745	5.1924	3
262.9	7.7827	73.6056	5.1918	3
263	7.7683	72.7732	5.1857	3
263.1	7.7536	71.931	5.1838	3
263.2	7.7386	71.087	5.1807	3
263.3	7.7235	70.3027	5.1768	3
263.4	7.7086	69.4344	5.1798	3
263.5	7.694	68.548	5.173	3
263.6	7.6795	67.7085	5.1737	3
263.7	7.6646	66.9059	5.1721	3
263.8	7.6498	66.1321	5.1769	3
263.9	7.6352	65.2914	5.1789	3
264	7.621	64.4096	5.1761	3
264.1	7.607	63.6166	5.1663	3
264.2	7.5921	62.8665	5.1542	3
264.3	7.5766	62.0913	5.1539	3
264.4	7.5611	61.2599	5.1502	3
264.5	7.5453	60.4428	5.1465	3
264.6	7.5296	59.7048	5.137	3
264.7	7.5136	58.8712	5.137	3
264.8	7.4977	58.0084	5.1395	3
264.9	7.4817	57.2106	5.1398	3
265	7.4654	56.3875	5.1562	3
265.1	7.4492	55.614	5.1615	3
265.2	7.4329	54.7254	5.1663	3
265.3	7.4166	53.8992	5.1615	3
265.4	7.4001	53.1735	5.1571	3
265.5	7.3835	52.1839	5.1616	3
265.6	7.3673	51.4014	5.161	3
265.7	7.351	50.6363	5.1569	3
265.8	7.3342	49.8061	5.1505	3
265.9	7.3176	48.9603	5.155	3
266	7.301	48.1125	5.149	3
266.1	7.2845	47.3445	5.1419	3
266.2	7.2675	46.5688	5.1456	3
266.3	7.2503	45.724	5.169	3
266.4	7.2334	44.8669	5.1701	3
266.5	7.2164	44.081	5.1619	3
266.6	7.1991	43.2801	5.1568	3
266.7	7.1815	42.4601	5.1477	3
266.8	7.1639	41.5806	5.1471	3
266.9	7.1465	40.7662	5.1492	3
267	7.1289	39.9467	5.1358	3
267.1	7.1111	39.1342	5.1143	3
267.2	7.0936	38.3462	5.1246	3
267.3	7.076	37.4937	5.1383	3
267.4	7.0582	36.7317	5.1353	3
267.5	7.0403	35.8827	5.1322	3
267.6	7.0219	35.1544	5.1394	3
267.7	7.0035	34.2311	5.1466	3
267.8	6.9853	33.4687	5.1465	3
267.9	6.9669	32.5955	5.1384	3
268	6.9485	31.7975	5.1272	3
268.1	6.93	30.9893	5.1247	3
268.2	6.9111	30.1859	5.1193	3
268.3	6.8923	29.3531	5.1192	3
268.4	6.8736	28.5513	5.1197	3
268.5	6.8547	27.6896	5.1242	3
268.6	6.8361	26.8291	5.1339	3
268.7	6.8173	25.972	5.131	3
268.8	6.7986	25.1502	5.1344	3
268.9	6.7801	24.4143	5.1299	3
269	6.7613	23.5722	5.1349	3
269.1	6.742	22.8848	5.1417	3
269.2	6.7225	22.0594	5.1271	3
269.3	6.7027	21.1416	5.1178	3
269.4	6.6831	20.3251	5.1205	3
269.5	6.6635	19.5455	5.1245	3
269.6	6.6437	18.786	5.1342	3
269.7	6.6235	17.9519	5.1411	3
269.8	6.6032	17.1882	5.1387	3
269.9	6.5828	16.3876	5.1345	4
270	6.5624	15.5263	5.1263	4
270.1	6.5418	14.8046	5.1162	4
270.2	6.5219	14.4503	5.1233	4
270.3	6.4699	-3.7572	5.1271	4
270.4	6.2619	-75.025	5.1253	4
270.5	5.8949	-145.2508	5.1194	4
270.6	5.4561	-168.1084	5.1295	4
270.7	4.9714	-146.7267	5.1407	4
270.8	4.4675	-111.2271	5.1462	4
270.9	3.9674	-89.4168	5.1399	4
271	3.4692	-76.188	5.157	4
271.1	2.9712	-67.4392	5.1616	4
271.2	2.4727	-61.2439	5.153	4
271.3	1.9718	-54.9738	5.1592	4
271.4	1.469	-48.792	5.1749	4
271.5	0.9647	-42.8877	5.1814	4
271.6	0.4593	-36.9477	5.1833	4
271.7	-0.0471	-31.5548	5.1757	4
271.8	-0.5533	-27.4791	5.1633	4
271.9	-1.0605	-24.4534	5.1692	4
272	-1.5685	-22.0943	5.1641	4
272.1	-2.0773	-20.1025	5.1582	4
272.2	-2.5865	-18.6851	5.1455	4
272.3	-3.0963	-16.9616	5.1399	4
272.4	-3.6067	-15.1072	5.1468	4
272.5	-4.1176	-13.0841	5.1502	4
272.6	-4.6289	-11.3832	5.1498	4
272.7	-5.1398	-10.8395	5.1556	4
272.8	-5.6512	-10.6713	5.1586	4
272.9	-6.1627	-10.9077	5.1512	4
273	-6.6743	-10.9619	5.1536	4
273.1	-7.1858	-11.0817	5.1498	4
273.2	-7.6973	-11.0659	5.1478	4
273.3	-8.2089	-10.7629	5.1476	4
273.4	-8.7195	-10.6965	5.1537	4
273.5	-9.1667	-10.5405	5.1594	4
273.6	-9.4486	-10.403	5.1501	4
273.7	-9.6405	-10.2997	5.1529	4
273.8	-9.8167	-10.2913	5.1516	4
273.9	-9.9867	-10.2901	5.1438	4
274	-10.153	-10.3112	5.1414	4
274.1	-10.3165	-10.3543	5.1412	4
274.2	-10.4786	-10.4234	5.1397	4
274.3	-10.6395	-10.3647	5.1498	4
274.4	-10.7994	-10.4846	5.172	4
274.5	-10.959	-10.4163	5.1755	4
274.6	-11.1181	-10.5525	5.178	4
274.7	-11.277	-10.4446	5.1862	4
274.8	-11.4353	-10.4396	5.1716	4
274.9	-11.5935	-10.2148	5.1676	4
