Indentation

 + Advanced

+ Advanced
   Acquisition rate :	10.0 [Hz]
   Linear loading
   Max load :	1000.00 	µN
   Loading rate :	500.00 	µN/min
   Unloading rate :	500.00 	µN/min
   Pause :	30.0 s

+ TTX - UNHT Bio S/N: 1000136751 settings
   Fn contact : 25 µN
   Approach distance : 20 µm
   Approach speed : 100 µm/min
   Retract speed : 200 µm/min
   Retract time : 5 sec
   Dz sensor in large range
   Load in fine range
   FnRef in fine range
   FnRef contactload :500.000 µN
   Stiffness threshold : 1 µN/µm

   X Position :9540.60 µm
   Y Position :37037.13 µm
   Z Position :8079.08 µm

Date :6/9/2026
Time :8:26:21 AM

Analysis n # 1

   Method :	Hertz

 + Parameters

  Load Fit [10%,98%]

 + Main results

   EHz=	792.8 	kPa

 + Hypothesis


 + Additional results

   ErHz=	871.20 kPa
   h offset=	5.81 µm
   R2=	0.99

Analysis n # 2

   Method :	Oliver & Pharr

 + Parameters

  Unload Fit [40%,98%]

 + Main results

   HIT=	22.538 	kPa
   EIT=	960.3 	kPa
   E*=	1055.3 	kPa

 + Hypothesis

   !!! Indenter not calibrated !!!
   m out of O&P hypothesis
   Poisson's ratio(nu)=	0.30 

 + Additional results

   HVIT=	0.0022975 	 Vickers
   CIT 0.001/120/30=	2.41 	%
   nIT=	69.43 %
   Fmax=	1002.08 	µN
   hmax=	17.26 	µm
   S=	251.0793 	µN/µm
   F/S²=	0.0159 	µm²/µN
   hc=	14.36 	µm
   hr=	13.27 	µm
   hp=	-125.11 	µm
   m=	35.6721 
   Epsilon=	0.73 
   R2=	1.009
   Ap=	44461.50 	µm²
   Welast=	3272.96 pJ
   Wplast=	1441.08 pJ
   Wtotal=	4714.04 pJ
   Er=	1055.3 	kPa

Measured values
Time (s)	Pd (µm)	Fn (µN)	FnRef (µN)	SegmentID

0	0	0	5.1778	0
0.1	0.1994	0.0206	5.1841	0
0.2	0.3959	0.1479	5.1908	0
0.3	0.5909	0.2933	5.196	0
0.4	0.7845	0.4637	5.173	0
0.5	0.9761	0.7605	5.1553	1
0.6	1.1661	1.1511	5.1557	1
0.7	1.354	1.6854	5.158	1
0.8	1.5394	2.2273	5.1746	1
0.9	1.688	2.6101	5.1932	1
1	1.7629	2.6361	5.1955	1
1.1	1.808	2.7081	5.1841	1
1.2	1.8504	2.8251	5.1823	1
1.3	1.893	2.9673	5.1714	1
1.4	1.9359	3.1818	5.1701	1
1.5	1.9799	3.2925	5.1809	1
1.6	2.026	3.4771	5.1676	1
1.7	2.0743	3.7099	5.1552	1
1.8	2.1245	4.0322	5.1566	1
1.9	2.1766	4.2636	5.1682	1
2	2.2317	4.5114	5.185	1
2.1	2.2885	4.8217	5.1826	1
2.2	2.3479	5.1941	5.1767	1
2.3	2.4093	5.6151	5.1783	1
2.4	2.4726	6.111	5.1783	1
2.5	2.538	6.543	5.1786	1
2.6	2.6055	7.057	5.1738	1
2.7	2.6745	7.5154	5.1809	1
2.8	2.7453	8.0288	5.17	1
2.9	2.8176	8.7576	5.1587	1
3	2.891	9.3805	5.1691	1
3.1	2.9655	9.9931	5.1837	1
3.2	3.0415	10.715	5.1813	1
3.3	3.1178	11.5545	5.1652	1
3.4	3.1941	12.3212	5.149	1
3.5	3.2716	13.1338	5.1435	1
3.6	3.3492	14.0004	5.1578	1
3.7	3.4266	14.8901	5.1652	1
3.8	3.5036	15.793	5.1476	1
3.9	3.5806	16.7753	5.1422	1
4	3.6572	17.6839	5.1505	1
4.1	3.7331	18.6879	5.1401	1
4.2	3.8082	19.6819	5.1455	1
4.3	3.8826	20.7027	5.1387	1
4.4	3.956	21.7488	5.1291	1
4.5	4.0283	22.8118	5.1334	1
4.6	4.0997	23.8123	5.1347	1
4.7	4.1699	24.9144	5.1262	1
4.8	4.2387	25.9677	5.1361	1
4.9	4.3064	27.0642	5.1558	1
5	4.3729	28.1548	5.1583	1
5.1	4.4382	29.2135	5.1518	1
5.2	4.5022	30.2322	5.1617	1
5.3	4.565	31.3431	5.1513	1
5.4	4.6264	32.4045	5.145	1
5.5	4.6863	33.5184	5.1552	1
5.6	4.745	34.5654	5.1583	1
5.7	4.8025	35.6443	5.1592	1
5.8	4.8587	36.7088	5.1646	1
5.9	4.9136	37.7145	5.1646	1
6	4.9674	38.8263	5.1631	1
6.1	5.0198	39.8834	5.173	1
6.2	5.071	40.8246	5.1735	1
6.3	5.1217	41.7768	5.165	1
6.4	5.1716	42.8165	5.1781	1
6.5	5.2201	43.8126	5.1969	1
6.6	5.2675	44.8039	5.1953	1
6.7	5.314	45.7766	5.1946	1
6.8	5.3595	46.8303	5.1853	1
6.9	5.4038	47.8969	5.1777	1
7	5.4473	48.8012	5.1842	1
7.1	5.4907	49.6626	5.1799	1
7.2	5.5334	50.6579	5.181	1
7.3	5.575	51.6785	5.1954	1
7.4	5.6159	52.5101	5.1912	1
7.5	5.6567	53.3943	5.2002	1
7.6	5.6967	54.3631	5.2095	1
7.7	5.736	55.3192	5.2025	1
7.8	5.7749	56.2156	5.1882	1
7.9	5.8132	57.1245	5.174	1
8	5.8505	58.1186	5.1742	1
8.1	5.8874	59.0185	5.1843	1
8.2	5.9241	59.8911	5.1772	1
8.3	5.9605	60.8146	5.1742	1
8.4	5.9965	61.7401	5.1713	1
8.5	6.032	62.5401	5.1738	1
8.6	6.0669	63.422	5.1701	1
8.7	6.1016	64.337	5.1569	1
8.8	6.1355	65.3041	5.1464	1
8.9	6.1692	66.1849	5.1661	1
9	6.2026	67.0454	5.178	1
9.1	6.2356	67.8884	5.1755	1
9.2	6.2684	68.8168	5.1758	1
9.3	6.3009	69.7123	5.1741	1
9.4	6.3333	70.5212	5.1604	1
9.5	6.3652	71.4851	5.1683	1
9.6	6.3966	72.3832	5.1844	1
9.7	6.4279	73.2682	5.1916	1
9.8	6.4586	74.1293	5.1956	1
9.9	6.4893	74.9521	5.2005	1
10	6.5196	75.8903	5.1928	1
10.1	6.5497	76.6799	5.1852	1
10.2	6.58	77.5011	5.1887	1
10.3	6.6101	78.422	5.1799	1
10.4	6.6398	79.2857	5.1862	1
10.5	6.6693	80.1323	5.1937	1
10.6	6.6989	80.9323	5.1893	1
10.7	6.7284	81.8105	5.1897	1
10.8	6.7576	82.6691	5.1814	1
10.9	6.7867	83.4802	5.1916	1
11	6.8159	84.3679	5.1872	1
11.1	6.8447	85.2425	5.176	1
11.2	6.8731	86.1193	5.1931	1
11.3	6.9015	86.9424	5.1946	1
11.4	6.93	87.7927	5.1894	1
11.5	6.9582	88.6635	5.1764	1
11.6	6.9862	89.5269	5.1699	1
11.7	7.0142	90.38	5.1667	1
11.8	7.0419	91.2351	5.1737	1
11.9	7.0693	92.1289	5.1907	1
12	7.0965	93.0261	5.1973	1
12.1	7.1233	93.8447	5.2094	1
12.2	7.1503	94.6662	5.2005	1
12.3	7.1773	95.5285	5.1928	1
12.4	7.2041	96.4167	5.1979	1
12.5	7.2308	97.2415	5.2046	1
12.6	7.2572	98.1112	5.2043	1
12.7	7.2833	99.0213	5.1871	1
12.8	7.3093	99.8461	5.1883	1
12.9	7.3353	100.6542	5.1933	1
13	7.3613	101.5146	5.1855	1
13.1	7.3872	102.3765	5.1859	1
13.2	7.4128	103.2388	5.1872	1
13.3	7.4385	104.0466	5.1865	1
13.4	7.4643	104.9274	5.2066	1
13.5	7.4894	105.8088	5.2261	1
13.6	7.5147	106.6101	5.2134	1
13.7	7.5401	107.4469	5.2032	1
13.8	7.5653	108.28	5.2005	1
13.9	7.5901	109.1766	5.1858	1
14	7.6147	110.0087	5.1778	1
14.1	7.6397	110.774	5.185	1
14.2	7.6648	111.6783	5.1952	1
14.3	7.6894	112.5636	5.1882	1
14.4	7.7145	113.315	5.1912	1
14.5	7.7397	114.1835	5.2098	1
14.6	7.7643	115.0631	5.2135	1
14.7	7.7884	115.9914	5.2172	1
14.8	7.8124	116.7849	5.2233	1
14.9	7.8365	117.6187	5.2182	1
15	7.8608	118.5058	5.2104	1
15.1	7.8845	119.3778	5.2078	1
15.2	7.908	120.2093	5.2199	1
15.3	7.9317	121.0374	5.2154	1
15.4	7.9556	121.8799	5.212	1
15.5	7.9792	122.8143	5.215	1
15.6	8.0023	123.5849	5.2046	1
15.7	8.0256	124.4633	5.1992	1
15.8	8.0487	125.393	5.2103	1
15.9	8.0715	126.2169	5.2202	1
16	8.0942	127.0606	5.2109	1
16.1	8.1168	127.8908	5.1966	1
16.2	8.1394	128.7581	5.203	1
16.3	8.1615	129.6569	5.2004	1
16.4	8.1837	130.4155	5.2008	1
16.5	8.2056	131.3063	5.2019	1
16.6	8.2273	132.1937	5.1857	1
16.7	8.2492	133.0319	5.177	1
16.8	8.2711	133.8771	5.185	1
16.9	8.2928	134.7615	5.1813	1
17	8.3141	135.642	5.1817	1
17.1	8.3352	136.4782	5.1734	1
17.2	8.3565	137.3055	5.1736	1
17.3	8.3776	138.2088	5.177	1
17.4	8.3981	139.0624	5.1725	1
17.5	8.4185	139.8736	5.1774	1
17.6	8.4392	140.6981	5.1819	1
17.7	8.46	141.5901	5.1713	1
17.8	8.4804	142.5009	5.1768	1
17.9	8.5003	143.3573	5.1803	1
18	8.5204	144.178	5.1735	1
18.1	8.5404	145.0355	5.1763	1
18.2	8.5599	145.8965	5.1713	1
18.3	8.5794	146.7901	5.1725	1
18.4	8.5989	147.5617	5.189	1
18.5	8.6183	148.3972	5.1921	1
18.6	8.6378	149.2882	5.18	1
18.7	8.657	150.1747	5.173	1
18.8	8.6762	151.0346	5.1768	1
18.9	8.6952	151.8581	5.1809	1
19	8.7138	152.7743	5.1875	1
19.1	8.7321	153.5845	5.1866	1
19.2	8.7505	154.4427	5.1925	1
19.3	8.769	155.3379	5.1954	1
19.4	8.787	156.1335	5.1925	1
19.5	8.805	156.9946	5.1906	1
19.6	8.823	157.7992	5.1926	1
19.7	8.841	158.6917	5.1926	1
19.8	8.8588	159.5876	5.1798	1
19.9	8.8764	160.4104	5.1748	1
20	8.8937	161.3107	5.1821	1
20.1	8.9111	162.0746	5.1805	1
20.2	8.9282	162.9689	5.1774	1
20.3	8.9456	163.8205	5.1836	1
20.4	8.963	164.6369	5.179	1
20.5	8.9802	165.4796	5.1728	1
20.6	8.9971	166.357	5.1736	1
20.7	9.014	167.1727	5.1721	1
20.8	9.0308	167.9908	5.1837	1
20.9	9.0474	168.8894	5.184	1
21	9.0641	169.7464	5.1811	1
21.1	9.0808	170.5467	5.18	1
21.2	9.0974	171.3849	5.1856	1
21.3	9.114	172.2629	5.1787	1
21.4	9.1303	173.1073	5.1714	1
21.5	9.1467	173.8834	5.1686	1
21.6	9.1632	174.7482	5.172	1
21.7	9.1795	175.6001	5.1794	1
21.8	9.1954	176.5185	5.1769	1
21.9	9.2104	177.3389	5.1846	1
22	9.2258	178.1207	5.2014	1
22.1	9.2417	178.8998	5.1938	1
22.2	9.2576	179.8483	5.1736	1
22.3	9.2736	180.6108	5.1739	1
22.4	9.2896	181.43	5.1794	1
22.5	9.3055	182.2726	5.183	1
22.6	9.3214	183.1965	5.1836	1
22.7	9.3371	183.9973	5.1831	1
22.8	9.353	184.8269	5.1784	1
22.9	9.369	185.6533	5.175	1
23	9.3848	186.4772	5.1735	1
23.1	9.4007	187.2994	5.1732	1
23.2	9.4165	188.1419	5.1791	1
23.3	9.4321	189.06	5.1902	1
23.4	9.4474	189.8553	5.1898	1
23.5	9.463	190.6923	5.1764	1
23.6	9.4787	191.6158	5.1825	1
23.7	9.4939	192.393	5.1813	1
23.8	9.5091	193.2181	5.1797	1
23.9	9.5247	194.0443	5.1741	1
24	9.5401	194.849	5.1777	1
24.1	9.5556	195.6615	5.2001	1
24.2	9.5713	196.4861	5.2018	1
24.3	9.5866	197.4089	5.195	1
24.4	9.602	198.2383	5.1882	1
24.5	9.6174	199.0875	5.1886	1
24.6	9.6326	199.889	5.1861	1
24.7	9.6478	200.7046	5.1958	1
24.8	9.6629	201.6233	5.2046	1
24.9	9.6779	202.4867	5.2088	1
25	9.6928	203.2775	5.201	1
25.1	9.7077	204.1901	5.1983	1
25.2	9.7224	205.0824	5.2152	1
25.3	9.7367	205.8519	5.212	1
25.4	9.7513	206.6624	5.2082	1
25.5	9.766	207.4713	5.2054	1
25.6	9.7808	208.3508	5.199	1
25.7	9.7954	209.1996	5.1996	1
25.8	9.81	210.0502	5.2022	1
25.9	9.8244	210.8945	5.2152	1
26	9.8387	211.7346	5.2129	1
26.1	9.853	212.5545	5.2065	1
26.2	9.8672	213.3608	5.2269	1
26.3	9.8814	214.2566	5.2376	1
26.4	9.8956	215.0985	5.2324	1
26.5	9.9097	215.9745	5.2225	1
26.6	9.9236	216.8045	5.2206	1
26.7	9.9376	217.6291	5.2052	1
26.8	9.9514	218.4952	5.1931	1
26.9	9.9651	219.3667	5.2004	1
27	9.9786	220.2809	5.1885	1
27.1	9.992	221.072	5.1881	1
27.2	10.0053	221.8836	5.1886	1
27.3	10.0184	222.75	5.1721	1
27.4	10.0317	223.5555	5.1696	1
27.5	10.0451	224.4277	5.1964	1
27.6	10.0583	225.2366	5.2122	1
27.7	10.0714	226.0558	5.2137	1
27.8	10.0845	226.9586	5.2089	1
27.9	10.0974	227.7923	5.2141	1
28	10.1108	228.6326	5.2062	1
28.1	10.1237	229.449	5.1965	1
28.2	10.1368	230.2397	5.195	1
28.3	10.1498	231.1015	5.2017	1
28.4	10.1629	231.9805	5.2164	1
28.5	10.1755	232.8096	5.1973	1
28.6	10.1883	233.5999	5.1859	1
28.7	10.2014	234.3504	5.1987	1
28.8	10.2143	235.283	5.1935	1
28.9	10.227	236.1253	5.1932	1
29	10.2399	236.9489	5.193	1
29.1	10.2529	237.7844	5.2031	1
29.2	10.2658	238.6253	5.2213	1
29.3	10.2785	239.4722	5.2207	1
29.4	10.2915	240.2126	5.2129	1
29.5	10.3046	241.0763	5.2091	1
29.6	10.3176	241.8845	5.2098	1
29.7	10.3309	242.6536	5.2054	1
29.8	10.3444	243.4825	5.2005	1
29.9	10.3579	244.3326	5.2013	1
30	10.3712	245.1407	5.2095	1
30.1	10.3844	246.0044	5.2126	1
30.2	10.3978	246.8358	5.203	1
30.3	10.4113	247.6533	5.2062	1
30.4	10.4248	248.507	5.2078	1
30.5	10.4381	249.298	5.1993	1
30.6	10.4515	250.147	5.2	1
30.7	10.465	251.0489	5.2033	1
30.8	10.4784	251.8457	5.2008	1
30.9	10.4913	252.7317	5.1994	1
31	10.5043	253.6185	5.2015	1
31.1	10.5171	254.4907	5.2113	1
31.2	10.5295	255.4068	5.2288	1
31.3	10.5419	256.2887	5.2229	1
31.4	10.5542	257.1166	5.2115	1
31.5	10.5661	257.994	5.2093	1
31.6	10.5777	258.8131	5.2095	1
31.7	10.5894	259.6903	5.2237	1
31.8	10.6013	260.5614	5.2223	1
31.9	10.6129	261.2287	5.2075	1
32	10.6252	261.9971	5.2048	1
32.1	10.6375	262.848	5.1888	1
32.2	10.6496	263.7011	5.1782	1
32.3	10.662	264.4929	5.1973	1
32.4	10.6742	265.3916	5.1986	1
32.5	10.6866	266.1783	5.2014	1
32.6	10.6989	267.044	5.2072	1
32.7	10.7113	267.8741	5.1927	1
32.8	10.7237	268.6992	5.1928	1
32.9	10.7361	269.4925	5.1935	1
33	10.7483	270.4104	5.1946	1
33.1	10.7605	271.2807	5.1995	1
33.2	10.7725	272.1449	5.2017	1
33.3	10.7842	272.9693	5.1949	1
33.4	10.7959	273.7878	5.1854	1
33.5	10.8077	274.6843	5.1781	1
33.6	10.8191	275.506	5.1851	1
33.7	10.8304	276.3768	5.1874	1
33.8	10.8418	277.1894	5.1832	1
33.9	10.8529	278.0625	5.1927	1
34	10.8639	278.8981	5.2065	1
34.1	10.8751	279.7783	5.2023	1
34.2	10.8861	280.6842	5.1969	1
34.3	10.8968	281.4464	5.2013	1
34.4	10.9075	282.3297	5.2045	1
34.5	10.9183	283.1637	5.1952	1
34.6	10.9289	283.9451	5.1877	1
34.7	10.9397	284.8192	5.1824	1
34.8	10.9505	285.6671	5.1804	1
34.9	10.9614	286.4783	5.1892	1
35	10.9723	287.3416	5.197	1
35.1	10.9829	288.1923	5.1936	1
35.2	10.9932	288.9932	5.1875	1
35.3	11.0036	289.8122	5.1933	1
35.4	11.0143	290.6056	5.1886	1
35.5	11.0255	291.388	5.1775	1
35.6	11.0365	292.2603	5.1833	1
35.7	11.0471	293.1207	5.1964	1
35.8	11.0579	293.9103	5.1988	1
35.9	11.069	294.7001	5.199	1
36	11.0802	295.5493	5.194	1
36.1	11.0909	296.4587	5.1963	1
36.2	11.1015	297.1781	5.192	1
36.3	11.1126	298.0004	5.1816	1
36.4	11.1241	298.8387	5.1834	1
36.5	11.1353	299.7898	5.1881	1
36.6	11.1462	300.5888	5.1891	1
36.7	11.1572	301.3664	5.1798	1
36.8	11.1679	302.2401	5.1768	1
36.9	11.1788	303.0972	5.191	1
37	11.1896	303.901	5.1898	1
37.1	11.2004	304.7858	5.1877	1
37.2	11.2112	305.5975	5.1854	1
37.3	11.2221	306.4416	5.1929	1
37.4	11.233	307.2467	5.1854	1
37.5	11.244	308.1141	5.1883	1
37.6	11.2548	308.8713	5.1898	1
37.7	11.2655	309.6997	5.1808	1
37.8	11.2764	310.5516	5.1715	1
37.9	11.2874	311.4122	5.1762	1
38	11.2982	312.2365	5.1847	1
38.1	11.309	313.0528	5.1781	1
38.2	11.32	313.888	5.1689	1
38.3	11.3308	314.8241	5.1694	1
38.4	11.3415	315.683	5.1782	1
38.5	11.3521	316.4365	5.1789	1
38.6	11.3629	317.2037	5.1704	1
38.7	11.3737	318.1079	5.1647	1
38.8	11.3842	319.0015	5.162	1
38.9	11.3948	319.7877	5.156	1
39	11.4054	320.6512	5.1614	1
39.1	11.4158	321.5318	5.1616	1
39.2	11.426	322.361	5.1607	1
39.3	11.4362	323.163	5.1591	1
39.4	11.4466	323.9248	5.1756	1
39.5	11.4572	324.7853	5.1801	1
39.6	11.4679	325.6396	5.184	1
39.7	11.4784	326.456	5.1971	1
39.8	11.4887	327.3609	5.2051	1
39.9	11.4988	328.2294	5.189	1
40	11.5089	329.0358	5.1805	1
40.1	11.5192	329.872	5.1891	1
40.2	11.5294	330.6719	5.1778	1
40.3	11.5396	331.5482	5.1724	1
40.4	11.5497	332.3699	5.1689	1
40.5	11.5598	333.2566	5.1765	1
40.6	11.5699	334.1042	5.1888	1
40.7	11.5796	334.9562	5.1951	1
40.8	11.5893	335.7784	5.1927	1
40.9	11.5991	336.6269	5.1986	1
41	11.6088	337.4815	5.1928	1
41.1	11.6182	338.2732	5.1881	1
41.2	11.6279	339.0909	5.1961	1
41.3	11.6379	339.8919	5.1873	1
41.4	11.6479	340.7009	5.1804	1
41.5	11.6578	341.5624	5.1825	1
41.6	11.668	342.4028	5.1719	1
41.7	11.678	343.2327	5.182	1
41.8	11.6881	344.0487	5.1874	1
41.9	11.6982	344.8447	5.1709	1
42	11.7082	345.6787	5.1734	1
42.1	11.7182	346.5959	5.1741	1
42.2	11.7279	347.4952	5.1686	1
42.3	11.7373	348.3535	5.1871	1
42.4	11.7467	349.2279	5.1996	1
42.5	11.756	350.0395	5.2026	1
42.6	11.7651	350.8768	5.1995	1
42.7	11.7741	351.7481	5.1956	1
42.8	11.7833	352.5609	5.183	1
42.9	11.7925	353.3768	5.1813	1
43	11.8015	354.2577	5.1894	1
43.1	11.8106	355.0583	5.1746	1
43.2	11.8197	355.8768	5.1708	1
43.3	11.8286	356.6805	5.1845	1
43.4	11.8375	357.6154	5.1891	1
43.5	11.8462	358.4444	5.1768	1
43.6	11.8555	359.1575	5.1657	1
43.7	11.8649	360.0141	5.1658	1
43.8	11.874	360.8733	5.1818	1
43.9	11.8831	361.6706	5.1814	1
44	11.8922	362.591	5.1884	1
44.1	11.9013	363.3737	5.1887	1
44.2	11.9105	364.0975	5.1859	1
44.3	11.9199	364.8704	5.1893	1
44.4	11.93	365.6425	5.1985	1
44.5	11.9398	366.5591	5.1812	1
44.6	11.9495	367.4201	5.1807	1
44.7	11.9591	368.2429	5.1798	1
44.8	11.9689	369.0866	5.1641	1
44.9	11.9787	369.95	5.1686	1
45	11.9878	370.8655	5.1743	1
45.1	11.9967	371.7415	5.1785	1
45.2	12.0057	372.5111	5.1731	1
45.3	12.0149	373.3799	5.184	1
45.4	12.0242	374.1529	5.1863	1
45.5	12.0334	374.9382	5.177	1
45.6	12.043	375.7103	5.1795	1
45.7	12.0528	376.581	5.1847	1
45.8	12.0626	377.4173	5.1842	1
45.9	12.0724	378.2027	5.1729	1
46	12.082	379.0685	5.1617	1
46.1	12.0914	380.0452	5.1638	1
46.2	12.1005	380.8404	5.1707	1
46.3	12.1098	381.5928	5.1757	1
46.4	12.1194	382.377	5.1693	1
46.5	12.1291	383.2763	5.1652	1
46.6	12.1386	384.1163	5.1777	1
46.7	12.148	384.9549	5.1891	1
46.8	12.1575	385.8319	5.1858	1
46.9	12.1666	386.6922	5.1728	1
47	12.1758	387.4561	5.1802	1
47.1	12.1853	388.2353	5.1733	1
47.2	12.195	389.1347	5.177	1
47.3	12.2042	390.0453	5.1951	1
47.4	12.2133	390.9026	5.2038	1
47.5	12.222	391.6864	5.1831	1
47.6	12.2308	392.5184	5.1642	1
47.7	12.24	393.3352	5.1658	1
47.8	12.2492	394.2115	5.1734	1
47.9	12.2583	395.0516	5.1798	1
48	12.2671	395.9483	5.1853	1
48.1	12.2757	396.74	5.175	1
48.2	12.2846	397.524	5.1672	1
48.3	12.2935	398.4357	5.1855	1
48.4	12.3021	399.35	5.2016	1
48.5	12.3104	400.1518	5.1974	1
48.6	12.3191	401.0234	5.2016	1
48.7	12.3274	401.8456	5.2084	1
48.8	12.3355	402.6635	5.2145	1
48.9	12.3437	403.5007	5.209	1
49	12.3522	404.3315	5.2059	1
49.1	12.3605	405.1928	5.1946	1
49.2	12.3686	406.0131	5.1962	1
49.3	12.3768	406.8419	5.2037	1
49.4	12.3849	407.7027	5.196	1
49.5	12.3931	408.5503	5.1995	1
49.6	12.4011	409.3866	5.1938	1
49.7	12.4091	410.2166	5.1919	1
49.8	12.417	411.0935	5.1863	1
49.9	12.425	411.8826	5.1921	1
50	12.4329	412.6983	5.1928	1
50.1	12.4411	413.4607	5.1891	1
50.2	12.4494	414.3828	5.1758	1
50.3	12.4575	415.2736	5.1655	1
50.4	12.4654	416.0237	5.1778	1
50.5	12.4738	416.8226	5.1809	1
50.6	12.482	417.6516	5.1883	1
50.7	12.4902	418.5178	5.1858	1
50.8	12.4981	419.4381	5.1754	1
50.9	12.506	420.2656	5.1851	1
51	12.5138	421.0401	5.1859	1
51.1	12.5218	421.7981	5.1759	1
51.2	12.5301	422.6181	5.1623	1
51.3	12.5383	423.4698	5.1682	1
51.4	12.5465	424.3448	5.1688	1
51.5	12.5547	425.1678	5.1748	1
51.6	12.5628	425.9835	5.1746	1
51.7	12.5711	426.8232	5.1656	1
51.8	12.5795	427.6396	5.17	1
51.9	12.5878	428.4014	5.1705	1
52	12.5963	429.2127	5.168	1
52.1	12.605	430.0314	5.1766	1
52.2	12.6135	430.9342	5.192	1
52.3	12.6218	431.7269	5.1986	1
52.4	12.6303	432.586	5.1941	1
52.5	12.6386	433.4671	5.1841	1
52.6	12.6467	434.3213	5.1722	1
52.7	12.6548	435.1964	5.1661	1
52.8	12.6626	436.141	5.1782	1
52.9	12.6701	437.0038	5.1813	1
53	12.6774	437.8774	5.1712	1
53.1	12.6847	438.7095	5.1748	1
53.2	12.6921	439.4203	5.1852	1
53.3	12.6996	440.2681	5.1859	1
53.4	12.7071	441.1656	5.1865	1
53.5	12.7145	441.9339	5.1852	1
53.6	12.7221	442.779	5.1849	1
53.7	12.7299	443.5814	5.1948	1
53.8	12.7375	444.4582	5.1984	1
53.9	12.7451	445.2335	5.1852	1
54	12.7527	446.1053	5.1804	1
54.1	12.7604	446.9115	5.1873	1
54.2	12.7682	447.69	5.1922	1
54.3	12.776	448.5279	5.1965	1
54.4	12.7836	449.3851	5.1906	1
54.5	12.7913	450.1671	5.1871	1
54.6	12.7996	450.9556	5.1978	1
54.7	12.8082	451.7463	5.2003	1
54.8	12.8165	452.5926	5.1856	1
54.9	12.8249	453.4127	5.1729	1
55	12.8335	454.2356	5.1864	1
55.1	12.8421	454.9942	5.1999	1
55.2	12.8505	455.9088	5.2089	1
55.3	12.859	456.7698	5.2056	1
55.4	12.8672	457.6528	5.1972	1
55.5	12.8753	458.4912	5.1948	1
55.6	12.8833	459.3611	5.1941	1
55.7	12.8911	460.2214	5.2047	1
55.8	12.8993	460.9471	5.2123	1
55.9	12.9075	461.8348	5.2113	1
56	12.9153	462.7802	5.1922	1
56.1	12.9227	463.5588	5.1733	1
56.2	12.9303	464.4061	5.1807	1
56.3	12.9382	465.2105	5.1869	1
56.4	12.9458	466.0845	5.1855	1
56.5	12.9535	466.8726	5.1949	1
56.6	12.9615	467.692	5.2045	1
56.7	12.9694	468.5422	5.1969	1
56.8	12.9774	469.4111	5.1851	1
56.9	12.9851	470.2476	5.1879	1
57	12.9928	471.0962	5.1916	1
57.1	13.0006	471.8385	5.1947	1
57.2	13.0082	472.7759	5.1853	1
57.3	13.0155	473.6338	5.178	1
57.4	13.0229	474.462	5.1858	1
57.5	13.0306	475.2071	5.1831	1
57.6	13.0385	475.9789	5.1848	1
57.7	13.0464	476.8849	5.1913	1
57.8	13.054	477.7937	5.1932	1
57.9	13.0616	478.579	5.1878	1
58	13.0695	479.3454	5.1954	1
58.1	13.0773	480.1484	5.2004	1
58.2	13.0852	481.0671	5.1937	1
58.3	13.0928	481.9526	5.1948	1
58.4	13.1	482.8027	5.1866	1
58.5	13.1073	483.6809	5.19	1
58.6	13.1147	484.4827	5.2045	1
58.7	13.1219	485.2697	5.1975	1
58.8	13.1294	486.0492	5.1806	1
58.9	13.1372	486.853	5.1748	1
59	13.1446	487.7375	5.1765	1
59.1	13.1522	488.5193	5.169	1
59.2	13.1598	489.3977	5.1716	1
59.3	13.1675	490.3079	5.1652	1
59.4	13.1751	491.1251	5.1664	1
59.5	13.1826	491.9514	5.1836	1
59.6	13.1899	492.7479	5.1899	1
59.7	13.1973	493.6295	5.1923	1
59.8	13.2045	494.4999	5.1938	1
59.9	13.2116	495.3188	5.1862	1
60	13.2189	496.1446	5.1873	1
60.1	13.2263	496.8926	5.1915	1
60.2	13.2335	497.724	5.2022	1
60.3	13.2407	498.5331	5.2011	1
60.4	13.2484	499.3767	5.2005	1
60.5	13.2563	500.1757	5.2005	1
60.6	13.2642	501.0179	5.202	1
60.7	13.2718	501.9337	5.2059	1
60.8	13.2789	502.8025	5.2047	1
60.9	13.2859	503.6648	5.1874	1
61	13.2929	504.525	5.1825	1
61.1	13.2998	505.3307	5.1842	1
61.2	13.3067	506.2297	5.181	1
61.3	13.3136	507.0771	5.1744	1
61.4	13.3205	507.9086	5.1719	1
61.5	13.3275	508.6574	5.1729	1
61.6	13.3346	509.4534	5.1674	1
61.7	13.3419	510.2489	5.1676	1
61.8	13.3494	511.0468	5.1769	1
61.9	13.3568	511.9196	5.1728	1
62	13.3641	512.8107	5.1705	1
62.1	13.3712	513.6572	5.1684	1
62.2	13.3784	514.5204	5.1589	1
62.3	13.3854	515.3093	5.1555	1
62.4	13.3924	516.155	5.1727	1
62.5	13.3995	517.0043	5.1711	1
62.6	13.4065	517.8425	5.1489	1
62.7	13.4137	518.6122	5.1535	1
62.8	13.421	519.4842	5.1717	1
62.9	13.4282	520.3565	5.1697	1
63	13.435	521.2164	5.1762	1
63.1	13.4419	521.9844	5.182	1
63.2	13.449	522.7998	5.1794	1
63.3	13.456	523.6871	5.1845	1
63.4	13.4629	524.5328	5.1913	1
63.5	13.4697	525.396	5.1906	1
63.6	13.4767	526.162	5.1902	1
63.7	13.4836	527.0094	5.187	1
63.8	13.4906	527.8415	5.1634	1
63.9	13.4975	528.679	5.1543	1
64	13.5042	529.5648	5.146	1
64.1	13.5109	530.3805	5.1521	1
64.2	13.5174	531.3208	5.1683	1
64.3	13.5237	532.1702	5.1693	1
64.4	13.5299	533.0271	5.1767	1
64.5	13.536	533.8658	5.1792	1
64.6	13.5419	534.7264	5.1891	1
64.7	13.5477	535.5699	5.198	1
64.8	13.5535	536.4089	5.1809	1
64.9	13.5594	537.208	5.1743	1
65	13.565	538.0463	5.1792	1
65.1	13.5707	538.9903	5.1694	1
65.2	13.5761	539.8151	5.1603	1
65.3	13.5816	540.621	5.1649	1
65.4	13.5874	541.3862	5.1615	1
65.5	13.5933	542.176	5.1516	1
65.6	13.5992	543.043	5.1504	1
65.7	13.6052	543.8398	5.1536	1
65.8	13.6114	544.6586	5.1474	1
65.9	13.6178	545.4945	5.1463	1
66	13.6239	546.3058	5.1557	1
66.1	13.6297	547.1112	5.1509	1
66.2	13.6356	548.0069	5.1308	1
66.3	13.6418	548.8461	5.1357	1
66.4	13.6477	549.662	5.1419	1
66.5	13.6537	550.5465	5.1543	1
66.6	13.6595	551.3516	5.1632	1
66.7	13.6654	552.1971	5.1595	1
66.8	13.6713	553.0214	5.1596	1
66.9	13.6771	553.9017	5.168	1
67	13.6829	554.647	5.166	1
67.1	13.689	555.4478	5.1579	1
67.2	13.6948	556.3485	5.1452	1
67.3	13.7008	557.1799	5.1589	1
67.4	13.7067	557.9898	5.1795	1
67.5	13.7128	558.8051	5.1663	1
67.6	13.719	559.6651	5.1558	1
67.7	13.725	560.5683	5.1665	1
67.8	13.7309	561.3046	5.1669	1
67.9	13.737	562.0818	5.1683	1
68	13.7435	562.9596	5.1645	1
68.1	13.7498	563.7592	5.16	1
68.2	13.7562	564.5255	5.1517	1
68.3	13.7631	565.2452	5.1492	1
68.4	13.7702	566.0684	5.1689	1
68.5	13.7775	566.9416	5.1677	1
68.6	13.7845	567.7901	5.1622	1
68.7	13.7915	568.6117	5.1598	1
68.8	13.7987	569.3823	5.1654	1
68.9	13.806	570.2105	5.1806	1
69	13.8133	571.0411	5.1694	1
69.1	13.8203	571.9427	5.1593	1
69.2	13.8271	572.7777	5.1801	1
69.3	13.8339	573.698	5.1864	1
69.4	13.8406	574.5074	5.1784	1
69.5	13.8472	575.4033	5.1717	1
69.6	13.8537	576.2992	5.1762	1
69.7	13.86	577.0441	5.1901	1
69.8	13.8662	577.9875	5.1924	1
69.9	13.8723	578.8403	5.1784	1
70	13.8782	579.6265	5.1764	1
70.1	13.8846	580.3971	5.1831	1
70.2	13.891	581.2374	5.1793	1
70.3	13.8974	582.098	5.1912	1
70.4	13.9037	582.9021	5.1947	1
70.5	13.9099	583.8274	5.1822	1
70.6	13.9161	584.555	5.1755	1
70.7	13.9223	585.4461	5.1765	1
70.8	13.9287	586.3046	5.1789	1
70.9	13.935	587.0584	5.175	1
71	13.9415	587.8581	5.1766	1
71.1	13.9481	588.7037	5.1772	1
71.2	13.9543	589.6252	5.1781	1
71.3	13.9606	590.4286	5.1815	1
71.4	13.967	591.2089	5.1841	1
71.5	13.9734	592.0591	5.1888	1
71.6	13.9798	592.9831	5.1973	1
71.7	13.986	593.7754	5.1926	1
71.8	13.9926	594.5097	5.1902	1
71.9	13.9992	595.419	5.1853	1
72	14.0054	596.3013	5.1719	1
72.1	14.0117	597.0624	5.1749	1
72.2	14.0183	597.8268	5.1768	1
72.3	14.0255	598.5167	5.184	1
72.4	14.0329	599.3373	5.183	1
72.5	14.0405	600.1759	5.2019	1
72.6	14.048	600.9958	5.2032	1
72.7	14.0552	601.9527	5.1836	1
72.8	14.0622	602.7741	5.1824	1
72.9	14.0692	603.6372	5.1927	1
73	14.0761	604.4386	5.1928	1
73.1	14.0831	605.236	5.1938	1
73.2	14.0904	606.094	5.1887	1
73.3	14.0976	606.8745	5.1842	1
73.4	14.1048	607.6845	5.183	1
73.5	14.112	608.6619	5.1819	1
73.6	14.1192	609.4431	5.1905	1
73.7	14.1266	610.2447	5.1849	1
73.8	14.1338	611.0796	5.1816	1
73.9	14.1407	611.9076	5.1799	1
74	14.1477	612.7007	5.1887	1
74.1	14.1549	613.5763	5.1908	1
74.2	14.1624	614.3365	5.1826	1
74.3	14.1699	615.2069	5.1756	1
74.4	14.1771	616.1823	5.1813	1
74.5	14.184	616.9825	5.1907	1
74.6	14.1908	617.8705	5.1768	1
74.7	14.1975	618.6572	5.1659	1
74.8	14.2041	619.5349	5.1791	1
74.9	14.2108	620.3724	5.1916	1
75	14.2175	621.2427	5.2069	1
75.1	14.2242	621.9495	5.1979	1
75.2	14.2313	622.6907	5.192	1
75.3	14.2385	623.5306	5.1911	1
75.4	14.2458	624.3622	5.1867	1
75.5	14.2531	625.224	5.1805	1
75.6	14.2605	626.0561	5.1773	1
75.7	14.2679	626.9166	5.1801	1
75.8	14.2751	627.7411	5.1768	1
75.9	14.2823	628.5256	5.1764	1
76	14.2898	629.4037	5.1879	1
76.1	14.2971	630.3233	5.1864	1
76.2	14.3042	631.131	5.1829	1
76.3	14.3111	631.9332	5.1758	1
76.4	14.3181	632.8162	5.1781	1
76.5	14.3252	633.6334	5.1829	1
76.6	14.3322	634.4403	5.1836	1
76.7	14.3394	635.2389	5.1933	1
76.8	14.3466	636.085	5.2026	1
76.9	14.3537	636.9577	5.1908	1
77	14.3608	637.6972	5.1867	1
77.1	14.368	638.5649	5.1978	1
77.2	14.3751	639.4863	5.1962	1
77.3	14.3823	640.2277	5.1853	1
77.4	14.3894	641.1297	5.1852	1
77.5	14.3964	642.0284	5.1861	1
77.6	14.4032	642.8261	5.1962	1
77.7	14.4099	643.7012	5.1937	1
77.8	14.4166	644.5734	5.1865	1
77.9	14.423	645.4113	5.1937	1
78	14.4294	646.2489	5.201	1
78.1	14.4356	647.0874	5.2042	1
78.2	14.4418	647.995	5.1967	1
78.3	14.4481	648.815	5.189	1
78.4	14.4542	649.6444	5.1889	1
78.5	14.4603	650.464	5.1784	1
78.6	14.4665	651.2409	5.1804	1
78.7	14.4726	652.1763	5.171	1
78.8	14.4785	652.9912	5.1736	1
78.9	14.4848	653.7862	5.191	1
79	14.4914	654.5663	5.1881	1
79.1	14.4979	655.434	5.1728	1
79.2	14.5041	656.2988	5.1833	1
79.3	14.5102	657.157	5.1885	1
79.4	14.5162	657.9657	5.1916	1
79.5	14.5222	658.7993	5.1884	1
79.6	14.5283	659.7008	5.1836	1
79.7	14.5343	660.5376	5.1866	1
79.8	14.5402	661.3393	5.1898	1
79.9	14.5461	662.1236	5.1837	1
80	14.5521	662.9771	5.1826	1
80.1	14.5582	663.7849	5.1872	1
80.2	14.5643	664.5402	5.1953	1
80.3	14.5705	665.426	5.1951	1
80.4	14.577	666.2751	5.1913	1
80.5	14.5831	667.1684	5.1912	1
80.6	14.589	668.0136	5.1935	1
80.7	14.595	668.7755	5.1983	1
80.8	14.6012	669.6134	5.1904	1
80.9	14.6073	670.5228	5.1889	1
81	14.6131	671.317	5.1897	1
81.1	14.6189	672.1567	5.1983	1
81.2	14.625	672.9229	5.1881	1
81.3	14.6311	673.7711	5.1821	1
81.4	14.6372	674.6319	5.1904	1
81.5	14.6433	675.4997	5.1903	1
81.6	14.6495	676.3449	5.1927	1
81.7	14.6557	677.0214	5.2022	1
81.8	14.6623	677.7788	5.2032	1
81.9	14.669	678.6172	5.1994	1
82	14.6758	679.4449	5.1967	1
82.1	14.6827	680.2828	5.187	1
82.2	14.6895	681.2308	5.1899	1
82.3	14.696	682.0402	5.1873	1
82.4	14.7024	682.9061	5.1889	1
82.5	14.7089	683.6869	5.1855	1
82.6	14.7153	684.5723	5.1822	1
82.7	14.7215	685.4314	5.1746	1
82.8	14.7276	686.313	5.1779	1
82.9	14.7336	687.1073	5.1703	1
83	14.7396	687.9459	5.1763	1
83.1	14.7455	688.7812	5.1784	1
83.2	14.7514	689.6766	5.1723	1
83.3	14.7575	690.5015	5.1712	1
83.4	14.7634	691.2606	5.1718	1
83.5	14.7694	692.175	5.1756	1
83.6	14.7753	693.0441	5.1741	1
83.7	14.7811	693.8329	5.169	1
83.8	14.7869	694.6921	5.1642	1
83.9	14.7927	695.5058	5.1659	1
84	14.7987	696.385	5.158	1
84.1	14.8046	697.1277	5.1601	1
84.2	14.8105	697.8909	5.1685	1
84.3	14.8166	698.7777	5.1676	1
84.4	14.8224	699.7155	5.1562	1
84.5	14.8283	700.5286	5.1562	1
84.6	14.8342	701.2931	5.1603	1
84.7	14.8401	702.1817	5.1602	1
84.8	14.8457	703.0536	5.161	1
84.9	14.8512	703.9109	5.1713	1
85	14.8568	704.7018	5.173	1
85.1	14.8625	705.4624	5.1599	1
85.2	14.8681	706.3492	5.1606	1
85.3	14.8739	707.2417	5.1708	1
85.4	14.8796	707.9852	5.1711	1
85.5	14.8855	708.8903	5.1614	1
85.6	14.8913	709.691	5.1651	1
85.7	14.8971	710.4692	5.1627	1
85.8	14.9028	711.3482	5.1633	1
85.9	14.9086	712.1695	5.165	1
86	14.9145	712.9	5.154	1
86.1	14.9206	713.8007	5.162	1
86.2	14.9267	714.6163	5.1755	1
86.3	14.9325	715.4417	5.1793	1
86.4	14.9386	716.2452	5.1679	1
86.5	14.9447	717.0382	5.1713	1
86.6	14.951	717.903	5.1735	1
86.7	14.9571	718.7317	5.1709	1
86.8	14.9632	719.6034	5.1609	1
86.9	14.9694	720.4291	5.1571	1
87	14.9754	721.2409	5.1594	1
87.1	14.9817	722.1342	5.1754	1
87.2	14.9879	722.8308	5.1807	1
87.3	14.994	723.7801	5.1929	1
87.4	14.9999	724.6797	5.1899	1
87.5	15.0057	725.4132	5.1698	1
87.6	15.0121	726.2694	5.1635	1
87.7	15.0182	727.1007	5.1646	1
87.8	15.0241	727.9788	5.1839	1
87.9	15.0302	728.7325	5.1881	1
88	15.0362	729.6334	5.1845	1
88.1	15.0421	730.4808	5.1754	1
88.2	15.0478	731.3385	5.18	1
88.3	15.0537	732.1382	5.1792	1
88.4	15.0596	732.9097	5.1905	1
88.5	15.0654	733.8594	5.1917	1
88.6	15.0713	734.6475	5.1924	1
88.7	15.0771	735.5467	5.186	1
88.8	15.083	736.2675	5.1845	1
88.9	15.0889	737.1127	5.1832	1
89	15.0947	737.9853	5.1684	1
89.1	15.1007	738.7833	5.1687	1
89.2	15.1069	739.5406	5.1637	1
89.3	15.1133	740.2881	5.1743	1
89.4	15.1194	741.1846	5.1799	1
89.5	15.1258	742.1634	5.1849	1
89.6	15.1321	742.9129	5.1898	1
89.7	15.1383	743.748	5.1966	1
89.8	15.1448	744.5313	5.2038	1
89.9	15.1515	745.2221	5.1975	1
90	15.1586	746.0537	5.201	1
90.1	15.1655	746.9532	5.2052	1
90.2	15.172	747.8287	5.2024	1
90.3	15.1788	748.6154	5.1968	1
90.4	15.1856	749.4506	5.1928	1
90.5	15.1923	750.4005	5.1985	1
90.6	15.1986	751.1522	5.1891	1
90.7	15.2051	752.0472	5.1798	1
90.8	15.2115	752.8816	5.1724	1
90.9	15.2175	753.839	5.1838	1
91	15.2234	754.6784	5.1893	1
91.1	15.2294	755.4353	5.1757	1
91.2	15.2356	756.2191	5.1808	1
91.3	15.2416	757.0824	5.1892	1
91.4	15.2473	758.1027	5.2066	1
91.5	15.2528	758.8259	5.2189	1
91.6	15.2587	759.6516	5.2188	1
91.7	15.265	760.4559	5.1993	1
91.8	15.2707	761.2825	5.1857	1
91.9	15.2765	762.2556	5.1895	1
92	15.282	763.1085	5.1883	1
92.1	15.2878	763.7963	5.1897	1
92.2	15.2935	764.6915	5.1845	1
92.3	15.2993	765.5332	5.1854	1
92.4	15.3047	766.4046	5.199	1
92.5	15.3101	767.2888	5.1933	1
92.6	15.3155	767.9508	5.2015	1
92.7	15.3212	768.8957	5.1963	1
92.8	15.3266	769.7699	5.1843	1
92.9	15.3318	770.6682	5.1718	1
93	15.337	771.4442	5.1738	1
93.1	15.3422	772.1887	5.1818	1
93.2	15.3473	773.1412	5.1827	1
93.3	15.3525	773.9124	5.1835	1
93.4	15.3577	774.7439	5.1683	1
93.5	15.363	775.5786	5.1759	1
93.6	15.368	776.4915	5.1761	1
93.7	15.373	777.3101	5.1585	1
93.8	15.378	778.1145	5.1656	1
93.9	15.3834	778.9786	5.1726	1
94	15.3886	779.6938	5.1756	1
94.1	15.3937	780.6796	5.1708	1
94.2	15.3987	781.4717	5.1765	1
94.3	15.4037	782.2445	5.17	1
94.4	15.4091	783.1233	5.1763	1
94.5	15.4142	783.9439	5.1863	1
94.6	15.4191	784.7933	5.1793	1
94.7	15.4241	785.6791	5.1735	1
94.8	15.4289	786.4888	5.1749	1
94.9	15.4339	787.2616	5.181	1
95	15.4392	788.0531	5.1903	1
95.1	15.4446	788.9171	5.1858	1
95.2	15.4498	789.7264	5.1831	1
95.3	15.4549	790.6064	5.1866	1
95.4	15.4599	791.4192	5.1794	1
95.5	15.465	792.2294	5.1608	1
95.6	15.4704	792.9787	5.1609	1
95.7	15.4758	793.8397	5.1666	1
95.8	15.4812	794.7877	5.1623	1
95.9	15.4865	795.6385	5.1707	1
96	15.4919	796.2953	5.1785	1
96.1	15.4976	797.1798	5.1851	1
96.2	15.5033	797.9221	5.1862	1
96.3	15.509	798.7578	5.1783	1
96.4	15.515	799.5231	5.1691	1
96.5	15.5213	800.3358	5.1595	1
96.6	15.5275	801.2428	5.1595	1
96.7	15.5335	802.147	5.1647	1
96.8	15.5393	802.9507	5.1651	1
96.9	15.545	803.8718	5.1444	1
97	15.5504	804.7189	5.1428	1
97.1	15.5559	805.5032	5.1597	1
97.2	15.5615	806.2688	5.1637	1
97.3	15.5673	807.0425	5.1647	1
97.4	15.5731	807.9972	5.1725	1
97.5	15.5787	808.8771	5.171	1
97.6	15.5841	809.6743	5.1733	1
97.7	15.5896	810.5148	5.1723	1
97.8	15.5951	811.3755	5.1648	1
97.9	15.6006	812.2417	5.1703	1
98	15.6059	813.0369	5.1543	1
98.1	15.6112	813.8566	5.1443	1
98.2	15.6167	814.6519	5.153	1
98.3	15.6221	815.5326	5.1519	1
98.4	15.6275	816.4233	5.1495	1
98.5	15.6332	817.1311	5.1528	1
98.6	15.6388	817.94	5.1534	1
98.7	15.6447	818.8081	5.1454	1
98.8	15.6502	819.6671	5.1373	1
98.9	15.6556	820.5654	5.128	1
99	15.6611	821.2926	5.1378	1
99.1	15.6668	822.131	5.1541	1
99.2	15.6724	822.9847	5.1605	1
99.3	15.6781	823.8613	5.1506	1
99.4	15.6837	824.7222	5.1477	1
99.5	15.6892	825.4934	5.1484	1
99.6	15.6949	826.2994	5.1458	1
99.7	15.7006	827.1781	5.154	1
99.8	15.7062	827.9871	5.1473	1
99.9	15.7116	828.8636	5.1524	1
100	15.7171	829.6832	5.1546	1
100.1	15.7225	830.5313	5.1442	1
100.2	15.7277	831.4801	5.1437	1
100.3	15.7329	832.2681	5.1532	1
100.4	15.7381	833.0507	5.1511	1
100.5	15.7431	833.9512	5.1559	1
100.6	15.7479	834.739	5.1604	1
100.7	15.753	835.6149	5.1532	1
100.8	15.758	836.4766	5.1415	1
100.9	15.7629	837.3254	5.1566	1
101	15.7676	838.1733	5.1676	1
101.1	15.7725	838.9918	5.1592	1
101.2	15.7774	839.7659	5.1571	1
101.3	15.7826	840.6137	5.1721	1
101.4	15.7878	841.421	5.1836	1
101.5	15.7928	842.3049	5.1813	1
101.6	15.7973	843.226	5.1832	1
101.7	15.802	843.9812	5.1835	1
101.8	15.807	844.7045	5.1659	1
101.9	15.812	845.6611	5.1541	1
102	15.8169	846.5115	5.1613	1
102.1	15.8217	847.3286	5.164	1
102.2	15.8267	848.1468	5.1673	1
102.3	15.8318	848.918	5.1675	1
102.4	15.8367	849.7479	5.1683	1
102.5	15.8418	850.5892	5.1643	1
102.6	15.8469	851.3544	5.1651	1
102.7	15.852	852.2003	5.1567	1
102.8	15.8574	852.9939	5.1442	1
102.9	15.8628	853.8642	5.1558	1
103	15.8684	854.5991	5.1785	1
103.1	15.8739	855.4822	5.1775	1
103.2	15.8792	856.3948	5.1629	1
103.3	15.8844	857.1805	5.1709	1
103.4	15.89	858.0091	5.1858	1
103.5	15.8955	858.8655	5.184	1
103.6	15.901	859.573	5.1755	1
103.7	15.9066	860.5164	5.1715	1
103.8	15.9122	861.264	5.1823	1
103.9	15.9175	862.1985	5.1656	1
104	15.9228	863.0772	5.161	1
104.1	15.9281	863.8971	5.1627	1
104.2	15.9333	864.6682	5.1696	1
104.3	15.9387	865.5434	5.1812	1
104.4	15.9442	866.2967	5.1813	1
104.5	15.95	867.1149	5.1787	1
104.6	15.9557	867.908	5.1684	1
104.7	15.9613	868.8571	5.16	1
104.8	15.9666	869.6621	5.1738	1
104.9	15.9719	870.5994	5.1729	1
105	15.977	871.4722	5.1608	1
105.1	15.9819	872.3147	5.1722	1
105.2	15.987	872.9927	5.1812	1
105.3	15.9923	873.8595	5.1731	1
105.4	15.9979	874.6894	5.1745	1
105.5	16.0033	875.5622	5.1805	1
105.6	16.0083	876.4397	5.1665	1
105.7	16.0133	877.2526	5.1712	1
105.8	16.0184	878.0274	5.1919	1
105.9	16.0237	878.8914	5.1902	1
106	16.0292	879.6459	5.1661	1
106.1	16.0349	880.4614	5.1502	1
106.2	16.0406	881.3498	5.1534	1
106.3	16.0462	882.1618	5.1671	1
106.4	16.0517	882.9607	5.1701	1
106.5	16.0572	883.7711	5.1673	1
106.6	16.0627	884.6532	5.172	1
106.7	16.068	885.5279	5.1787	1
106.8	16.0734	886.3296	5.1815	1
106.9	16.079	887.0992	5.1765	1
107	16.0848	887.9634	5.1718	1
107.1	16.0905	888.6996	5.1617	1
107.2	16.096	889.6338	5.1604	1
107.3	16.1019	890.4688	5.1616	1
107.4	16.1077	891.23	5.1561	1
107.5	16.1135	892.0986	5.1716	1
107.6	16.1191	892.9874	5.1785	1
107.7	16.1246	893.8577	5.1827	1
107.8	16.13	894.6995	5.1903	1
107.9	16.1353	895.502	5.1912	1
108	16.1405	896.4256	5.1895	1
108.1	16.1458	897.1953	5.1769	1
108.2	16.1513	898.0655	5.1724	1
108.3	16.1569	898.8109	5.1832	1
108.4	16.1624	899.5868	5.1878	1
108.5	16.1679	900.5547	5.1996	1
108.6	16.1731	901.4515	5.2047	1
108.7	16.1781	902.2377	5.1841	1
108.8	16.1832	903.0199	5.1762	1
108.9	16.1884	903.864	5.1775	1
109	16.1936	904.7796	5.1679	1
109.1	16.1989	905.6049	5.1666	1
109.2	16.204	906.412	5.1749	1
109.3	16.2089	907.2718	5.1817	1
109.4	16.2139	908.118	5.1778	1
109.5	16.2192	908.8799	5.1773	1
109.6	16.2246	909.7115	5.1751	1
109.7	16.2299	910.5509	5.172	1
109.8	16.2351	911.3377	5.1888	1
109.9	16.2406	912.1394	5.1852	1
110	16.2464	912.878	5.188	1
110.1	16.2521	913.7742	5.1881	1
110.2	16.258	914.5416	5.189	1
110.3	16.2639	915.4278	5.1946	1
110.4	16.2699	916.2866	5.1917	1
110.5	16.2755	917.1341	5.1771	1
110.6	16.2809	918.0165	5.1784	1
110.7	16.2864	918.7959	5.1888	1
110.8	16.292	919.656	5.1832	1
110.9	16.2975	920.5765	5.1841	1
111	16.3028	921.3864	5.1892	1
111.1	16.308	922.2387	5.1886	1
111.2	16.3132	923.0457	5.1923	1
111.3	16.318	924.0076	5.1923	1
111.4	16.3226	924.9072	5.1846	1
111.5	16.327	925.7283	5.1742	1
111.6	16.3315	926.5867	5.1838	1
111.7	16.3358	927.3925	5.1922	1
111.8	16.3401	928.1508	5.1874	1
111.9	16.3446	929.0467	5.1793	1
112	16.349	929.9393	5.1659	1
112.1	16.3532	930.7681	5.1683	1
112.2	16.3573	931.5294	5.1582	1
112.3	16.3617	932.3373	5.155	1
112.4	16.3663	933.1091	5.1664	1
112.5	16.3711	934.0657	5.1824	1
112.6	16.3756	934.9279	5.1753	1
112.7	16.38	935.5474	5.1652	1
112.8	16.3848	936.3979	5.1691	1
112.9	16.3899	937.294	5.1743	1
113	16.3946	938.1578	5.1851	1
113.1	16.3992	938.9978	5.1888	1
113.2	16.404	939.7945	5.1881	1
113.3	16.4088	940.6253	5.1908	1
113.4	16.4135	941.4573	5.1834	1
113.5	16.4181	942.3515	5.1826	1
113.6	16.4228	943.1305	5.1899	1
113.7	16.4274	943.9979	5.1791	1
113.8	16.432	944.8671	5.1793	1
113.9	16.4366	945.6202	5.1844	1
114	16.4413	946.4552	5.1736	1
114.1	16.446	947.3041	5.1676	1
114.2	16.4504	948.1313	5.169	1
114.3	16.4549	949.0002	5.1835	1
114.4	16.4595	949.8775	5.1883	1
114.5	16.4643	950.6553	5.177	1
114.6	16.4691	951.3861	5.175	1
114.7	16.4737	952.3432	5.1822	1
114.8	16.4782	953.2148	5.1964	1
114.9	16.4827	953.9488	5.1904	1
115	16.4873	954.8132	5.1705	1
115.1	16.4921	955.6265	5.1658	1
115.2	16.4968	956.4901	5.1713	1
115.3	16.5016	957.3002	5.1732	1
115.4	16.5062	958.1057	5.1763	1
115.5	16.5107	958.9783	5.2036	1
115.6	16.5153	959.837	5.2081	1
115.7	16.5199	960.6811	5.194	1
115.8	16.5247	961.4705	5.1838	1
115.9	16.5295	962.2705	5.1859	1
116	16.5343	963.1451	5.1878	1
116.1	16.5392	963.9028	5.1897	1
116.2	16.5439	964.8037	5.1952	1
116.3	16.5486	965.6367	5.1908	1
116.4	16.5535	966.4058	5.1906	1
116.5	16.5586	967.1938	5.1984	1
116.6	16.5636	968.0145	5.2001	1
116.7	16.5682	968.8906	5.1922	1
116.8	16.573	969.8215	5.1829	1
116.9	16.5778	970.6559	5.176	1
117	16.5824	971.4913	5.1729	1
117.1	16.5872	972.2661	5.1976	1
117.2	16.5918	973.125	5.1954	1
117.3	16.5964	974.0142	5.1766	1
117.4	16.601	974.8132	5.1689	1
117.5	16.6055	975.7386	5.1526	1
117.6	16.61	976.4474	5.1628	1
117.7	16.6145	977.3308	5.1763	1
117.8	16.619	978.1801	5.1616	1
117.9	16.6235	978.9472	5.1564	1
118	16.6283	979.8278	5.166	1
118.1	16.6329	980.6663	5.1512	1
118.2	16.6374	981.5091	5.1512	1
118.3	16.642	982.3097	5.1768	1
118.4	16.6465	983.1314	5.1851	1
118.5	16.6509	984.0003	5.1788	1
118.6	16.6553	984.8862	5.182	1
118.7	16.6598	985.5974	5.1949	1
118.8	16.6647	986.318	5.2008	1
118.9	16.6697	987.2771	5.1944	1
119	16.6745	988.1572	5.2005	1
119.1	16.6792	988.9274	5.1984	1
119.2	16.6842	989.6862	5.1896	1
119.3	16.6894	990.5179	5.1846	1
119.4	16.6945	991.3486	5.1826	1
119.5	16.6998	992.1478	5.1939	1
119.6	16.7051	993.0105	5.1918	1
119.7	16.7104	993.8075	5.1814	1
119.8	16.7159	994.5276	5.1901	1
119.9	16.7215	995.4424	5.2003	1
120	16.7271	996.2906	5.1963	1
120.1	16.7325	997.1459	5.2073	1
120.2	16.738	997.9779	5.2077	2
120.3	16.7434	998.8034	5.194	2
120.4	16.7486	999.6904	5.1877	2
120.5	16.7537	1000.5054	5.1882	2
120.6	16.7586	1001.1825	5.1964	2
120.7	16.7632	1001.4317	5.2044	2
120.8	16.7675	1001.474	5.1982	2
120.9	16.7717	1001.5104	5.2024	2
121	16.7757	1001.5224	5.1883	2
121.1	16.7798	1001.543	5.1788	2
121.2	16.7835	1001.549	5.1736	2
121.3	16.7871	1001.6091	5.1749	2
121.4	16.7909	1001.5779	5.1779	2
121.5	16.7947	1001.5743	5.1707	2
121.6	16.7983	1001.589	5.1715	2
121.7	16.8019	1001.581	5.1759	2
121.8	16.8057	1001.5502	5.1748	2
121.9	16.8094	1001.5386	5.1823	2
122	16.8131	1001.5889	5.188	2
122.1	16.8166	1001.559	5.1871	2
122.2	16.8201	1001.5434	5.1874	2
122.3	16.8236	1001.6427	5.1904	2
122.4	16.8269	1001.6565	5.1968	2
122.5	16.83	1001.5034	5.1996	2
122.6	16.8336	1001.4932	5.1905	2
122.7	16.8372	1001.6349	5.1799	2
122.8	16.8406	1001.6646	5.1815	2
122.9	16.8438	1001.6171	5.1863	2
123	16.847	1001.6633	5.1913	2
123.1	16.8504	1001.6414	5.1932	2
123.2	16.8534	1001.6132	5.1971	2
123.3	16.8566	1001.6842	5.2068	2
123.4	16.8595	1001.723	5.2062	2
123.5	16.8624	1001.6378	5.2037	2
123.6	16.8655	1001.6247	5.1982	2
123.7	16.8685	1001.6388	5.2017	2
123.8	16.8715	1001.7072	5.1948	2
123.9	16.8741	1001.7341	5.1899	2
124	16.8767	1001.7584	5.1984	2
124.1	16.8793	1001.7435	5.1926	2
124.2	16.8817	1001.7291	5.1887	2
124.3	16.8843	1001.6934	5.1998	2
124.4	16.887	1001.7173	5.2072	2
124.5	16.8897	1001.7414	5.1989	2
124.6	16.8923	1001.7515	5.19	2
124.7	16.8948	1001.7504	5.1912	2
124.8	16.8972	1001.7676	5.1983	2
124.9	16.8997	1001.7441	5.2018	2
125	16.9022	1001.7173	5.1875	2
125.1	16.9046	1001.7746	5.1721	2
125.2	16.907	1001.7445	5.1752	2
125.3	16.9095	1001.7755	5.1911	2
125.4	16.9119	1001.7306	5.1989	2
125.5	16.9143	1001.813	5.2046	2
125.6	16.9165	1001.7972	5.2037	2
125.7	16.9187	1001.8073	5.1936	2
125.8	16.921	1001.7647	5.2101	2
125.9	16.9232	1001.7774	5.2051	2
126	16.9255	1001.7498	5.1944	2
126.1	16.9277	1001.7871	5.188	2
126.2	16.93	1001.7689	5.1876	2
126.3	16.9324	1001.7382	5.193	2
126.4	16.9348	1001.7816	5.1831	2
126.5	16.9369	1001.8442	5.183	2
126.6	16.9389	1001.8108	5.1861	2
126.7	16.941	1001.7873	5.1887	2
126.8	16.943	1001.883	5.1899	2
126.9	16.9448	1001.7926	5.1965	2
127	16.9467	1001.8684	5.1993	2
127.1	16.9488	1001.8445	5.1837	2
127.2	16.9506	1001.8655	5.1799	2
127.3	16.9524	1001.8379	5.1848	2
127.4	16.9543	1001.8711	5.1735	2
127.5	16.9562	1001.8668	5.1617	2
127.6	16.9579	1001.8325	5.1581	2
127.7	16.9597	1001.8973	5.1563	2
127.8	16.9613	1001.8849	5.1651	2
127.9	16.9628	1001.935	5.1763	2
128	16.9642	1001.9452	5.1856	2
128.1	16.9655	1001.9128	5.1821	2
128.2	16.9669	1001.915	5.1794	2
128.3	16.9685	1001.849	5.1776	2
128.4	16.9703	1001.9395	5.1733	2
128.5	16.9719	1001.8733	5.1892	2
128.6	16.9735	1001.9331	5.1925	2
128.7	16.9751	1001.9093	5.1924	2
128.8	16.9767	1001.8242	5.1879	2
128.9	16.9785	1001.8423	5.1927	2
129	16.9803	1001.845	5.1971	2
129.1	16.9822	1001.8281	5.1975	2
129.2	16.9842	1001.7377	5.1931	2
129.3	16.9865	1001.7284	5.1998	2
129.4	16.9885	1001.7061	5.1803	2
129.5	16.9906	1001.753	5.1666	2
129.6	16.9929	1001.7849	5.1897	2
129.7	16.995	1001.7394	5.1974	2
129.8	16.9972	1001.7256	5.1927	2
129.9	16.9992	1001.8013	5.2065	2
130	17.0013	1001.7685	5.2009	2
130.1	17.0033	1001.8465	5.2076	2
130.2	17.0052	1001.7696	5.2067	2
130.3	17.0066	1001.9229	5.2018	2
130.4	17.0078	1001.9676	5.2043	2
130.5	17.009	1001.8953	5.2102	2
130.6	17.0104	1001.98	5.2102	2
130.7	17.0118	1002.0167	5.2104	2
130.8	17.0129	1001.8818	5.203	2
130.9	17.0144	1001.8606	5.1914	2
131	17.016	1001.9136	5.1814	2
131.1	17.0176	1001.8216	5.176	2
131.2	17.0191	1001.8708	5.179	2
131.3	17.0208	1001.8968	5.1851	2
131.4	17.0223	1001.9089	5.1884	2
131.5	17.0236	1001.9916	5.1923	2
131.6	17.0245	1001.9393	5.184	2
131.7	17.0254	1001.9576	5.1723	2
131.8	17.0265	1002.0118	5.1677	2
131.9	17.0273	1002.0506	5.1671	2
132	17.0281	1002.0246	5.1698	2
132.1	17.0287	1002.0195	5.1822	2
132.2	17.0296	1002.0087	5.1868	2
132.3	17.0304	1001.9892	5.1829	2
132.4	17.0314	1001.9589	5.1725	2
132.5	17.0327	1001.8847	5.182	2
132.6	17.034	1001.9293	5.1881	2
132.7	17.0352	1001.9467	5.1788	2
132.8	17.0362	1001.9827	5.1878	2
132.9	17.037	1002.0005	5.2025	2
133	17.0379	1001.963	5.204	2
133.1	17.0386	1001.9916	5.1907	2
133.2	17.0393	1002.0975	5.1814	2
133.3	17.0398	1002.0112	5.1744	2
133.4	17.0407	1002.0274	5.1671	2
133.5	17.0416	1001.9515	5.1658	2
133.6	17.0425	1001.9657	5.1575	2
133.7	17.0432	1002.1173	5.1619	2
133.8	17.0437	1002.0477	5.1676	2
133.9	17.0441	1002.0194	5.1781	2
134	17.045	1002.0102	5.1734	2
134.1	17.0456	1002.0369	5.1829	2
134.2	17.046	1002.0868	5.1991	2
134.3	17.0466	1002.0047	5.2053	2
134.4	17.0474	1001.9785	5.2056	2
134.5	17.0482	1002.0174	5.2088	2
134.6	17.0492	1001.9119	5.2032	2
134.7	17.0502	1001.9923	5.1829	2
134.8	17.0511	1002.0386	5.1747	2
134.9	17.0516	1002.0734	5.1843	2
135	17.0522	1002.0282	5.1915	2
135.1	17.0529	1001.9849	5.1887	2
135.2	17.0535	1002.0291	5.1873	2
135.3	17.0541	1001.9875	5.1796	2
135.4	17.0549	1001.9621	5.1801	2
135.5	17.0559	1002.0031	5.1967	2
135.6	17.057	1001.9047	5.1886	2
135.7	17.0581	1001.9511	5.1802	2
135.8	17.0591	1001.965	5.1775	2
135.9	17.06	1001.9045	5.1953	2
136	17.061	1001.9834	5.2071	2
136.1	17.0616	1001.9145	5.1992	2
136.2	17.0622	1002.0257	5.1868	2
136.3	17.063	1001.9256	5.1731	2
136.4	17.0641	1001.9494	5.1718	2
136.5	17.0651	1002.0243	5.1842	2
136.6	17.0659	1002.0693	5.1862	2
136.7	17.0664	1001.9873	5.1905	2
136.8	17.0668	1002.075	5.1847	2
136.9	17.0672	1002.0644	5.1753	2
137	17.0675	1002.043	5.1807	2
137.1	17.0681	1002.0443	5.1914	2
137.2	17.0686	1002.0253	5.1948	2
137.3	17.0691	1002.031	5.1958	2
137.4	17.0697	1002.0416	5.1941	2
137.5	17.0703	1001.9797	5.1952	2
137.6	17.0708	1002.0592	5.1901	2
137.7	17.0712	1002.0921	5.1914	2
137.8	17.0712	1002.1353	5.1961	2
137.9	17.0714	1002.1016	5.1951	2
138	17.0719	1001.9317	5.1954	2
138.1	17.0726	1001.998	5.1867	2
138.2	17.0734	1001.9767	5.1849	2
138.3	17.0741	1001.8952	5.1806	2
138.4	17.0751	1002.0039	5.1928	2
138.5	17.076	1001.9498	5.2016	2
138.6	17.0766	1001.977	5.1932	2
138.7	17.0773	1001.9237	5.1903	2
138.8	17.0783	1001.9353	5.1986	2
138.9	17.0795	1001.9188	5.1964	2
139	17.0806	1001.9137	5.198	2
139.1	17.0816	1001.9639	5.2081	2
139.2	17.0827	1001.9905	5.2003	2
139.3	17.0837	1001.835	5.2025	2
139.4	17.0845	1001.932	5.1931	2
139.5	17.0851	1001.9644	5.1894	2
139.6	17.0858	1002.0118	5.1889	2
139.7	17.0863	1001.9921	5.1976	2
139.8	17.0868	1002.0204	5.2013	2
139.9	17.0874	1002.043	5.1956	2
140	17.0882	1001.9832	5.2052	2
140.1	17.0892	1001.9789	5.2025	2
140.2	17.09	1001.9182	5.1929	2
140.3	17.0908	1001.9005	5.2031	2
140.4	17.0917	1001.8854	5.2082	2
140.5	17.0926	1001.9486	5.2058	2
140.6	17.0936	1001.8564	5.2181	2
140.7	17.0946	1001.9338	5.2216	2
140.8	17.0955	1001.9451	5.2144	2
140.9	17.0964	1001.8823	5.2013	2
141	17.0974	1001.9091	5.1899	2
141.1	17.0984	1001.9065	5.204	2
141.2	17.0994	1001.9428	5.1997	2
141.3	17.1004	1001.9494	5.1975	2
141.4	17.1012	1001.9431	5.1924	2
141.5	17.1019	1001.9332	5.1917	2
141.6	17.1031	1001.8348	5.1923	2
141.7	17.1041	1001.855	5.2153	2
141.8	17.1052	1001.9437	5.2272	2
141.9	17.1062	1001.9768	5.2159	2
142	17.107	1001.9604	5.1948	2
142.1	17.1076	1002.0214	5.187	2
142.2	17.1081	1001.9483	5.1892	2
142.3	17.1091	1001.9043	5.1906	2
142.4	17.1099	1001.9584	5.2039	2
142.5	17.1104	1002.0658	5.206	2
142.6	17.1106	1002.0388	5.1928	2
142.7	17.111	1002.0289	5.1924	2
142.8	17.1116	1001.9697	5.1984	2
142.9	17.1124	1001.994	5.2017	2
143	17.1128	1001.9909	5.1895	2
143.1	17.1133	1001.9513	5.1834	2
143.2	17.1142	1001.9729	5.1923	2
143.3	17.1148	1002.0272	5.1986	2
143.4	17.1153	1002.06	5.2012	2
143.5	17.1157	1002.0586	5.2023	2
143.6	17.1157	1002.0859	5.2041	2
143.7	17.1159	1002.1038	5.1931	2
143.8	17.116	1002.0268	5.1877	2
143.9	17.1164	1002.0918	5.1969	2
144	17.1165	1002.119	5.207	2
144.1	17.1166	1002.1143	5.2119	2
144.2	17.117	1002.013	5.2024	2
144.3	17.1173	1002.0251	5.2117	2
144.4	17.1174	1002.1257	5.2273	2
144.5	17.1175	1002.0906	5.2321	2
144.6	17.1174	1002.1046	5.2357	2
144.7	17.1173	1002.1474	5.2223	2
144.8	17.1171	1002.0875	5.2115	2
144.9	17.117	1002.1182	5.2116	2
145	17.1174	1002.0338	5.2146	2
145.1	17.1177	1002.0005	5.2065	2
145.2	17.118	1002.064	5.2084	2
145.3	17.1182	1002.0689	5.215	2
145.4	17.1183	1002.0707	5.2049	2
145.5	17.1185	1002.0677	5.1966	2
145.6	17.1188	1002.0246	5.1905	2
145.7	17.119	1001.9934	5.1945	2
145.8	17.1195	1002.0122	5.205	2
145.9	17.12	1001.9579	5.2186	2
146	17.1206	1002.0526	5.2264	2
146.1	17.1212	1001.9565	5.2195	2
146.2	17.1214	1001.9931	5.2211	2
146.3	17.122	1002.0016	5.2179	2
146.4	17.1224	1001.9784	5.2157	2
146.5	17.1231	1001.9718	5.2251	2
146.6	17.1239	1001.854	5.2142	2
146.7	17.1245	1002.0096	5.1991	2
146.8	17.1251	1001.9975	5.2003	2
146.9	17.1257	1001.8332	5.2121	2
147	17.1268	1001.9435	5.2185	2
147.1	17.1277	1001.9905	5.2099	2
147.2	17.1285	1001.9192	5.2148	2
147.3	17.1298	1001.7375	5.211	2
147.4	17.1316	1001.7263	5.213	2
147.5	17.1331	1001.8545	5.214	2
147.6	17.1339	1001.9091	5.2111	2
147.7	17.1346	1001.9053	5.215	2
147.8	17.1357	1001.8556	5.212	2
147.9	17.137	1001.8174	5.2133	2
148	17.1384	1001.7724	5.2293	2
148.1	17.1396	1001.881	5.2224	2
148.2	17.1401	1001.9565	5.2116	2
148.3	17.1407	1001.9895	5.2012	2
148.4	17.1412	1002.0061	5.2059	2
148.5	17.1419	1001.9508	5.2131	2
148.6	17.1425	1001.9846	5.2042	2
148.7	17.1432	1001.9626	5.1944	2
148.8	17.1437	1001.9195	5.1874	2
148.9	17.1443	1001.9703	5.18	2
149	17.1451	1001.9251	5.1791	2
149.1	17.1456	1001.9704	5.1827	2
149.2	17.1461	1002.0342	5.1894	2
149.3	17.1465	1002.0256	5.1769	2
149.4	17.1468	1002.0459	5.1825	2
149.5	17.1471	1002.0619	5.2061	2
149.6	17.1473	1002.0394	5.1993	2
149.7	17.1476	1002.0293	5.1903	2
149.8	17.1477	1002.0795	5.1952	2
149.9	17.1478	1002.0974	5.1921	2
150	17.1477	1002.127	5.2054	2
150.1	17.1477	1002.1232	5.2126	2
150.2	17.1477	1002.1239	5.2172	3
150.3	17.1476	1002.081	5.2095	3
150.4	17.148	1002.0054	5.2044	3
150.5	17.1485	1002.008	5.2184	3
150.6	17.1489	1001.8117	5.2332	3
150.7	17.1492	1001.1155	5.2308	3
150.8	17.1495	1000.3498	5.2256	3
150.9	17.1495	999.5652	5.2242	3
151	17.149	998.7976	5.2184	3
151.1	17.1486	997.9273	5.2153	3
151.2	17.1481	997.1298	5.2296	3
151.3	17.1473	996.3581	5.2238	3
151.4	17.1467	995.4439	5.2208	3
151.5	17.1463	994.6233	5.2203	3
151.6	17.1457	993.8453	5.2295	3
151.7	17.1449	992.9821	5.2331	3
151.8	17.1442	992.2225	5.2279	3
151.9	17.1436	991.3786	5.2291	3
152	17.1426	990.6619	5.2246	3
152.1	17.1412	989.7448	5.2104	3
152.2	17.1398	988.9281	5.2043	3
152.3	17.139	988.1581	5.2131	3
152.4	17.1376	987.3224	5.2143	3
152.5	17.136	986.5182	5.2183	3
152.6	17.1345	985.6446	5.2194	3
152.7	17.1333	984.903	5.2195	3
152.8	17.1316	984.0436	5.2187	3
152.9	17.1298	983.2426	5.221	3
153	17.128	982.3742	5.2183	3
153.1	17.1262	981.5282	5.2198	3
153.2	17.1244	980.7602	5.227	3
153.3	17.1227	979.9713	5.2271	3
153.4	17.1211	979.0838	5.2263	3
153.5	17.1196	978.1253	5.2245	3
153.6	17.1181	977.3896	5.2195	3
153.7	17.1165	976.4996	5.2132	3
153.8	17.1152	975.6349	5.2071	3
153.9	17.1139	974.8216	5.2097	3
154	17.1123	974.0309	5.2203	3
154.1	17.1105	973.1915	5.2099	3
154.2	17.1088	972.3306	5.2178	3
154.3	17.1073	971.5235	5.216	3
154.4	17.1058	970.7499	5.2118	3
154.5	17.1039	969.8071	5.216	3
154.6	17.1022	969.051	5.2321	3
154.7	17.1003	968.2578	5.2278	3
154.8	17.0982	967.4652	5.2205	3
154.9	17.0962	966.5597	5.2138	3
155	17.0946	965.7067	5.209	3
155.1	17.093	964.8331	5.2065	3
155.2	17.0913	964.0901	5.1995	3
155.3	17.0895	963.2569	5.2005	3
155.4	17.0877	962.3572	5.2016	3
155.5	17.086	961.5388	5.2132	3
155.6	17.0844	960.6408	5.2298	3
155.7	17.0831	959.8318	5.2337	3
155.8	17.0815	959.0532	5.2235	3
155.9	17.0796	958.2249	5.2321	3
156	17.0778	957.4043	5.2402	3
156.1	17.076	956.5077	5.2441	3
156.2	17.0743	955.6222	5.243	3
156.3	17.0726	954.9082	5.2324	3
156.4	17.0708	954.1321	5.2275	3
156.5	17.0687	953.3644	5.2256	3
156.6	17.0662	952.5483	5.2264	3
156.7	17.0635	951.769	5.2308	3
156.8	17.0609	950.9296	5.236	3
156.9	17.0585	950.0135	5.2327	3
157	17.056	949.2627	5.2357	3
157.1	17.0531	948.5006	5.2404	3
157.2	17.0499	947.65	5.2275	3
157.3	17.0468	946.7991	5.2219	3
157.4	17.0437	945.9971	5.2428	3
157.5	17.0404	945.2701	5.255	3
157.6	17.037	944.3953	5.2388	3
157.7	17.0337	943.5348	5.2279	3
157.8	17.0303	942.7073	5.2279	3
157.9	17.0268	941.9765	5.2402	3
158	17.0229	941.1827	5.2499	3
158.1	17.0188	940.388	5.2353	3
158.2	17.0148	939.4981	5.2347	3
158.3	17.0107	938.6593	5.2438	3
158.4	17.0068	937.8805	5.2277	3
158.5	17.0029	936.9641	5.2138	3
158.6	16.9991	936.1231	5.2154	3
158.7	16.9953	935.4061	5.2143	3
158.8	16.9912	934.4579	5.2297	3
158.9	16.9876	933.5709	5.238	3
159	16.9841	932.7896	5.2295	3
159.1	16.9802	931.9964	5.2259	3
159.2	16.9763	931.1836	5.2423	3
159.3	16.9724	930.2822	5.2323	3
159.4	16.9685	929.5029	5.2304	3
159.5	16.9646	928.6286	5.244	3
159.6	16.9607	927.7521	5.2539	3
159.7	16.957	926.9836	5.2429	3
159.8	16.9533	926.1208	5.2494	3
159.9	16.9494	925.3133	5.2557	3
160	16.9458	924.4984	5.2415	3
160.1	16.942	923.6287	5.2379	3
160.2	16.9384	922.7805	5.2382	3
160.3	16.9345	921.913	5.2266	3
160.4	16.9308	921.1443	5.2245	3
160.5	16.9273	920.2862	5.2236	3
160.6	16.9237	919.4662	5.2174	3
160.7	16.9199	918.5702	5.2154	3
160.8	16.9165	917.6827	5.2237	3
160.9	16.9133	916.8588	5.2329	3
161	16.91	916.0612	5.2343	3
161.1	16.9064	915.3147	5.2315	3
161.2	16.9026	914.3984	5.2265	3
161.3	16.8989	913.5852	5.2138	3
161.4	16.8957	912.6334	5.2143	3
161.5	16.8926	911.799	5.2295	3
161.6	16.8893	911.0495	5.234	3
161.7	16.8858	910.2571	5.2148	3
161.8	16.8824	909.3757	5.2135	3
161.9	16.879	908.5225	5.219	3
162	16.8756	907.7734	5.2156	3
162.1	16.8721	906.8702	5.2156	3
162.2	16.8687	906.0842	5.2255	3
162.3	16.8651	905.3024	5.2383	3
162.4	16.8614	904.414	5.2295	3
162.5	16.8579	903.5482	5.2136	3
162.6	16.8542	902.6935	5.2087	3
162.7	16.8505	901.9411	5.2219	3
162.8	16.847	901.1021	5.224	3
162.9	16.8436	900.3021	5.2231	3
163	16.8401	899.3457	5.229	3
163.1	16.8366	898.5407	5.229	3
163.2	16.8332	897.7402	5.2331	3
163.3	16.8296	896.9025	5.2289	3
163.4	16.8259	896.0685	5.2217	3
163.5	16.8221	895.3098	5.2064	3
163.6	16.8185	894.4807	5.2003	3
163.7	16.815	893.5576	5.2192	3
163.8	16.8115	892.7272	5.2136	3
163.9	16.8081	891.8491	5.2144	3
164	16.8046	891.0784	5.2216	3
164.1	16.8012	890.2145	5.2223	3
164.2	16.7976	889.4498	5.2169	3
164.3	16.7937	888.6443	5.199	3
164.4	16.7897	887.7646	5.1928	3
164.5	16.7858	886.9401	5.2108	3
164.6	16.7823	886.0689	5.196	3
164.7	16.779	885.1609	5.1936	3
164.8	16.7761	884.1418	5.2044	3
164.9	16.7734	883.4128	5.2016	3
165	16.7709	882.5498	5.1948	3
165.1	16.7684	881.5966	5.1952	3
165.2	16.7662	880.7707	5.187	3
165.3	16.7638	880.0482	5.1838	3
165.4	16.761	879.2254	5.1931	3
165.5	16.7581	878.4123	5.2021	3
165.6	16.7549	877.6871	5.2069	3
165.7	16.7515	876.8678	5.2174	3
165.8	16.7483	876.1056	5.2153	3
165.9	16.7452	875.1305	5.1934	3
166	16.7422	874.2644	5.1985	3
166.1	16.7394	873.3822	5.2027	3
166.2	16.7369	872.5012	5.1982	3
166.3	16.7349	871.6077	5.2155	3
166.4	16.7327	870.7033	5.2181	3
166.5	16.7306	869.9623	5.2057	3
166.6	16.7282	869.0712	5.201	3
166.7	16.7257	868.4142	5.2043	3
166.8	16.723	867.6183	5.207	3
166.9	16.72	866.8079	5.2099	3
167	16.7169	865.959	5.2098	3
167.1	16.7139	865.0733	5.1965	3
167.2	16.7112	864.3107	5.1955	3
167.3	16.7082	863.4598	5.204	3
167.4	16.7049	862.6484	5.2118	3
167.5	16.7017	861.9229	5.2176	3
167.6	16.6978	861.0908	5.2252	3
167.7	16.6938	860.4147	5.2312	3
167.8	16.69	859.4282	5.2282	3
167.9	16.6863	858.6012	5.2338	3
168	16.6825	857.9164	5.2128	3
168.1	16.6784	857.0497	5.1995	3
168.2	16.6741	856.1795	5.2145	3
168.3	16.67	855.3679	5.2201	3
168.4	16.666	854.5729	5.2194	3
168.5	16.6617	853.7659	5.2045	3
168.6	16.6576	852.8067	5.1907	3
168.7	16.6539	851.8758	5.2057	3
168.8	16.6506	850.994	5.2113	3
168.9	16.6474	850.1333	5.2066	3
169	16.6441	849.3405	5.2115	3
169.1	16.6407	848.6041	5.2209	3
169.2	16.6369	847.7836	5.2173	3
169.3	16.6332	846.9579	5.2067	3
169.4	16.6295	846.1642	5.2069	3
169.5	16.6256	845.3326	5.2005	3
169.6	16.6218	844.4247	5.2017	3
169.7	16.6178	843.651	5.1946	3
169.8	16.614	842.8179	5.185	3
169.9	16.6099	842.0202	5.1832	3
170	16.6056	841.283	5.1977	3
170.1	16.6014	840.2538	5.2122	3
170.2	16.5976	839.4872	5.2226	3
170.3	16.5936	838.7372	5.2223	3
170.4	16.589	837.9009	5.21	3
170.5	16.5847	837.0685	5.2082	3
170.6	16.5806	836.125	5.208	3
170.7	16.5768	835.3394	5.1989	3
170.8	16.5728	834.4811	5.194	3
170.9	16.5688	833.6459	5.1952	3
171	16.565	832.8065	5.2028	3
171.1	16.5611	832.0195	5.2125	3
171.2	16.5573	831.1068	5.2058	3
171.3	16.5536	830.2229	5.1909	3
171.4	16.5502	829.4063	5.1847	3
171.5	16.5466	828.6133	5.1889	3
171.6	16.5428	827.822	5.2164	3
171.7	16.5387	826.9882	5.2408	3
171.8	16.5346	826.1551	5.2349	3
171.9	16.5308	825.3237	5.2175	3
172	16.5267	824.5445	5.2116	3
172.1	16.5223	823.7059	5.2137	3
172.2	16.5182	822.8956	5.217	3
172.3	16.5139	822.1184	5.218	3
172.4	16.5093	821.2593	5.2172	3
172.5	16.5049	820.4122	5.2219	3
172.6	16.5006	819.5292	5.2073	3
172.7	16.4962	818.7647	5.2064	3
172.8	16.4917	817.9288	5.2303	3
172.9	16.4871	817.0667	5.2231	3
173	16.4829	816.2233	5.1983	3
173.1	16.4786	815.4019	5.1956	3
173.2	16.4743	814.5461	5.1911	3
173.3	16.4701	813.6676	5.1823	3
173.4	16.4659	812.8808	5.1873	3
173.5	16.4617	812.0767	5.1912	3
173.6	16.4575	811.2312	5.2007	3
173.7	16.4534	810.2471	5.1996	3
173.8	16.4495	809.5185	5.2039	3
173.9	16.4455	808.7027	5.2056	3
174	16.4413	807.7433	5.2012	3
174.1	16.4375	806.9382	5.1935	3
174.2	16.4339	806.0612	5.1934	3
174.3	16.4303	805.2325	5.1983	3
174.4	16.427	804.3657	5.2185	3
174.5	16.4236	803.5449	5.2215	3
174.6	16.4202	802.7636	5.2261	3
174.7	16.4166	801.868	5.2285	3
174.8	16.413	801.0478	5.2337	3
174.9	16.4095	800.2112	5.2302	3
175	16.4056	799.4152	5.2285	3
175.1	16.4018	798.657	5.2341	3
175.2	16.3981	797.7841	5.238	3
175.3	16.3943	796.9742	5.2271	3
175.4	16.3902	796.1534	5.2231	3
175.5	16.3858	795.4599	5.2184	3
175.6	16.3811	794.639	5.2176	3
175.7	16.3763	793.8336	5.2216	3
175.8	16.3715	793.0169	5.2301	3
175.9	16.3663	792.2172	5.2359	3
176	16.3614	791.402	5.235	3
176.1	16.3565	790.4837	5.2245	3
176.2	16.3516	789.6953	5.2194	3
176.3	16.3467	788.8754	5.2231	3
176.4	16.3418	788.0494	5.2238	3
176.5	16.3368	787.16	5.2159	3
176.6	16.332	786.2715	5.2091	3
176.7	16.3273	785.5361	5.2088	3
176.8	16.3227	784.5683	5.1964	3
176.9	16.3185	783.6784	5.2037	3
177	16.3144	782.8565	5.2176	3
177.1	16.3105	781.9177	5.2227	3
177.2	16.3069	781.0771	5.2068	3
177.3	16.303	780.2406	5.1995	3
177.4	16.2991	779.4158	5.2119	3
177.5	16.2953	778.6628	5.2176	3
177.6	16.2913	777.9557	5.2222	3
177.7	16.2867	777.138	5.2222	3
177.8	16.2821	776.2911	5.2191	3
177.9	16.2777	775.4448	5.2209	3
178	16.273	774.628	5.215	3
178.1	16.2684	773.8351	5.2091	3
178.2	16.2636	772.959	5.2008	3
178.3	16.2588	772.1691	5.1884	3
178.4	16.254	771.3226	5.2015	3
178.5	16.2492	770.5042	5.2111	3
178.6	16.2446	769.6231	5.2139	3
178.7	16.2403	768.6409	5.2197	3
178.8	16.2361	767.8513	5.2277	3
178.9	16.2321	767.0071	5.2259	3
179	16.228	766.178	5.2169	3
179.1	16.2239	765.3318	5.2159	3
179.2	16.2197	764.5421	5.2254	3
179.3	16.2154	763.8261	5.2171	3
179.4	16.2108	762.9543	5.2123	3
179.5	16.2062	762.0853	5.2142	3
179.6	16.2017	761.2548	5.2302	3
179.7	16.1974	760.3968	5.2363	3
179.8	16.1933	759.483	5.2357	3
179.9	16.1892	758.7282	5.232	3
180	16.1847	757.9193	5.222	3
180.1	16.1801	757.0984	5.2175	3
180.2	16.1754	756.3276	5.2266	3
180.3	16.1708	755.4004	5.2385	3
180.4	16.1664	754.5691	5.2332	3
180.5	16.162	753.6878	5.2164	3
180.6	16.1579	752.8458	5.2204	3
180.7	16.154	752.0761	5.22	3
180.8	16.1498	751.2273	5.2164	3
180.9	16.1456	750.331	5.2224	3
181	16.1417	749.4704	5.2193	3
181.1	16.1379	748.6365	5.2407	3
181.2	16.1341	747.8045	5.2469	3
181.3	16.1301	746.9312	5.2334	3
181.4	16.1261	746.2193	5.2236	3
181.5	16.1219	745.4529	5.2205	3
181.6	16.1173	744.6222	5.2235	3
181.7	16.1127	743.7138	5.2178	3
181.8	16.1081	742.9449	5.2093	3
181.9	16.1033	742.152	5.2053	3
182	16.0985	741.3234	5.2008	3
182.1	16.0937	740.4858	5.212	3
182.2	16.0888	739.7184	5.2139	3
182.3	16.0838	738.9441	5.2011	3
182.4	16.0786	738.0902	5.2027	3
182.5	16.0735	737.229	5.2149	3
182.6	16.0684	736.4178	5.2184	3
182.7	16.063	735.6291	5.2007	3
182.8	16.0577	734.7106	5.1874	3
182.9	16.0523	733.9066	5.2016	3
183	16.0472	733.0927	5.2076	3
183.1	16.0419	732.2704	5.2063	3
183.2	16.0367	731.3657	5.1938	3
183.3	16.0321	730.3924	5.2023	3
183.4	16.0278	729.4712	5.2159	3
183.5	16.0234	728.7721	5.2104	3
183.6	16.0187	727.9369	5.2124	3
183.7	16.0144	727.1241	5.2284	3
183.8	16.0102	726.2563	5.2059	3
183.9	16.0059	725.3658	5.1985	3
184	16.0014	724.5982	5.2093	3
184.1	15.997	723.7394	5.1903	3
184.2	15.9924	722.9	5.1813	3
184.3	15.9877	722.1506	5.1748	3
184.4	15.983	721.3187	5.1696	3
184.5	15.9782	720.4379	5.1935	3
184.6	15.9734	719.7055	5.2039	3
184.7	15.9682	718.8821	5.193	3
184.8	15.963	718.0669	5.1903	3
184.9	15.9578	717.2791	5.1909	3
185	15.9526	716.4105	5.1962	3
185.1	15.9474	715.611	5.194	3
185.2	15.9421	714.7285	5.2041	3
185.3	15.9369	713.894	5.2018	3
185.4	15.9316	713.0683	5.1886	3
185.5	15.9263	712.303	5.1909	3
185.6	15.9211	711.3976	5.1846	3
185.7	15.9159	710.53	5.1849	3
185.8	15.9108	709.7938	5.1814	3
185.9	15.9055	708.9064	5.1835	3
186	15.8999	708.0549	5.1911	3
186.1	15.8949	707.2458	5.1835	3
186.2	15.8901	706.302	5.1849	3
186.3	15.8851	705.4908	5.1741	3
186.4	15.8802	704.755	5.1668	3
186.5	15.875	703.8894	5.1596	3
186.6	15.8698	703.0895	5.1706	3
186.7	15.8648	702.1306	5.1815	3
186.8	15.8602	701.3158	5.1823	3
186.9	15.8557	700.3678	5.1693	3
187	15.8516	699.5235	5.1703	3
187.1	15.8475	698.6586	5.1705	3
187.2	15.8434	697.8306	5.1648	3
187.3	15.8393	697.0467	5.1585	3
187.4	15.8351	696.0934	5.1675	3
187.5	15.8312	695.3366	5.1804	3
187.6	15.8272	694.5466	5.1819	3
187.7	15.8227	693.7737	5.1974	3
187.8	15.818	692.9416	5.197	3
187.9	15.8134	692.0908	5.1861	3
188	15.8086	691.3483	5.1853	3
188.1	15.8036	690.5971	5.1947	3
188.2	15.7984	689.7336	5.1938	3
188.3	15.7934	688.8706	5.1819	3
188.4	15.7885	688.0346	5.1702	3
188.5	15.7835	687.1399	5.1544	3
188.6	15.7786	686.2733	5.1587	3
188.7	15.7738	685.4683	5.1642	3
188.8	15.7688	684.757	5.1639	3
188.9	15.7637	683.9313	5.1731	3
189	15.7585	683.0393	5.1785	3
189.1	15.7535	682.1749	5.1739	3
189.2	15.7485	681.3547	5.1757	3
189.3	15.7435	680.54	5.1857	3
189.4	15.7384	679.6964	5.1914	3
189.5	15.7335	678.8557	5.1815	3
189.6	15.7288	678.0207	5.1795	3
189.7	15.724	677.2105	5.1789	3
189.8	15.719	676.3916	5.1727	3
189.9	15.7139	675.5066	5.1706	3
190	15.7089	674.6433	5.1564	3
190.1	15.7044	673.7667	5.1696	3
190.2	15.6998	672.9001	5.1854	3
190.3	15.6951	672.181	5.1842	3
190.4	15.6906	671.235	5.1868	3
190.5	15.6862	670.4244	5.194	3
190.6	15.682	669.5407	5.199	3
190.7	15.6776	668.7195	5.2036	3
190.8	15.673	667.9329	5.1998	3
190.9	15.6684	667.0875	5.1992	3
191	15.6636	666.305	5.2063	3
191.1	15.6589	665.5109	5.2073	3
191.2	15.6542	664.6983	5.2032	3
191.3	15.6493	663.85	5.1943	3
191.4	15.6441	662.9936	5.1909	3
191.5	15.6392	662.2146	5.1843	3
191.6	15.6342	661.3514	5.1792	3
191.7	15.6294	660.5205	5.1852	3
191.8	15.6243	659.694	5.1769	3
191.9	15.6194	658.8469	5.1703	3
192	15.6144	658.026	5.1884	3
192.1	15.6091	657.2286	5.191	3
192.2	15.6039	656.3697	5.181	3
192.3	15.5987	655.5787	5.191	3
192.4	15.5937	654.8794	5.2055	3
192.5	15.5884	653.8827	5.1996	3
192.6	15.5834	652.9941	5.1877	3
192.7	15.5786	652.1426	5.1721	3
192.8	15.5739	651.3056	5.1807	3
192.9	15.5692	650.4955	5.1879	3
193	15.5644	649.6934	5.1742	3
193.1	15.5597	648.8276	5.1795	3
193.2	15.5549	647.9512	5.1862	3
193.3	15.5501	647.1644	5.1779	3
193.4	15.5453	646.3618	5.1849	3
193.5	15.5405	645.459	5.1946	3
193.6	15.5356	644.7011	5.1871	3
193.7	15.5303	643.9298	5.1751	3
193.8	15.5252	643.0708	5.1755	3
193.9	15.5201	642.1885	5.1781	3
194	15.515	641.3083	5.1817	3
194.1	15.5101	640.5439	5.1738	3
194.2	15.5052	639.6563	5.1718	3
194.3	15.5007	638.7403	5.1823	3
194.4	15.496	638.0005	5.176	3
194.5	15.4909	637.2225	5.1784	3
194.6	15.4858	636.3465	5.1795	3
194.7	15.4812	635.3906	5.1739	3
194.8	15.477	634.5403	5.1673	3
194.9	15.4726	633.7498	5.1646	3
195	15.468	632.8888	5.1687	3
195.1	15.4634	632.078	5.1623	3
195.2	15.4589	631.3723	5.1699	3
195.3	15.4541	630.4954	5.182	3
195.4	15.4494	629.6362	5.1838	3
195.5	15.4446	628.873	5.1852	3
195.6	15.4396	628.0138	5.1811	3
195.7	15.4343	627.2399	5.1801	3
195.8	15.4292	626.3769	5.1706	3
195.9	15.4243	625.5327	5.161	3
196	15.4191	624.79	5.1661	3
196.1	15.4135	623.9765	5.1776	3
196.2	15.408	623.1258	5.1754	3
196.3	15.4027	622.2238	5.1669	3
196.4	15.3976	621.3476	5.1579	3
196.5	15.3925	620.5901	5.162	3
196.6	15.3873	619.78	5.162	3
196.7	15.3819	618.9397	5.1539	3
196.8	15.3764	618.1488	5.152	3
196.9	15.3709	617.3507	5.1617	3
197	15.3654	616.4905	5.1657	3
197.1	15.3599	615.6667	5.1636	3
197.2	15.3544	614.7601	5.1751	3
197.3	15.3489	613.9613	5.1913	3
197.4	15.3434	613.1705	5.1845	3
197.5	15.3379	612.2893	5.169	3
197.6	15.3323	611.4325	5.1668	3
197.7	15.3267	610.6435	5.1806	3
197.8	15.3211	609.839	5.1753	3
197.9	15.3155	608.969	5.166	3
198	15.3098	608.1729	5.1681	3
198.1	15.3041	607.4095	5.1692	3
198.2	15.2983	606.5186	5.1665	3
198.3	15.2923	605.7678	5.156	3
198.4	15.2861	604.9392	5.1668	3
198.5	15.2798	604.0906	5.1724	3
198.6	15.2737	603.3168	5.1779	3
198.7	15.2674	602.502	5.1857	3
198.8	15.2609	601.6084	5.1913	3
198.9	15.2545	600.7431	5.188	3
199	15.2484	599.9668	5.1815	3
199.1	15.2422	599.1489	5.1682	3
199.2	15.236	598.2997	5.1617	3
199.3	15.23	597.4189	5.164	3
199.4	15.2239	596.575	5.1721	3
199.5	15.2178	595.7699	5.1756	3
199.6	15.2117	594.8919	5.1733	3
199.7	15.2059	594.092	5.1819	3
199.8	15.1998	593.2875	5.1815	3
199.9	15.1935	592.4371	5.1721	3
200	15.1871	591.5968	5.1672	3
200.1	15.181	590.7328	5.1623	3
200.2	15.1747	589.9591	5.1456	3
200.3	15.1684	589.1651	5.1615	3
200.4	15.1621	588.2719	5.1768	3
200.5	15.1559	587.4823	5.1649	3
200.6	15.1496	586.6966	5.1583	3
200.7	15.1431	585.8044	5.1582	3
200.8	15.1367	584.992	5.1622	3
200.9	15.1303	584.118	5.1536	3
201	15.1238	583.302	5.1568	3
201.1	15.1176	582.4732	5.1572	3
201.2	15.1113	581.5926	5.1564	3
201.3	15.1051	580.7602	5.1601	3
201.4	15.0988	580.0061	5.1676	3
201.5	15.0926	579.156	5.1704	3
201.6	15.0864	578.2677	5.1569	3
201.7	15.0804	577.3598	5.156	3
201.8	15.0746	576.5419	5.1552	3
201.9	15.0685	575.7532	5.1498	3
202	15.0625	574.8858	5.1531	3
202.1	15.0567	574.0005	5.1649	3
202.2	15.0507	573.2999	5.1718	3
202.3	15.0443	572.4767	5.1833	3
202.4	15.0379	571.6307	5.1765	3
202.5	15.0319	570.7222	5.1774	3
202.6	15.0258	569.8866	5.1797	3
202.7	15.0195	569.1235	5.1635	3
202.8	15.0132	568.3143	5.1621	3
202.9	15.0069	567.4382	5.1731	3
203	15.0009	566.587	5.1754	3
203.1	14.9948	565.727	5.1746	3
203.2	14.9885	564.8789	5.1752	3
203.3	14.9827	563.9872	5.1588	3
203.4	14.9769	563.1997	5.161	3
203.5	14.9711	562.3663	5.1801	3
203.6	14.9653	561.5179	5.1852	3
203.7	14.9596	560.7136	5.1751	3
203.8	14.9537	559.8185	5.1688	3
203.9	14.948	559.0321	5.163	3
204	14.9424	558.1495	5.1667	3
204.1	14.9366	557.3263	5.165	3
204.2	14.931	556.5361	5.1624	3
204.3	14.9254	555.6596	5.1604	3
204.4	14.9198	554.8598	5.1565	3
204.5	14.9141	554.0217	5.161	3
204.6	14.9084	553.0755	5.1658	3
204.7	14.9033	552.1572	5.17	3
204.8	14.8983	551.3671	5.1722	3
204.9	14.8931	550.5831	5.1649	3
205	14.888	549.647	5.1605	3
205.1	14.883	548.8722	5.1468	3
205.2	14.8778	548.1484	5.1422	3
205.3	14.8724	547.2542	5.146	3
205.4	14.8668	546.4639	5.1444	3
205.5	14.8615	545.5501	5.147	3
205.6	14.8565	544.7558	5.156	3
205.7	14.8512	543.9399	5.1619	3
205.8	14.8457	543.0683	5.1584	3
205.9	14.8403	542.2517	5.1635	3
206	14.835	541.4161	5.1665	3
206.1	14.8295	540.6305	5.1569	3
206.2	14.824	539.8564	5.1516	3
206.3	14.8182	539.0094	5.1581	3
206.4	14.8126	538.1739	5.157	3
206.5	14.8068	537.3367	5.1352	3
206.6	14.8008	536.622	5.1297	3
206.7	14.7946	535.7917	5.1448	3
206.8	14.7882	535.0088	5.1496	3
206.9	14.7818	534.1687	5.1535	3
207	14.7756	533.2826	5.1504	3
207.1	14.7693	532.4563	5.1401	3
207.2	14.7626	531.6944	5.1327	3
207.3	14.756	530.8482	5.1281	3
207.4	14.7497	529.9376	5.1396	3
207.5	14.7435	529.1376	5.1359	3
207.6	14.737	528.3779	5.1426	3
207.7	14.7303	527.5317	5.1546	3
207.8	14.7238	526.7381	5.1569	3
207.9	14.7173	525.805	5.1651	3
208	14.711	524.9602	5.1573	3
208.1	14.7047	524.1333	5.1509	3
208.2	14.6983	523.2761	5.1466	3
208.3	14.6919	522.5276	5.1474	3
208.4	14.6854	521.7369	5.1427	3
208.5	14.6787	520.8392	5.1375	3
208.6	14.6719	520.005	5.1508	3
208.7	14.6654	519.1172	5.1606	3
208.8	14.6591	518.3048	5.162	3
208.9	14.6528	517.543	5.1518	3
209	14.6459	516.7252	5.1548	3
209.1	14.6391	515.974	5.1494	3
209.2	14.6322	515.0301	5.1466	3
209.3	14.6253	514.2554	5.1566	3
209.4	14.6186	513.4139	5.1605	3
209.5	14.6119	512.5183	5.155	3
209.6	14.6055	511.6638	5.1479	3
209.7	14.5987	510.819	5.1505	3
209.8	14.5921	510.0662	5.1524	3
209.9	14.5855	509.225	5.1576	3
210	14.5789	508.3476	5.1539	3
210.1	14.5725	507.4881	5.1514	3
210.2	14.5659	506.6781	5.1585	3
210.3	14.5594	505.8112	5.1635	3
210.4	14.553	504.9742	5.1596	3
210.5	14.5466	504.1893	5.1598	3
210.6	14.54	503.3406	5.1667	3
210.7	14.5336	502.523	5.1755	3
210.8	14.5273	501.6176	5.1828	3
210.9	14.521	500.7857	5.1799	3
211	14.5145	499.9605	5.1743	3
211.1	14.5078	499.1685	5.1648	3
211.2	14.5013	498.3958	5.1653	3
211.3	14.4947	497.4832	5.1537	3
211.4	14.4881	496.6729	5.1564	3
211.5	14.4817	495.8422	5.1576	3
211.6	14.4752	494.9707	5.1518	3
211.7	14.4691	494.1284	5.1639	3
211.8	14.4628	493.2931	5.1782	3
211.9	14.4563	492.5112	5.1773	3
212	14.4498	491.6478	5.1646	3
212.1	14.4431	490.8592	5.1622	3
212.2	14.4366	490.0408	5.1654	3
212.3	14.43	489.1541	5.1615	3
212.4	14.4237	488.3158	5.1595	3
212.5	14.4172	487.5136	5.161	3
212.6	14.4106	486.7005	5.1652	3
212.7	14.4041	485.8087	5.159	3
212.8	14.3977	484.9267	5.1641	3
212.9	14.3914	484.2285	5.1684	3
213	14.3848	483.2992	5.1668	3
213.1	14.3782	482.5232	5.1681	3
213.2	14.3716	481.6985	5.1721	3
213.3	14.3648	480.8795	5.1792	3
213.4	14.3581	480.0491	5.1886	3
213.5	14.3514	479.2365	5.1798	3
213.6	14.3445	478.4591	5.162	3
213.7	14.3374	477.617	5.1652	3
213.8	14.3303	476.7707	5.1706	3
213.9	14.3234	475.8399	5.1765	3
214	14.3166	475.1198	5.1668	3
214.1	14.3096	474.2729	5.1634	3
214.2	14.3024	473.3918	5.1736	3
214.3	14.2955	472.6022	5.1703	3
214.4	14.2884	471.8077	5.1541	3
214.5	14.2812	470.9878	5.1552	3
214.6	14.2742	470.1187	5.1537	3
214.7	14.267	469.3016	5.1575	3
214.8	14.2598	468.5134	5.1658	3
214.9	14.2526	467.6158	5.1646	3
215	14.2457	466.7559	5.1699	3
215.1	14.2388	465.9489	5.181	3
215.2	14.2318	465.1663	5.1759	3
215.3	14.2246	464.2794	5.1649	3
215.4	14.2174	463.4603	5.1624	3
215.5	14.2105	462.5718	5.167	3
215.6	14.2033	461.7433	5.1732	3
215.7	14.1964	460.9474	5.1655	3
215.8	14.1898	460.0365	5.1673	3
215.9	14.1832	459.1357	5.1891	3
216	14.1768	458.2716	5.184	3
216.1	14.1706	457.3781	5.1716	3
216.2	14.1647	456.5615	5.1702	3
216.3	14.1585	455.7714	5.181	3
216.4	14.1519	455.088	5.178	3
216.5	14.1451	454.2043	5.1742	3
216.6	14.1383	453.3882	5.1832	3
216.7	14.1316	452.626	5.1914	3
216.8	14.1245	451.7719	5.1868	3
216.9	14.117	451.0235	5.182	3
217	14.1096	450.1969	5.1694	3
217.1	14.1023	449.3991	5.1636	3
217.2	14.0946	448.5711	5.1746	3
217.3	14.0868	447.7927	5.1663	3
217.4	14.0792	446.8545	5.1688	3
217.5	14.0721	445.8719	5.1733	3
217.6	14.0655	444.9774	5.1747	3
217.7	14.0589	444.1909	5.1911	3
217.8	14.0523	443.3245	5.1763	3
217.9	14.0457	442.4616	5.1659	3
218	14.0394	441.7156	5.1617	3
218.1	14.0328	440.8774	5.1614	3
218.2	14.026	440.028	5.1762	3
218.3	14.0194	439.1354	5.1917	3
218.4	14.0129	438.3323	5.1851	3
218.5	14.0063	437.5047	5.1746	3
218.6	13.9997	436.6537	5.1762	3
218.7	13.9931	435.8732	5.1901	3
218.8	13.9865	435.0219	5.1974	3
218.9	13.9799	434.2129	5.1894	3
219	13.9733	433.3045	5.1853	3
219.1	13.9668	432.4296	5.1864	3
219.2	13.9605	431.6741	5.1909	3
219.3	13.9537	430.8371	5.1856	3
219.4	13.9468	430.0394	5.1795	3
219.5	13.94	429.2697	5.1868	3
219.6	13.933	428.4562	5.1972	3
219.7	13.9258	427.6506	5.1783	3
219.8	13.9188	426.7322	5.1684	3
219.9	13.9118	425.9339	5.1805	3
220	13.9046	425.1684	5.1702	3
220.1	13.8974	424.3013	5.164	3
220.2	13.8902	423.4783	5.1666	3
220.3	13.8831	422.6757	5.1579	3
220.4	13.8757	421.7868	5.1583	3
220.5	13.8685	420.9248	5.1585	3
220.6	13.8614	420.069	5.1664	3
220.7	13.8544	419.2276	5.1807	3
220.8	13.8477	418.4408	5.1872	3
220.9	13.8408	417.6102	5.1864	3
221	13.8335	416.8258	5.1743	3
221.1	13.826	416.057	5.1874	3
221.2	13.8187	415.12	5.2055	3
221.3	13.8116	414.3174	5.2118	3
221.4	13.8044	413.5308	5.2112	3
221.5	13.7968	412.746	5.1983	3
221.6	13.7893	411.9354	5.1909	3
221.7	13.7815	411.0524	5.1866	3
221.8	13.7737	410.2637	5.1773	3
221.9	13.766	409.4165	5.1722	3
222	13.7583	408.5349	5.183	3
222.1	13.7508	407.7117	5.1875	3
222.2	13.7433	406.8621	5.1871	3
222.3	13.7354	406.0098	5.1753	3
222.4	13.7281	405.1822	5.1712	3
222.5	13.7209	404.2078	5.1663	3
222.6	13.7137	403.4741	5.1645	3
222.7	13.7065	402.6897	5.1626	3
222.8	13.6989	401.8687	5.1678	3
222.9	13.6911	401.071	5.1681	3
223	13.6834	400.2301	5.183	3
223.1	13.6756	399.5236	5.1866	3
223.2	13.6678	398.5602	5.1784	3
223.3	13.6598	397.6955	5.1676	3
223.4	13.6522	396.9392	5.173	3
223.5	13.6445	396.0953	5.1758	3
223.6	13.6369	395.2917	5.1789	3
223.7	13.6292	394.4075	5.1736	3
223.8	13.6215	393.5903	5.1691	3
223.9	13.6138	392.769	5.1794	3
224	13.6059	391.9031	5.1837	3
224.1	13.5981	391.1727	5.1784	3
224.2	13.5903	390.2717	5.1873	3
224.3	13.5825	389.3929	5.188	3
224.4	13.5751	388.5231	5.1869	3
224.5	13.5676	387.5931	5.185	3
224.6	13.5602	386.8775	5.1908	3
224.7	13.5528	386.0022	5.1865	3
224.8	13.5452	385.147	5.1785	3
224.9	13.5377	384.4457	5.1767	3
225	13.5298	383.6559	5.1714	3
225.1	13.5219	382.7237	5.1741	3
225.2	13.5145	381.8129	5.1771	3
225.3	13.5071	381.0291	5.1799	3
225.4	13.4996	380.1329	5.1866	3
225.5	13.4925	379.2207	5.1938	3
225.6	13.4857	378.3358	5.2054	3
225.7	13.4788	377.5877	5.2082	3
225.8	13.472	376.696	5.2041	3
225.9	13.465	375.8463	5.2039	3
226	13.4581	375.1007	5.1951	3
226.1	13.4509	374.2958	5.193	3
226.2	13.4436	373.527	5.1838	3
226.3	13.4364	372.5899	5.1629	3
226.4	13.4292	371.7896	5.1672	3
226.5	13.4222	370.9569	5.167	3
226.6	13.4149	370.1021	5.1768	3
226.7	13.4074	369.3891	5.1783	3
226.8	13.3999	368.5155	5.1612	3
226.9	13.3922	367.711	5.1661	3
227	13.3844	366.8896	5.1676	3
227.1	13.3766	366.0637	5.1665	3
227.2	13.369	365.2378	5.1773	3
227.3	13.3615	364.3984	5.1837	3
227.4	13.3538	363.6177	5.1689	3
227.5	13.3459	362.8139	5.1737	3
227.6	13.3376	362.0522	5.182	3
227.7	13.329	361.2614	5.1863	3
227.8	13.3203	360.4396	5.1886	3
227.9	13.3118	359.5355	5.1876	3
228	13.3036	358.6939	5.1952	3
228.1	13.2953	357.8188	5.2067	3
228.2	13.2871	357.0006	5.1957	3
228.3	13.2792	356.1737	5.1995	3
228.4	13.2709	355.3555	5.206	3
228.5	13.2626	354.5439	5.1843	3
228.6	13.2544	353.6145	5.1782	3
228.7	13.2463	352.8343	5.171	3
228.8	13.2383	352.054	5.1685	3
228.9	13.2303	351.16	5.1717	3
229	13.2225	350.2629	5.1725	3
229.1	13.2149	349.4539	5.1845	3
229.2	13.2069	348.6448	5.1794	3
229.3	13.1986	347.8375	5.1812	3
229.4	13.1905	346.9253	5.1849	3
229.5	13.1824	346.141	5.179	3
229.6	13.1742	345.3576	5.1678	3
229.7	13.1659	344.5111	5.1615	3
229.8	13.1576	343.6705	5.1698	3
229.9	13.1491	342.887	5.1683	3
230	13.1407	342.0117	5.1712	3
230.1	13.1325	341.2348	5.1638	3
230.2	13.1242	340.4123	5.1486	3
230.3	13.1155	339.5682	5.1433	3
230.4	13.1069	338.7209	5.1647	3
230.5	13.0982	337.8718	5.1732	3
230.6	13.0897	337.1155	5.161	3
230.7	13.081	336.2467	5.1576	3
230.8	13.0723	335.3958	5.1675	3
230.9	13.0637	334.618	5.1776	3
231	13.055	333.7614	5.1811	3
231.1	13.0461	333.0124	5.1838	3
231.2	13.0373	332.1245	5.1778	3
231.3	13.0288	331.2372	5.1689	3
231.4	13.0203	330.4226	5.1719	3
231.5	13.0115	329.599	5.172	3
231.6	13.0027	328.7311	5.1693	3
231.7	12.994	327.8434	5.177	3
231.8	12.9857	327.0395	5.1866	3
231.9	12.9775	326.1849	5.2092	3
232	12.969	325.3984	5.2086	3
232.1	12.9604	324.6598	5.186	3
232.2	12.9517	323.7043	5.1848	3
232.3	12.9431	322.8782	5.1898	3
232.4	12.9346	321.9929	5.1865	3
232.5	12.9261	321.1726	5.1776	3
232.6	12.9177	320.4278	5.1728	3
232.7	12.9092	319.5126	5.1668	3
232.8	12.9007	318.6844	5.1692	3
232.9	12.8923	317.8779	5.175	3
233	12.8836	317.1107	5.1717	3
233.1	12.875	316.2114	5.1801	3
233.2	12.8665	315.3736	5.1945	3
233.3	12.8579	314.6211	5.1987	3
233.4	12.8492	313.8317	5.1833	3
233.5	12.8404	312.9543	5.1806	3
233.6	12.8315	312.1074	5.1812	3
233.7	12.8226	311.3099	5.1804	3
233.8	12.8138	310.5158	5.1803	3
233.9	12.8048	309.6051	5.1844	3
234	12.7961	308.7288	5.1837	3
234.1	12.7878	307.8445	5.1803	3
234.2	12.7794	307.0547	5.1801	3
234.3	12.7708	306.3013	5.1709	3
234.4	12.7622	305.4424	5.1797	3
234.5	12.7536	304.5043	5.1769	3
234.6	12.7453	303.6354	5.1697	3
234.7	12.7372	302.751	5.1758	3
234.8	12.7293	301.9158	5.1722	3
234.9	12.7215	301.0387	5.1633	3
235	12.714	300.1673	5.1802	3
235.1	12.7064	299.3718	5.1926	3
235.2	12.6986	298.5811	5.184	3
235.3	12.6907	297.7561	5.1693	3
235.4	12.6827	296.9286	5.1523	3
235.5	12.6747	296.1079	5.1584	3
235.6	12.6666	295.3395	5.1681	3
235.7	12.6583	294.5453	5.1671	3
235.8	12.65	293.6437	5.1631	3
235.9	12.6418	292.8557	5.1651	3
236	12.6331	292.1066	5.1604	3
236.1	12.6243	291.3433	5.1641	3
236.2	12.6153	290.5446	5.1756	3
236.3	12.6063	289.6814	5.1835	3
236.4	12.5971	288.8296	5.1867	3
236.5	12.5881	288.0403	5.1967	3
236.6	12.5791	287.1487	5.1961	3
236.7	12.5704	286.2703	5.1856	3
236.8	12.5618	285.4379	5.1976	3
236.9	12.5529	284.6171	5.1919	3
237	12.544	283.7759	5.1871	3
237.1	12.5352	282.9357	5.172	3
237.2	12.5264	282.1534	5.1714	3
237.3	12.5173	281.3376	5.1712	3
237.4	12.5082	280.5509	5.1714	3
237.5	12.4992	279.7082	5.1877	3
237.6	12.49	278.8812	5.1873	3
237.7	12.4804	278.1053	5.177	3
237.8	12.4704	277.3452	5.1852	3
237.9	12.4605	276.4667	5.1811	3
238	12.4509	275.5647	5.1758	3
238.1	12.4416	274.6292	5.1904	3
238.2	12.4327	273.8195	5.1946	3
238.3	12.4238	273.0204	5.1717	3
238.4	12.4146	272.1534	5.1696	3
238.5	12.4052	271.3768	5.1737	3
238.6	12.3959	270.6141	5.1713	3
238.7	12.3862	269.8142	5.1779	3
238.8	12.3765	269.0318	5.1859	3
238.9	12.3667	268.169	5.1755	3
239	12.3569	267.3074	5.176	3
239.1	12.3471	266.5115	5.1744	3
239.2	12.3375	265.5846	5.1652	3
239.3	12.3282	264.6279	5.1621	3
239.4	12.3189	263.8341	5.1685	3
239.5	12.3098	263.0233	5.1652	3
239.6	12.3007	262.1886	5.1612	3
239.7	12.2912	261.4184	5.1683	3
239.8	12.2816	260.5429	5.1765	3
239.9	12.2723	259.7616	5.1787	3
240	12.2629	258.9345	5.1655	3
240.1	12.2534	258.175	5.1765	3
240.2	12.2434	257.341	5.1946	3
240.3	12.2334	256.5057	5.1906	3
240.4	12.2235	255.7089	5.1904	3
240.5	12.2136	254.8493	5.2036	3
240.6	12.2039	253.9698	5.192	3
240.7	12.1943	253.1284	5.1792	3
240.8	12.1844	252.3641	5.1827	3
240.9	12.1743	251.5313	5.1868	3
241	12.1641	250.6538	5.1995	3
241.1	12.1538	249.866	5.1984	3
241.2	12.1437	249.0524	5.1914	3
241.3	12.1336	248.2428	5.1836	3
241.4	12.1232	247.4247	5.1895	3
241.5	12.1126	246.6242	5.1969	3
241.6	12.1021	245.8216	5.1962	3
241.7	12.0915	245.0073	5.1931	3
241.8	12.0807	244.1758	5.1886	3
241.9	12.0699	243.3227	5.1741	3
242	12.0593	242.5113	5.1669	3
242.1	12.0484	241.7194	5.1753	3
242.2	12.0375	240.8197	5.1763	3
242.3	12.0268	239.974	5.1817	3
242.4	12.0162	239.1642	5.1888	3
242.5	12.0053	238.3348	5.1826	3
242.6	11.9945	237.4653	5.1867	3
242.7	11.9841	236.6324	5.1847	3
242.8	11.9735	235.7856	5.1712	3
242.9	11.9623	235.0423	5.1722	3
243	11.9513	234.2872	5.178	3
243.1	11.9402	233.3678	5.1727	3
243.2	11.9292	232.479	5.1536	3
243.3	11.9183	231.6526	5.1599	3
243.4	11.9078	230.7917	5.1795	3
243.5	11.897	229.9943	5.1731	3
243.6	11.8862	229.1598	5.1683	3
243.7	11.8752	228.4189	5.1704	3
243.8	11.8643	227.5516	5.1705	3
243.9	11.8535	226.6561	5.1649	3
244	11.8425	225.8068	5.1587	3
244.1	11.8318	224.9611	5.1596	3
244.2	11.8212	224.124	5.1693	3
244.3	11.8106	223.2852	5.1816	3
244.4	11.7998	222.523	5.1756	3
244.5	11.7889	221.7005	5.1735	3
244.6	11.7782	220.7619	5.1616	3
244.7	11.7677	219.929	5.149	3
244.8	11.7572	219.0937	5.146	3
244.9	11.7469	218.2342	5.151	3
245	11.7364	217.4016	5.1587	3
245.1	11.7262	216.513	5.1715	3
245.2	11.7161	215.664	5.172	3
245.3	11.7057	214.9243	5.1746	3
245.4	11.6952	214.0982	5.1644	3
245.5	11.6847	213.279	5.1461	3
245.6	11.6738	212.5202	5.1453	3
245.7	11.6633	211.5917	5.1467	3
245.8	11.6529	210.7392	5.1567	3
245.9	11.6423	209.9989	5.1645	3
246	11.6315	209.1432	5.175	3
246.1	11.6208	208.346	5.182	3
246.2	11.6103	207.4675	5.1816	3
246.3	11.5993	206.6204	5.1768	3
246.4	11.5884	205.9047	5.1718	3
246.5	11.5771	205.057	5.1709	3
246.6	11.566	204.2036	5.1782	3
246.7	11.5551	203.3237	5.1818	3
246.8	11.5445	202.5036	5.1849	3
246.9	11.5336	201.6938	5.1934	3
247	11.5226	200.8879	5.2004	3
247.1	11.5114	200.0211	5.2019	3
247.2	11.5005	199.1863	5.2006	3
247.3	11.4896	198.4004	5.2013	3
247.4	11.4786	197.4855	5.1993	3
247.5	11.4675	196.6837	5.1882	3
247.6	11.4564	195.879	5.1838	3
247.7	11.4454	195.0936	5.18	3
247.8	11.4342	194.28	5.1779	3
247.9	11.4226	193.4977	5.1727	3
248	11.4109	192.735	5.1702	3
248.1	11.3989	191.8864	5.1722	3
248.2	11.3866	191.0886	5.1757	3
248.3	11.3746	190.3072	5.1837	3
248.4	11.3625	189.4096	5.1801	3
248.5	11.3505	188.5815	5.1806	3
248.6	11.3385	187.7672	5.1881	3
248.7	11.3263	186.9545	5.1845	3
248.8	11.314	186.1037	5.1801	3
248.9	11.3019	185.2454	5.1946	3
249	11.2897	184.48	5.1962	3
249.1	11.2773	183.677	5.1913	3
249.2	11.265	182.8421	5.1939	3
249.3	11.2528	181.8573	5.1817	3
249.4	11.2407	181.0693	5.1751	3
249.5	11.2287	180.3046	5.1819	3
249.6	11.2162	179.415	5.1876	3
249.7	11.2038	178.6105	5.1926	3
249.8	11.1916	177.7329	5.1894	3
249.9	11.1794	176.9313	5.1963	3
250	11.1671	176.1097	5.1948	3
250.1	11.1549	175.2542	5.183	3
250.2	11.1425	174.5286	5.1827	3
250.3	11.1298	173.7521	5.206	3
250.4	11.1168	172.9057	5.2095	3
250.5	11.104	172.0386	5.1985	3
250.6	11.0913	171.246	5.1843	3
250.7	11.0783	170.4344	5.1874	3
250.8	11.0652	169.6347	5.1918	3
250.9	11.052	168.8606	5.1784	3
251	11.0385	168.0213	5.1787	3
251.1	11.0252	167.1708	5.1874	3
251.2	11.0117	166.3034	5.1926	3
251.3	10.9981	165.4663	5.1982	3
251.4	10.9846	164.7443	5.1873	3
251.5	10.9708	163.9232	5.1944	3
251.6	10.957	162.9909	5.1981	3
251.7	10.9437	162.2591	5.1864	3
251.8	10.9301	161.4138	5.1941	3
251.9	10.9162	160.5853	5.202	3
252	10.9023	159.758	5.2087	3
252.1	10.8885	158.8984	5.217	3
252.2	10.8747	158.0823	5.2131	3
252.3	10.8609	157.2527	5.1978	3
252.4	10.8468	156.5125	5.1852	3
252.5	10.8323	155.6721	5.1888	3
252.6	10.8181	154.8912	5.1905	3
252.7	10.8038	154.0754	5.1879	3
252.8	10.7891	153.1872	5.1918	3
252.9	10.7745	152.4104	5.1886	3
253	10.76	151.5459	5.1902	3
253.1	10.7455	150.6952	5.2002	3
253.2	10.731	149.9418	5.203	3
253.3	10.716	149.1245	5.2046	3
253.4	10.7009	148.3002	5.2065	3
253.5	10.6862	147.3871	5.2067	3
253.6	10.6715	146.5241	5.2122	3
253.7	10.6568	145.792	5.2075	3
253.8	10.6419	145.0103	5.1986	3
253.9	10.6271	144.1507	5.2016	3
254	10.6121	143.2716	5.2055	3
254.1	10.597	142.518	5.1966	3
254.2	10.5819	141.7236	5.1944	3
254.3	10.5667	140.8649	5.1997	3
254.4	10.5513	140.0209	5.1976	3
254.5	10.5359	139.2201	5.1988	3
254.6	10.5205	138.413	5.2109	3
254.7	10.5051	137.524	5.2141	3
254.8	10.4898	136.7151	5.2018	3
254.9	10.4745	135.8621	5.1998	3
255	10.4589	135.0216	5.2056	3
255.1	10.4434	134.2068	5.2018	3
255.2	10.4279	133.3846	5.207	3
255.3	10.4124	132.537	5.1936	3
255.4	10.397	131.7602	5.1934	3
255.5	10.3815	130.9443	5.1987	3
255.6	10.3657	130.1432	5.2032	3
255.7	10.3499	129.2999	5.2005	3
255.8	10.3339	128.467	5.2027	3
255.9	10.3181	127.645	5.2216	3
256	10.302	126.8074	5.2066	3
256.1	10.286	125.9884	5.1944	3
256.2	10.2699	125.0808	5.2001	3
256.3	10.254	124.2598	5.2065	3
256.4	10.2381	123.4708	5.2125	3
256.5	10.222	122.7342	5.2078	3
256.6	10.2059	121.9127	5.2019	3
256.7	10.1895	121.0659	5.2014	3
256.8	10.1728	120.3019	5.2027	3
256.9	10.156	119.4394	5.1975	3
257	10.1393	118.5984	5.1868	3
257.1	10.1228	117.7372	5.1769	3
257.2	10.1063	116.9001	5.1894	3
257.3	10.0898	116.0596	5.1889	3
257.4	10.0733	115.2428	5.1886	3
257.5	10.0569	114.4143	5.1845	3
257.6	10.0403	113.6663	5.189	3
257.7	10.0235	112.8303	5.1997	3
257.8	10.0068	111.9623	5.1916	3
257.9	9.9899	111.1566	5.1931	3
258	9.9727	110.3553	5.1854	3
258.1	9.9552	109.5599	5.1854	3
258.2	9.9382	108.6921	5.189	3
258.3	9.9211	107.8584	5.1805	3
258.4	9.9036	107.0986	5.1836	3
258.5	9.8864	106.1658	5.1845	3
258.6	9.8695	105.3651	5.1803	3
258.7	9.8523	104.5339	5.188	3
258.8	9.8349	103.7324	5.1974	3
258.9	9.8177	102.8867	5.1873	3
259	9.8007	102.0253	5.1912	3
259.1	9.7834	101.2978	5.2015	3
259.2	9.7657	100.4998	5.2113	3
259.3	9.7479	99.6416	5.2218	3
259.4	9.7302	98.8223	5.2159	3
259.5	9.7122	98.0595	5.2021	3
259.6	9.694	97.2275	5.1869	3
259.7	9.6757	96.3619	5.1959	3
259.8	9.6575	95.54	5.2046	3
259.9	9.6394	94.7865	5.2141	3
260	9.6208	94.0196	5.213	3
260.1	9.6019	93.2143	5.2014	3
260.2	9.5829	92.3371	5.2016	3
260.3	9.564	91.5448	5.2068	3
260.4	9.5451	90.7638	5.2024	3
260.5	9.5258	89.9646	5.2024	3
260.6	9.5066	89.1181	5.2059	3
260.7	9.4873	88.2804	5.196	3
260.8	9.4679	87.4867	5.1931	3
260.9	9.448	86.7049	5.1998	3
261	9.4283	85.8352	5.2032	3
261.1	9.4087	85.019	5.2023	3
261.2	9.3889	84.2366	5.1919	3
261.3	9.3687	83.4665	5.1782	3
261.4	9.3484	82.6348	5.182	3
261.5	9.328	81.81	5.1922	3
261.6	9.3077	81.0002	5.1976	3
261.7	9.2872	80.1602	5.1978	3
261.8	9.2667	79.3429	5.1866	3
261.9	9.2462	78.5675	5.1783	3
262	9.2258	77.7261	5.1999	3
262.1	9.2057	76.8618	5.2128	3
262.2	9.1854	76.0715	5.2087	3
262.3	9.1644	75.292	5.1991	3
262.4	9.1433	74.4938	5.198	3
262.5	9.122	73.6663	5.1934	3
262.6	9.1006	72.7928	5.1936	3
262.7	9.0791	72.0304	5.1951	3
262.8	9.0577	71.2008	5.1894	3
262.9	9.0362	70.347	5.1923	3
263	9.0148	69.5199	5.2092	3
263.1	8.9932	68.6585	5.2014	3
263.2	8.9715	67.8657	5.1957	3
263.3	8.95	67.0455	5.2003	3
263.4	8.9281	66.2408	5.2016	3
263.5	8.906	65.4268	5.1968	3
263.6	8.8841	64.6682	5.1893	3
263.7	8.8618	63.9012	5.1831	3
263.8	8.8389	63.0755	5.1942	3
263.9	8.8162	62.2752	5.1991	3
264	8.7934	61.4923	5.1999	3
264.1	8.7702	60.7069	5.1978	3
264.2	8.7467	59.9098	5.2011	3
264.3	8.7231	59.1125	5.1987	3
264.4	8.699	58.3034	5.1907	3
264.5	8.6748	57.5293	5.1951	3
264.6	8.6504	56.791	5.194	3
264.7	8.6258	55.9525	5.1883	3
264.8	8.6011	55.1463	5.1852	3
264.9	8.5761	54.3543	5.1926	3
265	8.5509	53.5669	5.1945	3
265.1	8.5254	52.7798	5.1898	3
265.2	8.4999	51.9308	5.197	3
265.3	8.4744	51.1741	5.1951	3
265.4	8.4484	50.4456	5.1844	3
265.5	8.4217	49.6506	5.1703	3
265.6	8.3953	48.7482	5.1753	3
265.7	8.3692	48.0016	5.181	3
265.8	8.3426	47.2081	5.1812	3
265.9	8.3154	46.4004	5.1856	3
266	8.2883	45.6342	5.1991	3
266.1	8.2609	44.7911	5.2108	3
266.2	8.2336	43.9421	5.2144	3
266.3	8.2066	43.1425	5.2186	3
266.4	8.1793	42.2837	5.2171	3
266.5	8.1517	41.4931	5.2263	3
266.6	8.1239	40.6949	5.2204	3
266.7	8.0961	39.9059	5.2184	3
266.8	8.0681	39.125	5.2111	3
266.9	8.0395	38.3977	5.2134	3
267	8.0103	37.6186	5.2101	3
267.1	7.9812	36.7391	5.2085	3
267.2	7.9518	36.0277	5.2163	3
267.3	7.9221	35.2713	5.2213	3
267.4	7.892	34.4293	5.2005	3
267.5	7.8619	33.6239	5.1837	3
267.6	7.8318	32.8203	5.1926	3
267.7	7.8013	32.0862	5.211	3
267.8	7.7709	31.2571	5.1941	3
267.9	7.7402	30.4608	5.1828	3
268	7.7089	29.7153	5.1929	3
268.1	7.6773	28.9078	5.1987	3
268.2	7.6452	28.1647	5.1995	3
268.3	7.613	27.3762	5.1943	3
268.4	7.5805	26.5883	5.188	3
268.5	7.548	25.8047	5.1817	3
268.6	7.5151	25.0133	5.1899	3
268.7	7.4818	24.2375	5.1999	3
268.8	7.4481	23.4621	5.2026	3
268.9	7.4143	22.6686	5.1795	3
269	7.3801	21.9219	5.1646	3
269.1	7.3456	21.0784	5.1618	3
269.2	7.3111	20.2946	5.1693	3
269.3	7.2765	19.4948	5.1708	3
269.4	7.2416	18.7526	5.1798	3
269.5	7.2059	18.0208	5.1982	3
269.6	7.1699	17.2371	5.211	3
269.7	7.1335	16.4622	5.2048	3
269.8	7.0968	15.6764	5.1891	3
269.9	7.0603	14.862	5.1837	3
270	7.0234	14.1144	5.1798	3
270.1	6.986	13.3203	5.1897	3
270.2	6.9483	12.5448	5.1874	4
270.3	6.9104	11.8025	5.1735	4
270.4	6.8719	11.0852	5.169	4
270.5	6.8342	10.3729	5.1704	4
270.6	6.7557	4.144	5.1679	4
270.7	6.4955	-14.9694	5.1697	4
270.8	6.0795	-30.4547	5.1728	4
270.9	5.6221	-37.5139	5.1738	4
271	5.1489	-40.9639	5.1679	4
271.1	4.6666	-42.3378	5.1896	4
271.2	4.1785	-42.4173	5.2029	4
271.3	3.6862	-41.6141	5.1944	4
271.4	3.1907	-40.3894	5.1767	4
271.5	2.6926	-38.6823	5.1897	4
271.6	2.1926	-36.1348	5.1942	4
271.7	1.6909	-33.3931	5.1925	4
271.8	1.1887	-31.1842	5.2014	4
271.9	0.6849	-28.9823	5.1888	4
272	0.1794	-26.5744	5.1797	4
272.1	-0.3277	-23.9315	5.1751	4
272.2	-0.8353	-21.6046	5.179	4
272.3	-1.3432	-19.9233	5.1809	4
272.4	-1.8516	-18.7059	5.1742	4
272.5	-2.3601	-17.7542	5.1625	4
272.6	-2.8688	-17.1552	5.1594	4
272.7	-3.3782	-16.6184	5.1609	4
272.8	-3.8882	-16.0434	5.1749	4
272.9	-4.3987	-15.4316	5.1792	4
273	-4.9096	-14.8268	5.1826	4
273.1	-5.4203	-14.4997	5.1897	4
273.2	-5.931	-14.2897	5.1941	4
273.3	-6.441	-14.132	5.1862	4
273.4	-6.9518	-13.9562	5.1835	4
273.5	-7.4557	-13.7116	5.1922	4
273.6	-7.861	-13.3824	5.1889	4
273.7	-8.1044	-13.1058	5.1771	4
273.8	-8.2882	-12.9957	5.1849	4
273.9	-8.4615	-12.8512	5.1867	4
274	-8.6297	-12.7056	5.1853	4
274.1	-8.7945	-12.6654	5.1923	4
274.2	-8.9572	-12.6047	5.1942	4
274.3	-9.1183	-12.5454	5.1849	4
274.4	-9.2787	-12.4827	5.1881	4
274.5	-9.4385	-12.4359	5.1989	4
274.6	-9.5978	-12.445	5.1898	4
274.7	-9.7567	-12.4512	5.193	4
274.8	-9.9152	-12.4393	5.1936	4
274.9	-10.0732	-12.473	5.1862	4
275	-10.2312	-12.4107	5.1754	4
275.1	-10.389	-12.3447	5.1795	4
275.2	-10.5464	-12.3431	5.1858	4
