Indentation

 + Advanced

+ Advanced
   Acquisition rate :	10.0 [Hz]
   Linear loading
   Max load :	1000.00 	µN
   Loading rate :	500.00 	µN/min
   Unloading rate :	500.00 	µN/min
   Pause :	30.0 s

+ TTX - UNHT Bio S/N: 1000136751 settings
   Fn contact : 25 µN
   Approach distance : 20 µm
   Approach speed : 100 µm/min
   Retract speed : 200 µm/min
   Retract time : 5 sec
   Dz sensor in large range
   Load in fine range
   FnRef in fine range
   FnRef contactload :500.000 µN
   Stiffness threshold : 1 µN/µm

   X Position :9882.34 µm
   Y Position :38924.97 µm
   Z Position :8215.53 µm

Date :6/9/2026
Time :2:55:05 PM

Analysis n # 1

   Method :	Hertz

 + Parameters

  Load Fit [10%,98%]

 + Main results

   EHz=	807.69 	kPa

 + Hypothesis


 + Additional results

   ErHz=	887.57 kPa
   h offset=	17.26 µm
   R2=	1.00

Analysis n # 2

   Method :	Oliver & Pharr

 + Parameters

  Unload Fit [40%,98%]

 + Main results

   HIT=	12.886 	kPa
   EIT=	560.67 	kPa
   E*=	616.12 	kPa

 + Hypothesis

   !!! Indenter not calibrated !!!
   m out of O&P hypothesis
   Poisson's ratio(nu)=	0.30 

 + Additional results

   HVIT=	0.0013135 	 Vickers
   CIT 0.001/120/30=	1.58 	%
   nIT=	70.21 %
   Fmax=	995.41 	µN
   hmax=	28.97 	µm
   S=	193.2291 	µN/µm
   F/S²=	0.0267 	µm²/µN
   hc=	25.23 	µm
   hr=	23.82 	µm
   hp=	7.02 	µm
   m=	4.2614 
   Epsilon=	0.73 
   R2=	0.999
   Ap=	77250.46 	µm²
   Welast=	3442.93 pJ
   Wplast=	1460.85 pJ
   Wtotal=	4903.78 pJ
   Er=	616.12 	kPa

Measured values
Time (s)	Pd (µm)	Fn (µN)	FnRef (µN)	SegmentID

0	0	0	5.1196	0
0.1	0.1806	0.1032	5.1056	0
0.2	0.5064	0.2147	5.1048	0
0.3	0.9529	0.2062	5.109	0
0.4	1.4109	0.3921	5.1113	0
0.5	1.8585	0.5091	5.1051	0
0.6	2.2933	0.5576	5.109	0
0.7	2.7144	0.6005	5.1126	0
0.8	3.1221	0.6808	5.107	0
0.9	3.5164	0.7832	5.0943	0
1	3.8978	0.89	5.0854	0
1.1	4.2667	0.9458	5.0911	0
1.2	4.6239	1.0426	5.1074	0
1.3	4.9692	1.1408	5.1129	0
1.4	5.3034	1.2101	5.1102	0
1.5	5.6287	1.3801	5.1282	0
1.6	5.9444	1.3838	5.1346	0
1.7	6.2505	1.4939	5.1253	0
1.8	6.5482	1.4343	5.1287	0
1.9	6.8377	1.5306	5.1322	0
2	7.1196	1.6894	5.1328	0
2.1	7.3943	1.5812	5.1329	0
2.2	7.6618	1.7263	5.1336	0
2.3	7.9226	1.7849	5.1359	0
2.4	8.1776	1.9064	5.1397	0
2.5	8.4269	1.9827	5.1419	0
2.6	8.6705	2.106	5.1399	0
2.7	8.9093	2.1102	5.1474	0
2.8	9.1437	2.3341	5.1483	0
2.9	9.3738	2.4251	5.1348	0
3	9.5994	2.6992	5.1277	0
3.1	9.821	2.7987	5.1326	0
3.2	10.0393	3.0108	5.129	0
3.3	10.2544	3.327	5.1145	0
3.4	10.4666	3.4169	5.1142	0
3.5	10.6754	3.7402	5.1317	1
3.6	10.8816	3.9036	5.1341	1
3.7	11.085	4.1934	5.1331	1
3.8	11.2867	4.3779	5.1399	1
3.9	11.4724	4.4748	5.134	1
4	11.5892	4.5774	5.1323	1
4.1	11.6436	4.6147	5.1357	1
4.2	11.6849	4.6704	5.144	1
4.3	11.7253	4.7423	5.1436	1
4.4	11.7664	4.7748	5.137	1
4.5	11.8092	4.824	5.135	1
4.6	11.8538	4.9821	5.138	1
4.7	11.9009	4.9776	5.146	1
4.8	11.9504	5.175	5.1583	1
4.9	12.0025	5.1688	5.1674	1
5	12.0579	5.2869	5.1652	1
5.1	12.1167	5.3548	5.1721	1
5.2	12.179	5.478	5.1746	1
5.3	12.2443	5.6087	5.1563	1
5.4	12.3134	5.6704	5.1571	1
5.5	12.3866	5.7716	5.1558	1
5.6	12.463	5.9467	5.1424	1
5.7	12.5424	6.1131	5.1359	1
5.8	12.6254	6.1837	5.1416	1
5.9	12.7133	6.2743	5.1558	1
6	12.8053	6.5028	5.1624	1
6.1	12.9008	6.6661	5.1613	1
6.2	13.0001	6.8157	5.1563	1
6.3	13.1033	7.0299	5.1632	1
6.4	13.2097	7.2923	5.1649	1
6.5	13.3199	7.5242	5.1641	1
6.6	13.4339	7.6965	5.1645	1
6.7	13.5516	8.0025	5.1663	1
6.8	13.6724	8.3303	5.1741	1
6.9	13.7962	8.6872	5.1681	1
7	13.9235	8.9939	5.1654	1
7.1	14.0541	9.2207	5.1723	1
7.2	14.1879	9.7031	5.1651	1
7.3	14.3241	10.1981	5.1737	1
7.4	14.4631	10.5621	5.1754	1
7.5	14.6046	11.1962	5.1754	1
7.6	14.7482	11.6542	5.165	1
7.7	14.8933	12.3328	5.1613	1
7.8	15.0403	12.9662	5.1528	1
7.9	15.1885	13.6661	5.1404	1
8	15.3376	14.5072	5.1372	1
8.1	15.4871	15.3821	5.1395	1
8.2	15.6368	16.2481	5.1482	1
8.3	15.7864	17.3239	5.1558	1
8.4	15.9349	18.4385	5.1619	1
8.5	16.0822	19.6792	5.1622	1
8.6	16.2273	21.0033	5.1506	1
8.7	16.3698	22.4578	5.1456	1
8.8	16.5089	24.0234	5.1477	1
8.9	16.6441	25.6101	5.1502	1
9	16.7753	27.3761	5.1448	1
9.1	16.9014	29.2379	5.1335	1
9.2	17.0222	31.0771	5.1346	1
9.3	17.1371	33.1267	5.1477	1
9.4	17.2456	35.0907	5.1496	1
9.5	17.3479	37.0746	5.1424	1
9.6	17.4435	39.0465	5.1383	1
9.7	17.5332	40.9054	5.1279	1
9.8	17.6173	42.7816	5.1285	1
9.9	17.6956	44.5785	5.1542	1
10	17.7688	46.2076	5.1642	1
10.1	17.8373	47.7582	5.1595	1
10.2	17.9016	49.3068	5.155	1
10.3	17.9618	50.8271	5.1491	1
10.4	18.0182	52.2439	5.1382	1
10.5	18.071	53.6334	5.1543	1
10.6	18.1205	54.9641	5.1605	1
10.7	18.167	56.3003	5.1568	1
10.8	18.2108	57.4703	5.1624	1
10.9	18.2526	58.5552	5.158	1
11	18.2926	59.7209	5.1637	1
11.1	18.3303	60.8451	5.1542	1
11.2	18.3662	61.8812	5.1352	1
11.3	18.401	62.8533	5.1338	1
11.4	18.4347	63.8747	5.135	1
11.5	18.4675	64.8747	5.1259	1
11.6	18.499	65.9457	5.1319	1
11.7	18.5288	66.8795	5.136	1
11.8	18.5576	67.9201	5.1465	1
11.9	18.5853	68.8827	5.1568	1
12	18.6125	69.7549	5.1415	1
12.1	18.6388	70.7212	5.1355	1
12.2	18.6646	71.5598	5.147	1
12.3	18.6898	72.4989	5.1422	1
12.4	18.7149	73.3083	5.1381	1
12.5	18.7395	74.1592	5.1423	1
12.6	18.7638	75.0157	5.1527	1
12.7	18.7876	75.8748	5.156	1
12.8	18.8112	76.6907	5.1437	1
12.9	18.8346	77.6272	5.1509	1
13	18.8573	78.5242	5.1552	1
13.1	18.8799	79.408	5.1484	1
13.2	18.9023	80.174	5.1501	1
13.3	18.9246	81.0695	5.1515	1
13.4	18.9468	81.9721	5.1494	1
13.5	18.9686	82.8378	5.1447	1
13.6	18.9901	83.659	5.1375	1
13.7	19.0108	84.5897	5.1207	1
13.8	19.0313	85.5072	5.1147	1
13.9	19.0517	86.3779	5.1225	1
14	19.0717	87.2027	5.1117	1
14.1	19.0915	88.1531	5.1151	1
14.2	19.1108	88.9557	5.1349	1
14.3	19.1301	89.8033	5.1539	1
14.4	19.1492	90.6564	5.1478	1
14.5	19.1683	91.4577	5.1288	1
14.6	19.1875	92.3013	5.1268	1
14.7	19.2067	93.1461	5.1368	1
14.8	19.2254	94.004	5.14	1
14.9	19.2438	94.8529	5.1285	1
15	19.2624	95.6917	5.1121	1
15.1	19.2808	96.5668	5.1224	1
15.2	19.2989	97.3639	5.1351	1
15.3	19.3168	98.2451	5.1322	1
15.4	19.3349	99.1388	5.1357	1
15.5	19.3524	99.968	5.1471	1
15.6	19.3699	100.817	5.1533	1
15.7	19.3876	101.7007	5.1495	1
15.8	19.405	102.5254	5.1392	1
15.9	19.4222	103.368	5.1419	1
16	19.4393	104.2055	5.1515	1
16.1	19.4563	105.0298	5.1449	1
16.2	19.4735	105.7277	5.1311	1
16.3	19.4913	106.5216	5.1369	1
16.4	19.5089	107.4066	5.1452	1
16.5	19.5263	108.2785	5.1388	1
16.6	19.5437	109.0942	5.1186	1
16.7	19.5611	109.9347	5.124	1
16.8	19.5785	110.8304	5.1363	1
16.9	19.5952	111.6906	5.1209	1
17	19.6121	112.4861	5.1173	1
17.1	19.6291	113.3948	5.1345	1
17.2	19.6456	114.3476	5.1311	1
17.3	19.6617	115.1555	5.1263	1
17.4	19.6779	115.927	5.1273	1
17.5	19.6945	116.7513	5.1282	1
17.6	19.711	117.5591	5.1215	1
17.7	19.7274	118.4516	5.1143	1
17.8	19.7437	119.2942	5.1087	1
17.9	19.7599	120.1056	5.1131	1
18	19.7761	120.9419	5.12	1
18.1	19.7922	121.8011	5.1227	1
18.2	19.8083	122.6077	5.1236	1
18.3	19.8248	123.377	5.1122	1
18.4	19.8412	124.252	5.1159	1
18.5	19.8572	125.1738	5.1122	1
18.6	19.8728	126.0152	5.0969	1
18.7	19.8885	126.9129	5.0971	1
18.8	19.9041	127.7187	5.1088	1
18.9	19.9195	128.6071	5.1083	1
19	19.9348	129.3881	5.1038	1
19.1	19.9503	130.286	5.1236	1
19.2	19.9655	131.088	5.1325	1
19.3	19.9809	131.874	5.1254	1
19.4	19.9966	132.6652	5.114	1
19.5	20.0125	133.5056	5.1237	1
19.6	20.0278	134.4049	5.1446	1
19.7	20.0428	135.2872	5.1367	1
19.8	20.058	136.0962	5.1164	1
19.9	20.0734	136.8642	5.1265	1
20	20.0889	137.7539	5.1236	1
20.1	20.1039	138.6623	5.1081	1
20.2	20.1189	139.441	5.1115	1
20.3	20.1336	140.3741	5.1151	1
20.4	20.1483	141.1538	5.127	1
20.5	20.1629	142.0319	5.1256	1
20.6	20.1777	142.8268	5.125	1
20.7	20.1924	143.7256	5.1334	1
20.8	20.2069	144.6021	5.1227	1
20.9	20.221	145.4188	5.1091	1
21	20.2351	146.2796	5.1079	1
21.1	20.2487	147.2319	5.107	1
21.2	20.2624	148.0211	5.1036	1
21.3	20.276	148.8868	5.0906	1
21.4	20.2896	149.6854	5.0791	1
21.5	20.3031	150.5658	5.0914	1
21.6	20.3166	151.4061	5.1001	1
21.7	20.3301	152.2234	5.0999	1
21.8	20.3435	153.0499	5.1031	1
21.9	20.3569	153.8206	5.1015	1
22	20.3706	154.5697	5.0967	1
22.1	20.385	155.3135	5.1046	1
22.2	20.3993	156.1867	5.0997	1
22.3	20.4138	156.9008	5.0944	1
22.4	20.4281	157.8883	5.1051	1
22.5	20.4419	158.7045	5.1196	1
22.6	20.4557	159.4412	5.1182	1
22.7	20.4703	160.1589	5.117	1
22.8	20.4856	160.8291	5.1269	1
22.9	20.5017	161.6562	5.132	1
23	20.5175	162.6373	5.1288	1
23.1	20.5324	163.5991	5.1253	1
23.2	20.5469	164.4179	5.112	1
23.3	20.5618	165.2121	5.0932	1
23.4	20.5767	166.1246	5.0977	1
23.5	20.5911	167.0609	5.1079	1
23.6	20.6053	167.8491	5.1172	1
23.7	20.6198	168.5751	5.1111	1
23.8	20.6344	169.5244	5.1051	1
23.9	20.6485	170.4458	5.1107	1
24	20.6623	171.3093	5.1133	1
24.1	20.6757	172.1914	5.1173	1
24.2	20.6893	173.1037	5.1172	1
24.3	20.7024	174.0277	5.1047	1
24.4	20.7154	174.7842	5.1086	1
24.5	20.7287	175.4707	5.118	1
24.6	20.7426	176.1472	5.1101	1
24.7	20.757	176.927	5.1233	1
24.8	20.7714	177.792	5.1325	1
24.9	20.7858	178.608	5.1408	1
25	20.8002	179.4541	5.146	1
25.1	20.8147	180.2933	5.1396	1
25.2	20.8291	181.2016	5.1376	1
25.3	20.8431	182.1104	5.1316	1
25.4	20.8569	182.9707	5.126	1
25.5	20.8705	183.8398	5.1361	1
25.6	20.8842	184.6563	5.1475	1
25.7	20.8974	185.5489	5.1541	1
25.8	20.9108	186.3288	5.1437	1
25.9	20.9243	187.103	5.1362	1
26	20.9381	187.9699	5.1391	1
26.1	20.9521	188.6916	5.1439	1
26.2	20.966	189.5392	5.1207	1
26.3	20.9797	190.4794	5.1095	1
26.4	20.9932	191.3265	5.1215	1
26.5	21.0065	192.1897	5.1316	1
26.6	21.0196	193.0548	5.1189	1
26.7	21.0326	193.947	5.1044	1
26.8	21.0455	194.7793	5.1118	1
26.9	21.0584	195.6132	5.1305	1
27	21.0711	196.5342	5.1309	1
27.1	21.0836	197.3303	5.1305	1
27.2	21.0962	198.1815	5.1307	1
27.3	21.1087	199.0168	5.1187	1
27.4	21.1211	199.8379	5.1154	1
27.5	21.1335	200.7072	5.1105	1
27.6	21.1457	201.559	5.1214	1
27.7	21.158	202.3588	5.1205	1
27.8	21.1705	203.2128	5.1102	1
27.9	21.1827	204.1393	5.105	1
28	21.1946	204.9136	5.1166	1
28.1	21.2068	205.7519	5.1285	1
28.2	21.2189	206.5674	5.138	1
28.3	21.2307	207.4275	5.1394	1
28.4	21.2426	208.2707	5.1325	1
28.5	21.2547	209.1002	5.1404	1
28.6	21.2664	209.9703	5.1334	1
28.7	21.2779	210.8353	5.1188	1
28.8	21.2895	211.711	5.1273	1
28.9	21.3009	212.4947	5.1265	1
29	21.3124	213.3196	5.1174	1
29.1	21.3236	214.2089	5.1113	1
29.2	21.3349	215.0596	5.1057	1
29.3	21.3462	215.9162	5.1128	1
29.4	21.3574	216.7736	5.1087	1
29.5	21.3685	217.5563	5.1082	1
29.6	21.3797	218.4285	5.1166	1
29.7	21.3906	219.2979	5.1128	1
29.8	21.4015	220.1763	5.1171	1
29.9	21.412	221.0058	5.1172	1
30	21.4226	221.8665	5.1191	1
30.1	21.4331	222.6619	5.1098	1
30.2	21.4435	223.4805	5.0929	1
30.3	21.4541	224.2855	5.0951	1
30.4	21.4647	225.2023	5.0993	1
30.5	21.4753	226.0088	5.0971	1
30.6	21.4858	226.8132	5.109	1
30.7	21.4964	227.6596	5.1151	1
30.8	21.5071	228.4842	5.1161	1
30.9	21.5176	229.3551	5.1208	1
31	21.528	230.1488	5.1284	1
31.1	21.5383	230.9906	5.1363	1
31.2	21.5485	231.8104	5.1295	1
31.3	21.559	232.6744	5.1205	1
31.4	21.5694	233.5386	5.1321	1
31.5	21.5798	234.3104	5.1489	1
31.6	21.5902	235.1298	5.1486	1
31.7	21.6007	235.9356	5.1305	1
31.8	21.6114	236.7884	5.1202	1
31.9	21.622	237.6072	5.1226	1
32	21.6328	238.3857	5.1271	1
32.1	21.6435	239.2508	5.1312	1
32.2	21.6543	240.0598	5.1382	1
32.3	21.665	240.91	5.1508	1
32.4	21.6758	241.797	5.1377	1
32.5	21.6862	242.6115	5.1243	1
32.6	21.6967	243.5036	5.1177	1
32.7	21.7071	244.3281	5.1171	1
32.8	21.7173	245.2232	5.1252	1
32.9	21.7274	246.0537	5.1321	1
33	21.7372	246.9146	5.127	1
33.1	21.7471	247.7471	5.1187	1
33.2	21.7568	248.6485	5.1187	1
33.3	21.7664	249.486	5.1245	1
33.4	21.7763	250.2571	5.1222	1
33.5	21.7862	251.1066	5.1201	1
33.6	21.7958	251.9891	5.1096	1
33.7	21.8052	252.8482	5.1133	1
33.8	21.8146	253.7298	5.1392	1
33.9	21.8239	254.4863	5.1423	1
34	21.833	255.3442	5.1316	1
34.1	21.8425	256.1315	5.1325	1
34.2	21.8519	256.9492	5.1265	1
34.3	21.8616	257.84	5.1218	1
34.4	21.871	258.7113	5.1233	1
34.5	21.8803	259.5027	5.1286	1
34.6	21.8895	260.3607	5.1413	1
34.7	21.8985	261.2011	5.1397	1
34.8	21.9076	262.0072	5.1333	1
34.9	21.917	262.8282	5.122	1
35	21.9264	263.653	5.1268	1
35.1	21.936	264.4319	5.138	1
35.2	21.9456	265.3298	5.1468	1
35.3	21.9549	266.1868	5.1493	1
35.4	21.9639	267.0083	5.1542	1
35.5	21.9731	267.899	5.1613	1
35.6	21.982	268.6828	5.1584	1
35.7	21.991	269.4897	5.1404	1
35.8	22.0005	270.2708	5.1397	1
35.9	22.01	271.1417	5.1347	1
36	22.0193	272.0396	5.1285	1
36.1	22.0283	272.9447	5.1354	1
36.2	22.0372	273.697	5.1263	1
36.3	22.0464	274.4356	5.1351	1
36.4	22.0557	275.2393	5.1479	1
36.5	22.0654	276.0782	5.1292	1
36.6	22.0752	276.8917	5.1191	1
36.7	22.0849	277.6406	5.132	1
36.8	22.095	278.4372	5.1481	1
36.9	22.1054	279.2678	5.1437	1
37	22.1159	280.0341	5.14	1
37.1	22.1265	280.8385	5.1399	1
37.2	22.1371	281.7287	5.1366	1
37.3	22.1476	282.5803	5.1241	1
37.4	22.1578	283.4758	5.1239	1
37.5	22.1678	284.314	5.1393	1
37.6	22.1777	285.2585	5.128	1
37.7	22.1873	286.1176	5.1224	1
37.8	22.1968	287.0041	5.1254	1
37.9	22.2061	287.7999	5.125	1
38	22.2154	288.6357	5.1331	1
38.1	22.2247	289.5693	5.1359	1
38.2	22.2338	290.4287	5.1328	1
38.3	22.2426	291.2699	5.1302	1
38.4	22.2513	292.0791	5.1263	1
38.5	22.2602	292.8944	5.1154	1
38.6	22.269	293.747	5.1106	1
38.7	22.2776	294.618	5.1065	1
38.8	22.286	295.5167	5.093	1
38.9	22.2943	296.367	5.0991	1
39	22.3027	297.1296	5.1171	1
39.1	22.3113	297.9867	5.1225	1
39.2	22.3195	298.7568	5.1231	1
39.3	22.3279	299.6379	5.121	1
39.4	22.3365	300.4859	5.1197	1
39.5	22.345	301.3014	5.1238	1
39.6	22.3533	302.1245	5.1138	1
39.7	22.3616	302.9616	5.1058	1
39.8	22.3701	303.832	5.1049	1
39.9	22.3785	304.6271	5.099	1
40	22.387	305.4714	5.0973	1
40.1	22.3954	306.2871	5.104	1
40.2	22.4039	307.0809	5.1169	1
40.3	22.4125	307.9489	5.1225	1
40.4	22.421	308.7026	5.1314	1
40.5	22.43	309.5147	5.1434	1
40.6	22.4394	310.3121	5.13	1
40.7	22.4487	311.0866	5.1219	1
40.8	22.4579	311.94	5.1273	1
40.9	22.467	312.7751	5.1278	1
41	22.4762	313.5971	5.1198	1
41.1	22.4851	314.533	5.1121	1
41.2	22.4941	315.3847	5.123	1
41.3	22.5032	316.1511	5.1359	1
41.4	22.5131	316.7917	5.1385	1
41.5	22.5236	317.4178	5.1306	1
41.6	22.5339	318.4422	5.1317	1
41.7	22.5438	319.3792	5.1362	1
41.8	22.5528	320.3593	5.1316	1
41.9	22.5619	321.1429	5.1278	1
42	22.5711	321.9692	5.1305	1
42.1	22.58	322.8187	5.1354	1
42.2	22.5893	323.5269	5.14	1
42.3	22.5994	324.1984	5.1283	1
42.4	22.61	324.9825	5.1204	1
42.5	22.6209	325.6852	5.1242	1
42.6	22.6318	326.5917	5.1052	1
42.7	22.6428	327.4502	5.1031	1
42.8	22.6535	328.3631	5.1174	1
42.9	22.6644	329.1501	5.1291	1
43	22.6752	329.9511	5.1315	1
43.1	22.6858	330.8904	5.1241	1
43.2	22.6962	331.8202	5.1232	1
43.3	22.706	332.6534	5.1162	1
43.4	22.7159	333.4456	5.1172	1
43.5	22.7261	334.3302	5.1157	1
43.6	22.736	335.1786	5.1131	1
43.7	22.7461	335.9267	5.1159	1
43.8	22.7565	336.7407	5.1065	1
43.9	22.7669	337.5737	5.1191	1
44	22.777	338.5427	5.1319	1
44.1	22.7869	339.3611	5.1227	1
44.2	22.7966	340.2288	5.111	1
44.3	22.806	341.1761	5.1157	1
44.4	22.8152	341.9303	5.119	1
44.5	22.8246	342.7657	5.1249	1
44.6	22.8343	343.5992	5.1326	1
44.7	22.8439	344.3836	5.1268	1
44.8	22.8536	345.2298	5.1159	1
44.9	22.8634	346.0262	5.1158	1
45	22.8732	346.863	5.1203	1
45.1	22.8831	347.7148	5.1217	1
45.2	22.8927	348.6217	5.1169	1
45.3	22.9021	349.445	5.128	1
45.4	22.9117	350.2309	5.1243	1
45.5	22.9212	351.0614	5.1061	1
45.6	22.9306	351.9508	5.1009	1
45.7	22.9403	352.7804	5.1026	1
45.8	22.9499	353.5152	5.1031	1
45.9	22.9598	354.2888	5.1001	1
46	22.9695	355.2288	5.1031	1
46.1	22.9794	355.9641	5.0961	1
46.2	22.9894	356.8233	5.1039	1
46.3	22.9996	357.6966	5.1019	1
46.4	23.0092	358.5932	5.1025	1
46.5	23.0186	359.4467	5.1112	1
46.6	23.0282	360.1811	5.1066	1
46.7	23.0379	361.1134	5.0917	1
46.8	23.0473	361.9338	5.076	1
46.9	23.0569	362.7355	5.083	1
47	23.0666	363.5682	5.0952	1
47.1	23.076	364.3035	5.0994	1
47.2	23.0858	365.1927	5.0993	1
47.3	23.0956	366.057	5.0932	1
47.4	23.1052	366.9272	5.0963	1
47.5	23.1149	367.7643	5.0937	1
47.6	23.1243	368.5866	5.0835	1
47.7	23.1336	369.4582	5.0765	1
47.8	23.1429	370.3558	5.0842	1
47.9	23.152	371.2364	5.0976	1
48	23.161	371.9688	5.1038	1
48.1	23.1699	372.8373	5.1146	1
48.2	23.1787	373.7031	5.0995	1
48.3	23.1879	374.4022	5.0928	1
48.4	23.1977	375.2277	5.0961	1
48.5	23.2074	376.0673	5.094	1
48.6	23.2168	376.8943	5.0935	1
48.7	23.2265	377.7445	5.0876	1
48.8	23.2361	378.5779	5.0909	1
48.9	23.2454	379.5376	5.1033	1
49	23.2542	380.3796	5.1068	1
49.1	23.263	381.194	5.0984	1
49.2	23.2717	382.0563	5.0792	1
49.3	23.2805	382.8751	5.0853	1
49.4	23.2892	383.7763	5.1034	1
49.5	23.2979	384.6662	5.0931	1
49.6	23.3064	385.4974	5.0977	1
49.7	23.3147	386.3223	5.11	1
49.8	23.3229	387.1234	5.119	1
49.9	23.3311	388.0558	5.1182	1
50	23.3393	388.8602	5.118	1
50.1	23.3475	389.5899	5.1204	1
50.2	23.356	390.509	5.1126	1
50.3	23.3646	391.2802	5.1218	1
50.4	23.3729	392.1093	5.1342	1
50.5	23.3815	392.8751	5.1266	1
50.6	23.39	393.7575	5.1284	1
50.7	23.3985	394.6357	5.1264	1
50.8	23.407	395.4001	5.1303	1
50.9	23.4157	396.2218	5.1402	1
51	23.4244	397.1191	5.1329	1
51.1	23.4324	398.0485	5.1287	1
51.2	23.4404	398.8587	5.1228	1
51.3	23.4484	399.704	5.1105	1
51.4	23.4564	400.566	5.1022	1
51.5	23.4643	401.3677	5.1053	1
51.6	23.472	402.2363	5.1263	1
51.7	23.48	403.0433	5.123	1
51.8	23.488	403.8363	5.1161	1
51.9	23.4959	404.6553	5.1159	1
52	23.504	405.4676	5.1112	1
52.1	23.5122	406.2958	5.1219	1
52.2	23.5205	407.1627	5.138	1
52.3	23.5286	408.0098	5.1332	1
52.4	23.5366	408.8459	5.1311	1
52.5	23.5446	409.5905	5.1321	1
52.6	23.553	410.4644	5.1145	1
52.7	23.5617	411.1447	5.1205	1
52.8	23.5708	411.8852	5.1112	1
52.9	23.5798	412.8098	5.0965	1
53	23.5887	413.5995	5.1049	1
53.1	23.5979	414.3998	5.1097	1
53.2	23.6073	415.2114	5.1078	1
53.3	23.6166	416.1884	5.1135	1
53.4	23.6252	417.0608	5.1222	1
53.5	23.6338	417.8989	5.1183	1
53.6	23.6427	418.6667	5.1118	1
53.7	23.651	419.6231	5.1139	1
53.8	23.6595	420.4702	5.1222	1
53.9	23.6682	421.1221	5.122	1
54	23.6776	421.8107	5.1149	1
54.1	23.6873	422.6004	5.1114	1
54.2	23.6968	423.5955	5.1231	1
54.3	23.7065	424.3628	5.1213	1
54.4	23.716	425.2428	5.1188	1
54.5	23.7252	426.1191	5.1169	1
54.6	23.7346	426.8803	5.1123	1
54.7	23.7444	427.6606	5.1148	1
54.8	23.754	428.5949	5.1109	1
54.9	23.7632	429.4988	5.1046	1
55	23.7722	430.2781	5.1131	1
55.1	23.7815	431.0029	5.1084	1
55.2	23.791	431.8009	5.1039	1
55.3	23.8006	432.7482	5.1078	1
55.4	23.8101	433.5378	5.1076	1
55.5	23.8195	434.3844	5.1046	1
55.6	23.8289	435.2636	5.1029	1
55.7	23.8379	436.1501	5.1078	1
55.8	23.8467	437.0476	5.1101	1
55.9	23.8557	437.8661	5.1076	1
56	23.8648	438.7051	5.1054	1
56.1	23.8737	439.5067	5.0959	1
56.2	23.8828	440.2832	5.0962	1
56.3	23.8916	441.1874	5.1021	1
56.4	23.9001	442.0758	5.1	1
56.5	23.9085	442.9369	5.1005	1
56.6	23.9172	443.6545	5.104	1
56.7	23.9264	444.4931	5.1038	1
56.8	23.9352	445.4554	5.0987	1
56.9	23.9436	446.2753	5.1035	1
57	23.9522	447.1033	5.1063	1
57.1	23.9607	448.044	5.1038	1
57.2	23.9688	448.8436	5.0966	1
57.3	23.9766	449.6991	5.0839	1
57.4	23.9849	450.4399	5.0949	1
57.5	23.9935	451.2697	5.1098	1
57.6	24.0015	452.091	5.1041	1
57.7	24.0095	453.0145	5.1084	1
57.8	24.018	453.7599	5.1156	1
57.9	24.0265	454.5883	5.1085	1
58	24.0348	455.4252	5.1124	1
58.1	24.0431	456.2968	5.1113	1
58.2	24.0513	457.1877	5.0979	1
58.3	24.0594	457.9387	5.0997	1
58.4	24.0672	458.9112	5.106	1
58.5	24.0747	459.7998	5.0887	1
58.6	24.0823	460.5814	5.096	1
58.7	24.0903	461.3247	5.1024	1
58.8	24.0983	462.1976	5.0923	1
58.9	24.1061	463.0072	5.0773	1
59	24.114	463.9028	5.0707	1
59.1	24.1219	464.7388	5.077	1
59.2	24.1293	465.6404	5.0822	1
59.3	24.1364	466.5439	5.0774	1
59.4	24.1439	467.3394	5.0783	1
59.5	24.1513	468.1581	5.0957	1
59.6	24.1583	469.0259	5.0941	1
59.7	24.1653	469.8427	5.1086	1
59.8	24.1725	470.5708	5.1154	1
59.9	24.1801	471.5002	5.1119	1
60	24.1873	472.3289	5.1168	1
60.1	24.1941	473.2449	5.1218	1
60.2	24.2012	474.0495	5.1281	1
60.3	24.2081	474.8403	5.1189	1
60.4	24.215	475.8064	5.1031	1
60.5	24.2215	476.5819	5.0944	1
60.6	24.2282	477.4069	5.0948	1
60.7	24.2353	478.1608	5.1039	1
60.8	24.2423	478.9713	5.0957	1
60.9	24.2497	479.752	5.0884	1
61	24.2571	480.5466	5.0945	1
61.1	24.2649	481.3447	5.1028	1
61.2	24.2727	482.19	5.0925	1
61.3	24.2801	483.1011	5.0955	1
61.4	24.2876	483.8788	5.1022	1
61.5	24.2951	484.7595	5.0992	1
61.6	24.3028	485.5846	5.1029	1
61.7	24.3099	486.3887	5.1157	1
61.8	24.3169	487.2372	5.1195	1
61.9	24.3245	488.0733	5.12	1
62	24.332	488.9973	5.1228	1
62.1	24.3391	489.8129	5.1234	1
62.2	24.3458	490.6628	5.1072	1
62.3	24.3526	491.6124	5.0939	1
62.4	24.3591	492.4359	5.1044	1
62.5	24.3656	493.2918	5.1231	1
62.6	24.3725	493.983	5.1239	1
62.7	24.3796	494.7946	5.1157	1
62.8	24.3872	495.5244	5.1291	1
62.9	24.3948	496.2948	5.124	1
63	24.4029	497.0805	5.1065	1
63.1	24.411	497.8987	5.1066	1
63.2	24.4189	498.8235	5.1139	1
63.3	24.4269	499.5932	5.1197	1
63.4	24.4349	500.4459	5.1063	1
63.5	24.4431	501.2428	5.098	1
63.6	24.4508	502.0122	5.1112	1
63.7	24.4588	502.9074	5.1098	1
63.8	24.467	503.7203	5.1113	1
63.9	24.4751	504.6282	5.1119	1
64	24.4831	505.4451	5.1023	1
64.1	24.4912	506.2821	5.1054	1
64.2	24.4991	507.1902	5.1167	1
64.3	24.5068	508.0168	5.1083	1
64.4	24.5145	508.8328	5.1042	1
64.5	24.522	509.6639	5.1022	1
64.6	24.5296	510.5778	5.0985	1
64.7	24.5371	511.4506	5.1063	1
64.8	24.5446	512.2204	5.1067	1
64.9	24.5523	513.0254	5.0969	1
65	24.5595	513.9202	5.1035	1
65.1	24.5666	514.8368	5.127	1
65.2	24.5735	515.6657	5.1345	1
65.3	24.5806	516.5084	5.126	1
65.4	24.5878	517.3268	5.1141	1
65.5	24.5948	518.1134	5.1146	1
65.6	24.6021	518.9129	5.1164	1
65.7	24.6098	519.693	5.102	1
65.8	24.6174	520.5497	5.1011	1
65.9	24.6248	521.4332	5.1155	1
66	24.6322	522.2128	5.1269	1
66.1	24.6399	522.9806	5.111	1
66.2	24.6479	523.7872	5.1156	1
66.3	24.6559	524.614	5.1262	1
66.4	24.6637	525.493	5.1276	1
66.5	24.6716	526.2924	5.1305	1
66.6	24.6796	527.1461	5.1253	1
66.7	24.6877	527.9403	5.1296	1
66.8	24.6956	528.7305	5.128	1
66.9	24.7039	529.5858	5.118	1
67	24.7123	530.416	5.1123	1
67.1	24.7202	531.3136	5.118	1
67.2	24.7279	532.1477	5.1195	1
67.3	24.736	532.9514	5.1112	1
67.4	24.744	533.78	5.1014	1
67.5	24.7522	534.6247	5.092	1
67.6	24.7602	535.4245	5.1027	1
67.7	24.7683	536.1728	5.1133	1
67.8	24.7767	537.033	5.1311	1
67.9	24.7849	538.0434	5.1421	1
68	24.793	538.7288	5.1429	1
68.1	24.8011	539.607	5.1263	1
68.2	24.8094	540.374	5.116	1
68.3	24.8177	541.1528	5.1139	1
68.4	24.8262	542.0291	5.1219	1
68.5	24.8348	542.8146	5.1239	1
68.6	24.8434	543.673	5.1271	1
68.7	24.8521	544.4039	5.127	1
68.8	24.8611	545.3584	5.129	1
68.9	24.8696	546.2332	5.1284	1
69	24.878	546.9949	5.123	1
69.1	24.8871	547.7308	5.119	1
69.2	24.8959	548.6534	5.1229	1
69.3	24.9045	549.5836	5.1275	1
69.4	24.9131	550.3122	5.1254	1
69.5	24.9221	551.0511	5.1231	1
69.6	24.9312	551.9158	5.1221	1
69.7	24.9403	552.7575	5.1299	1
69.8	24.9494	553.5864	5.1298	1
69.9	24.9583	554.4843	5.1184	1
70	24.9672	555.3658	5.1216	1
70.1	24.976	556.167	5.1207	1
70.2	24.9843	557.1094	5.1125	1
70.3	24.9923	558.0527	5.1151	1
70.4	25.0001	558.8476	5.1073	1
70.5	25.0077	559.6905	5.1063	1
70.6	25.0155	560.4405	5.1097	1
70.7	25.0235	561.2566	5.1013	1
70.8	25.0317	562.206	5.107	1
70.9	25.0395	563.0876	5.1214	1
71	25.0469	563.9814	5.1316	1
71.1	25.0541	564.8003	5.1286	1
71.2	25.0617	565.5981	5.1139	1
71.3	25.0696	566.3394	5.1113	1
71.4	25.0771	567.2666	5.1135	1
71.5	25.0841	568.2001	5.1082	1
71.6	25.0913	568.9551	5.0983	1
71.7	25.099	569.6786	5.1078	1
71.8	25.1069	570.5131	5.1037	1
71.9	25.1142	571.4832	5.0972	1
72	25.1215	572.3029	5.0995	1
72.1	25.1286	573.083	5.0887	1
72.2	25.1359	573.9161	5.0744	1
72.3	25.1432	574.7339	5.0867	1
72.4	25.1505	575.6865	5.0933	1
72.5	25.1578	576.4485	5.0882	1
72.6	25.1648	577.3682	5.0883	1
72.7	25.1717	578.2301	5.0841	1
72.8	25.1786	579.0801	5.0874	1
72.9	25.1851	579.9158	5.0976	1
73	25.1917	580.7601	5.1071	1
73.1	25.1983	581.6821	5.1108	1
73.2	25.2048	582.4128	5.107	1
73.3	25.2113	583.2148	5.1008	1
73.4	25.2182	583.9664	5.1041	1
73.5	25.2255	584.6823	5.1122	1
73.6	25.2328	585.5748	5.1159	1
73.7	25.2399	586.4839	5.1161	1
73.8	25.2467	587.3228	5.1245	1
73.9	25.2538	588.1403	5.1227	1
74	25.2609	588.9999	5.1219	1
74.1	25.2678	589.8763	5.1304	1
74.2	25.2745	590.7152	5.1141	1
74.3	25.281	591.4858	5.1062	1
74.4	25.2875	592.3957	5.1273	1
74.5	25.294	593.2539	5.1337	1
74.6	25.3006	594.0732	5.1176	1
74.7	25.3072	594.9553	5.1107	1
74.8	25.3136	595.8219	5.1153	1
74.9	25.32	596.5216	5.1161	1
75	25.3264	597.3945	5.1241	1
75.1	25.3329	598.3086	5.1263	1
75.2	25.3392	599.0493	5.1186	1
75.3	25.3458	599.8872	5.1188	1
75.4	25.3524	600.6957	5.1124	1
75.5	25.3589	601.5208	5.1082	1
75.6	25.3657	602.4054	5.1133	1
75.7	25.3723	603.1549	5.1229	1
75.8	25.3791	604.102	5.1238	1
75.9	25.3858	604.8564	5.1104	1
76	25.3923	605.6712	5.1101	1
76.1	25.3993	606.456	5.1051	1
76.2	25.406	607.3414	5.0962	1
76.3	25.4126	608.2793	5.0857	1
76.4	25.419	609.023	5.0827	1
76.5	25.4256	609.9184	5.1005	1
76.6	25.4324	610.6635	5.1174	1
76.7	25.4388	611.4843	5.112	1
76.8	25.4456	612.3181	5.1098	1
76.9	25.4525	613.0973	5.1192	1
77	25.4597	613.9219	5.1159	1
77.1	25.4669	614.7017	5.1095	1
77.2	25.4738	615.5584	5.102	1
77.3	25.4808	616.5296	5.0966	1
77.4	25.4874	617.3733	5.099	1
77.5	25.4939	618.2249	5.1019	1
77.6	25.5006	619.0467	5.1068	1
77.7	25.5069	619.8753	5.0989	1
77.8	25.5133	620.7729	5.0845	1
77.9	25.5199	621.553	5.0836	1
78	25.5266	622.3388	5.0913	1
78.1	25.5332	623.1574	5.0857	1
78.2	25.5401	623.9914	5.0801	1
78.3	25.5471	624.6894	5.0902	1
78.4	25.5544	625.5672	5.1023	1
78.5	25.5614	626.4226	5.1033	1
78.6	25.5681	627.3185	5.0964	1
78.7	25.5754	628.0866	5.0958	1
78.8	25.5826	628.8806	5.1105	1
78.9	25.5896	629.7746	5.0986	1
79	25.5967	630.507	5.0909	1
79.1	25.6036	631.4768	5.0933	1
79.2	25.6105	632.344	5.1086	1
79.3	25.6173	633.1349	5.1136	1
79.4	25.6241	633.9868	5.1043	1
79.5	25.6308	634.761	5.1001	1
79.6	25.6374	635.6756	5.1057	1
79.7	25.6439	636.5168	5.1031	1
79.8	25.6504	637.3859	5.0919	1
79.9	25.6571	638.201	5.0874	1
80	25.6634	639.0748	5.0982	1
80.1	25.6697	639.9683	5.0899	1
80.2	25.6758	640.8133	5.0842	1
80.3	25.6819	641.6723	5.0824	1
80.4	25.6881	642.4447	5.0868	1
80.5	25.6942	643.2232	5.0851	1
80.6	25.7005	644.0781	5.0858	1
80.7	25.7068	644.9725	5.0803	1
80.8	25.7129	645.7667	5.0828	1
80.9	25.7191	646.6509	5.0774	1
81	25.7253	647.4316	5.0655	1
81.1	25.7317	648.2397	5.0698	1
81.2	25.7381	649.0804	5.0855	1
81.3	25.7446	649.8183	5.0837	1
81.4	25.7511	650.7066	5.0798	1
81.5	25.7574	651.576	5.0872	1
81.6	25.7637	652.5007	5.0968	1
81.7	25.77	653.2509	5.0981	1
81.8	25.7762	654.0831	5.106	1
81.9	25.7824	654.9758	5.1256	1
82	25.7887	655.7482	5.1268	1
82.1	25.7949	656.5715	5.1033	1
82.2	25.8013	657.409	5.0892	1
82.3	25.8074	658.3089	5.104	1
82.4	25.8135	659.1614	5.1116	1
82.5	25.8196	659.9257	5.1073	1
82.6	25.8255	660.8032	5.1029	1
82.7	25.8316	661.5769	5.0954	1
82.8	25.8378	662.4119	5.0912	1
82.9	25.8441	663.1958	5.0884	1
83	25.8503	664.0425	5.0832	1
83.1	25.8567	664.8986	5.0776	1
83.2	25.863	665.7034	5.0808	1
83.3	25.8695	666.5452	5.0921	1
83.4	25.8762	667.332	5.0963	1
83.5	25.8828	668.1053	5.0918	1
83.6	25.8898	668.9974	5.0952	1
83.7	25.8967	669.7648	5.1069	1
83.8	25.9041	670.3726	5.1094	1
83.9	25.9122	671.0889	5.0952	1
84	25.9207	671.9959	5.0893	1
84.1	25.9288	672.8722	5.076	1
84.2	25.937	673.6472	5.0831	1
84.3	25.9456	674.3125	5.0971	1
84.4	25.9542	675.2039	5.1042	1
84.5	25.9627	676.1935	5.1035	1
84.6	25.9712	677.0067	5.1044	1
84.7	25.9796	677.8343	5.1011	1
84.8	25.988	678.6303	5.0969	1
84.9	25.9962	679.5246	5.0871	1
85	26.0041	680.526	5.0856	1
85.1	26.0114	681.4208	5.0802	1
85.2	26.0183	682.3958	5.0819	1
85.3	26.0248	683.2232	5.0735	1
85.4	26.0309	684.13	5.0675	1
85.5	26.0371	685.0028	5.0696	1
85.6	26.0434	685.731	5.0902	1
85.7	26.0497	686.6277	5.0896	1
85.8	26.056	687.3866	5.0779	1
85.9	26.0621	688.2685	5.0875	1
86	26.0686	689.1371	5.0958	1
86.1	26.0747	689.9216	5.1043	1
86.2	26.0809	690.8164	5.1061	1
86.3	26.0872	691.5529	5.1012	1
86.4	26.0934	692.4551	5.1059	1
86.5	26.0999	693.1911	5.1011	1
86.6	26.1059	694.1668	5.0992	1
86.7	26.1119	695.0548	5.098	1
86.8	26.1176	695.8527	5.087	1
86.9	26.1234	696.7927	5.0981	1
87	26.129	697.5218	5.0926	1
87.1	26.1346	698.4121	5.0844	1
87.2	26.1403	699.0898	5.1017	1
87.3	26.1461	699.9793	5.1146	1
87.4	26.1523	700.7028	5.1062	1
87.5	26.1588	701.4013	5.085	1
87.6	26.166	702.2216	5.097	1
87.7	26.1733	703.0233	5.1284	1
87.8	26.1806	703.8396	5.1316	1
87.9	26.1881	704.6783	5.11	1
88	26.1957	705.483	5.0935	1
88.1	26.2031	706.2968	5.0987	1
88.2	26.2106	707.1318	5.0893	1
88.3	26.2183	707.9727	5.1005	1
88.4	26.2259	708.8833	5.1227	1
88.5	26.2332	709.7122	5.117	1
88.6	26.2402	710.6102	5.1112	1
88.7	26.2471	711.4375	5.11	1
88.8	26.254	712.2127	5.106	1
88.9	26.2608	713.1539	5.1012	1
89	26.2674	714.0705	5.0939	1
89.1	26.2735	714.9872	5.0945	1
89.2	26.28	715.7152	5.0986	1
89.3	26.2867	716.4943	5.0907	1
89.4	26.2935	717.2578	5.09	1
89.5	26.3005	718.1168	5.0886	1
89.6	26.3074	718.9425	5.0929	1
89.7	26.3141	719.8352	5.1003	1
89.8	26.3207	720.682	5.0863	1
89.9	26.3274	721.5199	5.098	1
90	26.3342	722.3158	5.1071	1
90.1	26.3409	723.1482	5.1078	1
90.2	26.3476	724.0435	5.102	1
90.3	26.3541	724.7876	5.1043	1
90.4	26.3605	725.7047	5.1117	1
90.5	26.3671	726.4657	5.12	1
90.6	26.3738	727.2744	5.1058	1
90.7	26.3812	727.9954	5.0939	1
90.8	26.3888	728.8034	5.0978	1
90.9	26.3963	729.7303	5.1057	1
91	26.4038	730.5216	5.1088	1
91.1	26.4114	731.2287	5.1211	1
91.2	26.4191	732.1416	5.1344	1
91.3	26.4263	733.0381	5.1248	1
91.4	26.4334	733.8693	5.0983	1
91.5	26.4405	734.7086	5.0977	1
91.6	26.448	735.6104	5.1108	1
91.7	26.455	736.3706	5.1148	1
91.8	26.4619	737.2121	5.131	1
91.9	26.4693	738.0287	5.1388	1
92	26.4769	738.9122	5.1364	1
92.1	26.4841	739.7721	5.1288	1
92.2	26.4911	740.6578	5.1242	1
92.3	26.498	741.4852	5.1178	1
92.4	26.5047	742.3165	5.1198	1
92.5	26.5114	743.2053	5.1139	1
92.6	26.5178	744.0422	5.1124	1
92.7	26.5241	744.9368	5.1072	1
92.8	26.5307	745.7316	5.1032	1
92.9	26.5369	746.5683	5.0971	1
93	26.5434	747.3945	5.1056	1
93.1	26.5498	748.1865	5.1131	1
93.2	26.5563	748.981	5.1055	1
93.3	26.563	749.7645	5.091	1
93.4	26.5697	750.6907	5.0902	1
93.5	26.5763	751.5635	5.1055	1
93.6	26.5824	752.4893	5.1205	1
93.7	26.5882	753.4252	5.1138	1
93.8	26.5938	754.1879	5.1106	1
93.9	26.5994	755.0523	5.1101	1
94	26.6052	755.8877	5.1047	1
94.1	26.6111	756.6146	5.102	1
94.2	26.6172	757.4497	5.0984	1
94.3	26.6232	758.2614	5.1041	1
94.4	26.6291	759.0976	5.1084	1
94.5	26.6352	759.8975	5.1134	1
94.6	26.6413	760.7788	5.1109	1
94.7	26.6474	761.5574	5.1032	1
94.8	26.6533	762.4383	5.1066	1
94.9	26.6594	763.2501	5.1024	1
95	26.6657	764.0488	5.1067	1
95.1	26.672	764.9047	5.1099	1
95.2	26.6783	765.7679	5.1267	1
95.3	26.6842	766.7003	5.1304	1
95.4	26.6901	767.4273	5.1143	1
95.5	26.6962	768.2189	5.1154	1
95.6	26.7024	769.1261	5.1108	1
95.7	26.7086	769.8955	5.0999	1
95.8	26.7149	770.7226	5.0994	1
95.9	26.7212	771.6178	5.1122	1
96	26.7274	772.3823	5.1145	1
96.1	26.7337	773.188	5.1101	1
96.2	26.7403	773.9951	5.1065	1
96.3	26.7467	774.8905	5.1049	1
96.4	26.7531	775.7365	5.1242	1
96.5	26.7596	776.4688	5.1378	1
96.6	26.7662	777.3109	5.1343	1
96.7	26.7726	778.1712	5.1302	1
96.8	26.7789	779.0357	5.1275	1
96.9	26.785	779.8531	5.1098	1
97	26.7914	780.7627	5.1228	1
97.1	26.7973	781.6237	5.1315	1
97.2	26.8031	782.5544	5.1193	1
97.3	26.809	783.3298	5.122	1
97.4	26.8146	784.2096	5.1286	1
97.5	26.8202	784.9981	5.1196	1
97.6	26.8259	785.8267	5.1212	1
97.7	26.8315	786.6601	5.1265	1
97.8	26.8373	787.4779	5.1254	1
97.9	26.8433	788.3318	5.1069	1
98	26.8494	789.1016	5.1139	1
98.1	26.8555	789.9242	5.1222	1
98.2	26.8617	790.7433	5.1178	1
98.3	26.8677	791.5385	5.1103	1
98.4	26.8738	792.3263	5.0982	1
98.5	26.8803	793.1296	5.1049	1
98.6	26.8871	793.9274	5.1127	1
98.7	26.8941	794.7075	5.1238	1
98.8	26.9011	795.5495	5.1227	1
98.9	26.9082	796.4445	5.1129	1
99	26.915	797.3211	5.1063	1
99.1	26.9216	798.1209	5.1006	1
99.2	26.928	799.0108	5.0964	1
99.3	26.9342	800.0279	5.1063	1
99.4	26.9399	800.9242	5.1118	1
99.5	26.9454	801.7276	5.1084	1
99.6	26.9512	802.4041	5.1181	1
99.7	26.9575	803.174	5.1211	1
99.8	26.9641	803.9868	5.1274	1
99.9	26.9708	804.7737	5.1245	1
100	26.9774	805.5591	5.1326	1
100.1	26.9843	806.4467	5.1477	1
100.2	26.9912	807.3202	5.1521	1
100.3	26.9973	808.2806	5.145	1
100.4	27.0035	809.1375	5.1323	1
100.5	27.0094	809.9209	5.1449	1
100.6	27.0153	810.766	5.1476	1
100.7	27.0211	811.6735	5.1357	1
100.8	27.0269	812.4908	5.1427	1
100.9	27.0327	813.3119	5.1593	1
101	27.0383	814.2152	5.151	1
101.1	27.0438	815.0489	5.1388	1
101.2	27.0491	815.9378	5.142	1
101.3	27.0543	816.7778	5.1358	1
101.4	27.0596	817.5551	5.1297	1
101.5	27.0649	818.4276	5.1338	1
101.6	27.0703	819.2232	5.1314	1
101.7	27.0758	819.9554	5.1231	1
101.8	27.0813	820.7979	5.12	1
101.9	27.0872	821.6298	5.128	1
102	27.0931	822.4801	5.1288	1
102.1	27.0991	823.2034	5.118	1
102.2	27.1051	824.0438	5.1128	1
102.3	27.1112	824.9205	5.1187	1
102.4	27.1173	825.8218	5.1272	1
102.5	27.1233	826.6187	5.1208	1
102.6	27.1292	827.4516	5.1045	1
102.7	27.1352	828.2528	5.111	1
102.8	27.1411	829.0877	5.1229	1
102.9	27.1473	829.8915	5.1224	1
103	27.1532	830.7626	5.1176	1
103.1	27.1596	831.5431	5.1325	1
103.2	27.166	832.2766	5.1212	1
103.3	27.1723	833.1931	5.1293	1
103.4	27.1786	834.0492	5.143	1
103.5	27.1848	834.8253	5.1368	1
103.6	27.1912	835.6062	5.1409	1
103.7	27.1979	836.4059	5.1486	1
103.8	27.2049	837.1791	5.1483	1
103.9	27.2117	838.063	5.1407	1
104	27.2186	838.962	5.1399	1
104.1	27.2253	839.7931	5.1372	1
104.2	27.2319	840.5966	5.1263	1
104.3	27.2386	841.4929	5.1198	1
104.4	27.2454	842.2672	5.1241	1
104.5	27.252	843.1744	5.119	1
104.6	27.2586	843.9883	5.0915	1
104.7	27.2651	844.8578	5.0904	1
104.8	27.2716	845.6278	5.0997	1
104.9	27.2781	846.5145	5.1172	1
105	27.2843	847.3789	5.1191	1
105.1	27.2903	848.1928	5.1065	1
105.2	27.2962	849.1399	5.0961	1
105.3	27.3022	849.9746	5.0873	1
105.4	27.308	850.8749	5.088	1
105.5	27.3137	851.7296	5.0935	1
105.6	27.3191	852.5571	5.0991	1
105.7	27.3245	853.3903	5.1159	1
105.8	27.3301	854.2459	5.1364	1
105.9	27.3353	855.0647	5.133	1
106	27.3404	855.9204	5.1232	1
106.1	27.3455	856.7317	5.1192	1
106.2	27.3506	857.6376	5.1192	1
106.3	27.3556	858.4911	5.131	1
106.4	27.3605	859.2742	5.132	1
106.5	27.3654	860.2565	5.124	1
106.6	27.37	861.052	5.1236	1
106.7	27.3745	861.8336	5.1353	1
106.8	27.3796	862.6775	5.1287	1
106.9	27.3847	863.2931	5.123	1
107	27.3898	864.3378	5.1206	1
107.1	27.3951	865.0297	5.1148	1
107.2	27.4	865.9046	5.124	1
107.3	27.4054	866.776	5.1367	1
107.4	27.4108	867.42	5.133	1
107.5	27.4165	868.3869	5.1294	1
107.6	27.4222	869.1298	5.1321	1
107.7	27.4274	870.0905	5.1456	1
107.8	27.4329	870.7866	5.1444	1
107.9	27.4384	871.6114	5.1278	1
108	27.444	872.5094	5.1266	1
108.1	27.4493	873.3665	5.1179	1
108.2	27.4548	874.2558	5.1171	1
108.3	27.4602	874.9496	5.1187	1
108.4	27.4655	875.9452	5.1164	1
108.5	27.4712	876.5486	5.1208	1
108.6	27.4772	877.2739	5.1365	1
108.7	27.4839	878.0765	5.1446	1
108.8	27.4903	878.7617	5.1405	1
108.9	27.4969	879.792	5.1236	1
109	27.5036	880.5854	5.1195	1
109.1	27.5099	881.5576	5.1338	1
109.2	27.5162	882.3223	5.1439	1
109.3	27.5227	883.0777	5.1274	1
109.4	27.5293	883.8668	5.1172	1
109.5	27.5365	884.7164	5.1254	1
109.6	27.5437	885.4885	5.1299	1
109.7	27.5506	886.4285	5.1317	1
109.8	27.5574	887.2457	5.1261	1
109.9	27.5643	888.0851	5.1239	1
110	27.5709	888.8498	5.1465	1
110.1	27.5778	889.6908	5.1498	1
110.2	27.5848	890.5308	5.1571	1
110.3	27.5918	891.3561	5.16	1
110.4	27.5987	892.2434	5.1413	1
110.5	27.6053	893.0178	5.1225	1
110.6	27.6122	893.9597	5.1193	1
110.7	27.6189	894.7654	5.1198	1
110.8	27.6256	895.622	5.1134	1
110.9	27.6323	896.5198	5.1268	1
111	27.6387	897.3075	5.1266	1
111.1	27.6447	898.207	5.1126	1
111.2	27.651	899.0637	5.115	1
111.3	27.6574	899.8657	5.1139	1
111.4	27.6636	900.7205	5.1125	1
111.5	27.67	901.5048	5.1168	1
111.6	27.6765	902.2977	5.1264	1
111.7	27.6829	903.0707	5.1328	1
111.8	27.6896	903.9242	5.1365	1
111.9	27.6961	904.8461	5.1283	1
112	27.7024	905.6832	5.122	1
112.1	27.7089	906.551	5.1251	1
112.2	27.7155	907.3396	5.1279	1
112.3	27.7219	908.1562	5.1164	1
112.4	27.7283	908.9837	5.1208	1
112.5	27.735	909.7667	5.1249	1
112.6	27.7417	910.6263	5.1123	1
112.7	27.7485	911.5005	5.1236	1
112.8	27.7548	912.3722	5.1166	1
112.9	27.7614	913.1387	5.0992	1
113	27.768	913.9154	5.0941	1
113.1	27.7746	914.8985	5.0906	1
113.2	27.7807	915.7097	5.0865	1
113.3	27.7869	916.557	5.1005	1
113.4	27.7932	917.3595	5.0879	1
113.5	27.7992	918.1943	5.0809	1
113.6	27.8051	919.1702	5.0874	1
113.7	27.8111	919.9072	5.089	1
113.8	27.8169	920.7818	5.0913	1
113.9	27.8232	921.5287	5.0906	1
114	27.8294	922.3867	5.0942	1
114.1	27.8352	923.4077	5.1035	1
114.2	27.8408	924.1552	5.1027	1
114.3	27.8466	924.8647	5.0966	1
114.4	27.8524	925.8586	5.0969	1
114.5	27.8581	926.6419	5.0934	1
114.6	27.8636	927.5139	5.0979	1
114.7	27.8692	928.4488	5.1066	1
114.8	27.8746	929.1644	5.1119	1
114.9	27.8798	930.1153	5.0972	1
115	27.8849	930.9518	5.1025	1
115.1	27.8899	931.6645	5.1142	1
115.2	27.8952	932.6917	5.1121	1
115.3	27.9005	933.3346	5.1111	1
115.4	27.9051	934.3247	5.1207	1
115.5	27.9106	935.0936	5.1228	1
115.6	27.9157	935.8275	5.107	1
115.7	27.9207	936.8683	5.0951	1
115.8	27.9258	937.5249	5.08	1
115.9	27.9307	938.5151	5.0791	1
116	27.9355	939.4049	5.1095	1
116.1	27.9398	940.1805	5.1238	1
116.2	27.9445	941.0319	5.125	1
116.3	27.9494	941.7848	5.1123	1
116.4	27.9543	942.5756	5.1101	1
116.5	27.9593	943.501	5.1125	1
116.6	27.9643	944.2406	5.117	1
116.7	27.9691	945.1413	5.1252	1
116.8	27.9742	945.9551	5.1198	1
116.9	27.9791	946.714	5.1298	1
117	27.984	947.648	5.1235	1
117.1	27.9888	948.5166	5.1198	1
117.2	27.9937	949.2423	5.1191	1
117.3	27.9991	949.9912	5.1145	1
117.4	28.0043	950.8441	5.1198	1
117.5	28.0095	951.7506	5.1284	1
117.6	28.0146	952.5339	5.1255	1
117.7	28.0198	953.4234	5.1199	1
117.8	28.025	954.2474	5.1171	1
117.9	28.0298	955.1363	5.1211	1
118	28.0349	955.8309	5.1337	1
118.1	28.04	956.7271	5.1372	1
118.2	28.0453	957.6072	5.1348	1
118.3	28.0506	958.2471	5.1251	1
118.4	28.0563	959.0399	5.1209	1
118.5	28.0624	959.7825	5.1177	1
118.6	28.0685	960.7634	5.1222	1
118.7	28.0745	961.4773	5.1109	1
118.8	28.0808	962.3147	5.1121	1
118.9	28.0871	963.1617	5.1279	1
119	28.0933	963.9761	5.1276	1
119.1	28.0994	964.7974	5.1027	1
119.2	28.1057	965.5729	5.104	1
119.3	28.1121	966.5072	5.1043	1
119.4	28.118	967.3897	5.0955	1
119.5	28.1241	968.2208	5.1052	1
119.6	28.1303	968.9859	5.1257	1
119.7	28.1366	969.8492	5.138	1
119.8	28.1429	970.677	5.122	1
119.9	28.149	971.4916	5.1146	1
120	28.1554	972.2365	5.1251	1
120.1	28.1618	973.1094	5.1283	1
120.2	28.168	974.0762	5.125	1
120.3	28.174	974.9162	5.1181	1
120.4	28.18	975.6993	5.107	1
120.5	28.1859	976.5639	5.101	1
120.6	28.1919	977.4125	5.1099	1
120.7	28.1981	978.1056	5.1232	1
120.8	28.2048	978.8999	5.114	1
120.9	28.2114	979.7019	5.104	1
121	28.218	980.5842	5.1108	1
121.1	28.2251	981.3634	5.114	1
121.2	28.2322	982.0197	5.1246	1
121.3	28.2397	982.9464	5.1293	1
121.4	28.2476	983.7172	5.1129	1
121.5	28.2555	984.4996	5.1148	1
121.6	28.2635	985.3345	5.1277	1
121.7	28.2712	986.1916	5.111	1
121.8	28.279	987.0377	5.1105	1
121.9	28.2867	987.8799	5.1291	1
122	28.2944	988.7418	5.1382	1
122.1	28.3019	989.4732	5.142	1
122.2	28.3096	990.4021	5.1362	1
122.3	28.317	991.3571	5.1355	2
122.4	28.3238	992.2293	5.1255	2
122.5	28.3307	993.1111	5.1286	2
122.6	28.3378	993.8165	5.1276	2
122.7	28.3445	994.4909	5.1292	2
122.8	28.3506	994.7442	5.1428	2
122.9	28.3563	994.656	5.1306	2
123	28.362	994.6713	5.1204	2
123.1	28.3673	994.8119	5.1222	2
123.2	28.3724	994.8763	5.1211	2
123.3	28.3774	994.8213	5.1146	2
123.4	28.3825	994.7888	5.1113	2
123.5	28.3875	994.8502	5.1309	2
123.6	28.3922	994.8765	5.1513	2
123.7	28.3966	994.839	5.1448	2
123.8	28.4009	995.0293	5.157	2
123.9	28.405	995.0582	5.1672	2
124	28.4088	995.0371	5.1493	2
124.1	28.4125	995.0071	5.1385	2
124.2	28.4161	995.0902	5.1432	2
124.3	28.4198	995.1058	5.1368	2
124.4	28.4229	995.2078	5.1318	2
124.5	28.4259	995.1763	5.1275	2
124.6	28.4289	995.1085	5.1134	2
124.7	28.4321	995.1569	5.1023	2
124.8	28.4349	995.2466	5.1037	2
124.9	28.4374	995.3193	5.1044	2
125	28.44	995.2395	5.1134	2
125.1	28.4426	995.1995	5.1182	2
125.2	28.4456	995.2282	5.1279	2
125.3	28.4482	995.2304	5.1432	2
125.4	28.4508	995.2871	5.1351	2
125.5	28.4535	995.0826	5.1161	2
125.6	28.4566	995.1906	5.1161	2
125.7	28.4599	995.0649	5.1173	2
125.8	28.463	995.0799	5.12	2
125.9	28.4661	995.1708	5.1157	2
126	28.4689	995.1971	5.1169	2
126.1	28.4715	995.2573	5.1228	2
126.2	28.4742	995.1663	5.1244	2
126.3	28.4771	995.0858	5.1242	2
126.4	28.4801	995.1709	5.1235	2
126.5	28.483	995.0758	5.1249	2
126.6	28.4861	995.1708	5.1358	2
126.7	28.4889	995.1997	5.128	2
126.8	28.4914	995.1785	5.1248	2
126.9	28.494	995.2133	5.1251	2
127	28.4964	995.2978	5.1183	2
127.1	28.4985	995.2858	5.1246	2
127.2	28.5005	995.3713	5.131	2
127.3	28.5026	995.3438	5.1222	2
127.4	28.5041	995.3813	5.1143	2
127.5	28.5053	995.5443	5.1201	2
127.6	28.5064	995.4051	5.1325	2
127.7	28.5073	995.5106	5.1448	2
127.8	28.5083	995.4709	5.1451	2
127.9	28.5093	995.4649	5.1434	2
128	28.5105	995.451	5.1369	2
128.1	28.5119	995.3723	5.1295	2
128.2	28.5133	995.4354	5.1106	2
128.3	28.5148	995.3425	5.108	2
128.4	28.5164	995.3181	5.1126	2
128.5	28.5182	995.3122	5.1024	2
128.6	28.5203	995.2571	5.0992	2
128.7	28.5222	995.3091	5.1042	2
128.8	28.5243	995.2156	5.1119	2
128.9	28.5263	995.1884	5.1205	2
129	28.5285	995.2748	5.1184	2
129.1	28.5307	995.2596	5.1173	2
129.2	28.5324	995.2616	5.0929	2
129.3	28.5341	995.3792	5.0777	2
129.4	28.5359	995.2826	5.0812	2
129.5	28.5378	995.248	5.0816	2
129.6	28.5402	995.1168	5.0828	2
129.7	28.5429	995.033	5.0934	2
129.8	28.5456	995.1309	5.1034	2
129.9	28.5482	995.1623	5.106	2
130	28.5503	995.2604	5.1094	2
130.1	28.5523	995.3035	5.1131	2
130.2	28.5543	995.2384	5.0943	2
130.3	28.5562	995.2867	5.0988	2
130.4	28.558	995.3018	5.1018	2
130.5	28.5595	995.4443	5.0957	2
130.6	28.561	995.3852	5.0813	2
130.7	28.5622	995.3541	5.0803	2
130.8	28.5636	995.3743	5.0838	2
130.9	28.5651	995.3565	5.0879	2
131	28.5667	995.3568	5.0907	2
131.1	28.5681	995.3681	5.0925	2
131.2	28.5695	995.3588	5.0871	2
131.3	28.5709	995.3323	5.0984	2
131.4	28.5726	995.3484	5.1051	2
131.5	28.5742	995.331	5.1057	2
131.6	28.5757	995.3367	5.1072	2
131.7	28.5773	995.2714	5.1058	2
131.8	28.5789	995.2533	5.1085	2
131.9	28.5807	995.3268	5.1086	2
132	28.5828	995.1779	5.1284	2
132.1	28.5846	995.2819	5.135	2
132.2	28.5861	995.3328	5.1275	2
132.3	28.5874	995.3498	5.1158	2
132.4	28.589	995.3602	5.1164	2
132.5	28.5905	995.3184	5.129	2
132.6	28.5917	995.3897	5.1214	2
132.7	28.5927	995.4242	5.1062	2
132.8	28.5939	995.354	5.1093	2
132.9	28.5953	995.3594	5.1096	2
133	28.5965	995.4436	5.0978	2
133.1	28.5976	995.3667	5.0974	2
133.2	28.5989	995.3951	5.092	2
133.3	28.6001	995.3495	5.0971	2
133.4	28.6014	995.3247	5.1074	2
133.5	28.6033	995.2702	5.1069	2
133.6	28.6052	995.19	5.1029	2
133.7	28.607	995.2511	5.0969	2
133.8	28.6089	995.2458	5.0914	2
133.9	28.6109	995.1653	5.1021	2
134	28.6131	995.1523	5.1006	2
134.1	28.6154	995.1128	5.1018	2
134.2	28.6177	995.09	5.0967	2
134.3	28.62	995.1917	5.1054	2
134.4	28.6225	995.0589	5.1245	2
134.5	28.6247	995.2098	5.1151	2
134.6	28.6268	995.1708	5.1024	2
134.7	28.629	995.1296	5.1118	2
134.8	28.6312	995.175	5.1107	2
134.9	28.6334	995.1323	5.0977	2
135	28.6353	995.1772	5.092	2
135.1	28.6372	995.2058	5.1057	2
135.2	28.6395	995.1268	5.124	2
135.3	28.6417	995.1671	5.1285	2
135.4	28.644	995.0834	5.1151	2
135.5	28.6467	994.9907	5.113	2
135.6	28.6495	995.0043	5.1008	2
135.7	28.6523	995.0174	5.0927	2
135.8	28.6549	995.0727	5.0905	2
135.9	28.6574	995.1333	5.0773	2
136	28.6599	995.0524	5.0941	2
136.1	28.6623	995.1053	5.1116	2
136.2	28.6648	995.0767	5.112	2
136.3	28.6673	995.1139	5.1045	2
136.4	28.6699	995.1172	5.0968	2
136.5	28.6723	995.0713	5.1059	2
136.6	28.6747	995.1215	5.1048	2
136.7	28.6769	995.1926	5.1041	2
136.8	28.679	995.2196	5.114	2
136.9	28.6812	995.164	5.1103	2
137	28.6831	995.2914	5.1159	2
137.1	28.6844	995.4019	5.1145	2
137.2	28.6852	995.4307	5.1036	2
137.3	28.6859	995.459	5.1062	2
137.4	28.6865	995.4195	5.1026	2
137.5	28.6872	995.5497	5.098	2
137.6	28.6878	995.5418	5.1089	2
137.7	28.6882	995.5269	5.1171	2
137.8	28.6889	995.4087	5.1123	2
137.9	28.6897	995.4422	5.1176	2
138	28.6906	995.3985	5.1241	2
138.1	28.6913	995.4694	5.1136	2
138.2	28.6919	995.4335	5.1129	2
138.3	28.6927	995.4006	5.1149	2
138.4	28.6936	995.4704	5.0997	2
138.5	28.6944	995.4541	5.095	2
138.6	28.6952	995.4084	5.1067	2
138.7	28.6958	995.508	5.1126	2
138.8	28.6961	995.5191	5.116	2
138.9	28.6965	995.5728	5.1291	2
139	28.697	995.4686	5.1261	2
139.1	28.6977	995.4786	5.124	2
139.2	28.6981	995.4724	5.1091	2
139.3	28.6987	995.4416	5.1019	2
139.4	28.6997	995.371	5.1153	2
139.5	28.7007	995.3865	5.1132	2
139.6	28.7015	995.4862	5.1093	2
139.7	28.7023	995.4077	5.1277	2
139.8	28.7034	995.3076	5.1237	2
139.9	28.7047	995.2748	5.1074	2
140	28.7059	995.2955	5.1077	2
140.1	28.7071	995.3415	5.1056	2
140.2	28.7087	995.2298	5.1033	2
140.3	28.7102	995.222	5.1111	2
140.4	28.7119	995.2722	5.1067	2
140.5	28.7133	995.2277	5.1043	2
140.6	28.7151	995.1993	5.1066	2
140.7	28.7169	995.1766	5.1001	2
140.8	28.7186	995.1986	5.097	2
140.9	28.7205	995.2436	5.0963	2
141	28.7225	995.1756	5.1101	2
141.1	28.7242	995.2289	5.1148	2
141.2	28.726	995.2056	5.1262	2
141.3	28.728	995.1035	5.1191	2
141.4	28.7297	995.2103	5.1068	2
141.5	28.7311	995.3661	5.1014	2
141.6	28.732	995.4707	5.1051	2
141.7	28.7328	995.4046	5.1219	2
141.8	28.7341	995.2679	5.1395	2
141.9	28.7357	995.225	5.1376	2
142	28.7369	995.2621	5.1247	2
142.1	28.738	995.3065	5.1216	2
142.2	28.7392	995.4	5.1215	2
142.3	28.74	995.415	5.1225	2
142.4	28.7406	995.5127	5.1192	2
142.5	28.741	995.4908	5.1308	2
142.6	28.7412	995.5507	5.1295	2
142.7	28.7414	995.5878	5.1248	2
142.8	28.7412	995.5785	5.1279	2
142.9	28.741	995.6517	5.1203	2
143	28.7409	995.7003	5.1325	2
143.1	28.7406	995.602	5.1435	2
143.2	28.7404	995.6093	5.1296	2
143.3	28.7402	995.6097	5.1101	2
143.4	28.7402	995.5046	5.112	2
143.5	28.7404	995.4984	5.1232	2
143.6	28.7409	995.5069	5.1339	2
143.7	28.7411	995.4361	5.1329	2
143.8	28.7414	995.607	5.1275	2
143.9	28.7417	995.5093	5.131	2
144	28.7418	995.5125	5.1254	2
144.1	28.742	995.5788	5.1172	2
144.2	28.7421	995.5388	5.1158	2
144.3	28.7421	995.5528	5.1148	2
144.4	28.7421	995.6048	5.1176	2
144.5	28.7418	995.6196	5.1223	2
144.6	28.7416	995.5786	5.1142	2
144.7	28.7415	995.5972	5.1106	2
144.8	28.7415	995.5725	5.1248	2
144.9	28.7415	995.5465	5.1337	2
145	28.7415	995.5884	5.1215	2
145.1	28.7413	995.6363	5.1054	2
145.2	28.741	995.6383	5.1143	2
145.3	28.741	995.5289	5.1155	2
145.4	28.7412	995.4636	5.1183	2
145.5	28.7413	995.5547	5.1154	2
145.6	28.7412	995.5567	5.1149	2
145.7	28.7413	995.4544	5.127	2
145.8	28.7419	995.4376	5.1297	2
145.9	28.7423	995.4916	5.1183	2
146	28.7425	995.4959	5.1069	2
146.1	28.7429	995.3777	5.1191	2
146.2	28.7435	995.4454	5.1145	2
146.3	28.7442	995.4051	5.1116	2
146.4	28.7446	995.431	5.1092	2
146.5	28.7453	995.3249	5.1171	2
146.6	28.7461	995.3533	5.1153	2
146.7	28.7468	995.4623	5.1066	2
146.8	28.7474	995.4273	5.109	2
146.9	28.7479	995.4524	5.1143	2
147	28.7483	995.4645	5.1181	2
147.1	28.7485	995.4582	5.1131	2
147.2	28.7487	995.5006	5.1068	2
147.3	28.7487	995.5693	5.105	2
147.4	28.7486	995.5675	5.0954	2
147.5	28.7484	995.5689	5.0979	2
147.6	28.7482	995.6463	5.116	2
147.7	28.7478	995.5879	5.1251	2
147.8	28.7474	995.636	5.1135	2
147.9	28.7473	995.6004	5.1019	2
148	28.747	995.6089	5.0964	2
148.1	28.7466	995.6994	5.1056	2
148.2	28.746	995.7196	5.109	2
148.3	28.7451	995.7588	5.1151	2
148.4	28.7442	995.7639	5.1083	2
148.5	28.7433	995.7223	5.1042	2
148.6	28.7427	995.6313	5.1133	2
148.7	28.7424	995.5112	5.0977	2
148.8	28.7424	995.5771	5.0976	2
148.9	28.742	995.678	5.106	2
149	28.7414	995.6433	5.0973	2
149.1	28.7411	995.5283	5.1008	2
149.2	28.7412	995.4829	5.1171	2
149.3	28.7416	995.4128	5.1191	2
149.4	28.7422	995.4041	5.1251	2
149.5	28.7431	995.3058	5.119	2
149.6	28.7445	995.1036	5.1076	2
149.7	28.7465	994.9651	5.1146	2
149.8	28.7489	994.9445	5.1118	2
149.9	28.7509	995.0775	5.0942	2
150	28.7528	995.1233	5.1029	2
150.1	28.7549	995.0842	5.1122	2
150.2	28.7569	995.1283	5.1061	2
150.3	28.7587	995.1976	5.1047	2
150.4	28.7604	995.1204	5.1005	2
150.5	28.7623	995.1873	5.1023	2
150.6	28.7639	995.2185	5.1049	2
150.7	28.7653	995.27	5.1128	2
150.8	28.7668	995.2182	5.1125	2
150.9	28.768	995.2638	5.1043	2
151	28.7688	995.4536	5.0985	2
151.1	28.7691	995.4044	5.1056	2
151.2	28.7696	995.4221	5.1179	2
151.3	28.7701	995.4718	5.1059	2
151.4	28.7701	995.5319	5.1114	2
151.5	28.7701	995.551	5.1087	2
151.6	28.7702	995.4339	5.1107	2
151.7	28.7704	995.5677	5.111	2
151.8	28.7705	995.4354	5.1119	2
151.9	28.7707	995.498	5.1137	2
152	28.7712	995.3664	5.1081	2
152.1	28.7715	995.4886	5.0938	2
152.2	28.7718	995.4977	5.0952	2
152.3	28.7721	995.3891	5.095	3
152.4	28.7727	995.4143	5.1053	3
152.5	28.7735	995.3757	5.1161	3
152.6	28.7741	995.3283	5.1084	3
152.7	28.775	994.959	5.1021	3
152.8	28.7756	994.3215	5.0994	3
152.9	28.7756	993.6927	5.1068	3
153	28.7752	992.8027	5.121	3
153.1	28.7747	992.0418	5.1121	3
153.2	28.7741	991.2557	5.1043	3
153.3	28.7731	990.3791	5.1136	3
153.4	28.7721	989.6621	5.1237	3
153.5	28.7712	988.8817	5.1085	3
153.6	28.7702	987.9459	5.1041	3
153.7	28.7692	987.1223	5.1034	3
153.8	28.7683	986.3002	5.0992	3
153.9	28.7673	985.493	5.0865	3
154	28.7661	984.6758	5.0914	3
154.1	28.7647	983.8187	5.1119	3
154.2	28.7637	982.9809	5.1243	3
154.3	28.763	982.0693	5.1149	3
154.4	28.7623	981.2233	5.1088	3
154.5	28.7615	980.4234	5.1195	3
154.6	28.7606	979.6051	5.1179	3
154.7	28.7596	978.732	5.1145	3
154.8	28.7586	977.9696	5.1139	3
154.9	28.7573	977.223	5.1056	3
155	28.7555	976.49	5.0995	3
155.1	28.7534	975.6861	5.0964	3
155.2	28.7515	974.8235	5.0978	3
155.3	28.7497	974.0443	5.1178	3
155.4	28.7477	973.1579	5.1306	3
155.5	28.7458	972.275	5.1277	3
155.6	28.7442	971.521	5.1095	3
155.7	28.742	970.7491	5.1067	3
155.8	28.7395	969.9281	5.1099	3
155.9	28.7374	968.9919	5.1135	3
156	28.7357	968.0556	5.1152	3
156.1	28.7339	967.3539	5.1099	3
156.2	28.7318	966.5351	5.1066	3
156.3	28.7295	965.6883	5.1168	3
156.4	28.7273	964.9446	5.1139	3
156.5	28.7247	964.1492	5.1087	3
156.6	28.7219	963.402	5.115	3
156.7	28.7191	962.4861	5.1224	3
156.8	28.7163	961.7214	5.1201	3
156.9	28.7133	960.9568	5.1019	3
157	28.7101	960.0775	5.0867	3
157.1	28.7072	959.1674	5.095	3
157.2	28.7045	958.2889	5.0938	3
157.3	28.7016	957.5132	5.0906	3
157.4	28.6989	956.6565	5.096	3
157.5	28.6964	955.7318	5.0926	3
157.6	28.6945	954.7705	5.1109	3
157.7	28.6926	954.0072	5.1293	3
157.8	28.6903	953.205	5.1191	3
157.9	28.6879	952.4018	5.1036	3
158	28.6861	951.4445	5.0981	3
158.1	28.6842	950.5541	5.1048	3
158.2	28.6827	949.7496	5.093	3
158.3	28.681	948.8821	5.099	3
158.4	28.6791	948.1172	5.1007	3
158.5	28.6773	947.2075	5.1027	3
158.6	28.6758	946.3764	5.1098	3
158.7	28.6746	945.5421	5.0983	3
158.8	28.673	944.8148	5.1084	3
158.9	28.6712	943.9549	5.1155	3
159	28.6693	943.1036	5.1026	3
159.1	28.6676	942.3241	5.1117	3
159.2	28.6655	941.4777	5.1281	3
159.3	28.6632	940.7151	5.1261	3
159.4	28.6612	939.8542	5.1309	3
159.5	28.6594	938.9134	5.1215	3
159.6	28.6573	938.1732	5.1145	3
159.7	28.655	937.4594	5.1099	3
159.8	28.6525	936.5648	5.1003	3
159.9	28.6498	935.8055	5.113	3
160	28.6471	934.9835	5.1238	3
160.1	28.6442	934.0913	5.1037	3
160.2	28.6419	933.3399	5.104	3
160.3	28.6394	932.4522	5.1114	3
160.4	28.6365	931.6266	5.1144	3
160.5	28.6338	930.8292	5.1215	3
160.6	28.6313	929.849	5.1299	3
160.7	28.6289	929.0763	5.1409	3
160.8	28.6267	928.2436	5.1362	3
160.9	28.6243	927.305	5.1404	3
161	28.6221	926.5863	5.1328	3
161.1	28.6199	925.667	5.1284	3
161.2	28.617	925.0468	5.128	3
161.3	28.6143	924.1985	5.1302	3
161.4	28.6114	923.2067	5.1298	3
161.5	28.609	922.4255	5.1376	3
161.6	28.6068	921.5081	5.1565	3
161.7	28.6042	920.8369	5.1524	3
161.8	28.6017	919.9979	5.1315	3
161.9	28.5987	919.1652	5.1363	3
162	28.5956	918.4334	5.1377	3
162.1	28.5922	917.5417	5.1234	3
162.2	28.5886	916.886	5.1087	3
162.3	28.5851	915.998	5.122	3
162.4	28.581	915.2474	5.1411	3
162.5	28.5772	914.4375	5.1284	3
162.6	28.5729	913.5629	5.1264	3
162.7	28.5686	912.8806	5.1254	3
162.8	28.5643	911.9801	5.1164	3
162.9	28.5596	911.1172	5.126	3
163	28.5551	910.5093	5.1324	3
163.1	28.5505	909.5983	5.1407	3
163.2	28.5455	908.7946	5.1445	3
163.3	28.5408	907.8567	5.1357	3
163.4	28.5361	906.9645	5.1344	3
163.5	28.5316	906.2724	5.1516	3
163.6	28.5272	905.2973	5.1569	3
163.7	28.5226	904.4923	5.1594	3
163.8	28.5182	903.7545	5.1482	3
163.9	28.5134	902.8586	5.1411	3
164	28.5092	902.1576	5.1447	3
164.1	28.505	901.2175	5.1402	3
164.2	28.5002	900.4078	5.1393	3
164.3	28.4955	899.5896	5.1534	3
164.4	28.4909	898.5935	5.154	3
164.5	28.4865	897.864	5.1502	3
164.6	28.4821	897.0069	5.1387	3
164.7	28.4774	896.2068	5.1397	3
164.8	28.4728	895.3938	5.1515	3
164.9	28.4681	894.553	5.165	3
165	28.4633	893.7996	5.1645	3
165.1	28.4586	892.8883	5.1533	3
165.2	28.4539	891.9872	5.1352	3
165.3	28.4489	891.3017	5.1286	3
165.4	28.4439	890.4697	5.1254	3
165.5	28.4387	889.6767	5.1226	3
165.6	28.4338	888.7174	5.1291	3
165.7	28.4289	887.825	5.1273	3
165.8	28.4242	887.1557	5.1335	3
165.9	28.4195	886.2768	5.1377	3
166	28.4146	885.5179	5.1374	3
166.1	28.4096	884.6785	5.1307	3
166.2	28.4042	883.7976	5.1264	3
166.3	28.3991	882.9365	5.1353	3
166.4	28.3941	882.0912	5.1339	3
166.5	28.3889	881.3515	5.1213	3
166.6	28.3833	880.6149	5.1046	3
166.7	28.3777	879.7225	5.1027	3
166.8	28.3723	878.8343	5.1205	3
166.9	28.3673	877.9733	5.1276	3
167	28.3621	877.1146	5.1079	3
167.1	28.3572	876.2654	5.1082	3
167.2	28.3524	875.3805	5.1077	3
167.3	28.3477	874.5678	5.1123	3
167.4	28.3431	873.6303	5.12	3
167.5	28.3388	872.7829	5.1145	3
167.6	28.3346	871.9511	5.0987	3
167.7	28.3304	871.1169	5.0978	3
167.8	28.3258	870.3324	5.1196	3
167.9	28.3209	869.5837	5.1218	3
168	28.316	868.74	5.1134	3
168.1	28.3112	867.8798	5.1197	3
168.2	28.306	867.1701	5.1207	3
168.3	28.3005	866.4081	5.1177	3
168.4	28.2946	865.6764	5.1172	3
168.5	28.2886	864.8749	5.129	3
168.6	28.2826	863.9645	5.1286	3
168.7	28.2769	863.1102	5.1114	3
168.8	28.2713	862.2806	5.1089	3
168.9	28.2655	861.4162	5.1157	3
169	28.2598	860.5752	5.1218	3
169.1	28.254	859.7209	5.1256	3
169.2	28.2486	858.8491	5.1455	3
169.3	28.2431	858.0358	5.1456	3
169.4	28.2375	857.2421	5.1382	3
169.5	28.232	856.3575	5.1333	3
169.6	28.2265	855.5056	5.1289	3
169.7	28.2213	854.6923	5.1216	3
169.8	28.2161	853.7851	5.1214	3
169.9	28.2111	852.8576	5.133	3
170	28.2062	852.0742	5.1237	3
170.1	28.2013	851.2983	5.1108	3
170.2	28.1964	850.3759	5.1194	3
170.3	28.1916	849.5231	5.1266	3
170.4	28.1868	848.7468	5.1149	3
170.5	28.1816	847.9594	5.112	3
170.6	28.1767	847.0893	5.1228	3
170.7	28.1719	846.1665	5.1207	3
170.8	28.1672	845.3734	5.1139	3
170.9	28.1621	844.5736	5.1092	3
171	28.157	843.733	5.1245	3
171.1	28.1521	843.003	5.1433	3
171.2	28.1468	842.235	5.1436	3
171.3	28.1412	841.4012	5.122	3
171.4	28.1354	840.6282	5.1187	3
171.5	28.1297	839.7538	5.1223	3
171.6	28.124	838.923	5.1178	3
171.7	28.1186	838.1065	5.117	3
171.8	28.1128	837.2853	5.1128	3
171.9	28.1068	836.4574	5.1024	3
172	28.1007	835.6599	5.1009	3
172.1	28.0946	834.7866	5.0967	3
172.2	28.0885	833.9409	5.0968	3
172.3	28.0827	833.1777	5.106	3
172.4	28.0769	832.3885	5.1172	3
172.5	28.0709	831.4962	5.1101	3
172.6	28.0651	830.6276	5.1016	3
172.7	28.0591	829.7777	5.111	3
172.8	28.0528	829.061	5.1191	3
172.9	28.0468	828.1291	5.1208	3
173	28.0408	827.3054	5.1127	3
173.1	28.0347	826.5083	5.1096	3
173.2	28.0286	825.6168	5.1117	3
173.3	28.0227	824.7279	5.1124	3
173.4	28.0172	823.851	5.1062	3
173.5	28.0116	823.0772	5.1025	3
173.6	28.0058	822.2326	5.1043	3
173.7	28.0004	821.2572	5.1052	3
173.8	27.995	820.4253	5.1081	3
173.9	27.99	819.5702	5.1007	3
174	27.9852	818.6148	5.0967	3
174.1	27.9808	817.8587	5.0973	3
174.2	27.9766	816.8586	5.1143	3
174.3	27.9725	816.1117	5.1278	3
174.4	27.9686	815.1589	5.1316	3
174.5	27.9644	814.2838	5.1302	3
174.6	27.9606	813.5546	5.1141	3
174.7	27.9565	812.7494	5.1054	3
174.8	27.9522	811.9617	5.1069	3
174.9	27.9475	811.181	5.1036	3
175	27.9426	810.4356	5.1114	3
175.1	27.9377	809.6158	5.1124	3
175.2	27.9327	808.7133	5.1017	3
175.3	27.9279	807.8309	5.1085	3
175.4	27.9235	806.9705	5.1114	3
175.5	27.9193	806.1218	5.1166	3
175.6	27.9149	805.3109	5.1203	3
175.7	27.9105	804.4612	5.1225	3
175.8	27.906	803.6076	5.1341	3
175.9	27.9014	802.8811	5.1234	3
176	27.8968	801.9643	5.1092	3
176.1	27.892	801.2257	5.1155	3
176.2	27.8872	800.3551	5.1231	3
176.3	27.8823	799.4925	5.1249	3
176.4	27.8777	798.6414	5.1181	3
176.5	27.8732	797.8019	5.1132	3
176.6	27.8688	797.0362	5.1245	3
176.7	27.8644	796.1004	5.1269	3
176.8	27.8603	795.2716	5.1309	3
176.9	27.8561	794.4221	5.1372	3
177	27.8518	793.625	5.1295	3
177.1	27.8472	792.7617	5.1199	3
177.2	27.8427	792.0123	5.1119	3
177.3	27.8379	791.2563	5.0968	3
177.4	27.8327	790.4652	5.1015	3
177.5	27.8278	789.5528	5.1177	3
177.6	27.8233	788.6702	5.1184	3
177.7	27.8186	787.898	5.1131	3
177.8	27.8139	786.9845	5.1089	3
177.9	27.8092	786.2093	5.1254	3
178	27.8043	785.4612	5.1337	3
178.1	27.7992	784.5984	5.1389	3
178.2	27.7939	783.8444	5.1415	3
178.3	27.7886	783.0175	5.1429	3
178.4	27.7831	782.1667	5.1282	3
178.5	27.7777	781.3125	5.1194	3
178.6	27.7723	780.4978	5.1334	3
178.7	27.7666	779.8139	5.1446	3
178.8	27.7607	778.9501	5.1321	3
178.9	27.7548	778.113	5.1269	3
179	27.7486	777.3207	5.134	3
179.1	27.7424	776.4894	5.1336	3
179.2	27.7362	775.6601	5.1279	3
179.3	27.7301	774.8371	5.1255	3
179.4	27.724	774.0391	5.1358	3
179.5	27.7178	773.1877	5.1307	3
179.6	27.7114	772.3131	5.1166	3
179.7	27.7052	771.5585	5.111	3
179.8	27.699	770.6939	5.1184	3
179.9	27.6927	769.8718	5.1296	3
180	27.6863	768.9736	5.127	3
180.1	27.68	768.2018	5.1269	3
180.2	27.6739	767.3654	5.1354	3
180.3	27.6678	766.4977	5.1408	3
180.4	27.6616	765.6696	5.1383	3
180.5	27.6554	764.8633	5.136	3
180.6	27.6492	764.0705	5.1426	3
180.7	27.6428	763.1326	5.143	3
180.8	27.6367	762.2805	5.1404	3
180.9	27.6306	761.5699	5.1301	3
181	27.6243	760.7169	5.1177	3
181.1	27.618	759.8202	5.1083	3
181.2	27.6117	758.9891	5.1129	3
181.3	27.6055	758.283	5.126	3
181.4	27.599	757.3768	5.1284	3
181.5	27.5926	756.563	5.1222	3
181.6	27.5864	755.6981	5.1281	3
181.7	27.5799	754.8691	5.1212	3
181.8	27.5739	753.9729	5.1195	3
181.9	27.5682	753.0914	5.1214	3
182	27.5627	752.2142	5.1174	3
182.1	27.5571	751.336	5.1088	3
182.2	27.5516	750.3872	5.1144	3
182.3	27.5467	749.3832	5.1268	3
182.4	27.5425	748.5661	5.1395	3
182.5	27.5385	747.7806	5.1378	3
182.6	27.5341	746.9094	5.1185	3
182.7	27.53	745.9858	5.1151	3
182.8	27.526	745.2838	5.1187	3
182.9	27.5217	744.4695	5.1228	3
183	27.5171	743.7253	5.1271	3
183.1	27.5122	742.9585	5.1403	3
183.2	27.5069	742.1001	5.1361	3
183.3	27.5017	741.2243	5.1395	3
183.4	27.4971	740.2803	5.148	3
183.5	27.4928	739.4361	5.1496	3
183.6	27.4885	738.5954	5.1574	3
183.7	27.4844	737.6967	5.1468	3
183.8	27.4801	736.8828	5.1389	3
183.9	27.4758	736.1812	5.1506	3
184	27.4712	735.4199	5.1414	3
184.1	27.466	734.5578	5.1215	3
184.2	27.4609	733.7413	5.127	3
184.3	27.4558	732.9527	5.1305	3
184.4	27.4507	732.155	5.121	3
184.5	27.4454	731.3314	5.1168	3
184.6	27.44	730.4741	5.1087	3
184.7	27.4347	729.5917	5.1056	3
184.8	27.4296	728.7873	5.104	3
184.9	27.4244	727.9131	5.0996	3
185	27.4194	727.0638	5.1044	3
185.1	27.4146	726.2271	5.0991	3
185.2	27.4096	725.3346	5.0923	3
185.3	27.4047	724.5864	5.1055	3
185.4	27.3999	723.7115	5.1208	3
185.5	27.3952	722.7667	5.1047	3
185.6	27.3905	722.0639	5.1047	3
185.7	27.3856	721.2319	5.1116	3
185.8	27.3807	720.4149	5.1193	3
185.9	27.3757	719.7033	5.128	3
186	27.3701	718.8739	5.1274	3
186.1	27.3645	718.0683	5.1329	3
186.2	27.3591	717.0754	5.1236	3
186.3	27.3539	716.2777	5.1196	3
186.4	27.3487	715.4362	5.1153	3
186.5	27.3434	714.5984	5.1051	3
186.6	27.3381	713.8469	5.1093	3
186.7	27.3326	713.0541	5.1123	3
186.8	27.327	712.24	5.1148	3
186.9	27.3215	711.3195	5.1263	3
187	27.3161	710.5265	5.1294	3
187.1	27.3104	709.7799	5.1304	3
187.2	27.3045	708.9863	5.1449	3
187.3	27.2983	708.1429	5.1349	3
187.4	27.2921	707.3774	5.1329	3
187.5	27.2857	706.5578	5.1309	3
187.6	27.2794	705.7651	5.1235	3
187.7	27.2729	704.9287	5.1334	3
187.8	27.2662	704.0755	5.1284	3
187.9	27.2598	703.2348	5.1242	3
188	27.2537	702.3252	5.1251	3
188.1	27.2477	701.4945	5.1265	3
188.2	27.2416	700.6067	5.1242	3
188.3	27.2354	699.7857	5.1265	3
188.4	27.2295	698.9213	5.135	3
188.5	27.2235	698.0088	5.1374	3
188.6	27.2176	697.2541	5.1286	3
188.7	27.2119	696.4005	5.115	3
188.8	27.206	695.6214	5.1085	3
188.9	27.2002	694.7822	5.1189	3
189	27.1943	693.9006	5.123	3
189.1	27.1883	693.0396	5.1236	3
189.2	27.1826	692.1579	5.1219	3
189.3	27.1769	691.4078	5.116	3
189.4	27.1711	690.6436	5.1111	3
189.5	27.1654	689.775	5.1119	3
189.6	27.1595	688.9658	5.1201	3
189.7	27.1534	688.2549	5.125	3
189.8	27.147	687.2871	5.1371	3
189.9	27.1409	686.4079	5.1319	3
190	27.1351	685.5734	5.1193	3
190.1	27.1292	684.8471	5.1252	3
190.2	27.123	683.9299	5.1269	3
190.3	27.1168	683.1164	5.1268	3
190.4	27.111	682.271	5.1258	3
190.5	27.1048	681.5275	5.1198	3
190.6	27.0983	680.8086	5.1316	3
190.7	27.0918	679.7708	5.1392	3
190.8	27.0859	678.9431	5.1261	3
190.9	27.0799	678.1774	5.1381	3
191	27.0735	677.4278	5.1419	3
191.1	27.0672	676.5222	5.1308	3
191.2	27.0611	675.6276	5.1299	3
191.3	27.055	674.8398	5.1303	3
191.4	27.0488	673.9825	5.1289	3
191.5	27.0424	673.2026	5.124	3
191.6	27.0363	672.3198	5.1437	3
191.7	27.0299	671.4978	5.1537	3
191.8	27.0243	670.5751	5.1352	3
191.9	27.018	669.7698	5.1217	3
192	27.0115	669.0761	5.1197	3
192.1	27.0053	668.2003	5.1214	3
192.2	26.9991	667.3065	5.1276	3
192.3	26.9931	666.5026	5.1277	3
192.4	26.9867	665.6723	5.1267	3
192.5	26.9801	664.8612	5.1232	3
192.6	26.9739	663.9542	5.1113	3
192.7	26.9677	663.2009	5.1038	3
192.8	26.9615	662.2769	5.1162	3
192.9	26.9552	661.5039	5.1239	3
193	26.9491	660.681	5.1253	3
193.1	26.9428	659.8282	5.1236	3
193.2	26.9363	659.0805	5.1314	3
193.3	26.9299	658.1747	5.1366	3
193.4	26.9236	657.3639	5.1435	3
193.5	26.9176	656.5523	5.1423	3
193.6	26.9111	655.6466	5.1402	3
193.7	26.9049	654.7776	5.1335	3
193.8	26.8988	653.9935	5.1252	3
193.9	26.8925	653.1958	5.1272	3
194	26.8857	652.4353	5.1246	3
194.1	26.8785	651.7763	5.1203	3
194.2	26.8709	650.9457	5.1294	3
194.3	26.8635	650.1479	5.1253	3
194.4	26.8562	649.2577	5.1328	3
194.5	26.8485	648.5177	5.1311	3
194.6	26.8407	647.6352	5.1237	3
194.7	26.8331	646.7678	5.1337	3
194.8	26.8258	645.9006	5.1319	3
194.9	26.8183	645.0011	5.121	3
195	26.8112	644.2378	5.1162	3
195.1	26.8043	643.2242	5.1225	3
195.2	26.7976	642.4687	5.122	3
195.3	26.791	641.5037	5.1105	3
195.4	26.7845	640.578	5.1034	3
195.5	26.7785	639.8506	5.1087	3
195.6	26.7725	639.0033	5.1211	3
195.7	26.7665	638.1226	5.1372	3
195.8	26.7604	637.1838	5.133	3
195.9	26.7544	636.4986	5.1244	3
196	26.7482	635.6437	5.1253	3
196.1	26.7418	634.8788	5.1316	3
196.2	26.7353	634.0462	5.1315	3
196.3	26.7285	633.2656	5.1308	3
196.4	26.7215	632.4822	5.1288	3
196.5	26.7144	631.6718	5.1244	3
196.6	26.7073	630.88	5.1332	3
196.7	26.7	629.9908	5.1381	3
196.8	26.6929	629.2306	5.1296	3
196.9	26.6855	628.3767	5.1158	3
197	26.6783	627.4884	5.1192	3
197.1	26.6714	626.7093	5.1258	3
197.2	26.6641	625.8424	5.1254	3
197.3	26.6575	624.8662	5.1314	3
197.4	26.6509	623.9787	5.1183	3
197.5	26.6451	623.1591	5.1164	3
197.6	26.6392	622.1673	5.1191	3
197.7	26.6339	621.222	5.1278	3
197.8	26.6291	620.2839	5.1356	3
197.9	26.6244	619.3768	5.1266	3
198	26.6202	618.6299	5.1285	3
198.1	26.6154	617.8166	5.1421	3
198.2	26.6106	617.1162	5.1551	3
198.3	26.6051	616.3078	5.1585	3
198.4	26.5995	615.4839	5.1497	3
198.5	26.5944	614.5248	5.1366	3
198.6	26.5894	613.6416	5.1347	3
198.7	26.5849	612.8816	5.1338	3
198.8	26.5798	612.1541	5.1383	3
198.9	26.5746	611.2836	5.1438	3
199	26.5694	610.4251	5.126	3
199.1	26.564	609.624	5.129	3
199.2	26.5588	608.8917	5.1447	3
199.3	26.5529	608.0527	5.1457	3
199.4	26.5472	607.1597	5.1305	3
199.5	26.5413	606.4427	5.1227	3
199.6	26.5356	605.5466	5.1346	3
199.7	26.5298	604.7839	5.134	3
199.8	26.524	603.8992	5.1396	3
199.9	26.5183	602.9778	5.1274	3
200	26.5125	602.2725	5.1275	3
200.1	26.5066	601.4181	5.1296	3
200.2	26.5005	600.6121	5.1348	3
200.3	26.4946	599.7448	5.1416	3
200.4	26.4886	598.9696	5.14	3
200.5	26.4822	598.2328	5.1326	3
200.6	26.4757	597.3532	5.1272	3
200.7	26.469	596.5273	5.1326	3
200.8	26.4625	595.7017	5.1387	3
200.9	26.4562	594.8209	5.1212	3
201	26.4498	594.0277	5.1159	3
201.1	26.4435	593.1816	5.1195	3
201.2	26.4371	592.3497	5.1193	3
201.3	26.4311	591.4519	5.1183	3
201.4	26.4252	590.6681	5.124	3
201.5	26.419	589.8331	5.1217	3
201.6	26.4125	589.0008	5.1247	3
201.7	26.4062	588.154	5.1292	3
201.8	26.4001	587.2712	5.1412	3
201.9	26.3939	586.535	5.1387	3
202	26.3874	585.7339	5.1298	3
202.1	26.3807	584.9075	5.127	3
202.2	26.3743	583.9858	5.1223	3
202.3	26.3679	583.1138	5.1203	3
202.4	26.3617	582.3561	5.122	3
202.5	26.3553	581.6086	5.1241	3
202.6	26.3488	580.7241	5.1362	3
202.7	26.3425	579.8385	5.1251	3
202.8	26.3363	578.9818	5.1275	3
202.9	26.3299	578.1956	5.1242	3
203	26.3234	577.393	5.122	3
203.1	26.3169	576.5194	5.1202	3
203.2	26.3108	575.5599	5.1298	3
203.3	26.3053	574.5898	5.1252	3
203.4	26.3003	573.6915	5.128	3
203.5	26.2953	572.8876	5.123	3
203.6	26.2897	572.2708	5.1234	3
203.7	26.284	571.3888	5.1309	3
203.8	26.278	570.6237	5.1086	3
203.9	26.2723	569.7283	5.103	3
204	26.2662	568.9117	5.1159	3
204.1	26.2599	568.1948	5.1156	3
204.2	26.2535	567.3531	5.1119	3
204.3	26.2472	566.5309	5.1257	3
204.4	26.2408	565.6966	5.1229	3
204.5	26.2343	564.8864	5.1218	3
204.6	26.2279	564.0328	5.1232	3
204.7	26.2213	563.2443	5.1276	3
204.8	26.2146	562.3971	5.1346	3
204.9	26.208	561.5245	5.1313	3
205	26.2018	560.6347	5.1269	3
205.1	26.1955	559.8357	5.1275	3
205.2	26.189	559.03	5.1344	3
205.3	26.1825	558.2177	5.1359	3
205.4	26.1758	557.4061	5.1349	3
205.5	26.169	556.6229	5.1454	3
205.6	26.1621	555.7843	5.1475	3
205.7	26.1552	554.9272	5.1269	3
205.8	26.1485	554.0593	5.1187	3
205.9	26.1422	553.2248	5.1314	3
206	26.1355	552.4487	5.1373	3
206.1	26.1286	551.5901	5.1279	3
206.2	26.1219	550.7839	5.1262	3
206.3	26.1152	549.9303	5.1308	3
206.4	26.1083	549.1076	5.1319	3
206.5	26.1013	548.3686	5.1313	3
206.6	26.0942	547.474	5.1165	3
206.7	26.0873	546.55	5.1037	3
206.8	26.0808	545.7651	5.1014	3
206.9	26.0737	545.0204	5.1048	3
207	26.0664	544.2515	5.1059	3
207.1	26.0593	543.3069	5.1159	3
207.2	26.0524	542.4561	5.1188	3
207.3	26.0454	541.6705	5.116	3
207.4	26.0384	540.8496	5.1222	3
207.5	26.0316	539.8836	5.1154	3
207.6	26.025	539.0312	5.1146	3
207.7	26.0181	538.3699	5.1149	3
207.8	26.011	537.5161	5.1081	3
207.9	26.0039	536.6261	5.1049	3
208	25.9969	535.8507	5.1072	3
208.1	25.9897	535.0492	5.1061	3
208.2	25.9823	534.2698	5.0997	3
208.3	25.9749	533.3526	5.1053	3
208.4	25.9675	532.473	5.1154	3
208.5	25.9603	531.6904	5.128	3
208.6	25.9533	530.8383	5.1281	3
208.7	25.9463	530.0105	5.1157	3
208.8	25.9393	529.1903	5.1202	3
208.9	25.9321	528.3101	5.1178	3
209	25.925	527.5359	5.1191	3
209.1	25.9179	526.6563	5.1195	3
209.2	25.9108	525.8724	5.1225	3
209.3	25.9034	525.1447	5.1166	3
209.4	25.8955	524.2885	5.1165	3
209.5	25.8879	523.4454	5.1154	3
209.6	25.8804	522.578	5.1151	3
209.7	25.8727	521.731	5.1277	3
209.8	25.865	520.9119	5.1287	3
209.9	25.8576	520.1263	5.1086	3
210	25.85	519.2969	5.0979	3
210.1	25.8423	518.4809	5.1065	3
210.2	25.8348	517.62	5.1144	3
210.3	25.8271	516.8088	5.1157	3
210.4	25.8192	516.036	5.1231	3
210.5	25.8105	515.4674	5.1208	3
210.6	25.8009	514.7093	5.12	3
210.7	25.7924	513.3069	5.131	3
210.8	25.7871	511.8308	5.1304	3
210.9	25.7823	511.3577	5.1218	3
211	25.7757	510.9053	5.1147	3
211.1	25.7682	510.0935	5.1163	3
211.2	25.7605	509.2603	5.115	3
211.3	25.7531	508.4453	5.1007	3
211.4	25.7455	507.5805	5.1159	3
211.5	25.738	506.7762	5.1121	3
211.6	25.7303	505.9544	5.1009	3
211.7	25.7223	505.1646	5.1007	3
211.8	25.7142	504.3146	5.1067	3
211.9	25.7063	503.3466	5.1078	3
212	25.6986	502.5618	5.0976	3
212.1	25.6908	501.827	5.1004	3
212.2	25.6831	500.9676	5.1022	3
212.3	25.6756	500.0351	5.1048	3
212.4	25.6682	499.2459	5.1021	3
212.5	25.6606	498.3676	5.0902	3
212.6	25.6532	497.5548	5.0944	3
212.7	25.6459	496.7509	5.078	3
212.8	25.6386	495.8969	5.0789	3
212.9	25.6311	495.0779	5.0812	3
213	25.6235	494.2346	5.0812	3
213.1	25.6159	493.5292	5.0971	3
213.2	25.608	492.6493	5.1101	3
213.3	25.6001	491.7053	5.1139	3
213.4	25.5927	490.9175	5.1154	3
213.5	25.5854	490.1004	5.1158	3
213.6	25.5779	489.2107	5.1106	3
213.7	25.5707	488.2868	5.0985	3
213.8	25.5635	487.4789	5.0958	3
213.9	25.5562	486.7458	5.1026	3
214	25.5487	485.9065	5.1247	3
214.1	25.5416	484.9765	5.1307	3
214.2	25.5346	484.1456	5.1236	3
214.3	25.5275	483.368	5.1249	3
214.4	25.52	482.5634	5.1237	3
214.5	25.5124	481.7338	5.1058	3
214.6	25.5047	480.9698	5.1007	3
214.7	25.497	480.153	5.0928	3
214.8	25.4894	479.1775	5.0886	3
214.9	25.4824	478.3235	5.1049	3
215	25.4752	477.5529	5.1121	3
215.1	25.4681	476.6778	5.1003	3
215.2	25.4613	475.7129	5.0982	3
215.3	25.4546	474.878	5.1028	3
215.4	25.448	474.0822	5.1027	3
215.5	25.4416	473.1447	5.1075	3
215.6	25.4354	472.2623	5.1077	3
215.7	25.4293	471.3844	5.1031	3
215.8	25.4232	470.6166	5.1037	3
215.9	25.4168	469.8364	5.1069	3
216	25.4102	469.0785	5.0991	3
216.1	25.4036	468.1747	5.0948	3
216.2	25.3973	467.2371	5.1018	3
216.3	25.3915	466.375	5.1064	3
216.4	25.386	465.4627	5.0987	3
216.5	25.3807	464.5982	5.0907	3
216.6	25.3756	463.8107	5.0861	3
216.7	25.3698	463.0532	5.0891	3
216.8	25.3635	462.3331	5.0953	3
216.9	25.3569	461.5411	5.1082	3
217	25.3506	460.6721	5.1031	3
217.1	25.3445	459.7994	5.1066	3
217.2	25.3383	458.9322	5.1174	3
217.3	25.332	458.1472	5.0995	3
217.4	25.3256	457.346	5.0841	3
217.5	25.3192	456.6261	5.0916	3
217.6	25.3125	455.8192	5.1108	3
217.7	25.3052	455.0131	5.1034	3
217.8	25.2981	454.1527	5.097	3
217.9	25.2911	453.322	5.0959	3
218	25.284	452.5157	5.0866	3
218.1	25.2767	451.7308	5.0841	3
218.2	25.2691	450.9098	5.093	3
218.3	25.2615	450.1102	5.0925	3
218.4	25.2539	449.2774	5.0972	3
218.5	25.2461	448.4647	5.1015	3
218.6	25.2383	447.6486	5.1016	3
218.7	25.2308	446.7512	5.1028	3
218.8	25.2231	446.017	5.1109	3
218.9	25.2152	445.1858	5.1059	3
219	25.207	444.4008	5.1056	3
219.1	25.1992	443.4327	5.1002	3
219.2	25.1917	442.5753	5.1057	3
219.3	25.184	441.7794	5.1161	3
219.4	25.1761	440.9851	5.1067	3
219.5	25.1685	440.0329	5.1017	3
219.6	25.1614	439.1696	5.1016	3
219.7	25.1543	438.3233	5.1064	3
219.8	25.147	437.4912	5.107	3
219.9	25.1399	436.6373	5.0937	3
220	25.1326	435.7891	5.0797	3
220.1	25.1252	435.1303	5.0972	3
220.2	25.1178	434.2979	5.1013	3
220.3	25.11	433.4426	5.0975	3
220.4	25.1022	432.6162	5.0971	3
220.5	25.0945	431.8059	5.0953	3
220.6	25.0865	431.0452	5.1096	3
220.7	25.0785	430.2145	5.1228	3
220.8	25.0702	429.3846	5.1171	3
220.9	25.062	428.5322	5.1197	3
221	25.0539	427.7146	5.1278	3
221.1	25.0457	426.8969	5.1203	3
221.2	25.0374	426.0008	5.1078	3
221.3	25.0295	425.1793	5.1115	3
221.4	25.0217	424.3083	5.1129	3
221.5	25.0139	423.5464	5.1135	3
221.6	25.006	422.6716	5.1082	3
221.7	24.9981	421.8106	5.093	3
221.8	24.9901	421.0545	5.0888	3
221.9	24.9819	420.1484	5.0912	3
222	24.9738	419.3639	5.1154	3
222.1	24.966	418.4323	5.1209	3
222.2	24.9579	417.6087	5.1213	3
222.3	24.9499	416.8169	5.1245	3
222.4	24.942	415.9608	5.1185	3
222.5	24.9342	415.193	5.1095	3
222.6	24.9262	414.2981	5.1025	3
222.7	24.918	413.5483	5.1105	3
222.8	24.9097	412.75	5.1174	3
222.9	24.901	411.9793	5.122	3
223	24.8924	411.1558	5.1296	3
223.1	24.8838	410.2806	5.1312	3
223.2	24.8753	409.425	5.1358	3
223.3	24.8666	408.6666	5.143	3
223.4	24.858	407.8209	5.1455	3
223.5	24.8495	406.9968	5.1449	3
223.6	24.841	406.1273	5.1395	3
223.7	24.8323	405.2655	5.1324	3
223.8	24.8238	404.4263	5.1308	3
223.9	24.8156	403.5508	5.1302	3
224	24.8075	402.7409	5.1327	3
224.1	24.799	401.8902	5.1412	3
224.2	24.7909	400.9842	5.1353	3
224.3	24.783	400.2186	5.124	3
224.4	24.775	399.3072	5.1121	3
224.5	24.7667	398.4534	5.1038	3
224.6	24.7589	397.6369	5.1068	3
224.7	24.751	396.7645	5.0968	3
224.8	24.7432	395.9949	5.1047	3
224.9	24.7354	395.1606	5.117	3
225	24.7274	394.2582	5.1101	3
225.1	24.7195	393.4774	5.1111	3
225.2	24.7112	392.6863	5.1218	3
225.3	24.7028	391.9126	5.1299	3
225.4	24.6947	391.0572	5.1455	3
225.5	24.6868	390.185	5.1454	3
225.6	24.6787	389.3673	5.1367	3
225.7	24.6706	388.5118	5.1324	3
225.8	24.6625	387.6665	5.1249	3
225.9	24.6545	386.8155	5.138	3
226	24.6466	385.9454	5.1335	3
226.1	24.6385	385.1668	5.1272	3
226.2	24.6306	384.3295	5.1225	3
226.3	24.6227	383.5198	5.1257	3
226.4	24.6147	382.622	5.134	3
226.5	24.6072	381.6708	5.13	3
226.6	24.6	380.8046	5.1293	3
226.7	24.5926	380.0587	5.1255	3
226.8	24.585	379.2636	5.122	3
226.9	24.5775	378.3413	5.1254	3
227	24.5704	377.4441	5.1162	3
227.1	24.5631	376.6592	5.1096	3
227.2	24.5559	375.7749	5.1293	3
227.3	24.5488	374.9722	5.1347	3
227.4	24.5417	374.1392	5.1244	3
227.5	24.5346	373.3225	5.1142	3
227.6	24.5274	372.5141	5.1166	3
227.7	24.5202	371.6053	5.1164	3
227.8	24.513	370.8587	5.1396	3
227.9	24.5056	370.066	5.1557	3
228	24.4983	369.1979	5.1428	3
228.1	24.491	368.4142	5.1262	3
228.2	24.4834	367.5268	5.1174	3
228.3	24.4757	366.7272	5.1065	3
228.4	24.4681	365.8981	5.1194	3
228.5	24.4605	365.0979	5.1178	3
228.6	24.4534	364.2653	5.11	3
228.7	24.446	363.317	5.1077	3
228.8	24.4387	362.5127	5.1162	3
228.9	24.4315	361.7293	5.1315	3
229	24.424	360.8523	5.1332	3
229.1	24.4168	360.0035	5.1263	3
229.2	24.4096	359.1629	5.136	3
229.3	24.4026	358.3201	5.1344	3
229.4	24.3956	357.4123	5.1176	3
229.5	24.3887	356.5899	5.1111	3
229.6	24.3815	355.805	5.1176	3
229.7	24.3744	354.963	5.1235	3
229.8	24.3675	354.1121	5.1322	3
229.9	24.361	353.1232	5.1277	3
230	24.3542	352.3848	5.1181	3
230.1	24.3477	351.604	5.1305	3
230.2	24.341	350.6705	5.1264	3
230.3	24.3345	349.9024	5.1166	3
230.4	24.3276	349.025	5.114	3
230.5	24.3205	348.3632	5.1142	3
230.6	24.3135	347.5247	5.1152	3
230.7	24.3062	346.683	5.114	3
230.8	24.2991	345.8315	5.1097	3
230.9	24.2915	345.0265	5.1031	3
231	24.2841	344.316	5.1038	3
231.1	24.2761	343.439	5.1004	3
231.2	24.2678	342.7422	5.1069	3
231.3	24.2597	341.842	5.1172	3
231.4	24.2515	341.0489	5.1261	3
231.5	24.2436	340.1591	5.1343	3
231.6	24.2357	339.2752	5.1166	3
231.7	24.228	338.4821	5.1127	3
231.8	24.2206	337.5726	5.1168	3
231.9	24.2134	336.7137	5.1259	3
232	24.206	335.8205	5.1136	3
232.1	24.1986	335.0418	5.1129	3
232.2	24.1915	334.136	5.1201	3
232.3	24.1844	333.3611	5.1119	3
232.4	24.1772	332.489	5.1102	3
232.5	24.1703	331.5079	5.1172	3
232.6	24.1637	330.6666	5.1215	3
232.7	24.1572	329.8418	5.1166	3
232.8	24.1505	329.0818	5.1191	3
232.9	24.1443	328.1097	5.121	3
233	24.1381	327.142	5.1278	3
233.1	24.1325	326.4283	5.1262	3
233.2	24.1263	325.6344	5.1246	3
233.3	24.12	324.8169	5.1024	3
233.4	24.1134	324.0393	5.088	3
233.5	24.1066	323.3013	5.0976	3
233.6	24.0998	322.48	5.1072	3
233.7	24.0926	321.656	5.1127	3
233.8	24.0854	320.8547	5.122	3
233.9	24.078	320.0387	5.1233	3
234	24.0704	319.2346	5.1194	3
234.1	24.0632	318.2964	5.1206	3
234.2	24.0564	317.4202	5.135	3
234.3	24.0495	316.5556	5.136	3
234.4	24.0425	315.8746	5.119	3
234.5	24.0355	314.9319	5.119	3
234.6	24.0285	314.1164	5.1319	3
234.7	24.0219	313.2559	5.1384	3
234.8	24.0149	312.4611	5.1506	3
234.9	24.0079	311.6241	5.1405	3
235	24.0011	310.7371	5.1256	3
235.1	23.9941	310.0067	5.1235	3
235.2	23.9867	309.2674	5.1183	3
235.3	23.9789	308.517	5.122	3
235.4	23.9711	307.6092	5.1354	3
235.5	23.9633	306.811	5.1221	3
235.6	23.9553	306.0233	5.1131	3
235.7	23.9472	305.1446	5.1161	3
235.8	23.939	304.3895	5.1009	3
235.9	23.9305	303.6305	5.0929	3
236	23.922	302.8584	5.0948	3
236.1	23.9135	301.8813	5.0982	3
236.2	23.9051	301.0897	5.0829	3
236.3	23.8966	300.3144	5.0853	3
236.4	23.8878	299.5549	5.0962	3
236.5	23.8791	298.6248	5.1012	3
236.6	23.8704	297.7372	5.1067	3
236.7	23.8619	296.9867	5.1056	3
236.8	23.8534	296.0686	5.1169	3
236.9	23.845	295.2136	5.1216	3
237	23.8366	294.4825	5.1103	3
237.1	23.8278	293.6543	5.1026	3
237.2	23.8189	292.842	5.1038	3
237.3	23.8102	291.9372	5.1124	3
237.4	23.8014	291.1784	5.114	3
237.5	23.7925	290.3463	5.1197	3
237.6	23.7838	289.3898	5.121	3
237.7	23.7759	288.3621	5.1223	3
237.8	23.769	287.2795	5.1228	3
237.9	23.7628	286.4181	5.1144	3
238	23.7563	285.7295	5.1074	3
238.1	23.7483	285.2643	5.1002	3
238.2	23.739	284.7945	5.1051	3
238.3	23.7277	284.47	5.1174	3
238.4	23.7135	284.3869	5.1304	3
238.5	23.6962	284.1021	5.1253	3
238.6	23.6775	283.1975	5.1231	3
238.7	23.6625	281.001	5.1155	3
238.8	23.6539	278.8139	5.1147	3
238.9	23.65	277.4411	5.1166	3
239	23.6462	276.6882	5.1052	3
239.1	23.6414	276.1672	5.096	3
239.2	23.6353	275.6258	5.1066	3
239.3	23.6281	275.0074	5.1206	3
239.4	23.6201	274.3587	5.1272	3
239.5	23.6114	273.634	5.1267	3
239.6	23.6022	272.9435	5.1242	3
239.7	23.5927	272.1214	5.1233	3
239.8	23.5831	271.2979	5.1166	3
239.9	23.574	270.3702	5.1085	3
240	23.5653	269.3735	5.1096	3
240.1	23.5567	268.5492	5.1114	3
240.2	23.5483	267.6952	5.1222	3
240.3	23.5397	267.0088	5.1247	3
240.4	23.5308	266.2955	5.1235	3
240.5	23.5215	265.4057	5.1169	3
240.6	23.5125	264.4697	5.1103	3
240.7	23.5042	263.4434	5.1086	3
240.8	23.4966	262.5787	5.1187	3
240.9	23.4893	261.6255	5.1366	3
241	23.4823	260.66	5.1335	3
241.1	23.4763	259.6085	5.1159	3
241.2	23.4708	258.6238	5.1101	3
241.3	23.466	257.8256	5.1262	3
241.4	23.4605	257.1853	5.1148	3
241.5	23.4538	256.657	5.1199	3
241.6	23.4468	255.8547	5.1206	3
241.7	23.4393	255.129	5.1203	3
241.8	23.4311	254.5085	5.1182	3
241.9	23.4202	254.4327	5.1113	3
242	23.4082	253.4505	5.1224	3
242.1	23.3975	252.2536	5.1314	3
242.2	23.3883	251.0824	5.1366	3
242.3	23.3797	250.2528	5.1392	3
242.4	23.3714	249.3571	5.1359	3
242.5	23.3636	248.4497	5.1262	3
242.6	23.3557	247.5797	5.1184	3
242.7	23.3478	246.8613	5.1272	3
242.8	23.3395	246.0226	5.1397	3
242.9	23.331	245.2654	5.1464	3
243	23.3226	244.4197	5.1366	3
243.1	23.3139	243.6107	5.1273	3
243.2	23.3048	242.9191	5.1192	3
243.3	23.2958	242.0582	5.1175	3
243.4	23.2866	241.2343	5.1108	3
243.5	23.2775	240.4449	5.1029	3
243.6	23.2681	239.6057	5.0994	3
243.7	23.2584	238.8625	5.0949	3
243.8	23.2486	237.9813	5.0994	3
243.9	23.2391	237.1132	5.1048	3
244	23.23	236.1479	5.1011	3
244.1	23.2211	235.3255	5.0925	3
244.2	23.2123	234.5718	5.109	3
244.3	23.2031	233.7408	5.1158	3
244.4	23.1935	232.9799	5.1152	3
244.5	23.1838	232.1111	5.12	3
244.6	23.1744	231.3511	5.1243	3
244.7	23.1648	230.5061	5.1239	3
244.8	23.155	229.6463	5.1161	3
244.9	23.1457	228.7457	5.1153	3
245	23.1366	227.8932	5.1252	3
245.1	23.1276	227.0156	5.1153	3
245.2	23.1187	226.1879	5.1152	3
245.3	23.1096	225.3533	5.1099	3
245.4	23.1003	224.5804	5.1086	3
245.5	23.0909	223.7774	5.1198	3
245.6	23.0816	222.8804	5.1211	3
245.7	23.0725	221.9913	5.1079	3
245.8	23.0633	221.1875	5.0954	3
245.9	23.0543	220.3943	5.0998	3
246	23.0452	219.5989	5.0967	3
246.1	23.0358	218.794	5.1076	3
246.2	23.0263	217.9853	5.1145	3
246.3	23.0166	217.1789	5.1085	3
246.4	23.0068	216.3204	5.1108	3
246.5	22.9976	215.2249	5.1242	3
246.6	22.9903	213.9089	5.1362	3
246.7	22.9844	212.9771	5.1266	3
246.8	22.9776	212.4579	5.1136	3
246.9	22.9696	211.866	5.1	3
247	22.9615	210.9262	5.0941	3
247.1	22.9536	210.0461	5.0977	3
247.2	22.9456	209.3343	5.1062	3
247.3	22.937	208.5631	5.113	3
247.4	22.9284	207.844	5.1218	3
247.5	22.9196	206.979	5.1279	3
247.6	22.9108	206.0679	5.1222	3
247.7	22.9021	205.3001	5.1135	3
247.8	22.8935	204.4568	5.1209	3
247.9	22.8848	203.6619	5.1199	3
248	22.8758	202.8781	5.1125	3
248.1	22.8665	202.0501	5.1122	3
248.2	22.8572	201.2138	5.1039	3
248.3	22.848	200.3939	5.1114	3
248.4	22.8391	199.5001	5.1207	3
248.5	22.83	198.7045	5.1184	3
248.6	22.8205	197.959	5.1155	3
248.7	22.8109	197.1742	5.1186	3
248.8	22.8011	196.4139	5.1192	3
248.9	22.7914	195.459	5.1257	3
249	22.7817	194.5921	5.137	3
249.1	22.7724	193.781	5.1224	3
249.2	22.7631	192.8081	5.124	3
249.3	22.7539	192.0438	5.1315	3
249.4	22.7449	191.1997	5.1295	3
249.5	22.7357	190.3989	5.1279	3
249.6	22.7263	189.7117	5.1277	3
249.7	22.7164	188.8054	5.1375	3
249.8	22.7069	187.9669	5.1257	3
249.9	22.6975	187.0259	5.1159	3
250	22.6881	186.2458	5.1229	3
250.1	22.6788	185.3794	5.1258	3
250.2	22.6696	184.5256	5.1273	3
250.3	22.6603	183.7411	5.1204	3
250.4	22.6511	182.8843	5.1138	3
250.5	22.642	182.0301	5.1054	3
250.6	22.6331	181.1727	5.1108	3
250.7	22.6239	180.4075	5.1041	3
250.8	22.6145	179.528	5.1036	3
250.9	22.6056	178.6346	5.1122	3
251	22.5967	177.7756	5.1123	3
251.1	22.5876	177.0524	5.1092	3
251.2	22.5782	176.3087	5.1008	3
251.3	22.5687	175.4783	5.0962	3
251.4	22.5592	174.608	5.0876	3
251.5	22.5499	173.7865	5.0882	3
251.6	22.5402	173.0231	5.0996	3
251.7	22.5302	172.1795	5.1062	3
251.8	22.5204	171.3279	5.1057	3
251.9	22.5106	170.4569	5.1028	3
252	22.5005	169.8009	5.0975	3
252.1	22.4901	169.0659	5.1108	3
252.2	22.4795	168.1206	5.1307	3
252.3	22.4692	167.2858	5.1302	3
252.4	22.4588	166.4396	5.1125	3
252.5	22.4483	165.654	5.0879	3
252.6	22.4373	164.8106	5.0782	3
252.7	22.4265	164.0019	5.0918	3
252.8	22.4158	163.2327	5.0974	3
252.9	22.4049	162.4274	5.0957	3
253	22.394	161.5828	5.0993	3
253.1	22.3831	160.7263	5.1009	3
253.2	22.3721	159.9329	5.1029	3
253.3	22.361	159.1345	5.1053	3
253.4	22.3499	158.2688	5.108	3
253.5	22.3387	157.418	5.098	3
253.6	22.3275	156.5778	5.085	3
253.7	22.3164	155.8195	5.1008	3
253.8	22.3048	155.1027	5.105	3
253.9	22.2932	154.1582	5.0971	3
254	22.2821	153.1788	5.0916	3
254.1	22.2712	152.3975	5.0897	3
254.2	22.2601	151.5408	5.1005	3
254.3	22.2494	150.6877	5.0977	3
254.4	22.2388	149.83	5.0904	3
254.5	22.2279	149.0278	5.0992	3
254.6	22.2171	148.1948	5.0991	3
254.7	22.2063	147.3449	5.0922	3
254.8	22.1954	146.5147	5.0862	3
254.9	22.1846	145.6522	5.0875	3
255	22.1738	144.7891	5.0913	3
255.1	22.1634	143.9658	5.0941	3
255.2	22.1529	143.0867	5.0884	3
255.3	22.1422	142.3185	5.0938	3
255.4	22.1313	141.5795	5.1047	3
255.5	22.12	140.8064	5.1045	3
255.6	22.1091	139.7692	5.1062	3
255.7	22.0989	138.8023	5.113	3
255.8	22.0893	138.0214	5.1089	3
255.9	22.0795	137.2275	5.107	3
256	22.0695	136.2877	5.1101	3
256.1	22.0599	135.4033	5.107	3
256.2	22.0505	134.553	5.1036	3
256.3	22.0408	133.8367	5.116	3
256.4	22.0309	132.9902	5.1144	3
256.5	22.021	132.1435	5.1146	3
256.6	22.0112	131.3273	5.1147	3
256.7	22.0012	130.4712	5.1201	3
256.8	21.9914	129.6413	5.1179	3
256.9	21.9815	128.8327	5.1066	3
257	21.9713	128.1596	5.1197	3
257.1	21.9606	127.3354	5.1321	3
257.2	21.95	126.4395	5.1061	3
257.3	21.9395	125.5285	5.098	3
257.4	21.9293	124.656	5.1253	3
257.5	21.9194	123.8738	5.1254	3
257.6	21.9096	122.9626	5.1104	3
257.7	21.8999	122.1761	5.0993	3
257.8	21.8897	121.4393	5.109	3
257.9	21.8793	120.6792	5.1185	3
258	21.8685	119.842	5.1067	3
258.1	21.8577	119.0635	5.1087	3
258.2	21.8466	118.301	5.1215	3
258.3	21.8352	117.5258	5.1295	3
258.4	21.8241	116.5689	5.1251	3
258.5	21.8134	115.6953	5.1154	3
258.6	21.8022	115.0267	5.1069	3
258.7	21.79	114.4711	5.1019	3
258.8	21.7758	114.1931	5.1004	3
258.9	21.7595	113.645	5.0961	3
259	21.7444	111.9348	5.0949	3
259.1	21.7347	109.9426	5.1059	3
259.2	21.7283	108.7416	5.1011	3
259.3	21.7213	108.3469	5.1041	3
259.4	21.7124	107.8681	5.1058	3
259.5	21.7023	107.2281	5.0865	3
259.6	21.6919	106.4083	5.0825	3
259.7	21.6812	105.6434	5.0832	3
259.8	21.6702	104.9318	5.0772	3
259.9	21.6591	104.1516	5.0882	3
260	21.6479	103.2895	5.0898	3
260.1	21.6365	102.5521	5.095	3
260.2	21.6246	101.7734	5.1039	3
260.3	21.6127	100.9501	5.1118	3
260.4	21.6005	100.1325	5.1045	3
260.5	21.5881	99.4421	5.0811	3
260.6	21.5756	98.5932	5.0799	3
260.7	21.5627	97.7241	5.0814	3
260.8	21.5502	96.8567	5.0702	3
260.9	21.5375	96.0751	5.0774	3
261	21.5247	95.2616	5.0901	3
261.1	21.5118	94.4935	5.0873	3
261.2	21.4988	93.5674	5.0914	3
261.3	21.4859	92.812	5.1018	3
261.4	21.4725	92.1223	5.1035	3
261.5	21.459	91.2264	5.1103	3
261.6	21.4456	90.4432	5.1028	3
261.7	21.4318	89.6842	5.0837	3
261.8	21.4181	88.7843	5.0858	3
261.9	21.4045	87.898	5.0917	3
262	21.3909	87.09	5.0924	3
262.1	21.3775	86.1377	5.0973	3
262.2	21.364	85.3672	5.0953	3
262.3	21.3503	84.6609	5.0945	3
262.4	21.3362	83.8519	5.0911	3
262.5	21.3221	83.0423	5.0998	3
262.6	21.3084	82.11	5.0966	3
262.7	21.2944	81.1993	5.0817	3
262.8	21.2809	80.3601	5.087	3
262.9	21.2672	79.6176	5.097	3
263	21.2535	78.8521	5.1008	3
263.1	21.2394	77.9428	5.1166	3
263.2	21.2256	77.1082	5.1219	3
263.3	21.2122	76.0945	5.1071	3
263.4	21.1989	75.2514	5.0983	3
263.5	21.1859	74.3844	5.0752	3
263.6	21.1728	73.575	5.0734	3
263.7	21.1598	72.7157	5.0717	3
263.8	21.147	71.8769	5.0696	3
263.9	21.134	71.1624	5.0944	3
264	21.1207	70.304	5.1144	3
264.1	21.1069	69.6633	5.1217	3
264.2	21.0928	68.842	5.1136	3
264.3	21.0783	68.0993	5.0977	3
264.4	21.0636	67.3061	5.1036	3
264.5	21.0491	66.3518	5.1093	3
264.6	21.0348	65.5291	5.1064	3
264.7	21.0204	64.7018	5.1001	3
264.8	21.0058	63.8976	5.1065	3
264.9	20.9915	62.9968	5.0987	3
265	20.9776	62.136	5.0872	3
265.1	20.9635	61.2785	5.0971	3
265.2	20.9494	60.4089	5.1117	3
265.3	20.9354	59.6681	5.1153	3
265.4	20.921	58.9364	5.1163	3
265.5	20.9065	58.0697	5.1267	3
265.6	20.8915	57.3358	5.1328	3
265.7	20.8751	57.0204	5.1241	3
265.8	20.8577	56.1114	5.1138	3
265.9	20.8419	54.8169	5.1141	3
266	20.827	54.055	5.1197	3
266.1	20.8112	53.271	5.1385	3
266.2	20.7958	52.3309	5.1304	3
266.3	20.7807	51.4486	5.1189	3
266.4	20.7657	50.6891	5.1087	3
266.5	20.7503	50.0344	5.0906	3
266.6	20.7343	49.1707	5.1006	3
266.7	20.7184	48.3916	5.1185	3
266.8	20.7021	47.5699	5.1295	3
266.9	20.6857	46.7523	5.122	3
267	20.6694	45.8811	5.1117	3
267.1	20.6536	44.909	5.1151	3
267.2	20.6379	44.1705	5.1209	3
267.3	20.6221	43.2759	5.1208	3
267.4	20.606	42.5013	5.1321	3
267.5	20.5901	41.7302	5.1326	3
267.6	20.574	40.807	5.1255	3
267.7	20.5579	40.0322	5.1266	3
267.8	20.5418	39.1634	5.136	3
267.9	20.5255	38.3974	5.1476	3
268	20.5094	37.5169	5.1457	3
268.1	20.4935	36.6395	5.1315	3
268.2	20.4773	35.8394	5.133	3
268.3	20.4614	34.9942	5.1318	3
268.4	20.4458	34.2057	5.1325	3
268.5	20.4301	33.4753	5.1206	3
268.6	20.4138	32.6594	5.1199	3
268.7	20.3971	31.8024	5.1151	3
268.8	20.3802	31.0174	5.1093	3
268.9	20.3631	30.1916	5.115	3
269	20.3459	29.4764	5.1239	3
269.1	20.3286	28.5681	5.1251	3
269.2	20.3113	27.7319	5.1205	3
269.3	20.2941	26.95	5.1269	3
269.4	20.2764	26.1382	5.1352	3
269.5	20.2591	25.2773	5.1195	3
269.6	20.2419	24.3855	5.1185	3
269.7	20.2244	23.6155	5.136	3
269.8	20.2067	22.8026	5.1352	3
269.9	20.1888	21.9506	5.1287	3
270	20.1714	21.1516	5.1326	3
270.1	20.1538	20.3049	5.1432	3
270.2	20.1361	19.4454	5.1404	3
270.3	20.1185	18.6317	5.1411	3
270.4	20.1007	17.9054	5.1388	3
270.5	20.0828	17.1013	5.1228	3
270.6	20.0644	16.3216	5.1238	3
270.7	20.0457	15.5918	5.1337	3
270.8	20.0265	14.8644	5.1402	3
270.9	20.0071	14.0049	5.1427	3
271	19.988	13.1255	5.1415	3
271.1	19.9687	12.33	5.1337	3
271.2	19.9488	11.5624	5.1371	3
271.3	19.9287	10.7435	5.133	3
271.4	19.9089	9.8957	5.128	3
271.5	19.8891	9.0951	5.1357	3
271.6	19.869	8.2824	5.1344	3
271.7	19.849	7.4318	5.1349	3
271.8	19.8288	6.6949	5.1366	3
271.9	19.8084	5.8288	5.1358	3
272	19.7879	5.0231	5.1262	3
272.1	19.767	4.2201	5.1213	3
272.2	19.7464	3.3927	5.127	3
272.3	19.7257	2.671	5.1332	4
272.4	19.7046	1.7793	5.128	4
272.5	19.6839	1.0216	5.1197	4
272.6	19.6628	-0.4808	5.1095	4
272.7	19.5738	-23.1085	5.1155	4
272.8	19.2902	-71.7227	5.1221	4
272.9	18.8749	-97.9704	5.1206	4
273	18.4182	-100.5188	5.1185	4
273.1	17.9418	-93.2158	5.1237	4
273.2	17.4556	-82.8086	5.1172	4
273.3	16.9643	-72.7569	5.1178	4
273.4	16.4701	-64.798	5.1178	4
273.5	15.9735	-57.563	5.1095	4
273.6	15.4746	-50.3615	5.1154	4
273.7	14.973	-42.4144	5.1225	4
273.8	14.4708	-36.7353	5.1344	4
273.9	13.9692	-33.7348	5.1353	4
274	13.4672	-32.3011	5.1272	4
274.1	12.9645	-31.6841	5.1175	4
274.2	12.4611	-31.1884	5.1146	4
274.3	11.9558	-30.3532	5.111	4
274.4	11.4492	-29.3851	5.0985	4
274.5	10.9415	-28.3793	5.1009	4
274.6	10.4327	-27.4578	5.0979	4
274.7	9.9231	-26.1435	5.0912	4
274.8	9.4122	-23.6472	5.1017	4
274.9	8.9012	-21.7741	5.1106	4
275	8.3908	-21.3435	5.1107	4
275.1	7.8801	-21.2074	5.1111	4
275.2	7.3686	-20.8824	5.1137	4
275.3	6.856	-20.0048	5.1242	4
275.4	6.3427	-18.4991	5.1219	4
275.5	5.83	-17.3896	5.1168	4
275.6	5.3178	-16.8201	5.1091	4
275.7	4.806	-16.6533	5.1076	4
275.8	4.2938	-16.3927	5.1233	4
275.9	3.836	-15.6956	5.1182	4
276	3.5411	-14.6964	5.1088	4
276.1	3.3458	-14.2979	5.1144	4
276.2	3.1683	-13.7006	5.1208	4
276.3	2.9971	-12.8471	5.1224	4
276.4	2.8305	-12.8138	5.1179	4
276.5	2.6662	-12.8448	5.1139	4
276.6	2.504	-12.9115	5.1139	4
276.7	2.3431	-13.1097	5.1142	4
276.8	2.1827	-13.0301	5.1139	4
276.9	2.0225	-12.8476	5.1107	4
277	1.8625	-12.3628	5.1115	4
277.1	1.7034	-12.1863	5.1237	4
277.2	1.5449	-12.3712	5.1165	4
