Indentation

 + Advanced

+ Advanced
   Acquisition rate :	10.0 [Hz]
   Linear loading
   Max load :	1000.00 	µN
   Loading rate :	500.00 	µN/min
   Unloading rate :	500.00 	µN/min
   Pause :	30.0 s

+ TTX - UNHT Bio S/N: 1000136751 settings
   Fn contact : 25 µN
   Approach distance : 20 µm
   Approach speed : 100 µm/min
   Retract speed : 200 µm/min
   Retract time : 5 sec
   Dz sensor in large range
   Load in fine range
   FnRef in fine range
   FnRef contactload :500.000 µN
   Stiffness threshold : 1 µN/µm

   X Position :9982.24 µm
   Y Position :38924.97 µm
   Z Position :8222.52 µm

Date :6/9/2026
Time :3:01:35 PM

Analysis n # 1

   Method :	Hertz

 + Parameters

  Load Fit [10%,98%]

 + Main results

   EHz=	878.39 	kPa

 + Hypothesis


 + Additional results

   ErHz=	965.26 kPa
   h offset=	2.67 µm
   R2=	1.00

Analysis n # 2

   Method :	Oliver & Pharr

 + Parameters

  Unload Fit [40%,98%]

 + Main results

   HIT=	30.736 	kPa
   EIT=	937.98 	kPa
   E*=	1030.7 	kPa

 + Hypothesis

   !!! Indenter not calibrated !!!
   m out of O&P hypothesis
   Poisson's ratio(nu)=	0.30 

 + Additional results

   HVIT=	0.0031331 	 Vickers
   CIT 0.001/120/30=	4.25 	%
   nIT=	70.97 %
   Fmax=	1000.12 	µN
   hmax=	13.93 	µm
   S=	209.8021 	µN/µm
   F/S²=	0.0227 	µm²/µN
   hc=	10.47 	µm
   hr=	9.17 	µm
   hp=	-21.67 	µm
   m=	7.4695 
   Epsilon=	0.73 
   R2=	0.998
   Ap=	32539.38 	µm²
   Welast=	3376.67 pJ
   Wplast=	1381.38 pJ
   Wtotal=	4758.05 pJ
   Er=	1030.7 	kPa

Measured values
Time (s)	Pd (µm)	Fn (µN)	FnRef (µN)	SegmentID

0	0	0	5.0669	1
0.1	0.1754	0.3459	5.0699	1
0.2	0.3508	0.7948	5.0743	1
0.3	0.5165	1.2105	5.0698	1
0.4	0.6208	1.4209	5.0599	1
0.5	0.6626	1.54	5.0515	1
0.6	0.6915	1.6066	5.0528	1
0.7	0.7195	1.6236	5.064	1
0.8	0.7477	1.8702	5.0684	1
0.9	0.7764	1.91	5.0792	1
1	0.8074	2.0218	5.0867	1
1.1	0.8402	2.1703	5.0778	1
1.2	0.8753	2.3243	5.0695	1
1.3	0.9129	2.4615	5.0746	1
1.4	0.9528	2.7894	5.0673	1
1.5	0.9951	2.8605	5.0622	1
1.6	1.0405	3.1909	5.0759	1
1.7	1.0878	3.5486	5.0837	1
1.8	1.1376	3.7706	5.0697	1
1.9	1.1902	4.1995	5.0686	1
2	1.2446	4.6981	5.0921	1
2.1	1.301	5.0058	5.0928	1
2.2	1.3595	5.493	5.0765	1
2.3	1.42	5.9987	5.0872	1
2.4	1.4827	6.5489	5.0998	1
2.5	1.5465	7.2033	5.0877	1
2.6	1.6116	7.8764	5.0793	1
2.7	1.6779	8.5524	5.0919	1
2.8	1.7452	9.2264	5.0807	1
2.9	1.8134	9.9835	5.0749	1
3	1.8815	10.8683	5.0998	1
3.1	1.9506	11.5905	5.1121	1
3.2	2.02	12.4677	5.104	1
3.3	2.089	13.468	5.0959	1
3.4	2.1576	14.3626	5.0993	1
3.5	2.2254	15.4882	5.0968	1
3.6	2.2924	16.47	5.11	1
3.7	2.3585	17.6294	5.1024	1
3.8	2.4232	18.7417	5.0894	1
3.9	2.4862	19.9095	5.0778	1
4	2.5481	20.8767	5.0751	1
4.1	2.6089	22.1387	5.0728	1
4.2	2.6674	23.3569	5.069	1
4.3	2.724	24.5625	5.0706	1
4.4	2.7792	25.6449	5.0813	1
4.5	2.8324	26.8975	5.0856	1
4.6	2.8838	28.0115	5.0841	1
4.7	2.9333	29.1875	5.0828	1
4.8	2.9809	30.2909	5.0838	1
4.9	3.0269	31.4794	5.0748	1
5	3.0714	32.5039	5.0831	1
5.1	3.1147	33.5015	5.0865	1
5.2	3.1571	34.536	5.0832	1
5.3	3.1984	35.5561	5.0663	1
5.4	3.2382	36.6275	5.0722	1
5.5	3.2767	37.5959	5.0926	1
5.6	3.3145	38.586	5.1002	1
5.7	3.3517	39.49	5.0943	1
5.8	3.3881	40.4569	5.0839	1
5.9	3.4235	41.5121	5.0867	1
6	3.4577	42.4594	5.0829	1
6.1	3.4914	43.4041	5.0695	1
6.2	3.5241	44.4262	5.0563	1
6.3	3.5556	45.4185	5.0682	1
6.4	3.5864	46.2873	5.0781	1
6.5	3.6165	47.3142	5.0772	1
6.6	3.646	48.2295	5.0819	1
6.7	3.6752	49.1522	5.0766	1
6.8	3.7035	50.1291	5.0814	1
6.9	3.7307	51.0812	5.097	1
7	3.7572	52.0297	5.1003	1
7.1	3.7832	52.9643	5.097	1
7.2	3.8087	53.8296	5.1015	1
7.3	3.8338	54.7548	5.0984	1
7.4	3.8585	55.5761	5.1102	1
7.5	3.8829	56.5022	5.1141	1
7.6	3.9069	57.4363	5.118	1
7.7	3.9302	58.3399	5.1086	1
7.8	3.9533	59.218	5.1	1
7.9	3.9757	60.0512	5.0981	1
8	3.9982	60.8916	5.0979	1
8.1	4.0201	61.8431	5.1012	1
8.2	4.0418	62.6132	5.104	1
8.3	4.0634	63.5103	5.1108	1
8.4	4.0849	64.3288	5.1024	1
8.5	4.106	65.2891	5.0974	1
8.6	4.1271	66.1404	5.0906	1
8.7	4.1478	66.9413	5.0879	1
8.8	4.1684	67.844	5.0962	1
8.9	4.1882	68.708	5.1011	1
9	4.2083	69.5271	5.1093	1
9.1	4.2285	70.3993	5.1172	1
9.2	4.2481	71.266	5.1311	1
9.3	4.2673	72.217	5.1259	1
9.4	4.2864	73.0524	5.1166	1
9.5	4.3052	73.8892	5.1286	1
9.6	4.324	74.8317	5.1215	1
9.7	4.342	75.7682	5.1039	1
9.8	4.3599	76.5206	5.1034	1
9.9	4.3779	77.4059	5.1021	1
10	4.3956	78.2753	5.0992	1
10.1	4.413	79.0313	5.0922	1
10.2	4.431	79.8102	5.0801	1
10.3	4.4491	80.6996	5.081	1
10.4	4.4669	81.5631	5.0808	1
10.5	4.4847	82.4008	5.0887	1
10.6	4.5021	83.2643	5.0967	1
10.7	4.5194	84.1055	5.0995	1
10.8	4.5367	84.9971	5.0981	1
10.9	4.5537	85.8158	5.0952	1
11	4.5704	86.747	5.1023	1
11.1	4.5869	87.6008	5.1049	1
11.2	4.6031	88.5162	5.1006	1
11.3	4.6191	89.2487	5.0984	1
11.4	4.6352	90.106	5.0944	1
11.5	4.6511	91.0209	5.0944	1
11.6	4.6667	91.8789	5.1007	1
11.7	4.6824	92.7179	5.0979	1
11.8	4.6977	93.6053	5.0942	1
11.9	4.7131	94.3668	5.0985	1
12	4.7288	95.1641	5.1033	1
12.1	4.7446	95.9673	5.0948	1
12.2	4.7607	96.7193	5.0951	1
12.3	4.7769	97.4766	5.0963	1
12.4	4.7932	98.3679	5.1067	1
12.5	4.8093	99.1966	5.1135	1
12.6	4.8253	100.0351	5.095	1
12.7	4.8411	101.0331	5.0783	1
12.8	4.8563	101.8821	5.0935	1
12.9	4.8714	102.7486	5.093	1
13	4.8865	103.5293	5.0863	1
13.1	4.9015	104.4682	5.096	1
13.2	4.9163	105.3097	5.0982	1
13.3	4.9312	106.0708	5.0964	1
13.4	4.9459	106.9803	5.0934	1
13.5	4.9606	107.7629	5.0892	1
13.6	4.9755	108.6571	5.097	1
13.7	4.9899	109.5357	5.099	1
13.8	5.0044	110.3404	5.1008	1
13.9	5.0187	111.2644	5.0985	1
14	5.0324	112.0875	5.0862	1
14.1	5.0465	112.8499	5.0877	1
14.2	5.0607	113.8103	5.0971	1
14.3	5.0745	114.6449	5.09	1
14.4	5.0882	115.4503	5.0804	1
14.5	5.102	116.2416	5.0786	1
14.6	5.1159	117.0166	5.0804	1
14.7	5.1303	117.761	5.0811	1
14.8	5.1448	118.5808	5.0801	1
14.9	5.1593	119.4296	5.0838	1
15	5.1734	120.2396	5.0799	1
15.1	5.1875	121.043	5.0951	1
15.2	5.2018	121.965	5.0928	1
15.3	5.2163	122.7732	5.0939	1
15.4	5.2309	123.5915	5.0959	1
15.5	5.2454	124.4259	5.0946	1
15.6	5.26	125.3037	5.1074	1
15.7	5.274	126.1818	5.0888	1
15.8	5.2879	126.979	5.0898	1
15.9	5.3022	127.7971	5.0996	1
16	5.3166	128.6137	5.0973	1
16.1	5.3308	129.4745	5.0868	1
16.2	5.3451	130.3052	5.088	1
16.3	5.3593	131.2255	5.0914	1
16.4	5.3729	132.0986	5.0954	1
16.5	5.3863	132.9816	5.1	1
16.6	5.3995	133.9148	5.0936	1
16.7	5.4125	134.7337	5.0883	1
16.8	5.4256	135.494	5.0963	1
16.9	5.4388	136.3231	5.1151	1
17	5.4518	137.2239	5.1267	1
17.1	5.4647	138.057	5.1216	1
17.2	5.4776	138.9425	5.1183	1
17.3	5.4901	139.8304	5.1136	1
17.4	5.5025	140.6589	5.1161	1
17.5	5.5148	141.5099	5.1156	1
17.6	5.5268	142.3849	5.1205	1
17.7	5.5385	143.3299	5.1229	1
17.8	5.5503	144.0598	5.1233	1
17.9	5.5621	144.8768	5.1174	1
18	5.5742	145.7297	5.1302	1
18.1	5.5863	146.5802	5.1431	1
18.2	5.5983	147.4265	5.1389	1
18.3	5.6103	148.1938	5.1261	1
18.4	5.6223	149.0416	5.1152	1
18.5	5.6345	149.8664	5.1134	1
18.6	5.6464	150.6798	5.1158	1
18.7	5.6582	151.4889	5.1086	1
18.8	5.6704	152.3497	5.0988	1
18.9	5.6824	153.2488	5.0904	1
19	5.6939	154.1133	5.0925	1
19.1	5.7052	154.9813	5.0938	1
19.2	5.7166	155.8446	5.11	1
19.3	5.7277	156.777	5.1214	1
19.4	5.7384	157.5924	5.1154	1
19.5	5.7492	158.4052	5.1135	1
19.6	5.7597	159.3081	5.1127	1
19.7	5.7705	160.0492	5.1018	1
19.8	5.7813	160.9571	5.1117	1
19.9	5.7923	161.7153	5.115	1
20	5.8031	162.5399	5.1112	1
20.1	5.8138	163.4165	5.1056	1
20.2	5.8247	164.2487	5.1104	1
20.3	5.8355	165.0688	5.1008	1
20.4	5.8462	165.8479	5.0927	1
20.5	5.8571	166.6302	5.0918	1
20.6	5.8683	167.4697	5.083	1
20.7	5.8794	168.2912	5.0939	1
20.8	5.8906	169.1727	5.0958	1
20.9	5.9018	170.0001	5.0897	1
21	5.9129	170.7724	5.0875	1
21.1	5.924	171.6814	5.0825	1
21.2	5.935	172.5765	5.0791	1
21.3	5.9459	173.347	5.0882	1
21.4	5.9566	174.1956	5.0858	1
21.5	5.9675	174.9931	5.0952	1
21.6	5.9785	175.8774	5.1033	1
21.7	5.9893	176.6859	5.1129	1
21.8	6	177.5054	5.1089	1
21.9	6.0109	178.3934	5.0902	1
22	6.0216	179.203	5.0872	1
22.1	6.0325	179.9984	5.0945	1
22.2	6.0432	180.8901	5.0914	1
22.3	6.0538	181.6763	5.0995	1
22.4	6.0648	182.4964	5.114	1
22.5	6.0757	183.2729	5.1119	1
22.6	6.0867	184.185	5.1054	1
22.7	6.0977	185.0109	5.1009	1
22.8	6.1089	185.8126	5.1168	1
22.9	6.1201	186.6228	5.132	1
23	6.131	187.4554	5.122	1
23.1	6.1422	188.2566	5.1184	1
23.2	6.1532	189.1147	5.1149	1
23.3	6.1643	189.8812	5.1038	1
23.4	6.1754	190.8027	5.1029	1
23.5	6.1864	191.6294	5.0917	1
23.6	6.1975	192.4577	5.0856	1
23.7	6.2086	193.2672	5.0856	1
23.8	6.2197	194.173	5.0919	1
23.9	6.2307	195.0048	5.097	1
24	6.2416	195.839	5.0926	1
24.1	6.2525	196.6979	5.0906	1
24.2	6.2632	197.5436	5.1026	1
24.3	6.2739	198.3086	5.1043	1
24.4	6.2847	199.1678	5.1116	1
24.5	6.2953	200.1319	5.1226	1
24.6	6.3055	201.0252	5.1213	1
24.7	6.3152	201.8552	5.1329	1
24.8	6.3251	202.6573	5.1303	1
24.9	6.3352	203.4952	5.1145	1
25	6.3451	204.3486	5.1052	1
25.1	6.3548	205.1659	5.1175	1
25.2	6.3649	205.9096	5.128	1
25.3	6.3752	206.8379	5.12	1
25.4	6.3852	207.6527	5.1119	1
25.5	6.3951	208.433	5.099	1
25.6	6.4056	209.1956	5.092	1
25.7	6.416	210.085	5.0929	1
25.8	6.4263	210.9335	5.0972	1
25.9	6.4366	211.7582	5.1055	1
26	6.4469	212.5578	5.1095	1
26.1	6.4572	213.3786	5.1037	1
26.2	6.4676	214.3137	5.1088	1
26.3	6.4777	215.1616	5.1133	1
26.4	6.4878	215.9306	5.0994	1
26.5	6.4976	216.8867	5.0915	1
26.6	6.5072	217.7089	5.0894	1
26.7	6.517	218.54	5.0893	1
26.8	6.5272	219.2442	5.1051	1
26.9	6.5372	220.1258	5.1138	1
27	6.5473	220.9821	5.1227	1
27.1	6.5575	221.7265	5.1288	1
27.2	6.5675	222.6217	5.1171	1
27.3	6.5777	223.4093	5.1202	1
27.4	6.5879	224.2557	5.1241	1
27.5	6.5984	225.1021	5.1214	1
27.6	6.6087	225.9156	5.1208	1
27.7	6.6191	226.7471	5.1252	1
27.8	6.6291	227.6611	5.12	1
27.9	6.6387	228.5197	5.1199	1
28	6.6484	229.3417	5.1051	1
28.1	6.6583	230.1367	5.0985	1
28.2	6.6683	230.9657	5.1197	1
28.3	6.6784	231.8482	5.1282	1
28.4	6.6881	232.7324	5.1254	1
28.5	6.6974	233.6067	5.1318	1
28.6	6.7068	234.3989	5.1317	1
28.7	6.7161	235.3017	5.1228	1
28.8	6.7252	236.1365	5.1252	1
28.9	6.7344	236.9456	5.1202	1
29	6.7436	237.8141	5.1155	1
29.1	6.7526	238.6468	5.1288	1
29.2	6.7617	239.4787	5.1374	1
29.3	6.771	240.2196	5.1279	1
29.4	6.7804	241.0364	5.1085	1
29.5	6.7896	241.8813	5.0937	1
29.6	6.7991	242.6982	5.1024	1
29.7	6.8088	243.5376	5.1214	1
29.8	6.8183	244.3777	5.1195	1
29.9	6.828	245.2075	5.1128	1
30	6.8378	246.0219	5.1105	1
30.1	6.8474	246.8634	5.0998	1
30.2	6.8569	247.6792	5.0921	1
30.3	6.8664	248.5159	5.1062	1
30.4	6.8759	249.4057	5.103	1
30.5	6.8851	250.2614	5.0959	1
30.6	6.8943	251.059	5.0885	1
30.7	6.9037	251.8303	5.0848	1
30.8	6.9133	252.6758	5.0885	1
30.9	6.923	253.5476	5.0855	1
31	6.9329	254.357	5.0856	1
31.1	6.9422	255.2466	5.09	1
31.2	6.9515	256.1006	5.0807	1
31.3	6.9607	256.9137	5.0744	1
31.4	6.9695	257.8446	5.0788	1
31.5	6.9782	258.6342	5.0857	1
31.6	6.9872	259.5059	5.0984	1
31.7	6.9962	260.3124	5.1052	1
31.8	7.005	261.1579	5.0954	1
31.9	7.014	262.0103	5.0899	1
32	7.0228	262.7925	5.1068	1
32.1	7.0316	263.6753	5.1184	1
32.2	7.0406	264.5076	5.1194	1
32.3	7.0493	265.3501	5.1254	1
32.4	7.0579	266.1633	5.1219	1
32.5	7.0668	266.9505	5.1079	1
32.6	7.0759	267.8061	5.1048	1
32.7	7.0849	268.6524	5.1107	1
32.8	7.0933	269.5713	5.1172	1
32.9	7.1015	270.4175	5.1058	1
33	7.1098	271.2344	5.1018	1
33.1	7.1183	272.0758	5.1092	1
33.2	7.1268	272.907	5.106	1
33.3	7.1352	273.7543	5.1083	1
33.4	7.1436	274.5984	5.1116	1
33.5	7.1519	275.4418	5.1155	1
33.6	7.1601	276.2452	5.1205	1
33.7	7.1683	277.1226	5.1206	1
33.8	7.1769	277.9124	5.1184	1
33.9	7.1852	278.7397	5.1116	1
34	7.1937	279.5857	5.1125	1
34.1	7.202	280.317	5.1184	1
34.2	7.2107	281.1483	5.1245	1
34.3	7.2196	282.018	5.1247	1
34.4	7.2283	282.8341	5.1265	1
34.5	7.237	283.6768	5.123	1
34.6	7.2457	284.4763	5.1086	1
34.7	7.2547	285.1983	5.111	1
34.8	7.2643	285.9225	5.1175	1
34.9	7.2741	286.7117	5.1145	1
35	7.2841	287.5651	5.1086	1
35.1	7.2939	288.4282	5.1106	1
35.2	7.3036	289.2401	5.1105	1
35.3	7.3133	290.1141	5.114	1
35.4	7.3232	290.938	5.1257	1
35.5	7.3329	291.7169	5.1207	1
35.6	7.3429	292.5657	5.1095	1
35.7	7.3527	293.3471	5.0948	1
35.8	7.3627	294.2534	5.0808	1
35.9	7.3727	295.077	5.0831	1
36	7.3823	296.0413	5.0775	1
36.1	7.3918	296.9124	5.0779	1
36.2	7.4012	297.6285	5.0874	1
36.3	7.4106	298.4611	5.0895	1
36.4	7.4204	299.2992	5.0847	1
36.5	7.4303	300.1642	5.0823	1
36.6	7.4398	301.0439	5.1043	1
36.7	7.4493	301.7971	5.1182	1
36.8	7.4589	302.6989	5.1166	1
36.9	7.4684	303.5727	5.128	1
37	7.4779	304.3344	5.1248	1
37.1	7.4873	305.1924	5.1049	1
37.2	7.4969	306.081	5.0918	1
37.3	7.5057	306.9245	5.083	1
37.4	7.5143	307.8822	5.079	1
37.5	7.5231	308.6198	5.0904	1
37.6	7.5322	309.4328	5.0914	1
37.7	7.5413	310.2575	5.0909	1
37.8	7.5506	311.0122	5.0999	1
37.9	7.5602	311.8647	5.0994	1
38	7.5694	312.7409	5.1109	1
38.1	7.5783	313.5815	5.1319	1
38.2	7.5872	314.506	5.1293	1
38.3	7.596	315.2929	5.1247	1
38.4	7.6049	316.1542	5.1315	1
38.5	7.6137	316.9984	5.1341	1
38.6	7.6224	317.776	5.1393	1
38.7	7.6313	318.6505	5.1359	1
38.8	7.6404	319.4783	5.1227	1
38.9	7.6491	320.353	5.1178	1
39	7.6579	321.1321	5.1261	1
39.1	7.6668	321.9321	5.1364	1
39.2	7.6759	322.8203	5.1318	1
39.3	7.6849	323.5938	5.119	1
39.4	7.6939	324.3998	5.1164	1
39.5	7.7032	325.1333	5.1297	1
39.6	7.7125	326.0082	5.1237	1
39.7	7.7219	326.8847	5.1129	1
39.8	7.7317	327.5815	5.1121	1
39.9	7.7417	328.4244	5.1169	1
40	7.7514	329.3474	5.1251	1
40.1	7.7608	330.1211	5.1273	1
40.2	7.7705	330.9589	5.1192	1
40.3	7.7804	331.7184	5.1237	1
40.4	7.7906	332.5491	5.1183	1
40.5	7.8005	333.4038	5.1253	1
40.6	7.8102	334.2593	5.1145	1
40.7	7.8201	335.1507	5.1031	1
40.8	7.8299	335.9613	5.0991	1
40.9	7.8395	336.8323	5.1128	1
41	7.8491	337.6679	5.1212	1
41.1	7.8586	338.5031	5.108	1
41.2	7.8678	339.4514	5.1107	1
41.3	7.8769	340.2389	5.129	1
41.4	7.8862	341.0256	5.1342	1
41.5	7.8956	341.9101	5.1314	1
41.6	7.9046	342.7974	5.1224	1
41.7	7.9132	343.7048	5.1106	1
41.8	7.9218	344.5444	5.1033	1
41.9	7.9307	345.3114	5.1013	1
42	7.9395	346.1483	5.0989	1
42.1	7.948	347.0901	5.1028	1
42.2	7.9563	347.9202	5.1118	1
42.3	7.9647	348.7349	5.1198	1
42.4	7.9734	349.528	5.124	1
42.5	7.982	350.2846	5.1239	1
42.6	7.9908	351.1082	5.1215	1
42.7	7.9998	351.9283	5.124	1
42.8	8.0086	352.8159	5.1182	1
42.9	8.0173	353.614	5.1078	1
43	8.0259	354.5529	5.1097	1
43.1	8.0342	355.4265	5.1026	1
43.2	8.0427	356.2064	5.1037	1
43.3	8.0513	356.9799	5.1216	1
43.4	8.06	357.8729	5.125	1
43.5	8.0685	358.7356	5.1222	1
43.6	8.0771	359.57	5.1272	1
43.7	8.0856	360.4266	5.1394	1
43.8	8.0939	361.2187	5.1435	1
43.9	8.1018	362.1419	5.1423	1
44	8.1094	363.0474	5.1309	1
44.1	8.1171	363.8172	5.1226	1
44.2	8.1251	364.6674	5.1318	1
44.3	8.1333	365.4263	5.1362	1
44.4	8.1416	366.2037	5.129	1
44.5	8.1499	367.0946	5.1201	1
44.6	8.158	367.9124	5.1364	1
44.7	8.1658	368.8955	5.1362	1
44.8	8.1734	369.7383	5.1223	1
44.9	8.1809	370.4962	5.1166	1
45	8.1887	371.3049	5.1133	1
45.1	8.1966	372.1571	5.1087	1
45.2	8.2045	372.9464	5.1135	1
45.3	8.2126	373.74	5.122	1
45.4	8.2207	374.6073	5.1309	1
45.5	8.2285	375.4172	5.1381	1
45.6	8.2365	376.197	5.1344	1
45.7	8.245	376.9696	5.1389	1
45.8	8.2533	377.9249	5.1429	1
45.9	8.2614	378.8203	5.1351	1
46	8.269	379.6254	5.1197	1
46.1	8.2773	380.443	5.1212	1
46.2	8.2852	381.3055	5.1307	1
46.3	8.2929	382.2055	5.1305	1
46.4	8.3008	382.9463	5.1368	1
46.5	8.3086	383.7568	5.1439	1
46.6	8.3166	384.5631	5.136	1
46.7	8.3248	385.3843	5.1494	1
46.8	8.333	386.2278	5.138	1
46.9	8.3414	386.9038	5.1225	1
47	8.3499	387.9487	5.1178	1
47.1	8.3584	388.6271	5.1331	1
47.2	8.367	389.457	5.1341	1
47.3	8.3756	390.3093	5.1296	1
47.4	8.3838	391.2328	5.1453	1
47.5	8.3919	392.0504	5.1572	1
47.6	8.3999	392.889	5.1528	1
47.7	8.4085	393.6804	5.1495	1
47.8	8.4168	394.5321	5.1503	1
47.9	8.425	395.3967	5.1494	1
48	8.4333	396.2408	5.1469	1
48.1	8.4415	397.0148	5.1376	1
48.2	8.4498	397.8561	5.1233	1
48.3	8.4581	398.725	5.1171	1
48.4	8.4661	399.6728	5.1153	1
48.5	8.4738	400.4459	5.1176	1
48.6	8.4819	401.2694	5.1196	1
48.7	8.4897	402.1246	5.1165	1
48.8	8.4976	402.9135	5.1038	1
48.9	8.5055	403.8595	5.0989	1
49	8.5132	404.6141	5.1136	1
49.1	8.5211	405.3577	5.1388	1
49.2	8.5294	406.1311	5.1289	1
49.3	8.5383	406.9196	5.1211	1
49.4	8.547	407.7439	5.1346	1
49.5	8.556	408.5109	5.1313	1
49.6	8.5654	409.2954	5.1233	1
49.7	8.5744	410.1631	5.1294	1
49.8	8.5834	411.0286	5.1389	1
49.9	8.5927	411.8339	5.139	1
50	8.6019	412.7052	5.1287	1
50.1	8.611	413.5177	5.1271	1
50.2	8.6201	414.3242	5.1332	1
50.3	8.6294	415.2379	5.1373	1
50.4	8.6385	415.9911	5.138	1
50.5	8.6476	416.8888	5.1336	1
50.6	8.6566	417.7337	5.1398	1
50.7	8.6654	418.6493	5.1378	1
50.8	8.6743	419.4737	5.1326	1
50.9	8.6829	420.3454	5.1307	1
51	8.6913	421.2302	5.1341	1
51.1	8.6997	422.0516	5.1428	1
51.2	8.7076	422.9407	5.1361	1
51.3	8.7154	423.828	5.1265	1
51.4	8.7231	424.6454	5.1349	1
51.5	8.7312	425.4665	5.1423	1
51.6	8.7394	426.1846	5.1411	1
51.7	8.7479	426.9175	5.1454	1
51.8	8.7567	427.8388	5.1405	1
51.9	8.7653	428.573	5.1284	1
52	8.774	429.4705	5.1354	1
52.1	8.7829	430.1951	5.1479	1
52.2	8.7917	431.1011	5.1474	1
52.3	8.8007	431.8662	5.1422	1
52.4	8.8097	432.7373	5.1425	1
52.5	8.8183	433.7042	5.1418	1
52.6	8.8268	434.5212	5.1411	1
52.7	8.8351	435.4003	5.1346	1
52.8	8.8434	436.2267	5.1308	1
52.9	8.8514	437.1061	5.1306	1
53	8.8595	437.8814	5.1354	1
53.1	8.8676	438.7548	5.1442	1
53.2	8.8761	439.5891	5.1462	1
53.3	8.884	440.4397	5.1345	1
53.4	8.8918	441.2944	5.124	1
53.5	8.8998	442.068	5.1282	1
53.6	8.9079	442.9155	5.1396	1
53.7	8.916	443.6869	5.1352	1
53.8	8.9241	444.6056	5.1271	1
53.9	8.9322	445.4393	5.1285	1
54	8.9401	446.2612	5.1411	1
54.1	8.9484	447.128	5.1435	1
54.2	8.9562	448.0107	5.1365	1
54.3	8.9637	448.8199	5.1458	1
54.4	8.9715	449.64	5.1393	1
54.5	8.9795	450.4022	5.1399	1
54.6	8.9876	451.3034	5.1421	1
54.7	8.9954	452.121	5.1307	1
54.8	9.003	452.9443	5.1315	1
54.9	9.0108	453.8013	5.1398	1
55	9.0185	454.703	5.1445	1
55.1	9.0261	455.5025	5.1477	1
55.2	9.0335	456.4058	5.1428	1
55.3	9.0411	457.1523	5.1362	1
55.4	9.0488	457.9545	5.1419	1
55.5	9.0565	458.8298	5.1509	1
55.6	9.0642	459.6424	5.1575	1
55.7	9.0719	460.4981	5.1428	1
55.8	9.0796	461.2719	5.1443	1
55.9	9.0874	462.1493	5.1462	1
56	9.0955	462.9446	5.1454	1
56.1	9.1037	463.6515	5.1602	1
56.2	9.112	464.467	5.1531	1
56.3	9.1205	465.1777	5.1281	1
56.4	9.1293	466.0635	5.1303	1
56.5	9.138	466.9868	5.142	1
56.6	9.1466	467.7748	5.1293	1
56.7	9.1554	468.5937	5.1268	1
56.8	9.1642	469.4033	5.1349	1
56.9	9.1727	470.3008	5.1247	1
57	9.181	471.2053	5.1229	1
57.1	9.1887	472.106	5.141	1
57.2	9.1966	472.9077	5.1297	1
57.3	9.2045	473.7042	5.123	1
57.4	9.2124	474.694	5.1354	1
57.5	9.2199	475.5566	5.136	1
57.6	9.2275	476.2491	5.1363	1
57.7	9.2349	477.2261	5.1498	1
57.8	9.2423	478.056	5.142	1
57.9	9.2498	478.8094	5.1408	1
58	9.2578	479.5826	5.1544	1
58.1	9.2658	480.4062	5.1479	1
58.2	9.274	481.2085	5.1431	1
58.3	9.2821	482.0461	5.1334	1
58.4	9.2901	482.9018	5.1216	1
58.5	9.2983	483.6597	5.1292	1
58.6	9.3067	484.4504	5.1399	1
58.7	9.3153	485.2622	5.1491	1
58.8	9.3238	486.1056	5.138	1
58.9	9.3323	487.1013	5.1355	1
59	9.3406	487.8716	5.1535	1
59.1	9.3492	488.5403	5.1568	1
59.2	9.3582	489.3325	5.1351	1
59.3	9.3673	490.3313	5.1325	1
59.4	9.3755	491.2355	5.1272	1
59.5	9.3835	492.0759	5.13	1
59.6	9.3918	492.9157	5.1226	1
59.7	9.3998	493.7015	5.1259	1
59.8	9.4079	494.5292	5.1293	1
59.9	9.4161	495.3835	5.1142	1
60	9.4242	496.2668	5.1278	1
60.1	9.4322	497.1473	5.141	1
60.2	9.44	497.9967	5.1233	1
60.3	9.4477	498.8777	5.1175	1
60.4	9.4554	499.6791	5.1201	1
60.5	9.4629	500.4436	5.1258	1
60.6	9.4708	501.2543	5.1199	1
60.7	9.479	502.0924	5.1171	1
60.8	9.4868	502.9941	5.1102	1
60.9	9.4942	503.8586	5.1138	1
61	9.5017	504.6704	5.1324	1
61.1	9.5093	505.4514	5.1452	1
61.2	9.5168	506.3011	5.1298	1
61.3	9.5246	507.1835	5.1282	1
61.4	9.5322	507.9382	5.1299	1
61.5	9.5399	508.8159	5.1317	1
61.6	9.5471	509.7261	5.1214	1
61.7	9.554	510.6223	5.1182	1
61.8	9.5611	511.5186	5.1171	1
61.9	9.5681	512.3212	5.1212	1
62	9.5747	513.1883	5.1329	1
62.1	9.5812	513.9611	5.1112	1
62.2	9.5881	514.7757	5.1053	1
62.3	9.595	515.6928	5.116	1
62.4	9.6014	516.5612	5.119	1
62.5	9.608	517.3001	5.1117	1
62.6	9.6151	518.1028	5.1042	1
62.7	9.6221	518.931	5.1048	1
62.8	9.629	519.7229	5.0957	1
62.9	9.6362	520.4945	5.1004	1
63	9.6437	521.3069	5.1095	1
63.1	9.6512	522.1436	5.1032	1
63.2	9.6585	522.9844	5.0982	1
63.3	9.6661	523.7637	5.1025	1
63.4	9.6741	524.5793	5.1158	1
63.5	9.682	525.394	5.1061	1
63.6	9.6902	526.215	5.0995	1
63.7	9.6984	527.09	5.1057	1
63.8	9.7063	527.8352	5.1115	1
63.9	9.7145	528.6555	5.1022	1
64	9.7225	529.6213	5.0977	1
64.1	9.7303	530.3841	5.0921	1
64.2	9.7385	531.1044	5.0942	1
64.3	9.7467	531.9318	5.0963	1
64.4	9.7552	532.7564	5.1059	1
64.5	9.7641	533.5405	5.1126	1
64.6	9.7728	534.4429	5.1044	1
64.7	9.781	535.3662	5.1168	1
64.8	9.7889	536.1286	5.1229	1
64.9	9.7975	536.9684	5.1197	1
65	9.806	537.8774	5.1226	1
65.1	9.814	538.7443	5.1208	1
65.2	9.8216	539.6099	5.115	1
65.3	9.8293	540.4062	5.0968	1
65.4	9.8369	541.3722	5.0896	1
65.5	9.8441	542.2854	5.0875	1
65.6	9.8508	543.225	5.0888	1
65.7	9.8571	544.0218	5.092	1
65.8	9.8638	544.8807	5.1071	1
65.9	9.8705	545.6926	5.1174	1
66	9.8771	546.4951	5.1236	1
66.1	9.8836	547.3798	5.116	1
66.2	9.8901	548.1681	5.1193	1
66.3	9.8966	548.9786	5.1258	1
66.4	9.9034	549.866	5.1227	1
66.5	9.9104	550.6726	5.1071	1
66.6	9.9173	551.4913	5.1007	1
66.7	9.9237	552.2996	5.1017	1
66.8	9.9301	553.2119	5.0881	1
66.9	9.9364	554.0905	5.0719	1
67	9.9429	554.8756	5.0753	1
67.1	9.9495	555.6511	5.0801	1
67.2	9.9561	556.4517	5.0834	1
67.3	9.9631	557.2473	5.0999	1
67.4	9.9702	558.0884	5.1095	1
67.5	9.9773	558.8699	5.0929	1
67.6	9.9845	559.5923	5.0796	1
67.7	9.992	560.4325	5.0746	1
67.8	9.9996	561.2546	5.0739	1
67.9	10.0073	562.1273	5.0849	1
68	10.0148	562.9679	5.0918	1
68.1	10.0221	563.8287	5.0799	1
68.2	10.0294	564.7145	5.075	1
68.3	10.0364	565.5408	5.0766	1
68.4	10.0435	566.3369	5.0801	1
68.5	10.0506	567.2377	5.0835	1
68.6	10.0574	568.2537	5.0898	1
68.7	10.0637	569.0063	5.0973	1
68.8	10.0703	569.7292	5.1014	1
68.9	10.0778	570.4918	5.0982	1
69	10.0854	571.2301	5.0862	1
69.1	10.0929	572.0569	5.0858	1
69.2	10.1009	572.7818	5.0677	1
69.3	10.1093	573.6675	5.0687	1
69.4	10.1172	574.7215	5.0788	1
69.5	10.1242	575.6047	5.0872	1
69.6	10.1311	576.4007	5.1025	1
69.7	10.138	577.1916	5.1197	1
69.8	10.1449	578.125	5.1086	1
69.9	10.1516	579.0729	5.095	1
70	10.1577	579.9594	5.0959	1
70.1	10.1637	580.8281	5.0925	1
70.2	10.1694	581.6672	5.0955	1
70.3	10.175	582.5298	5.1061	1
70.4	10.1808	583.3309	5.1075	1
70.5	10.1865	584.1959	5.1037	1
70.6	10.192	585.0383	5.1044	1
70.7	10.1974	585.814	5.1074	1
70.8	10.203	586.6612	5.1018	1
70.9	10.209	587.4558	5.1028	1
71	10.215	588.2864	5.0914	1
71.1	10.2211	589.0155	5.0988	1
71.2	10.2274	589.8592	5.0985	1
71.3	10.2338	590.7103	5.0945	1
71.4	10.2399	591.5407	5.1066	1
71.5	10.2459	592.4121	5.111	1
71.6	10.2522	593.1627	5.0988	1
71.7	10.2587	594.0425	5.0877	1
71.8	10.2651	594.8683	5.0853	1
71.9	10.2715	595.6491	5.0949	1
72	10.278	596.4178	5.0963	1
72.1	10.2845	597.3431	5.097	1
72.2	10.2911	598.0907	5.0876	1
72.3	10.2981	598.8239	5.0803	1
72.4	10.3053	599.7139	5.0778	1
72.5	10.312	600.6612	5.0787	1
72.6	10.3187	601.3442	5.0774	1
72.7	10.326	602.1005	5.085	1
72.8	10.3334	602.967	5.104	1
72.9	10.3402	603.892	5.1123	1
73	10.3468	604.7956	5.0866	1
73.1	10.3535	605.5722	5.0823	1
73.2	10.3602	606.5157	5.097	1
73.3	10.3666	607.3655	5.1004	1
73.4	10.373	608.1724	5.1133	1
73.5	10.3794	609.0318	5.11	1
73.6	10.3856	609.8046	5.0986	1
73.7	10.3919	610.7024	5.0897	1
73.8	10.3985	611.4114	5.0796	1
73.9	10.4051	612.2597	5.0847	1
74	10.4118	613.1951	5.0877	1
74.1	10.4182	613.9784	5.0806	1
74.2	10.4246	614.8894	5.0921	1
74.3	10.4309	615.6831	5.094	1
74.4	10.4373	616.4325	5.0846	1
74.5	10.4438	617.3541	5.0963	1
74.6	10.4501	618.1991	5.1086	1
74.7	10.4561	619.0524	5.1063	1
74.8	10.4624	619.9673	5.1059	1
74.9	10.4686	620.6976	5.105	1
75	10.4747	621.3936	5.096	1
75.1	10.4812	622.2671	5.0974	1
75.2	10.4875	623.2124	5.1001	1
75.3	10.4938	624.0592	5.0931	1
75.4	10.5002	624.8619	5.0979	1
75.5	10.5064	625.6678	5.11	1
75.6	10.5126	626.5517	5.1113	1
75.7	10.5191	627.3646	5.1141	1
75.8	10.5255	628.1241	5.1068	1
75.9	10.532	628.9092	5.0879	1
76	10.5384	629.7813	5.0826	1
76.1	10.5449	630.6085	5.0853	1
76.2	10.5517	631.3975	5.0881	1
76.3	10.5584	632.1752	5.093	1
76.4	10.5652	633.1267	5.0869	1
76.5	10.5719	633.9262	5.0944	1
76.6	10.5788	634.6934	5.1127	1
76.7	10.5859	635.5395	5.1022	1
76.8	10.5924	636.4055	5.091	1
76.9	10.5992	637.2714	5.0825	1
77	10.6062	637.9667	5.0722	1
77.1	10.6133	638.9563	5.0874	1
77.2	10.6198	639.8095	5.0968	1
77.3	10.6261	640.5579	5.0836	1
77.4	10.6329	641.4232	5.0924	1
77.5	10.64	642.1484	5.1022	1
77.6	10.6471	643.0046	5.1062	1
77.7	10.6542	643.7382	5.0984	1
77.8	10.6617	644.5885	5.0872	1
77.9	10.6691	645.4767	5.0918	1
78	10.6761	646.3658	5.0817	1
78.1	10.6831	647.2045	5.0759	1
78.2	10.6901	647.9905	5.0857	1
78.3	10.6974	648.7868	5.0889	1
78.4	10.705	649.6011	5.0971	1
78.5	10.7124	650.4784	5.0946	1
78.6	10.7195	651.3417	5.0842	1
78.7	10.7265	652.2276	5.0886	1
78.8	10.7335	653.0519	5.0989	1
78.9	10.7404	653.8907	5.0903	1
79	10.7472	654.7233	5.0848	1
79.1	10.7543	655.5046	5.0989	1
79.2	10.7612	656.367	5.1003	1
79.3	10.7685	657.2254	5.099	1
79.4	10.7755	657.982	5.0984	1
79.5	10.7825	658.905	5.0949	1
79.6	10.7895	659.7036	5.0905	1
79.7	10.7963	660.6378	5.0964	1
79.8	10.8031	661.4581	5.0989	1
79.9	10.8093	662.289	5.1054	1
80	10.8157	663.2138	5.1149	1
80.1	10.8221	663.9854	5.1146	1
80.2	10.8284	664.9255	5.1031	1
80.3	10.8346	665.664	5.1	1
80.4	10.8407	666.494	5.0921	1
80.5	10.8473	667.2718	5.0921	1
80.6	10.8542	668.0523	5.0997	1
80.7	10.8608	668.9293	5.1029	1
80.8	10.8676	669.7363	5.1092	1
80.9	10.8745	670.5698	5.1069	1
81	10.8812	671.4232	5.1134	1
81.1	10.8879	672.2249	5.1087	1
81.2	10.8949	673.0498	5.0997	1
81.3	10.9016	673.9203	5.0956	1
81.4	10.9079	674.9281	5.0958	1
81.5	10.914	675.7276	5.0866	1
81.6	10.92	676.5473	5.0921	1
81.7	10.9263	677.3394	5.0983	1
81.8	10.9323	678.2432	5.1079	1
81.9	10.9382	679.1611	5.1085	1
82	10.9441	679.9091	5.0794	1
82.1	10.95	680.7303	5.0669	1
82.2	10.956	681.5745	5.086	1
82.3	10.9619	682.3906	5.1004	1
82.4	10.968	683.2297	5.0882	1
82.5	10.9743	684.0101	5.0777	1
82.6	10.9804	684.8941	5.0682	1
82.7	10.9862	685.7923	5.0654	1
82.8	10.992	686.6116	5.077	1
82.9	10.9976	687.4398	5.0749	1
83	11.0031	688.3302	5.0727	1
83.1	11.0086	689.183	5.0801	1
83.2	11.0141	689.984	5.0934	1
83.3	11.0198	690.7826	5.0871	1
83.4	11.0258	691.5703	5.0867	1
83.5	11.0319	692.3964	5.0755	1
83.6	11.038	693.145	5.0652	1
83.7	11.0443	693.9712	5.0661	1
83.8	11.0511	694.6174	5.0807	1
83.9	11.0585	695.2768	5.0887	1
84	11.0666	696.1077	5.0972	1
84.1	11.0745	697.0881	5.1051	1
84.2	11.0821	697.9292	5.1017	1
84.3	11.0894	698.7913	5.0979	1
84.4	11.0965	699.673	5.099	1
84.5	11.1034	700.5549	5.092	1
84.6	11.1103	701.3234	5.0778	1
84.7	11.1178	702.1252	5.0826	1
84.8	11.1253	702.8751	5.0896	1
84.9	11.1328	703.6979	5.0905	1
85	11.1401	704.6437	5.085	1
85.1	11.1473	705.4707	5.0865	1
85.2	11.1541	706.3269	5.0858	1
85.3	11.1607	707.3272	5.0852	1
85.4	11.1671	708.1781	5.0803	1
85.5	11.1739	708.9065	5.0921	1
85.6	11.1809	709.719	5.1051	1
85.7	11.1875	710.6449	5.0932	1
85.8	11.1939	711.4884	5.0876	1
85.9	11.2005	712.2663	5.0952	1
86	11.2074	713.0553	5.0907	1
86.1	11.2141	713.9839	5.0914	1
86.2	11.2204	714.9828	5.1067	1
86.3	11.2263	715.7502	5.101	1
86.4	11.232	716.6332	5.0972	1
86.5	11.2374	717.5729	5.1014	1
86.6	11.2426	718.3959	5.0921	1
86.7	11.2483	719.1097	5.0912	1
86.8	11.2537	720.0238	5.0889	1
86.9	11.259	720.8635	5.0991	1
87	11.2643	721.649	5.1026	1
87.1	11.2701	722.4407	5.087	1
87.2	11.276	723.3205	5.0847	1
87.3	11.282	724.0697	5.1031	1
87.4	11.2879	724.8733	5.1201	1
87.5	11.2939	725.7322	5.1152	1
87.6	11.2999	726.4675	5.1249	1
87.7	11.3059	727.3395	5.1274	1
87.8	11.312	728.1802	5.1136	1
87.9	11.3184	728.9369	5.1014	1
88	11.3251	729.7851	5.1103	1
88.1	11.3318	730.6173	5.125	1
88.2	11.338	731.4555	5.115	1
88.3	11.3441	732.4094	5.1169	1
88.4	11.35	733.1714	5.1201	1
88.5	11.3559	733.9843	5.1133	1
88.6	11.362	734.8441	5.1137	1
88.7	11.3681	735.7064	5.1198	1
88.8	11.3742	736.5391	5.1222	1
88.9	11.3803	737.3311	5.1202	1
89	11.3868	738.1425	5.1126	1
89.1	11.3931	739.0075	5.105	1
89.2	11.3992	739.8156	5.112	1
89.3	11.4052	740.6735	5.1048	1
89.4	11.4117	741.4016	5.1063	1
89.5	11.4186	742.2009	5.1099	1
89.6	11.4251	743.1827	5.1045	1
89.7	11.431	744.0677	5.0958	1
89.8	11.4369	744.8848	5.0964	1
89.9	11.4432	745.5564	5.0876	1
90	11.4495	746.4864	5.0887	1
90.1	11.4556	747.3376	5.0943	1
90.2	11.4618	748.1257	5.0857	1
90.3	11.4684	748.979	5.0961	1
90.4	11.4747	749.8882	5.1041	1
90.5	11.4807	750.668	5.1001	1
90.6	11.4871	751.4789	5.1086	1
90.7	11.4938	752.287	5.1262	1
90.8	11.5001	753.1261	5.1256	1
90.9	11.5063	753.9066	5.1071	1
91	11.5125	754.742	5.0974	1
91.1	11.5189	755.5751	5.0923	1
91.2	11.5255	756.4438	5.1066	1
91.3	11.5319	757.2735	5.1154	1
91.4	11.5381	758.1309	5.1118	1
91.5	11.5446	758.9948	5.107	1
91.6	11.551	759.7692	5.1066	1
91.7	11.5577	760.5436	5.119	1
91.8	11.5644	761.3916	5.1388	1
91.9	11.5711	762.275	5.1493	1
92	11.5772	763.2145	5.1375	1
92.1	11.5833	764.0531	5.1336	1
92.2	11.5893	764.9153	5.1312	1
92.3	11.595	765.7512	5.13	1
92.4	11.6008	766.5794	5.1344	1
92.5	11.6068	767.3288	5.1349	1
92.6	11.613	768.0811	5.122	1
92.7	11.6193	768.9956	5.0977	1
92.8	11.6253	769.8883	5.0991	1
92.9	11.6313	770.717	5.1059	1
93	11.6373	771.5265	5.1037	1
93.1	11.6428	772.5022	5.1132	1
93.2	11.6482	773.3938	5.1176	1
93.3	11.6535	774.0638	5.1107	1
93.4	11.6591	774.9219	5.1209	1
93.5	11.6647	775.7354	5.127	1
93.6	11.6703	776.6917	5.1248	1
93.7	11.6758	777.5566	5.1204	1
93.8	11.6811	778.2676	5.1046	1
93.9	11.6867	779.0892	5.0953	1
94	11.6924	779.9041	5.1091	1
94.1	11.698	780.8306	5.1084	1
94.2	11.7036	781.6856	5.1135	1
94.3	11.709	782.4599	5.1084	1
94.4	11.7146	783.2917	5.1096	1
94.5	11.7202	784.1703	5.1133	1
94.6	11.7256	784.977	5.1101	1
94.7	11.731	785.8543	5.1041	1
94.8	11.736	786.7412	5.0834	1
94.9	11.7407	787.6211	5.0934	1
95	11.7455	788.4901	5.1094	1
95.1	11.7502	789.2962	5.1116	1
95.2	11.7547	790.159	5.1054	1
95.3	11.7594	790.9111	5.1057	1
95.4	11.764	791.8698	5.1166	1
95.5	11.7687	792.6081	5.1222	1
95.6	11.7734	793.3767	5.129	1
95.7	11.7781	794.2627	5.137	1
95.8	11.7831	795.0481	5.1406	1
95.9	11.7882	795.9136	5.1381	1
96	11.7933	796.7483	5.136	1
96.1	11.7984	797.4741	5.1247	1
96.2	11.8035	798.3913	5.114	1
96.3	11.8085	799.2542	5.1263	1
96.4	11.8134	799.9816	5.1232	1
96.5	11.8186	800.7885	5.1146	1
96.6	11.824	801.6637	5.1159	1
96.7	11.8291	802.5197	5.1023	1
96.8	11.8342	803.2982	5.1105	1
96.9	11.8397	804.0141	5.1224	1
97	11.8455	804.8523	5.1374	1
97.1	11.8514	805.7279	5.142	1
97.2	11.8571	806.5425	5.1351	1
97.3	11.8626	807.3493	5.1379	1
97.4	11.8683	808.2118	5.1404	1
97.5	11.8738	809.1048	5.1394	1
97.6	11.8794	809.993	5.1353	1
97.7	11.8847	810.8875	5.1241	1
97.8	11.8897	811.633	5.1128	1
97.9	11.8949	812.486	5.1147	1
98	11.9003	813.2414	5.1197	1
98.1	11.906	814.123	5.1301	1
98.2	11.9116	814.8832	5.1266	1
98.3	11.9173	815.6726	5.1174	1
98.4	11.9233	816.4819	5.1134	1
98.5	11.9294	817.2942	5.1139	1
98.6	11.9353	818.1679	5.1044	1
98.7	11.9415	818.9458	5.0899	1
98.8	11.9478	819.7256	5.0844	1
98.9	11.9545	820.488	5.0872	1
99	11.9616	821.1936	5.0948	1
99.1	11.9687	822.0731	5.0902	1
99.2	11.9758	823.0023	5.0975	1
99.3	11.9826	823.8899	5.1041	1
99.4	11.9894	824.6098	5.1139	1
99.5	11.9962	825.4578	5.1255	1
99.6	12.0031	826.2984	5.1145	1
99.7	12.0101	827.1633	5.1024	1
99.8	12.0172	827.8945	5.1078	1
99.9	12.0244	828.71	5.1212	1
100	12.0317	829.5407	5.1305	1
100.1	12.0392	830.3904	5.1174	1
100.2	12.0466	831.2258	5.125	1
100.3	12.0539	832.0749	5.1263	1
100.4	12.061	832.919	5.1137	1
100.5	12.0681	833.7864	5.1085	1
100.6	12.075	834.7113	5.1087	1
100.7	12.0821	835.507	5.1013	1
100.8	12.0892	836.3328	5.1083	1
100.9	12.0959	837.229	5.1035	1
101	12.1022	838.1216	5.0959	1
101.1	12.1083	839.0609	5.1035	1
101.2	12.1143	839.8293	5.0969	1
101.3	12.1204	840.6728	5.0933	1
101.4	12.1266	841.5644	5.0956	1
101.5	12.1326	842.3857	5.0903	1
101.6	12.1385	843.2772	5.0869	1
101.7	12.1442	844.0302	5.074	1
101.8	12.15	844.9511	5.0666	1
101.9	12.1556	845.8219	5.0735	1
102	12.161	846.6078	5.0816	1
102.1	12.1665	847.4739	5.0876	1
102.2	12.172	848.2235	5.0991	1
102.3	12.1778	849.0929	5.0964	1
102.4	12.1836	849.9505	5.098	1
102.5	12.189	850.885	5.0911	1
102.6	12.1944	851.6002	5.0767	1
102.7	12.1998	852.4305	5.0924	1
102.8	12.2054	853.3128	5.1004	1
102.9	12.2112	854.0973	5.0996	1
103	12.2167	854.9286	5.0937	1
103.1	12.2222	855.6652	5.0869	1
103.2	12.2281	856.4875	5.088	1
103.3	12.2341	857.4078	5.0814	1
103.4	12.2399	858.3267	5.0964	1
103.5	12.2457	859.0115	5.1033	1
103.6	12.2515	859.8458	5.0861	1
103.7	12.2573	860.7248	5.0913	1
103.8	12.263	861.5621	5.0923	1
103.9	12.2687	862.3072	5.0799	1
104	12.2745	863.1956	5.0758	1
104.1	12.2804	864.077	5.0887	1
104.2	12.2863	864.9044	5.0986	1
104.3	12.2924	865.6493	5.097	1
104.4	12.2983	866.4439	5.0875	1
104.5	12.3042	867.4538	5.0942	1
104.6	12.3098	868.3106	5.1052	1
104.7	12.3152	869.1694	5.1087	1
104.8	12.3207	869.8741	5.1136	1
104.9	12.3263	870.7171	5.1149	1
105	12.3319	871.6844	5.1016	1
105.1	12.3376	872.3289	5.0942	1
105.2	12.3434	873.2202	5.1032	1
105.3	12.349	874.1026	5.1074	1
105.4	12.3545	874.9461	5.1034	1
105.5	12.3599	875.822	5.0976	1
105.6	12.3653	876.658	5.0873	1
105.7	12.3706	877.4741	5.0794	1
105.8	12.376	878.1746	5.0683	1
105.9	12.3817	879.0496	5.0718	1
106	12.3875	879.9591	5.0816	1
106.1	12.3931	880.7015	5.1017	1
106.2	12.3989	881.5352	5.0992	1
106.3	12.4048	882.3745	5.0983	1
106.4	12.4104	883.2257	5.1079	1
106.5	12.4161	884.074	5.1099	1
106.6	12.4216	884.9166	5.1002	1
106.7	12.4272	885.7786	5.0899	1
106.8	12.4327	886.5717	5.0907	1
106.9	12.4383	887.4224	5.0877	1
107	12.4441	888.1978	5.0909	1
107.1	12.4496	888.9812	5.089	1
107.2	12.4552	889.9456	5.0858	1
107.3	12.4609	890.7031	5.0839	1
107.4	12.467	891.4248	5.0984	1
107.5	12.4738	892.1656	5.1095	1
107.6	12.4807	892.97	5.1103	1
107.7	12.4874	893.8853	5.1042	1
107.8	12.4942	894.7147	5.1087	1
107.9	12.5008	895.5814	5.105	1
108	12.507	896.4533	5.1004	1
108.1	12.5134	897.2292	5.1023	1
108.2	12.5201	897.967	5.1031	1
108.3	12.5267	898.8617	5.1092	1
108.4	12.5332	899.7638	5.1159	1
108.5	12.5395	900.5985	5.1127	1
108.6	12.5458	901.4622	5.1092	1
108.7	12.5519	902.3369	5.1076	1
108.8	12.558	903.209	5.0977	1
108.9	12.5641	903.8765	5.0855	1
109	12.5703	904.7705	5.0915	1
109.1	12.5766	905.5803	5.0884	1
109.2	12.5829	906.4408	5.0859	1
109.3	12.5892	907.3675	5.0851	1
109.4	12.5956	908.1355	5.09	1
109.5	12.6015	909.0229	5.1038	1
109.6	12.6071	909.9563	5.114	1
109.7	12.6129	910.7099	5.1151	1
109.8	12.6185	911.6207	5.112	1
109.9	12.6238	912.3706	5.0975	1
110	12.6292	913.3444	5.1	1
110.1	12.6347	914.2251	5.1151	1
110.2	12.6398	914.9872	5.0983	1
110.3	12.6452	915.7688	5.0839	1
110.4	12.6507	916.6286	5.0892	1
110.5	12.6559	917.4766	5.0919	1
110.6	12.6612	918.3047	5.0885	1
110.7	12.6664	919.139	5.0899	1
110.8	12.6719	919.9092	5.0937	1
110.9	12.6776	920.7224	5.0964	1
111	12.6833	921.5036	5.1081	1
111.1	12.689	922.4864	5.114	1
111.2	12.6947	923.2863	5.1165	1
111.3	12.7004	923.9596	5.1031	1
111.4	12.7062	924.8605	5.1023	1
111.5	12.7121	925.6669	5.0883	1
111.6	12.7179	926.4238	5.0738	1
111.7	12.7239	927.3841	5.0752	1
111.8	12.7297	928.2361	5.0919	1
111.9	12.7354	929.0742	5.0936	1
112	12.7412	929.9341	5.0846	1
112.1	12.7465	930.8688	5.0816	1
112.2	12.7513	931.7326	5.0763	1
112.3	12.7561	932.5377	5.0891	1
112.4	12.7611	933.4382	5.1018	1
112.5	12.766	934.2071	5.1014	1
112.6	12.7707	935.1001	5.0898	1
112.7	12.7755	935.9493	5.0661	1
112.8	12.78	936.6932	5.061	1
112.9	12.7846	937.6474	5.0597	1
113	12.7894	938.4121	5.0591	1
113.1	12.7943	939.1997	5.0708	1
113.2	12.7994	939.9894	5.0749	1
113.3	12.8044	940.893	5.077	1
113.4	12.8092	941.7233	5.0844	1
113.5	12.8142	942.4608	5.1	1
113.6	12.8195	943.3154	5.0914	1
113.7	12.8248	944.1421	5.0934	1
113.8	12.83	944.8817	5.0945	1
113.9	12.8356	945.6987	5.0688	1
114	12.8412	946.5754	5.0568	1
114.1	12.8468	947.4494	5.0651	1
114.2	12.8526	948.2143	5.0655	1
114.3	12.8582	949.0106	5.0661	1
114.4	12.8638	949.8494	5.0772	1
114.5	12.869	950.8684	5.0698	1
114.6	12.8738	951.6745	5.0632	1
114.7	12.8787	952.4524	5.0708	1
114.8	12.8839	953.281	5.0695	1
114.9	12.8891	954.2399	5.0652	1
115	12.8941	955.003	5.0715	1
115.1	12.8992	955.8677	5.086	1
115.2	12.9041	956.7038	5.1075	1
115.3	12.909	957.552	5.0983	1
115.4	12.9142	958.291	5.1003	1
115.5	12.9193	959.1858	5.1	1
115.6	12.9245	960.0548	5.0838	1
115.7	12.9295	960.7697	5.0724	1
115.8	12.9348	961.5781	5.0716	1
115.9	12.9402	962.4322	5.0763	1
116	12.9455	963.3359	5.0848	1
116.1	12.9506	964.1752	5.094	1
116.2	12.9557	964.9337	5.0902	1
116.3	12.9613	965.6892	5.0928	1
116.4	12.9668	966.5882	5.0964	1
116.5	12.972	967.4538	5.0962	1
116.6	12.9776	968.2085	5.082	1
116.7	12.9832	969.0542	5.0739	1
116.8	12.9887	969.9496	5.0742	1
116.9	12.9943	970.6817	5.0922	1
117	13.0003	971.4715	5.0896	1
117.1	13.0062	972.2965	5.0861	1
117.2	13.0119	973.3083	5.0902	1
117.3	13.0173	974.0655	5.0955	1
117.4	13.0229	974.8348	5.101	1
117.5	13.0292	975.5834	5.104	1
117.6	13.0351	976.5159	5.1	1
117.7	13.041	977.3192	5.0878	1
117.8	13.047	978.1747	5.0963	1
117.9	13.0531	979.0108	5.1085	1
118	13.0587	979.8345	5.1082	1
118.1	13.0647	980.6143	5.1061	1
118.2	13.0709	981.3565	5.1036	1
118.3	13.0771	982.3222	5.1059	1
118.4	13.0833	983.0726	5.0873	1
118.5	13.0895	983.8599	5.0825	1
118.6	13.0961	984.6928	5.0822	1
118.7	13.1028	985.4847	5.0884	1
118.8	13.1095	986.4245	5.086	1
118.9	13.1159	987.155	5.0746	1
119	13.1226	987.972	5.0629	1
119.1	13.1293	988.9036	5.0663	1
119.2	13.1356	989.7761	5.0778	1
119.3	13.1418	990.6276	5.0827	1
119.4	13.148	991.5383	5.0743	1
119.5	13.1539	992.2477	5.0742	1
119.6	13.16	993.0193	5.0707	1
119.7	13.1663	993.8083	5.0727	1
119.8	13.1732	994.6082	5.0699	1
119.9	13.1802	995.4534	5.0632	1
120	13.1869	996.3405	5.0654	2
120.1	13.1939	997.1445	5.0744	2
120.2	13.2009	997.9997	5.076	2
120.3	13.2075	998.7762	5.0777	2
120.4	13.2141	999.3051	5.0701	2
120.5	13.2205	999.3246	5.0749	2
120.6	13.2269	999.4209	5.074	2
120.7	13.2326	999.4594	5.0704	2
120.8	13.2377	999.6179	5.0687	2
120.9	13.2425	999.5677	5.0568	2
121	13.2479	999.5686	5.0432	2
121.1	13.2534	999.5762	5.0543	2
121.2	13.2587	999.5177	5.0721	2
121.3	13.264	999.5424	5.0832	2
121.4	13.2694	999.6054	5.0856	2
121.5	13.2747	999.5819	5.0794	2
121.6	13.2796	999.6631	5.0779	2
121.7	13.2844	999.6854	5.0804	2
121.8	13.289	999.6581	5.081	2
121.9	13.2938	999.6683	5.0789	2
122	13.2983	999.6943	5.0714	2
122.1	13.3029	999.76	5.082	2
122.2	13.3075	999.7743	5.0959	2
122.3	13.3118	999.8076	5.0906	2
122.4	13.3159	999.7835	5.0851	2
122.5	13.3199	999.8636	5.0829	2
122.6	13.3237	999.8537	5.0871	2
122.7	13.3275	999.8017	5.0858	2
122.8	13.3316	999.8507	5.0939	2
122.9	13.3355	999.8718	5.106	2
123	13.339	999.9947	5.1062	2
123.1	13.3421	1000.0208	5.0864	2
123.2	13.3454	999.9418	5.0754	2
123.3	13.3487	999.9648	5.0694	2
123.4	13.3519	999.9273	5.076	2
123.5	13.3551	999.9361	5.0724	2
123.6	13.3584	1000.0286	5.0722	2
123.7	13.3614	999.9784	5.0802	2
123.8	13.3646	999.9831	5.0815	2
123.9	13.3677	999.9707	5.088	2
124	13.3706	999.976	5.0966	2
124.1	13.3735	1000.0642	5.1041	2
124.2	13.3761	1000.0441	5.1109	2
124.3	13.3787	1000.0264	5.0958	2
124.4	13.3815	1000.0789	5.0856	2
124.5	13.3844	1000.043	5.0997	2
124.6	13.3869	1000.1245	5.1059	2
124.7	13.3892	1000.1567	5.1023	2
124.8	13.3911	1000.1614	5.0963	2
124.9	13.3932	1000.1957	5.0981	2
125	13.3953	1000.1601	5.0939	2
125.1	13.3974	1000.1047	5.0962	2
125.2	13.3998	1000.0913	5.108	2
125.3	13.4024	1000.0429	5.1011	2
125.4	13.4051	1000.036	5.0952	2
125.5	13.4079	999.9306	5.0862	2
125.6	13.4106	999.962	5.0784	2
125.7	13.4133	1000.1116	5.0594	2
125.8	13.4158	1000.0444	5.0631	2
125.9	13.4182	1000.0493	5.072	2
126	13.4203	1000.1089	5.0769	2
126.1	13.4225	1000.1538	5.0911	2
126.2	13.4244	1000.2044	5.1068	2
126.3	13.4263	1000.152	5.1133	2
126.4	13.428	1000.1644	5.1192	2
126.5	13.43	1000.1411	5.1181	2
126.6	13.4321	1000.0459	5.1084	2
126.7	13.4345	1000.052	5.1126	2
126.8	13.437	999.9701	5.1134	2
126.9	13.4399	1000.0034	5.1156	2
127	13.443	999.8715	5.1236	2
127.1	13.4463	999.7938	5.1161	2
127.2	13.4495	999.8973	5.0971	2
127.3	13.4525	999.9315	5.0967	2
127.4	13.4554	999.8814	5.1006	2
127.5	13.4584	999.8578	5.0918	2
127.6	13.4615	999.8553	5.0911	2
127.7	13.4643	999.9527	5.0849	2
127.8	13.4672	999.9307	5.077	2
127.9	13.4701	999.9989	5.0884	2
128	13.4728	1000.0074	5.0968	2
128.1	13.4751	1000.0812	5.1045	2
128.2	13.4772	1000.1131	5.1126	2
128.3	13.4793	1000.0411	5.1211	2
128.4	13.4819	999.9608	5.116	2
128.5	13.4843	1000.0732	5.1114	2
128.6	13.4864	1000.1406	5.1082	2
128.7	13.4883	1000.0879	5.1084	2
128.8	13.4905	1000.1661	5.1091	2
128.9	13.4926	1000.0961	5.1006	2
129	13.4947	1000.1952	5.1111	2
129.1	13.4965	1000.1382	5.112	2
129.2	13.4982	1000.2751	5.1122	2
129.3	13.4996	1000.1689	5.105	2
129.4	13.5013	1000.129	5.1074	2
129.5	13.5033	1000.0791	5.1095	2
129.6	13.5053	1000.1528	5.108	2
129.7	13.5069	1000.1744	5.1157	2
129.8	13.5082	1000.3108	5.1191	2
129.9	13.5095	1000.2961	5.1209	2
130	13.5105	1000.2605	5.1182	2
130.1	13.5115	1000.2883	5.1112	2
130.2	13.5126	1000.2723	5.105	2
130.3	13.5139	1000.2101	5.1069	2
130.4	13.5154	1000.1445	5.1117	2
130.5	13.517	1000.1978	5.1047	2
130.6	13.5186	1000.1978	5.1055	2
130.7	13.5201	1000.1806	5.1053	2
130.8	13.5215	1000.2225	5.1077	2
130.9	13.5229	1000.2046	5.1038	2
131	13.5244	1000.1174	5.0946	2
131.1	13.526	1000.1562	5.0929	2
131.2	13.5277	1000.1534	5.0929	2
131.3	13.5293	1000.2025	5.0984	2
131.4	13.5309	1000.2012	5.1067	2
131.5	13.5325	1000.1562	5.105	2
131.6	13.534	1000.1313	5.0975	2
131.7	13.5353	1000.2462	5.0918	2
131.8	13.5366	1000.1585	5.085	2
131.9	13.5381	1000.2214	5.0777	2
132	13.5394	1000.2368	5.0873	2
132.1	13.5404	1000.2569	5.0823	2
132.2	13.5415	1000.2882	5.073	2
132.3	13.5426	1000.2232	5.0749	2
132.4	13.5436	1000.2609	5.0843	2
132.5	13.5449	1000.1728	5.0907	2
132.6	13.5465	1000.1541	5.0898	2
132.7	13.548	1000.2082	5.0976	2
132.8	13.549	1000.2319	5.1048	2
132.9	13.5498	1000.3027	5.0953	2
133	13.551	1000.2231	5.0838	2
133.1	13.5523	1000.2813	5.0864	2
133.2	13.5528	1000.3784	5.0844	2
133.3	13.5535	1000.3441	5.0774	2
133.4	13.5543	1000.2996	5.0998	2
133.5	13.5556	1000.2649	5.1468	2
133.6	13.5566	1000.3299	5.1469	2
133.7	13.557	1000.4065	5.161	2
133.8	13.5577	1000.3849	5.2516	2
133.9	13.5582	1000.4544	5.3067	2
134	13.5584	1000.4058	5.3124	2
134.1	13.5589	1000.3385	5.3046	2
134.2	13.5597	1000.3134	5.3098	2
134.3	13.5603	1000.2746	5.311	2
134.4	13.5607	1000.3566	5.2736	2
134.5	13.5611	1000.2384	5.2206	2
134.6	13.5624	1000.1502	5.1912	2
134.7	13.5635	1000.2996	5.1754	2
134.8	13.5642	1000.2626	5.1584	2
134.9	13.5652	1000.2392	5.1546	2
135	13.5666	1000.0863	5.1329	2
135.1	13.5681	1000.0294	5.0923	2
135.2	13.5695	1000.2001	5.0613	2
135.3	13.5708	1000.1463	5.0792	2
135.4	13.5722	1000.2044	5.0923	2
135.5	13.5734	1000.1786	5.0885	2
135.6	13.5746	1000.23	5.0828	2
135.7	13.5762	1000.0363	5.0893	2
135.8	13.5784	999.9512	5.0941	2
135.9	13.5806	999.9969	5.0853	2
136	13.5828	1000.0067	5.077	2
136.1	13.585	999.9193	5.0792	2
136.2	13.5872	1000.0105	5.0732	2
136.3	13.589	1000.1254	5.068	2
136.4	13.5903	1000.2141	5.0791	2
136.5	13.5913	1000.2485	5.0839	2
136.6	13.5923	1000.2768	5.0862	2
136.7	13.593	1000.3943	5.0841	2
136.8	13.5934	1000.3367	5.0809	2
136.9	13.5939	1000.3188	5.0766	2
137	13.5945	1000.3328	5.0917	2
137.1	13.5953	1000.3072	5.0962	2
137.2	13.5961	1000.2535	5.0891	2
137.3	13.597	1000.2749	5.0943	2
137.4	13.5977	1000.3096	5.106	2
137.5	13.5984	1000.2755	5.1066	2
137.6	13.599	1000.2698	5.113	2
137.7	13.5998	1000.3005	5.1202	2
137.8	13.6006	1000.2954	5.1085	2
137.9	13.6015	1000.2924	5.1015	2
138	13.6026	1000.1536	5.1086	2
138.1	13.6038	1000.1338	5.1045	2
138.2	13.6048	1000.2558	5.1179	2
138.3	13.6054	1000.3272	5.1293	2
138.4	13.606	1000.2729	5.1213	2
138.5	13.6071	1000.1436	5.1162	2
138.6	13.6084	1000.1746	5.1223	2
138.7	13.6098	1000.1435	5.1189	2
138.8	13.6114	1000.0479	5.1147	2
138.9	13.6134	1000.0018	5.1242	2
139	13.6152	1000.0403	5.1372	2
139.1	13.617	1000.0638	5.1342	2
139.2	13.619	999.9375	5.1269	2
139.3	13.6214	999.9443	5.1225	2
139.4	13.6235	1000.0321	5.1247	2
139.5	13.6251	1000.1119	5.1197	2
139.6	13.6267	1000.0297	5.1145	2
139.7	13.6285	1000.0429	5.1121	2
139.8	13.6304	1000.0648	5.1043	2
139.9	13.6322	1000.0373	5.1074	2
140	13.6341	999.9359	5.0993	2
140.1	13.636	1000.0481	5.0877	2
140.2	13.6379	1000.1366	5.0854	2
140.3	13.6388	1000.2742	5.1031	2
140.4	13.6393	1000.3835	5.1143	2
140.5	13.6394	1000.3882	5.107	2
140.6	13.6401	1000.1624	5.0963	2
140.7	13.642	999.9389	5.0879	2
140.8	13.6442	999.9691	5.0963	2
140.9	13.6463	999.9234	5.1029	2
141	13.6486	999.9531	5.0985	2
141.1	13.6511	999.9131	5.0955	2
141.2	13.6534	999.9404	5.0913	2
141.3	13.6555	999.9911	5.0978	2
141.4	13.6572	1000.0594	5.1009	2
141.5	13.6589	1000.0822	5.1014	2
141.6	13.6606	1000.0628	5.1076	2
141.7	13.6622	1000.1014	5.0968	2
141.8	13.6636	1000.0869	5.0861	2
141.9	13.665	1000.1255	5.0947	2
142	13.6663	1000.1529	5.0995	2
142.1	13.6675	1000.2208	5.1135	2
142.2	13.6685	1000.2521	5.1243	2
142.3	13.6695	1000.2146	5.1246	2
142.4	13.6707	1000.1776	5.1162	2
142.5	13.6714	1000.2496	5.1184	2
142.6	13.6721	1000.347	5.124	2
142.7	13.6725	1000.329	5.118	2
142.8	13.6732	1000.2647	5.1208	2
142.9	13.6738	1000.3432	5.1108	2
143	13.6744	1000.3162	5.0986	2
143.1	13.675	1000.2592	5.1102	2
143.2	13.6758	1000.2567	5.1106	2
143.3	13.6766	1000.2324	5.1012	2
143.4	13.6774	1000.3065	5.0876	2
143.5	13.6782	1000.2723	5.0835	2
143.6	13.6789	1000.2183	5.0835	2
143.7	13.6796	1000.2389	5.0911	2
143.8	13.6803	1000.2308	5.0869	2
143.9	13.6811	1000.2626	5.0758	2
144	13.6817	1000.3009	5.0706	2
144.1	13.6823	1000.295	5.0683	2
144.2	13.6827	1000.345	5.0648	2
144.3	13.6833	1000.2368	5.0709	2
144.4	13.6845	1000.0146	5.0786	2
144.5	13.6868	999.8686	5.0692	2
144.6	13.6896	999.8088	5.0696	2
144.7	13.692	999.9292	5.0708	2
144.8	13.6939	999.9797	5.0628	2
144.9	13.6957	999.9987	5.0747	2
145	13.6978	999.9806	5.08	2
145.1	13.6999	999.9785	5.0802	2
145.2	13.7017	1000.0919	5.0815	2
145.3	13.7033	1000.0749	5.0856	2
145.4	13.7049	1000.0101	5.0961	2
145.5	13.7068	1000.0758	5.0875	2
145.6	13.7085	1000.0938	5.0884	2
145.7	13.7102	1000.0224	5.0951	2
145.8	13.7122	999.9997	5.086	2
145.9	13.7143	999.9535	5.0845	2
146	13.7161	1000.0508	5.0791	2
146.1	13.7177	1000.101	5.0636	2
146.2	13.7192	1000.0565	5.0587	2
146.3	13.7209	1000.0657	5.0705	2
146.4	13.7227	1000.0247	5.0792	2
146.5	13.7241	1000.1508	5.0822	2
146.6	13.7254	1000.1962	5.0949	2
146.7	13.7264	1000.1712	5.0856	2
146.8	13.7272	1000.3402	5.0845	2
146.9	13.7281	1000.229	5.0848	2
147	13.7289	1000.1884	5.0804	2
147.1	13.7298	1000.2239	5.0798	2
147.2	13.7306	1000.2377	5.0828	2
147.3	13.7315	1000.2677	5.0745	2
147.4	13.7322	1000.263	5.0805	2
147.5	13.7327	1000.2587	5.1046	2
147.6	13.7335	1000.2735	5.0978	2
147.7	13.7343	1000.2311	5.0875	2
147.8	13.7352	1000.1711	5.078	2
147.9	13.7363	1000.1858	5.0802	2
148	13.7377	1000.0893	5.0795	2
148.1	13.7391	1000.1174	5.0725	2
148.2	13.7404	1000.1615	5.0755	2
148.3	13.7416	1000.1574	5.0861	2
148.4	13.7426	1000.198	5.0811	2
148.5	13.7434	1000.2808	5.0737	2
148.6	13.7438	1000.3737	5.0767	2
148.7	13.7441	1000.3859	5.0792	2
148.8	13.7443	1000.2756	5.089	2
148.9	13.7444	1000.4854	5.0861	2
149	13.7441	1000.4421	5.072	2
149.1	13.744	1000.3484	5.0746	2
149.2	13.7446	1000.2368	5.0656	2
149.3	13.7457	1000.1912	5.0609	2
149.4	13.7468	1000.2092	5.0759	2
149.5	13.7475	1000.2699	5.0785	2
149.6	13.7484	1000.1541	5.0736	2
149.7	13.7497	1000.1139	5.0906	2
149.8	13.7511	1000.1373	5.0954	2
149.9	13.7524	1000.1493	5.0883	2
150	13.7536	1000.1381	5.076	3
150.1	13.7548	1000.1166	5.0735	3
150.2	13.7561	1000.0778	5.0716	3
150.3	13.7574	1000.1225	5.0613	3
150.4	13.7584	999.8489	5.0633	3
150.5	13.7593	999.089	5.0679	3
150.6	13.7597	998.2524	5.055	3
150.7	13.7601	997.4099	5.0518	3
150.8	13.7606	996.6694	5.0613	3
150.9	13.7608	995.8625	5.0556	3
151	13.7608	995.0444	5.0508	3
151.1	13.7608	994.2319	5.0563	3
151.2	13.7608	993.4586	5.0641	3
151.3	13.7604	992.5857	5.0676	3
151.4	13.7605	991.6598	5.0641	3
151.5	13.7609	990.737	5.0677	3
151.6	13.7611	990.0305	5.0806	3
151.7	13.7609	989.3314	5.0889	3
151.8	13.7602	988.5513	5.0855	3
151.9	13.7598	987.6261	5.0763	3
152	13.7594	986.8147	5.0568	3
152.1	13.7587	986.0662	5.0766	3
152.2	13.7577	985.2757	5.087	3
152.3	13.7567	984.4359	5.0752	3
152.4	13.7556	983.6266	5.0704	3
152.5	13.7544	982.7549	5.0686	3
152.6	13.7532	981.9812	5.0636	3
152.7	13.7518	981.2221	5.0455	3
152.8	13.75	980.4533	5.0294	3
152.9	13.748	979.6282	5.0403	3
153	13.746	978.7934	5.0573	3
153.1	13.7438	977.9872	5.0525	3
153.2	13.7416	977.2137	5.0428	3
153.3	13.7392	976.505	5.0517	3
153.4	13.7366	975.5735	5.0516	3
153.5	13.7338	974.7782	5.054	3
153.6	13.7312	973.8923	5.0514	3
153.7	13.7286	973.0791	5.0414	3
153.8	13.7258	972.3303	5.0464	3
153.9	13.7227	971.5564	5.0562	3
154	13.7197	970.6898	5.0377	3
154.1	13.7169	969.7488	5.0305	3
154.2	13.7143	968.9165	5.0378	3
154.3	13.7116	968.1434	5.0404	3
154.4	13.7089	967.284	5.0432	3
154.5	13.7061	966.3948	5.0567	3
154.6	13.7034	965.5323	5.0481	3
154.7	13.7008	964.7002	5.0363	3
154.8	13.6983	963.9248	5.0436	3
154.9	13.6957	963.0419	5.0489	3
155	13.6931	962.2847	5.0526	3
155.1	13.6902	961.5966	5.0505	3
155.2	13.6867	960.7484	5.0438	3
155.3	13.6834	959.9162	5.0381	3
155.4	13.6803	959.0602	5.0429	3
155.5	13.6766	958.2856	5.0403	3
155.6	13.6725	957.4886	5.0353	3
155.7	13.6686	956.6795	5.0416	3
155.8	13.665	955.826	5.0365	3
155.9	13.6612	955.0098	5.0355	3
156	13.6572	954.1442	5.0415	3
156.1	13.6535	953.2858	5.0474	3
156.2	13.65	952.4241	5.0535	3
156.3	13.6464	951.6523	5.0491	3
156.4	13.6425	950.8171	5.0501	3
156.5	13.6386	949.9812	5.0534	3
156.6	13.635	949.1107	5.0373	3
156.7	13.6316	948.2609	5.0428	3
156.8	13.6283	947.4523	5.0512	3
156.9	13.6249	946.5435	5.0557	3
157	13.6216	945.729	5.0703	3
157.1	13.6182	944.9257	5.0704	3
157.2	13.6147	944.0719	5.0772	3
157.3	13.6111	943.2514	5.0707	3
157.4	13.6078	942.3056	5.0603	3
157.5	13.6047	941.4632	5.0704	3
157.6	13.6019	940.7306	5.0731	3
157.7	13.5986	939.9237	5.0699	3
157.8	13.5951	939.1287	5.0825	3
157.9	13.5911	938.3422	5.0824	3
158	13.5872	937.4241	5.0818	3
158.1	13.5836	936.5957	5.0836	3
158.2	13.5801	935.7678	5.0837	3
158.3	13.5764	934.9164	5.0759	3
158.4	13.5728	934.148	5.0803	3
158.5	13.5693	933.3075	5.0832	3
158.6	13.5657	932.4563	5.0643	3
158.7	13.5623	931.5664	5.0648	3
158.8	13.559	930.7033	5.0718	3
158.9	13.556	929.7615	5.0867	3
159	13.5532	928.9006	5.0886	3
159.1	13.55	928.1003	5.0746	3
159.2	13.5469	927.3522	5.0786	3
159.3	13.544	926.4843	5.0903	3
159.4	13.5413	925.5733	5.0909	3
159.5	13.5386	924.6913	5.0728	3
159.6	13.5364	923.7411	5.0726	3
159.7	13.5344	922.8989	5.0698	3
159.8	13.5321	922.1748	5.0552	3
159.9	13.5295	921.449	5.054	3
160	13.5266	920.5824	5.0577	3
160.1	13.5239	919.7284	5.0632	3
160.2	13.5212	918.8352	5.0718	3
160.3	13.5186	918.1162	5.0675	3
160.4	13.516	917.299	5.0673	3
160.5	13.513	916.4988	5.0691	3
160.6	13.5097	915.7183	5.0681	3
160.7	13.507	914.673	5.0705	3
160.8	13.5048	913.7649	5.0544	3
160.9	13.5022	913.1298	5.0494	3
161	13.4986	912.5819	5.0544	3
161.1	13.494	911.7815	5.0497	3
161.2	13.4893	910.9133	5.0372	3
161.3	13.4847	910.1421	5.0315	3
161.4	13.4801	909.3356	5.0498	3
161.5	13.4754	908.5482	5.0584	3
161.6	13.4706	907.7264	5.0578	3
161.7	13.4664	906.5085	5.0482	3
161.8	13.4642	905.222	5.0432	3
161.9	13.4638	904.059	5.0496	3
162	13.4635	903.4376	5.0522	3
162.1	13.4623	902.888	5.0528	3
162.2	13.4598	902.1972	5.0538	3
162.3	13.4571	901.498	5.0516	3
162.4	13.4539	900.6705	5.0447	3
162.5	13.4502	900.0187	5.0364	3
162.6	13.4464	899.2112	5.0362	3
162.7	13.4425	898.33	5.0349	3
162.8	13.4387	897.4433	5.0389	3
162.9	13.435	896.6318	5.0443	3
163	13.431	895.8246	5.0374	3
163.1	13.4271	894.9434	5.043	3
163.2	13.4233	894.11	5.0505	3
163.3	13.4196	893.2957	5.0421	3
163.4	13.416	892.4038	5.036	3
163.5	13.4125	891.5807	5.0392	3
163.6	13.4089	890.7577	5.0458	3
163.7	13.4055	889.8954	5.044	3
163.8	13.402	889.0357	5.0492	3
163.9	13.3983	888.2086	5.0574	3
164	13.3947	887.3775	5.0443	3
164.1	13.3912	886.5779	5.0487	3
164.2	13.3876	885.8734	5.05	3
164.3	13.3837	884.9801	5.0422	3
164.4	13.3795	884.1777	5.0353	3
164.5	13.3753	883.4188	5.0396	3
164.6	13.3713	882.5616	5.0477	3
164.7	13.3673	881.625	5.0501	3
164.8	13.3633	880.8206	5.0407	3
164.9	13.3594	880.0055	5.0521	3
165	13.3554	879.1132	5.071	3
165.1	13.3518	878.1945	5.0757	3
165.2	13.3487	877.3619	5.0664	3
165.3	13.3459	876.4484	5.058	3
165.4	13.3431	875.4868	5.0557	3
165.5	13.3405	874.6268	5.0613	3
165.6	13.3381	873.8094	5.0698	3
165.7	13.3358	873.0031	5.0773	3
165.8	13.3328	872.3069	5.0913	3
165.9	13.3299	871.43	5.0938	3
166	13.3269	870.6429	5.0988	3
166.1	13.3236	869.9471	5.1001	3
166.2	13.3202	868.922	5.0847	3
166.3	13.3171	868.0652	5.0732	3
166.4	13.3142	867.3308	5.0749	3
166.5	13.3107	866.6585	5.0818	3
166.6	13.3065	865.9099	5.0818	3
166.7	13.3024	864.9401	5.0826	3
166.8	13.2984	864.1766	5.0943	3
166.9	13.2944	863.33	5.0882	3
167	13.2907	862.4138	5.0703	3
167.1	13.2873	861.5817	5.0649	3
167.2	13.2839	860.6912	5.071	3
167.3	13.2804	859.8916	5.0751	3
167.4	13.277	859.0089	5.0845	3
167.5	13.2736	858.2225	5.0821	3
167.6	13.2702	857.3389	5.0835	3
167.7	13.2667	856.583	5.083	3
167.8	13.2629	855.8304	5.0872	3
167.9	13.2591	854.8954	5.0955	3
168	13.2557	854.0625	5.1004	3
168.1	13.2522	853.2469	5.0962	3
168.2	13.2485	852.3889	5.0812	3
168.3	13.2449	851.6355	5.08	3
168.4	13.2414	850.8525	5.0852	3
168.5	13.2379	850.0545	5.0973	3
168.6	13.2342	849.1302	5.0983	3
168.7	13.2302	848.3212	5.0936	3
168.8	13.226	847.5795	5.0999	3
168.9	13.2216	846.8219	5.1126	3
169	13.2169	845.9947	5.1206	3
169.1	13.2122	845.0337	5.114	3
169.2	13.2076	844.3344	5.1115	3
169.3	13.2027	843.5958	5.1133	3
169.4	13.1974	842.8578	5.1154	3
169.5	13.1917	842.0676	5.111	3
169.6	13.1858	841.204	5.0989	3
169.7	13.1801	840.2792	5.0907	3
169.8	13.1748	839.4418	5.0858	3
169.9	13.1695	838.5935	5.0817	3
170	13.1643	837.7958	5.0834	3
170.1	13.159	837.008	5.0804	3
170.2	13.1532	836.1876	5.0894	3
170.3	13.1475	835.3624	5.095	3
170.4	13.1418	834.5948	5.0891	3
170.5	13.1359	833.7113	5.0887	3
170.6	13.1299	832.9401	5.0839	3
170.7	13.124	832.0549	5.0828	3
170.8	13.1182	831.217	5.0877	3
170.9	13.1123	830.5116	5.0752	3
171	13.1059	829.6628	5.0598	3
171.1	13.0996	828.8145	5.0706	3
171.2	13.0936	827.8614	5.0779	3
171.3	13.0877	827.0437	5.0689	3
171.4	13.0819	826.2454	5.0689	3
171.5	13.0761	825.3268	5.0751	3
171.6	13.0706	824.4716	5.0751	3
171.7	13.0649	823.7188	5.0789	3
171.8	13.0591	822.9312	5.0949	3
171.9	13.0533	822.0502	5.0834	3
172	13.0473	821.2024	5.0645	3
172.1	13.0416	820.3654	5.0714	3
172.2	13.036	819.5268	5.0823	3
172.3	13.0302	818.7287	5.0804	3
172.4	13.0241	817.8976	5.0742	3
172.5	13.0182	817.0481	5.0721	3
172.6	13.0121	816.2747	5.0614	3
172.7	13.006	815.3954	5.0604	3
172.8	13	814.5359	5.0729	3
172.9	12.9942	813.7439	5.0744	3
173	12.9884	812.8898	5.0671	3
173.1	12.9825	812.1082	5.0615	3
173.2	12.9767	811.2273	5.0646	3
173.3	12.9707	810.435	5.0672	3
173.4	12.9644	809.6106	5.0766	3
173.5	12.9584	808.7711	5.0849	3
173.6	12.9522	807.956	5.0712	3
173.7	12.9465	806.9775	5.0612	3
173.8	12.9412	806.1518	5.0691	3
173.9	12.9355	805.3635	5.0716	3
174	12.9294	804.5218	5.0725	3
174.1	12.9233	803.7888	5.0697	3
174.2	12.9175	802.8811	5.0709	3
174.3	12.912	802.0058	5.0853	3
174.4	12.9064	801.1632	5.0791	3
174.5	12.901	800.2484	5.081	3
174.6	12.8955	799.4777	5.0771	3
174.7	12.8896	798.8113	5.0788	3
174.8	12.8833	798.0381	5.0986	3
174.9	12.877	797.1387	5.1077	3
175	12.8711	796.0996	5.0953	3
175.1	12.8658	795.1573	5.0852	3
175.2	12.8609	794.3338	5.0826	3
175.3	12.8558	793.5267	5.0844	3
175.4	12.8507	792.7469	5.0849	3
175.5	12.8457	791.8914	5.0853	3
175.6	12.8403	791.0887	5.074	3
175.7	12.835	790.2866	5.065	3
175.8	12.8297	789.3751	5.0654	3
175.9	12.8249	788.3786	5.0682	3
176	12.8213	787.1501	5.0647	3
176.1	12.8198	785.7642	5.0699	3
176.2	12.8214	784.3412	5.0902	3
176.3	12.8243	783.5984	5.1108	3
176.4	12.8236	784.0041	5.1032	3
176.5	12.8167	784.6329	5.0854	3
176.6	12.8039	784.8504	5.0934	3
176.7	12.791	783.2614	5.0972	3
176.8	12.7814	781.9365	5.0913	3
176.9	12.7728	780.9071	5.0825	3
177	12.7657	779.5946	5.0771	3
177.1	12.7612	778.191	5.0809	3
177.2	12.7573	777.5066	5.0886	3
177.3	12.7529	776.7323	5.0902	3
177.4	12.7482	775.9547	5.0836	3
177.5	12.7437	775.1152	5.0806	3
177.6	12.7389	774.3014	5.0817	3
177.7	12.7339	773.464	5.0715	3
177.8	12.729	772.6181	5.0586	3
177.9	12.7246	771.7296	5.0691	3
178	12.7204	770.7672	5.0744	3
178.1	12.7161	770.0208	5.0809	3
178.2	12.7116	769.3281	5.0826	3
178.3	12.7072	768.4073	5.0918	3
178.4	12.7032	767.4945	5.0933	3
178.5	12.6991	766.5936	5.0926	3
178.6	12.6949	765.8743	5.088	3
178.7	12.6906	765.0665	5.0957	3
178.8	12.6864	764.2423	5.0865	3
178.9	12.6821	763.3916	5.0786	3
179	12.6777	762.5269	5.0732	3
179.1	12.6732	761.7675	5.0719	3
179.2	12.6686	760.9219	5.0723	3
179.3	12.6639	760.2463	5.0817	3
179.4	12.6587	759.3147	5.0747	3
179.5	12.6534	758.5188	5.0783	3
179.6	12.6486	757.6945	5.0757	3
179.7	12.6441	756.799	5.0557	3
179.8	12.6393	755.9981	5.0485	3
179.9	12.6344	755.1651	5.0438	3
180	12.6295	754.3404	5.0499	3
180.1	12.6244	753.5787	5.0594	3
180.2	12.6193	752.6874	5.0535	3
180.3	12.6146	751.8262	5.0584	3
180.4	12.6101	750.9227	5.0777	3
180.5	12.6054	750.1021	5.079	3
180.6	12.6007	749.3456	5.0736	3
180.7	12.5961	748.4196	5.0677	3
180.8	12.5911	747.651	5.0659	3
180.9	12.5861	746.908	5.0647	3
181	12.5812	745.9936	5.0804	3
181.1	12.576	745.2434	5.087	3
181.2	12.5709	744.4133	5.0841	3
181.3	12.5657	743.5288	5.0817	3
181.4	12.5611	742.6923	5.0884	3
181.5	12.5564	741.7672	5.1032	3
181.6	12.5517	740.9962	5.1104	3
181.7	12.5468	740.0955	5.1063	3
181.8	12.542	739.3313	5.1198	3
181.9	12.5371	738.5205	5.1343	3
182	12.5321	737.7393	5.1212	3
182.1	12.527	736.8275	5.1033	3
182.2	12.5219	736.0253	5.0958	3
182.3	12.5166	735.2533	5.0904	3
182.4	12.511	734.4463	5.0911	3
182.5	12.5054	733.8185	5.0855	3
182.6	12.4993	732.9884	5.0819	3
182.7	12.4928	732.1695	5.0873	3
182.8	12.4866	731.289	5.0936	3
182.9	12.4805	730.379	5.0903	3
183	12.4745	729.5003	5.0865	3
183.1	12.4689	728.5867	5.09	3
183.2	12.4636	727.7458	5.0846	3
183.3	12.4581	726.9768	5.085	3
183.4	12.4527	726.0456	5.0835	3
183.5	12.4473	725.2943	5.0899	3
183.6	12.4415	724.543	5.0887	3
183.7	12.4358	723.7262	5.0876	3
183.8	12.4303	722.7981	5.0911	3
183.9	12.4248	721.9369	5.0903	3
184	12.4195	721.1338	5.0845	3
184.1	12.414	720.2781	5.0897	3
184.2	12.4084	719.4401	5.1011	3
184.3	12.403	718.6572	5.0943	3
184.4	12.3974	717.881	5.085	3
184.5	12.3914	717.0027	5.0867	3
184.6	12.3855	716.1998	5.086	3
184.7	12.3798	715.2751	5.0954	3
184.8	12.3744	714.3886	5.1004	3
184.9	12.3691	713.556	5.0916	3
185	12.3636	712.8381	5.1009	3
185.1	12.3581	712.0045	5.1011	3
185.2	12.3528	711.0987	5.1018	3
185.3	12.3474	710.2761	5.1111	3
185.4	12.342	709.4585	5.1147	3
185.5	12.3365	708.5944	5.1001	3
185.6	12.331	707.7636	5.092	3
185.7	12.3255	706.9907	5.0894	3
185.8	12.3199	706.1525	5.0986	3
185.9	12.3144	705.292	5.108	3
186	12.3089	704.4589	5.0991	3
186.1	12.3032	703.6396	5.1011	3
186.2	12.2976	702.7832	5.099	3
186.3	12.2922	702.0219	5.0995	3
186.4	12.2866	701.2438	5.0919	3
186.5	12.2808	700.3341	5.0919	3
186.6	12.2749	699.5478	5.1009	3
186.7	12.2691	698.6769	5.1118	3
186.8	12.2631	697.8759	5.1145	3
186.9	12.2573	697.0933	5.1105	3
187	12.2515	696.1945	5.1178	3
187.1	12.2455	695.375	5.106	3
187.2	12.2397	694.5549	5.101	3
187.3	12.2338	693.6602	5.1058	3
187.4	12.2282	692.816	5.1098	3
187.5	12.2228	692.0375	5.1093	3
187.6	12.2171	691.1903	5.112	3
187.7	12.2113	690.3799	5.1115	3
187.8	12.2055	689.4426	5.0968	3
187.9	12.1997	688.7348	5.0912	3
188	12.194	687.8568	5.1009	3
188.1	12.1882	687.0093	5.1174	3
188.2	12.1825	686.2466	5.1147	3
188.3	12.1764	685.3365	5.1113	3
188.4	12.1704	684.5912	5.1104	3
188.5	12.1643	683.7143	5.098	3
188.6	12.1581	682.912	5.098	3
188.7	12.1519	682.1658	5.1082	3
188.8	12.1454	681.4009	5.1079	3
188.9	12.139	680.4969	5.1102	3
189	12.1328	679.5899	5.0961	3
189.1	12.1268	678.7166	5.0884	3
189.2	12.1209	677.8348	5.1019	3
189.3	12.1149	677.0568	5.1008	3
189.4	12.1091	676.2181	5.082	3
189.5	12.1035	675.3081	5.0932	3
189.6	12.0977	674.5396	5.0994	3
189.7	12.0917	673.7199	5.0983	3
189.8	12.0858	672.8661	5.1084	3
189.9	12.0798	672.151	5.1102	3
190	12.0735	671.2431	5.1149	3
190.1	12.0673	670.4223	5.1134	3
190.2	12.0615	669.59	5.1209	3
190.3	12.0554	668.7879	5.1131	3
190.4	12.0491	667.9023	5.1096	3
190.5	12.043	667.0649	5.1231	3
190.6	12.037	666.1583	5.1224	3
190.7	12.0312	665.3645	5.1329	3
190.8	12.0248	664.6883	5.1313	3
190.9	12.0182	663.889	5.1199	3
191	12.0117	662.9706	5.1089	3
191.1	12.0053	662.2277	5.1115	3
191.2	11.9991	661.3294	5.1289	3
191.3	11.9927	660.4516	5.1155	3
191.4	11.9864	659.6451	5.1126	3
191.5	11.9803	658.7612	5.1118	3
191.6	11.9738	658.009	5.1074	3
191.7	11.9672	657.1283	5.0925	3
191.8	11.9608	656.3157	5.1025	3
191.9	11.9545	655.4473	5.1153	3
192	11.9481	654.5759	5.1003	3
192.1	11.9418	653.761	5.0965	3
192.2	11.9357	652.988	5.0981	3
192.3	11.9294	652.0948	5.0892	3
192.4	11.9231	651.2945	5.096	3
192.5	11.9171	650.4221	5.1025	3
192.6	11.9112	649.5064	5.0859	3
192.7	11.9055	648.6273	5.0781	3
192.8	11.8997	647.7714	5.0848	3
192.9	11.8941	646.9611	5.0999	3
193	11.8885	646.1398	5.1072	3
193.1	11.8828	645.3332	5.1001	3
193.2	11.877	644.5169	5.0964	3
193.3	11.8711	643.6143	5.0973	3
193.4	11.8653	642.8533	5.1003	3
193.5	11.8597	642.0229	5.0914	3
193.6	11.854	641.2537	5.0931	3
193.7	11.848	640.4035	5.1077	3
193.8	11.8417	639.5822	5.1098	3
193.9	11.8354	638.7527	5.1141	3
194	11.8291	637.9499	5.1257	3
194.1	11.8229	637.1923	5.1352	3
194.2	11.8165	636.3129	5.1373	3
194.3	11.8097	635.5208	5.1356	3
194.4	11.8031	634.7093	5.1334	3
194.5	11.7964	633.868	5.117	3
194.6	11.79	633.0241	5.1255	3
194.7	11.7837	632.0951	5.1304	3
194.8	11.7777	631.1794	5.1073	3
194.9	11.7718	630.3704	5.0992	3
195	11.7658	629.5469	5.1076	3
195.1	11.7597	628.7429	5.105	3
195.2	11.7535	627.9329	5.1079	3
195.3	11.7469	627.2462	5.1216	3
195.4	11.7402	626.3721	5.1316	3
195.5	11.7332	625.5668	5.1377	3
195.6	11.7264	624.7647	5.1324	3
195.7	11.7196	623.8829	5.127	3
195.8	11.7129	623.061	5.1235	3
195.9	11.7062	622.1217	5.1197	3
196	11.6993	621.3599	5.1217	3
196.1	11.6928	620.5504	5.1164	3
196.2	11.6861	619.7303	5.1068	3
196.3	11.6795	618.8505	5.1026	3
196.4	11.6731	617.9948	5.0998	3
196.5	11.6666	617.1571	5.1011	3
196.6	11.6603	616.2543	5.099	3
196.7	11.6543	615.3461	5.0964	3
196.8	11.6482	614.5522	5.108	3
196.9	11.6422	613.7253	5.1075	3
197	11.6361	612.9371	5.099	3
197.1	11.6299	612.1482	5.0987	3
197.2	11.6237	611.2866	5.1003	3
197.3	11.6174	610.403	5.1025	3
197.4	11.6115	609.4741	5.0931	3
197.5	11.6065	608.2447	5.0867	3
197.6	11.6031	607.2717	5.0897	3
197.7	11.6004	606.2745	5.1023	3
197.8	11.5969	605.7804	5.1149	3
197.9	11.5916	605.4834	5.108	3
198	11.5838	605.1249	5.1101	3
198.1	11.5744	604.6505	5.1049	3
198.2	11.5643	603.8679	5.1093	3
198.3	11.5538	603.0271	5.1022	3
198.4	11.5439	602.0532	5.1016	3
198.5	11.5345	601.0389	5.1045	3
198.6	11.5259	600.1021	5.0928	3
198.7	11.5177	599.0621	5.0841	3
198.8	11.5103	598.1058	5.0868	3
198.9	11.5037	597.1491	5.0783	3
199	11.4972	596.3262	5.0837	3
199.1	11.4908	595.4956	5.1004	3
199.2	11.4843	594.5592	5.099	3
199.3	11.4781	593.7224	5.0906	3
199.4	11.4722	592.8677	5.0768	3
199.5	11.466	592.0357	5.0641	3
199.6	11.4598	591.2894	5.072	3
199.7	11.4539	590.3801	5.0865	3
199.8	11.4477	589.5995	5.0785	3
199.9	11.4413	588.8951	5.0865	3
200	11.4346	587.9801	5.0905	3
200.1	11.4281	587.1364	5.0805	3
200.2	11.4217	586.2723	5.0742	3
200.3	11.4155	585.3811	5.0762	3
200.4	11.4099	584.4581	5.0826	3
200.5	11.4044	583.5575	5.0833	3
200.6	11.3993	582.6278	5.0757	3
200.7	11.3942	581.8651	5.0726	3
200.8	11.3889	581.065	5.0804	3
200.9	11.3833	580.3639	5.0907	3
201	11.3775	579.5183	5.0918	3
201.1	11.3716	578.6903	5.0918	3
201.2	11.3656	577.8432	5.1126	3
201.3	11.3596	577.0086	5.103	3
201.4	11.354	576.1971	5.0889	3
201.5	11.3484	575.3305	5.0937	3
201.6	11.3427	574.492	5.1026	3
201.7	11.3367	573.6974	5.1007	3
201.8	11.3307	572.9205	5.0929	3
201.9	11.3246	572.0258	5.0999	3
202	11.3185	571.1991	5.0953	3
202.1	11.3125	570.4332	5.0841	3
202.2	11.3064	569.6179	5.0863	3
202.3	11.3001	568.7127	5.0923	3
202.4	11.294	567.8756	5.0957	3
202.5	11.2881	567.0171	5.0965	3
202.6	11.282	566.2713	5.1099	3
202.7	11.2758	565.4437	5.1152	3
202.8	11.2695	564.6232	5.0933	3
202.9	11.2632	563.8324	5.0784	3
203	11.2568	563.0342	5.0779	3
203.1	11.25	562.2928	5.0827	3
203.2	11.2427	561.556	5.1029	3
203.3	11.2352	560.7144	5.1144	3
203.4	11.2278	559.7926	5.1108	3
203.5	11.2211	558.6852	5.1038	3
203.6	11.2166	557.271	5.093	3
203.7	11.2135	556.4337	5.0858	3
203.8	11.2092	556.003	5.0817	3
203.9	11.2031	555.4053	5.0886	3
204	11.1969	554.5884	5.0829	3
204.1	11.1906	553.8413	5.0849	3
204.2	11.1839	553.1695	5.0906	3
204.3	11.1766	552.3092	5.0893	3
204.4	11.1693	551.5055	5.0925	3
204.5	11.162	550.7055	5.0761	3
204.6	11.1547	549.8211	5.0731	3
204.7	11.1475	548.9379	5.0832	3
204.8	11.1402	548.13	5.078	3
204.9	11.1329	547.3522	5.0796	3
205	11.1255	546.5127	5.0841	3
205.1	11.1183	545.6414	5.0737	3
205.2	11.1114	544.7706	5.0725	3
205.3	11.1043	543.9292	5.0751	3
205.4	11.0973	543.1079	5.0703	3
205.5	11.0903	542.2379	5.0748	3
205.6	11.0835	541.4225	5.0912	3
205.7	11.0763	540.6896	5.0883	3
205.8	11.0687	539.8306	5.0777	3
205.9	11.0614	538.9265	5.082	3
206	11.0545	538.0802	5.0972	3
206.1	11.0475	537.2955	5.1011	3
206.2	11.0406	536.461	5.0926	3
206.3	11.0336	535.5877	5.0876	3
206.4	11.0266	534.7572	5.0866	3
206.5	11.0195	533.9055	5.0888	3
206.6	11.0125	533.0782	5.0831	3
206.7	11.0055	532.3294	5.0766	3
206.8	10.9981	531.5242	5.0771	3
206.9	10.9906	530.6434	5.0789	3
207	10.9834	529.7975	5.0896	3
207.1	10.9765	528.9163	5.0972	3
207.2	10.9695	528.1073	5.0891	3
207.3	10.9623	527.2659	5.0807	3
207.4	10.9552	526.4689	5.0804	3
207.5	10.9478	525.647	5.0849	3
207.6	10.9404	524.8304	5.0866	3
207.7	10.9331	523.919	5.1064	3
207.8	10.9263	522.9627	5.11	3
207.9	10.9201	522.0976	5.098	3
208	10.9137	521.3921	5.0974	3
208.1	10.9067	520.6343	5.0908	3
208.2	10.8994	519.7803	5.088	3
208.3	10.8924	518.9047	5.0892	3
208.4	10.8855	518.094	5.0985	3
208.5	10.8783	517.3401	5.0945	3
208.6	10.8712	516.4864	5.0912	3
208.7	10.864	515.5894	5.0855	3
208.8	10.8571	514.7432	5.0974	3
208.9	10.8502	513.8415	5.0984	3
209	10.8433	513.046	5.0848	3
209.1	10.8363	512.2786	5.0728	3
209.2	10.829	511.5636	5.0845	3
209.3	10.8216	510.7035	5.094	3
209.4	10.8144	509.7557	5.1124	3
209.5	10.8073	508.9266	5.1251	3
209.6	10.8002	508.0833	5.1211	3
209.7	10.7933	507.1221	5.1062	3
209.8	10.787	506.2961	5.0979	3
209.9	10.7806	505.4731	5.1006	3
210	10.7742	504.6101	5.1017	3
210.1	10.768	503.6581	5.1048	3
210.2	10.7619	502.853	5.1037	3
210.3	10.7559	502.0135	5.1003	3
210.4	10.7498	501.2025	5.1042	3
210.5	10.7442	500.2748	5.1117	3
210.6	10.7392	499.312	5.1168	3
210.7	10.7341	498.469	5.1013	3
210.8	10.729	497.7189	5.107	3
210.9	10.7236	496.8847	5.1089	3
211	10.718	496.1439	5.1135	3
211.1	10.7126	495.2347	5.1107	3
211.2	10.7073	494.413	5.1021	3
211.3	10.7018	493.5808	5.1018	3
211.4	10.6958	492.8604	5.0997	3
211.5	10.6897	492.0599	5.0934	3
211.6	10.6838	491.1678	5.0918	3
211.7	10.678	490.3705	5.0904	3
211.8	10.6719	489.6137	5.083	3
211.9	10.6657	488.6877	5.1056	3
212	10.6597	487.953	5.1259	3
212.1	10.6535	487.0743	5.1146	3
212.2	10.6471	486.2824	5.1116	3
212.3	10.6408	485.4818	5.1198	3
212.4	10.634	484.7064	5.1269	3
212.5	10.6273	483.9052	5.1252	3
212.6	10.6203	483.0688	5.1183	3
212.7	10.6134	482.277	5.1199	3
212.8	10.6065	481.4288	5.0975	3
212.9	10.5997	480.491	5.0829	3
213	10.5932	479.7509	5.0875	3
213.1	10.5865	478.8264	5.0944	3
213.2	10.5797	478.0412	5.0988	3
213.3	10.5732	477.1483	5.1011	3
213.4	10.5663	476.3216	5.1098	3
213.5	10.5595	475.6445	5.1036	3
213.6	10.5525	474.7645	5.0868	3
213.7	10.5454	473.9644	5.0895	3
213.8	10.5385	473.0583	5.0958	3
213.9	10.5317	472.1826	5.1003	3
214	10.5249	471.4338	5.1026	3
214.1	10.5181	470.5698	5.0972	3
214.2	10.5112	469.7075	5.1101	3
214.3	10.5042	468.9606	5.1089	3
214.4	10.4973	468.0208	5.0949	3
214.5	10.4904	467.2656	5.1002	3
214.6	10.4832	466.4513	5.1062	3
214.7	10.4761	465.5912	5.1173	3
214.8	10.469	464.7857	5.1047	3
214.9	10.4619	463.9547	5.1091	3
215	10.4546	463.0777	5.1158	3
215.1	10.4476	462.1918	5.097	3
215.2	10.4415	461.1331	5.0894	3
215.3	10.436	460.2082	5.1029	3
215.4	10.4308	459.452	5.0968	3
215.5	10.4256	458.4142	5.088	3
215.6	10.4203	457.7004	5.0933	3
215.7	10.415	456.9894	5.1011	3
215.8	10.4094	456.0558	5.0922	3
215.9	10.4039	455.3134	5.073	3
216	10.3983	454.373	5.073	3
216.1	10.3926	453.626	5.0721	3
216.2	10.387	452.8597	5.0774	3
216.3	10.3809	451.9553	5.0761	3
216.4	10.3746	451.4634	5.0801	3
216.5	10.3682	450.5022	5.0967	3
216.6	10.3613	449.7184	5.0973	3
216.7	10.3549	448.9473	5.0978	3
216.8	10.348	447.9499	5.1011	3
216.9	10.341	447.3132	5.0977	3
217	10.3344	446.2371	5.1002	3
217.1	10.3278	445.4307	5.1	3
217.2	10.3219	444.692	5.0994	3
217.3	10.3152	443.7459	5.0983	3
217.4	10.3083	443.1576	5.0964	3
217.5	10.3016	442.1676	5.0946	3
217.6	10.2944	441.4291	5.0912	3
217.7	10.2875	440.663	5.0868	3
217.8	10.2802	439.6956	5.0884	3
217.9	10.2732	438.9985	5.091	3
218	10.2666	437.9902	5.0856	3
218.1	10.2593	437.3107	5.0716	3
218.2	10.2521	436.4065	5.0525	3
218.3	10.2452	435.5334	5.0388	3
218.4	10.2386	434.7698	5.0584	3
218.5	10.2314	433.9464	5.0809	3
218.6	10.2241	433.2197	5.0921	3
218.7	10.2169	432.2824	5.103	3
218.8	10.2099	431.4381	5.0949	3
218.9	10.2026	430.7032	5.0877	3
219	10.195	429.853	5.0816	3
219.1	10.1879	428.95	5.0839	3
219.2	10.181	428.0048	5.0769	3
219.3	10.1743	427.1678	5.0797	3
219.4	10.1677	426.2639	5.0828	3
219.5	10.1615	425.3849	5.0762	3
219.6	10.1552	424.631	5.0821	3
219.7	10.1484	423.9269	5.0908	3
219.8	10.1415	423.1586	5.0854	3
219.9	10.1341	422.3547	5.082	3
220	10.1268	421.5042	5.0779	3
220.1	10.1192	420.6701	5.0916	3
220.2	10.1116	419.8796	5.0879	3
220.3	10.1041	419.0754	5.0679	3
220.4	10.0962	418.3159	5.084	3
220.5	10.0879	417.5592	5.097	3
220.6	10.0799	416.6158	5.0822	3
220.7	10.0716	415.8274	5.0673	3
220.8	10.0633	415.1046	5.083	3
220.9	10.0549	414.1744	5.0848	3
221	10.0471	413.3111	5.0784	3
221.1	10.0394	412.3141	5.0745	3
221.2	10.0317	411.5846	5.075	3
221.3	10.024	410.7423	5.0878	3
221.4	10.016	409.9073	5.0936	3
221.5	10.008	409.1256	5.0934	3
221.6	10	408.2659	5.0843	3
221.7	9.9923	407.4211	5.0754	3
221.8	9.9849	406.5061	5.0843	3
221.9	9.9776	405.6258	5.0852	3
222	9.9702	404.8253	5.0814	3
222.1	9.9628	403.9911	5.0627	3
222.2	9.9555	403.1191	5.0663	3
222.3	9.9481	402.2831	5.0738	3
222.4	9.9405	401.4816	5.0775	3
222.5	9.933	400.6367	5.0891	3
222.6	9.9258	399.8434	5.089	3
222.7	9.9182	399.0277	5.0862	3
222.8	9.9104	398.3019	5.0972	3
222.9	9.9025	397.4447	5.1133	3
223	9.8946	396.5574	5.1169	3
223.1	9.8869	395.7398	5.1203	3
223.2	9.8792	394.8727	5.112	3
223.3	9.8715	394.0724	5.0965	3
223.4	9.8636	393.2243	5.1018	3
223.5	9.8559	392.396	5.0998	3
223.6	9.8482	391.5735	5.0904	3
223.7	9.8407	390.6552	5.0875	3
223.8	9.8331	389.8027	5.0835	3
223.9	9.8256	389.041	5.0776	3
224	9.818	388.1496	5.0847	3
224.1	9.8107	387.3036	5.0903	3
224.2	9.8036	386.4219	5.0907	3
224.3	9.7964	385.5365	5.1023	3
224.4	9.7893	384.7561	5.114	3
224.5	9.7824	383.8787	5.1263	3
224.6	9.7754	383.0524	5.1173	3
224.7	9.7684	382.2649	5.114	3
224.8	9.7612	381.4706	5.1046	3
224.9	9.7542	380.5825	5.0943	3
225	9.7469	379.8307	5.0997	3
225.1	9.7394	379.0293	5.1131	3
225.2	9.7317	378.2532	5.1221	3
225.3	9.724	377.413	5.1212	3
225.4	9.7164	376.4784	5.1169	3
225.5	9.7089	375.672	5.1161	3
225.6	9.7012	374.9013	5.1141	3
225.7	9.6932	374.112	5.1156	3
225.8	9.6853	373.2253	5.1178	3
225.9	9.6775	372.4036	5.1282	3
226	9.6697	371.6114	5.1385	3
226.1	9.6617	370.7775	5.154	3
226.2	9.6537	369.9712	5.1546	3
226.3	9.6453	369.2164	5.1393	3
226.4	9.6368	368.3666	5.1251	3
226.5	9.6283	367.5369	5.1068	3
226.6	9.6198	366.7746	5.1041	3
226.7	9.6115	365.9058	5.1103	3
226.8	9.6031	365.0259	5.1181	3
226.9	9.5948	364.2245	5.1124	3
227	9.5862	363.3192	5.1118	3
227.1	9.5778	362.5363	5.1177	3
227.2	9.5694	361.7906	5.1215	3
227.3	9.5606	360.8931	5.1266	3
227.4	9.5519	360.1178	5.1248	3
227.5	9.5433	359.2428	5.1227	3
227.6	9.5346	358.4729	5.1214	3
227.7	9.526	357.6239	5.1184	3
227.8	9.5171	356.7396	5.1213	3
227.9	9.5085	355.901	5.1107	3
228	9.4999	355.0566	5.0902	3
228.1	9.4915	354.2105	5.0925	3
228.2	9.4829	353.3955	5.0946	3
228.3	9.4741	352.6111	5.0909	3
228.4	9.4654	351.7017	5.0885	3
228.5	9.4569	350.893	5.0954	3
228.6	9.4485	349.9837	5.097	3
228.7	9.4403	349.0225	5.09	3
228.8	9.4328	348.1337	5.0948	3
228.9	9.4253	347.2945	5.1004	3
229	9.4176	346.5769	5.1042	3
229.1	9.41	345.6983	5.1045	3
229.2	9.4022	344.9368	5.0901	3
229.3	9.3942	344.1131	5.0917	3
229.4	9.3864	343.2266	5.1049	3
229.5	9.3786	342.4591	5.105	3
229.6	9.3709	341.5129	5.0896	3
229.7	9.3631	340.7621	5.0765	3
229.8	9.3552	339.9449	5.0857	3
229.9	9.3469	339.0956	5.0824	3
230	9.3387	338.3579	5.0799	3
230.1	9.3302	337.5387	5.0871	3
230.2	9.3216	336.7304	5.088	3
230.3	9.3131	335.8869	5.0833	3
230.4	9.3047	334.9578	5.0976	3
230.5	9.2964	334.1948	5.096	3
230.6	9.2881	333.3392	5.0939	3
230.7	9.2798	332.4747	5.0884	3
230.8	9.2717	331.6296	5.0943	3
230.9	9.2639	330.6925	5.1048	3
231	9.2563	329.9175	5.1137	3
231.1	9.2485	329.0713	5.0962	3
231.2	9.2408	328.2231	5.074	3
231.3	9.233	327.4123	5.083	3
231.4	9.2252	326.5999	5.0927	3
231.5	9.2172	325.7465	5.0937	3
231.6	9.2095	324.8736	5.107	3
231.7	9.2021	323.9569	5.1069	3
231.8	9.1946	323.1502	5.1138	3
231.9	9.1873	322.3687	5.1268	3
232	9.1797	321.618	5.1229	3
232.1	9.1715	320.7948	5.1196	3
232.2	9.1633	319.9632	5.1134	3
232.3	9.1553	319.1548	5.105	3
232.4	9.1472	318.3316	5.1182	3
232.5	9.1388	317.5143	5.1278	3
232.6	9.1305	316.6825	5.1255	3
232.7	9.1219	315.8303	5.1288	3
232.8	9.1136	315.0348	5.1367	3
232.9	9.1052	314.1661	5.1432	3
233	9.0969	313.3141	5.138	3
233.1	9.0888	312.4377	5.1403	3
233.2	9.0809	311.6296	5.1329	3
233.3	9.0729	310.8272	5.1137	3
233.4	9.0648	309.9954	5.1161	3
233.5	9.0565	309.172	5.1215	3
233.6	9.0481	308.3878	5.1288	3
233.7	9.0397	307.5337	5.1189	3
233.8	9.0314	306.6441	5.1067	3
233.9	9.023	305.8065	5.122	3
234	9.0149	304.956	5.1377	3
234.1	9.0067	304.0855	5.126	3
234.2	8.9988	303.2814	5.1307	3
234.3	8.9907	302.4997	5.1337	3
234.4	8.9821	301.746	5.128	3
234.5	8.9738	300.8639	5.1202	3
234.6	8.9654	299.9828	5.1144	3
234.7	8.957	299.1813	5.1185	3
234.8	8.9486	298.3603	5.1131	3
234.9	8.9399	297.5343	5.1221	3
235	8.9314	296.7174	5.1385	3
235.1	8.9229	295.8343	5.1366	3
235.2	8.9145	295.0041	5.1231	3
235.3	8.9063	294.1341	5.1124	3
235.4	8.8981	293.3417	5.1185	3
235.5	8.8897	292.5323	5.1173	3
235.6	8.8812	291.5873	5.1169	3
235.7	8.8727	290.8563	5.1266	3
235.8	8.8645	289.9885	5.1244	3
235.9	8.8562	289.1427	5.1281	3
236	8.8479	288.3431	5.1242	3
236.1	8.8393	287.5785	5.1298	3
236.2	8.8308	286.6748	5.1334	3
236.3	8.8225	285.8345	5.1322	3
236.4	8.8142	284.9958	5.1306	3
236.5	8.8059	284.1586	5.125	3
236.6	8.7975	283.3267	5.1202	3
236.7	8.7893	282.4514	5.1199	3
236.8	8.7814	281.5921	5.1156	3
236.9	8.7731	280.8129	5.116	3
237	8.765	279.9429	5.1217	3
237.1	8.757	279.136	5.1118	3
237.2	8.7494	278.2173	5.0958	3
237.3	8.7416	277.376	5.0971	3
237.4	8.7335	276.677	5.1125	3
237.5	8.7252	275.7729	5.1228	3
237.6	8.717	275.0007	5.1266	3
237.7	8.7087	274.2532	5.1309	3
237.8	8.6999	273.3894	5.1301	3
237.9	8.6913	272.5369	5.1307	3
238	8.6826	271.7624	5.1318	3
238.1	8.6736	270.9416	5.1239	3
238.2	8.6648	270.1036	5.1179	3
238.3	8.656	269.2912	5.1053	3
238.4	8.647	268.4436	5.1068	3
238.5	8.6379	267.6646	5.1208	3
238.6	8.6289	266.7377	5.1238	3
238.7	8.6202	265.9394	5.1178	3
238.8	8.6114	265.1747	5.1135	3
238.9	8.6022	264.3558	5.1249	3
239	8.593	263.5068	5.1267	3
239.1	8.5838	262.6319	5.1164	3
239.2	8.575	261.8553	5.1084	3
239.3	8.5661	260.9491	5.1036	3
239.4	8.5572	260.122	5.0982	3
239.5	8.5481	259.3453	5.1161	3
239.6	8.5391	258.4893	5.1185	3
239.7	8.5302	257.5703	5.1025	3
239.8	8.5212	256.7893	5.1054	3
239.9	8.5119	256.0125	5.1148	3
240	8.5027	255.1947	5.101	3
240.1	8.4935	254.3176	5.1011	3
240.2	8.4844	253.4935	5.1094	3
240.3	8.4753	252.7135	5.102	3
240.4	8.4659	251.7862	5.0969	3
240.5	8.4566	251.0193	5.0973	3
240.6	8.4475	250.1484	5.1024	3
240.7	8.4387	249.3165	5.1072	3
240.8	8.4295	248.4932	5.1064	3
240.9	8.4201	247.6923	5.099	3
241	8.4107	246.8573	5.0852	3
241.1	8.4015	246.0117	5.081	3
241.2	8.3921	245.1859	5.0835	3
241.3	8.3826	244.4273	5.0799	3
241.4	8.373	243.5893	5.0743	3
241.5	8.3635	242.7202	5.079	3
241.6	8.3543	241.8672	5.0849	3
241.7	8.3448	241.0987	5.0956	3
241.8	8.3352	240.2645	5.0942	3
241.9	8.3254	239.418	5.0793	3
242	8.316	238.5528	5.0912	3
242.1	8.3064	237.6904	5.1145	3
242.2	8.2973	236.7801	5.1128	3
242.3	8.2883	235.9444	5.1126	3
242.4	8.2795	235.1346	5.1118	3
242.5	8.2702	234.4567	5.1138	3
242.6	8.2606	233.5844	5.1172	3
242.7	8.2512	232.5762	5.1123	3
242.8	8.2422	231.7752	5.1107	3
242.9	8.233	231.0528	5.0955	3
243	8.2234	230.2468	5.0889	3
243.1	8.2139	229.3696	5.097	3
243.2	8.2044	228.6214	5.0879	3
243.3	8.1948	227.7992	5.0782	3
243.4	8.185	226.9891	5.0906	3
243.5	8.1755	226.0589	5.0905	3
243.6	8.166	225.2261	5.0961	3
243.7	8.1563	224.4575	5.1103	3
243.8	8.1465	223.6444	5.1194	3
243.9	8.1366	222.7125	5.1198	3
244	8.1272	221.8937	5.1248	3
244.1	8.1177	221.1273	5.1259	3
244.2	8.1079	220.3125	5.117	3
244.3	8.098	219.3592	5.1152	3
244.4	8.0886	218.4992	5.1328	3
244.5	8.0792	217.7424	5.1469	3
244.6	8.0697	216.8718	5.1471	3
244.7	8.0602	215.9636	5.1385	3
244.8	8.051	215.1346	5.134	3
244.9	8.0417	214.3695	5.129	3
245	8.0326	213.4226	5.1164	3
245.1	8.0239	212.4945	5.1063	3
245.2	8.0155	211.6824	5.1182	3
245.3	8.0069	210.8581	5.1211	3
245.4	7.9981	210.1017	5.1355	3
245.5	7.9894	209.2251	5.1351	3
245.6	7.9806	208.3899	5.1218	3
245.7	7.9716	207.6494	5.1154	3
245.8	7.9623	206.9222	5.1419	3
245.9	7.9527	206.1288	5.141	3
246	7.9432	205.3049	5.1253	3
246.1	7.9333	204.4503	5.1223	3
246.2	7.9231	203.6692	5.1362	3
246.3	7.9131	202.7962	5.1355	3
246.4	7.9031	202.0568	5.1362	3
246.5	7.8932	201.1248	5.1364	3
246.6	7.8833	200.2356	5.1172	3
246.7	7.8736	199.441	5.1159	3
246.8	7.8638	198.6532	5.1254	3
246.9	7.8532	197.9163	5.1269	3
247	7.843	197.0573	5.1258	3
247.1	7.833	196.1768	5.124	3
247.2	7.8231	195.2855	5.127	3
247.3	7.8135	194.3615	5.1208	3
247.4	7.8038	193.593	5.1122	3
247.5	7.794	192.8532	5.1156	3
247.6	7.7838	191.973	5.112	3
247.7	7.7741	191.0683	5.1115	3
247.8	7.765	190.0897	5.117	3
247.9	7.7558	189.2966	5.1201	3
248	7.7466	188.492	5.1072	3
248.1	7.737	187.6999	5.1101	3
248.2	7.7277	186.7801	5.1149	3
248.3	7.7188	185.9245	5.108	3
248.4	7.7097	185.1777	5.1131	3
248.5	7.7003	184.264	5.1054	3
248.6	7.6914	183.4245	5.0986	3
248.7	7.6827	182.61	5.1047	3
248.8	7.6735	181.8225	5.1075	3
248.9	7.6643	180.9343	5.1021	3
249	7.6552	180.1	5.0976	3
249.1	7.6461	179.3393	5.1009	3
249.2	7.6369	178.5853	5.1047	3
249.3	7.6272	177.7356	5.1047	3
249.4	7.6177	176.8698	5.1114	3
249.5	7.6082	176.0342	5.12	3
249.6	7.5985	175.2595	5.1123	3
249.7	7.5886	174.4141	5.0957	3
249.8	7.5787	173.6776	5.0993	3
249.9	7.569	172.753	5.1105	3
250	7.5593	171.8894	5.12	3
250.1	7.5498	171.0658	5.12	3
250.2	7.5404	170.203	5.115	3
250.3	7.5309	169.4485	5.1291	3
250.4	7.5211	168.6354	5.1393	3
250.5	7.5112	167.7585	5.1296	3
250.6	7.5017	166.8395	5.1265	3
250.7	7.4922	166.02	5.1148	3
250.8	7.4824	165.2897	5.1138	3
250.9	7.4726	164.4912	5.1225	3
251	7.4629	163.5686	5.1111	3
251.1	7.453	162.792	5.1134	3
251.2	7.4431	162.0067	5.1282	3
251.3	7.4332	161.176	5.138	3
251.4	7.4228	160.2824	5.131	3
251.5	7.4128	159.4615	5.1225	3
251.6	7.403	158.6394	5.129	3
251.7	7.3935	157.7596	5.1373	3
251.8	7.384	156.8849	5.1197	3
251.9	7.3741	156.1329	5.1185	3
252	7.3642	155.2982	5.135	3
252.1	7.3542	154.4359	5.1248	3
252.2	7.3444	153.6243	5.1156	3
252.3	7.3344	152.8228	5.1258	3
252.4	7.3242	152.0334	5.1316	3
252.5	7.314	151.2158	5.116	3
252.6	7.3036	150.4578	5.1123	3
252.7	7.293	149.6749	5.108	3
252.8	7.2819	148.8388	5.1011	3
252.9	7.2713	147.9517	5.1008	3
253	7.2608	147.0228	5.1016	3
253.1	7.2505	146.186	5.1164	3
253.2	7.2403	145.4373	5.1187	3
253.3	7.2298	144.6144	5.1048	3
253.4	7.2193	143.7652	5.0945	3
253.5	7.2088	142.9125	5.0915	3
253.6	7.1982	142.0591	5.1002	3
253.7	7.1876	141.2929	5.1127	3
253.8	7.1765	140.4883	5.115	3
253.9	7.1652	139.6835	5.1131	3
254	7.1542	138.8667	5.1116	3
254.1	7.1436	137.9727	5.1036	3
254.2	7.1329	137.1217	5.1174	3
254.3	7.1222	136.2683	5.119	3
254.4	7.1115	135.4928	5.1015	3
254.5	7.1005	134.658	5.0942	3
254.6	7.0896	133.8426	5.1036	3
254.7	7.0784	133.0578	5.1116	3
254.8	7.0672	132.1873	5.108	3
254.9	7.0564	131.3061	5.1025	3
255	7.0456	130.513	5.1018	3
255.1	7.0346	129.7146	5.0939	3
255.2	7.0237	128.8019	5.0967	3
255.3	7.0127	127.9569	5.1073	3
255.4	7.0019	127.1562	5.1073	3
255.5	6.991	126.2845	5.0979	3
255.6	6.9803	125.4472	5.0937	3
255.7	6.9695	124.6992	5.0998	3
255.8	6.9582	123.8628	5.1036	3
255.9	6.9471	123.0511	5.1093	3
256	6.9361	122.1554	5.1047	3
256.1	6.9248	121.3926	5.1055	3
256.2	6.9136	120.6144	5.1004	3
256.3	6.902	119.7293	5.1007	3
256.4	6.8905	118.9418	5.1053	3
256.5	6.879	118.1094	5.1021	3
256.6	6.8676	117.2307	5.1084	3
256.7	6.8563	116.3922	5.1127	3
256.8	6.8449	115.5821	5.1117	3
256.9	6.8336	114.7533	5.1093	3
257	6.8226	113.8252	5.1048	3
257.1	6.8119	112.9193	5.0959	3
257.2	6.8012	112.0434	5.0916	3
257.3	6.7906	111.2671	5.0985	3
257.4	6.7801	110.5008	5.107	3
257.5	6.7692	109.5939	5.1051	3
257.6	6.7583	108.8078	5.0967	3
257.7	6.7474	107.9727	5.0851	3
257.8	6.7364	107.2465	5.095	3
257.9	6.7253	106.3691	5.1055	3
258	6.7142	105.5636	5.0933	3
258.1	6.7029	104.7663	5.0835	3
258.2	6.6913	103.8957	5.0801	3
258.3	6.6795	103.0857	5.0868	3
258.4	6.6677	102.2997	5.0907	3
258.5	6.6561	101.5336	5.0821	3
258.6	6.6442	100.6784	5.0725	3
258.7	6.6324	99.8622	5.0715	3
258.8	6.6206	99.051	5.0809	3
258.9	6.6083	98.2304	5.0873	3
259	6.5959	97.4103	5.081	3
259.1	6.5838	96.6006	5.0874	3
259.2	6.5716	95.7865	5.0891	3
259.3	6.5593	94.9508	5.0742	3
259.4	6.547	94.1305	5.0677	3
259.5	6.5345	93.2857	5.0799	3
259.6	6.522	92.4302	5.088	3
259.7	6.5099	91.5762	5.0877	3
259.8	6.4977	90.8103	5.0869	3
259.9	6.4851	90.0417	5.0722	3
260	6.4723	89.2343	5.0821	3
260.1	6.4594	88.3601	5.0818	3
260.2	6.4467	87.4436	5.0853	3
260.3	6.4341	86.5646	5.1039	3
260.4	6.4217	85.7848	5.1278	3
260.5	6.4091	84.97	5.1289	3
260.6	6.3968	84.119	5.1059	3
260.7	6.3843	83.2821	5.1052	3
260.8	6.3717	82.4896	5.1014	3
260.9	6.3589	81.7183	5.1064	3
261	6.3456	80.9688	5.1108	3
261.1	6.3325	80.0733	5.0985	3
261.2	6.3195	79.2866	5.0941	3
261.3	6.3062	78.4919	5.0977	3
261.4	6.2926	77.6928	5.0929	3
261.5	6.2788	76.8613	5.0779	3
261.6	6.2652	76.0138	5.0702	3
261.7	6.2516	75.206	5.0622	3
261.8	6.2381	74.3496	5.0785	3
261.9	6.2248	73.4336	5.0974	3
262	6.2113	72.5877	5.0994	3
262.1	6.198	71.8443	5.0912	3
262.2	6.1844	71.0202	5.0892	3
262.3	6.1708	70.1749	5.0956	3
262.4	6.1572	69.3392	5.0848	3
262.5	6.1437	68.4237	5.074	3
262.6	6.1307	67.574	5.0862	3
262.7	6.1177	66.6342	5.0793	3
262.8	6.1047	65.8417	5.068	3
262.9	6.0916	65.059	5.08	3
263	6.0784	64.3134	5.0741	3
263.1	6.0651	63.4381	5.0734	3
263.2	6.052	62.5766	5.0747	3
263.3	6.0389	61.8222	5.0643	3
263.4	6.0252	61.0099	5.0683	3
263.5	6.0114	60.2239	5.0596	3
263.6	5.9976	59.4256	5.0636	3
263.7	5.9835	58.5313	5.0792	3
263.8	5.9696	57.7491	5.0769	3
263.9	5.9557	56.8652	5.067	3
264	5.9415	56.0967	5.0583	3
264.1	5.9271	55.3674	5.07	3
264.2	5.9125	54.5183	5.0871	3
264.3	5.8984	53.624	5.0904	3
264.4	5.8842	52.7953	5.0897	3
264.5	5.87	52.0096	5.0908	3
264.6	5.8554	51.16	5.0934	3
264.7	5.8408	50.3694	5.0823	3
264.8	5.8262	49.5469	5.0627	3
264.9	5.8111	48.8225	5.0613	3
265	5.7962	47.9382	5.0648	3
265.1	5.7813	47.0509	5.0682	3
265.2	5.7663	46.2869	5.0741	3
265.3	5.7511	45.4877	5.0671	3
265.4	5.7358	44.66	5.0591	3
265.5	5.7206	43.8833	5.0638	3
265.6	5.7052	43.0389	5.0525	3
265.7	5.6896	42.2913	5.0569	3
265.8	5.6732	41.5542	5.0746	3
265.9	5.657	40.6701	5.0812	3
266	5.6408	39.853	5.0714	3
266.1	5.6244	39.0638	5.0734	3
266.2	5.6076	38.3538	5.0562	3
266.3	5.5907	37.5237	5.0526	3
266.4	5.5736	36.7419	5.0678	3
266.5	5.5561	35.9807	5.0753	3
266.6	5.5386	35.1467	5.0744	3
266.7	5.521	34.3481	5.0864	3
266.8	5.5034	33.5243	5.0927	3
266.9	5.4857	32.7015	5.0848	3
267	5.4677	31.8813	5.0937	3
267.1	5.4498	31.0243	5.0904	3
267.2	5.4315	30.2795	5.0792	3
267.3	5.4128	29.5108	5.0747	3
267.4	5.3938	28.7711	5.0738	3
267.5	5.3747	27.9568	5.0697	3
267.6	5.3553	27.1112	5.0761	3
267.7	5.3357	26.3239	5.0725	3
267.8	5.3163	25.4625	5.0703	3
267.9	5.2966	24.6628	5.0741	3
268	5.2766	23.9504	5.0757	3
268.1	5.2565	23.2229	5.0843	3
268.2	5.2361	22.3933	5.0909	3
268.3	5.2152	21.6359	5.0866	3
268.4	5.1941	20.886	5.0835	3
268.5	5.1732	20.1036	5.0776	3
268.6	5.152	19.2821	5.0785	3
268.7	5.1301	18.525	5.0792	3
268.8	5.1075	17.7532	5.0647	3
268.9	5.0847	17.0029	5.0442	3
269	5.0621	16.175	5.0561	3
269.1	5.039	15.4023	5.0694	3
269.2	5.0156	14.6781	5.0824	3
269.3	4.9916	13.904	5.0822	3
269.4	4.9671	13.1289	5.0847	3
269.5	4.9425	12.3179	5.0914	3
269.6	4.9173	11.6221	5.0799	3
269.7	4.8921	10.7633	5.0793	3
269.8	4.8667	9.948	5.0807	3
269.9	4.8413	9.2	5.0702	3
270	4.8152	8.4361	5.0588	4
270.1	4.7889	7.637	5.0619	4
270.2	4.7632	6.9476	5.0746	4
270.3	4.7345	5.0548	5.0771	4
270.4	4.6189	-13.4364	5.0814	4
270.5	4.2999	-44.0636	5.0832	4
270.6	3.8697	-57.7019	5.0825	4
270.7	3.4095	-58.9929	5.0769	4
270.8	2.9343	-55.2069	5.0715	4
270.9	2.4514	-49.8971	5.067	4
271	1.9645	-45.5496	5.0771	4
271.1	1.4737	-41.2367	5.0719	4
271.2	0.979	-35.7632	5.0694	4
271.3	0.4825	-30.7794	5.072	4
271.4	-0.0147	-27.1858	5.062	4
271.5	-0.513	-25.287	5.0679	4
271.6	-1.0126	-24.435	5.0856	4
271.7	-1.514	-22.8299	5.0905	4
271.8	-2.0155	-22.0571	5.0711	4
271.9	-2.5178	-21.9058	5.0577	4
272	-3.021	-21.7822	5.0653	4
272.1	-3.5253	-22.3529	5.0566	4
272.2	-4.0304	-22.944	5.0466	4
272.3	-4.5366	-23.3844	5.0447	4
272.4	-5.044	-23.5654	5.0476	4
272.5	-5.5521	-23.445	5.062	4
272.6	-6.0608	-23.5663	5.0561	4
272.7	-6.57	-22.9946	5.0458	4
272.8	-7.0807	-21.4654	5.0494	4
272.9	-7.5913	-20.5783	5.0653	4
273	-8.1021	-20.0927	5.0726	4
273.1	-8.613	-20.1007	5.0648	4
273.2	-9.1239	-20.1063	5.0605	4
273.3	-9.6348	-19.9269	5.0763	4
273.4	-10.1457	-19.0847	5.0915	4
273.5	-10.6566	-18.5632	5.0706	4
273.6	-11.1649	-18.1526	5.0783	4
273.7	-11.5963	-17.0093	5.0848	4
273.8	-11.8619	-15.6217	5.0803	4
273.9	-12.0507	-14.5986	5.0915	4
274	-12.2261	-14.0555	5.0898	4
274.1	-12.3951	-13.8243	5.0897	4
274.2	-12.5606	-13.7289	5.0821	4
274.3	-12.7239	-13.3959	5.0716	4
274.4	-12.8857	-12.9384	5.0708	4
274.5	-13.0462	-12.7588	5.0841	4
274.6	-13.2059	-12.8513	5.1004	4
274.7	-13.3651	-12.9337	5.0932	4
274.8	-13.5239	-12.8833	5.0911	4
274.9	-13.6823	-13.0549	5.0976	4
275	-13.8401	-13.2022	5.094	4
