Indentation

 + Advanced

+ Advanced
   Acquisition rate :	10.0 [Hz]
   Linear loading
   Max load :	1000.00 	µN
   Loading rate :	500.00 	µN/min
   Unloading rate :	500.00 	µN/min
   Pause :	30.0 s

+ TTX - UNHT Bio S/N: 1000136751 settings
   Fn contact : 25 µN
   Approach distance : 20 µm
   Approach speed : 100 µm/min
   Retract speed : 200 µm/min
   Retract time : 5 sec
   Dz sensor in large range
   Load in fine range
   FnRef in fine range
   FnRef contactload :500.000 µN
   Stiffness threshold : 1 µN/µm

   X Position :10523.04 µm
   Y Position :37857.90 µm
   Z Position :8356.69 µm

Date :6/9/2026
Time :10:11:13 AM

Analysis n # 1

   Method :	Hertz

 + Parameters

  Load Fit [10%,98%]

 + Main results

   EHz=	710.24 	kPa

 + Hypothesis


 + Additional results

   ErHz=	780.48 kPa
   h offset=	7.99 µm
   R2=	1.00

Analysis n # 2

   Method :	Oliver & Pharr

 + Parameters

  Unload Fit [40%,98%]

 + Main results

   HIT=	18.55 	kPa
   EIT=	714.08 	kPa
   E*=	784.71 	kPa

 + Hypothesis

   !!! Indenter not calibrated !!!
   m out of O&P hypothesis
   Poisson's ratio(nu)=	0.30 

 + Additional results

   HVIT=	0.0018909 	 Vickers
   CIT 0.001/120/30=	2.80 	%
   nIT=	63.30 %
   Fmax=	992.43 	µN
   hmax=	20.85 	µm
   S=	204.8042 	µN/µm
   F/S²=	0.0237 	µm²/µN
   hc=	17.33 	µm
   hr=	16.01 	µm
   hp=	-11.25 	µm
   m=	6.6251 
   Epsilon=	0.73 
   R2=	0.999
   Ap=	53499.95 	µm²
   Welast=	3450.30 pJ
   Wplast=	2000.36 pJ
   Wtotal=	5450.67 pJ
   Er=	784.71 	kPa

Measured values
Time (s)	Pd (µm)	Fn (µN)	FnRef (µN)	SegmentID

0	0	0	5.1144	0
0.1	0.2555	0.2014	5.1132	0
0.2	0.5047	0.3653	5.1212	0
0.3	0.7486	0.5341	5.1186	0
0.4	0.9889	0.6906	5.1113	0
0.5	1.224	0.8377	5.1108	0
0.6	1.4545	1.1258	5.1156	0
0.7	1.6807	1.3903	5.1238	0
0.8	1.9027	1.5688	5.1264	0
0.9	2.1214	1.8986	5.1165	0
1	2.337	2.1201	5.1054	1
1.1	2.5492	2.4336	5.0979	1
1.2	2.7586	2.7506	5.1039	1
1.3	2.9658	3.13	5.1182	1
1.4	3.1564	3.4094	5.1231	1
1.5	3.2751	3.5167	5.1217	1
1.6	3.3326	3.4693	5.1183	1
1.7	3.38	3.4928	5.1155	1
1.8	3.4267	3.6013	5.1079	1
1.9	3.4734	3.7254	5.0983	1
2	3.5216	3.8023	5.092	1
2.1	3.5719	3.8837	5.0924	1
2.2	3.6244	3.9428	5.0924	1
2.3	3.6803	3.9863	5.0907	1
2.4	3.7388	4.2155	5.0796	1
2.5	3.8003	4.2717	5.0756	1
2.6	3.865	4.4884	5.0846	1
2.7	3.9327	4.6466	5.0781	1
2.8	4.0036	4.8138	5.0822	1
2.9	4.0778	5.0673	5.0934	1
3	4.1551	5.2533	5.1044	1
3.1	4.2356	5.4659	5.1216	1
3.2	4.3189	5.8636	5.1192	1
3.3	4.4052	6.1155	5.1156	1
3.4	4.4946	6.429	5.112	1
3.5	4.5862	6.7604	5.106	1
3.6	4.6807	7.1425	5.1084	1
3.7	4.7783	7.5519	5.1134	1
3.8	4.8788	7.8929	5.1132	1
3.9	4.9821	8.29	5.114	1
4	5.0878	8.7839	5.1023	1
4.1	5.1955	9.2331	5.0981	1
4.2	5.3058	9.6853	5.0996	1
4.3	5.418	10.3268	5.1022	1
4.4	5.5317	10.9465	5.1004	1
4.5	5.6468	11.5195	5.0963	1
4.6	5.7634	12.1838	5.1038	1
4.7	5.8814	12.8417	5.1201	1
4.8	6.0005	13.6175	5.1232	1
4.9	6.1205	14.4217	5.1208	1
5	6.2408	15.2262	5.1067	1
5.1	6.3615	16.0928	5.1082	1
5.2	6.4823	16.9696	5.1059	1
5.3	6.6027	18.0341	5.0997	1
5.4	6.7224	19.0522	5.1092	1
5.5	6.8411	20.1866	5.1064	1
5.6	6.958	21.3515	5.0973	1
5.7	7.0735	22.6003	5.0874	1
5.8	7.1868	23.9405	5.0817	1
5.9	7.2973	25.3805	5.0978	1
6	7.4049	26.7566	5.1104	1
6.1	7.509	28.2883	5.1007	1
6.2	7.6099	29.7384	5.1083	1
6.3	7.7074	31.2581	5.1056	1
6.4	7.8013	32.6898	5.0986	1
6.5	7.8923	34.1023	5.0959	1
6.6	7.98	35.5766	5.1068	1
6.7	8.0641	37.042	5.1071	1
6.8	8.1447	38.4609	5.1018	1
6.9	8.2224	39.8143	5.0999	1
7	8.2968	41.244	5.094	1
7.1	8.3677	42.6699	5.0945	1
7.2	8.4357	43.9786	5.1064	1
7.3	8.501	45.2994	5.1138	1
7.4	8.5635	46.5928	5.1031	1
7.5	8.6235	47.8357	5.0982	1
7.6	8.6812	48.9794	5.0984	1
7.7	8.7372	50.1877	5.1059	1
7.8	8.791	51.3985	5.1075	1
7.9	8.8426	52.5577	5.0963	1
8	8.8919	53.7198	5.0835	1
8.1	8.9394	54.8066	5.0896	1
8.2	8.9854	55.9393	5.0993	1
8.3	9.0303	56.9878	5.0978	1
8.4	9.0735	58.0693	5.0972	1
8.5	9.115	59.0815	5.1027	1
8.6	9.1554	60.0594	5.1089	1
8.7	9.1952	61.0283	5.0935	1
8.8	9.234	62.0003	5.0915	1
8.9	9.2719	63.0375	5.1033	1
9	9.3086	63.9909	5.1087	1
9.1	9.3444	64.9532	5.1121	1
9.2	9.3797	65.8747	5.1057	1
9.3	9.4141	66.8058	5.1144	1
9.4	9.4479	67.6893	5.1269	1
9.5	9.4811	68.602	5.1222	1
9.6	9.5136	69.5057	5.1263	1
9.7	9.5459	70.4435	5.1367	1
9.8	9.5776	71.367	5.1295	1
9.9	9.6088	72.2339	5.1156	1
10	9.6394	73.1351	5.1092	1
10.1	9.6694	74.1104	5.123	1
10.2	9.6994	75.0112	5.1286	1
10.3	9.729	75.8384	5.1289	1
10.4	9.758	76.7153	5.1223	1
10.5	9.7865	77.6356	5.1151	1
10.6	9.8147	78.6206	5.1198	1
10.7	9.8422	79.5296	5.1151	1
10.8	9.869	80.4619	5.1162	1
10.9	9.8953	81.3765	5.1128	1
11	9.9209	82.3216	5.12	1
11.1	9.9464	83.207	5.1203	1
11.2	9.9711	84.154	5.1058	1
11.3	9.9954	85.0907	5.1054	1
11.4	10.0189	86.0006	5.1132	1
11.5	10.042	86.8591	5.0948	1
11.6	10.0648	87.7259	5.0772	1
11.7	10.0874	88.5835	5.091	1
11.8	10.11	89.4301	5.0967	1
11.9	10.1322	90.3357	5.0992	1
12	10.1544	91.2304	5.1054	1
12.1	10.1764	92.0085	5.1198	1
12.2	10.198	92.8218	5.1269	1
12.3	10.2197	93.728	5.1119	1
12.4	10.241	94.5444	5.1122	1
12.5	10.2623	95.3657	5.1106	1
12.6	10.2835	96.2598	5.1072	1
12.7	10.3044	97.2006	5.107	1
12.8	10.3249	98.0799	5.104	1
12.9	10.3452	98.8692	5.106	1
13	10.3655	99.7198	5.1066	1
13.1	10.3856	100.6215	5.0981	1
13.2	10.4055	101.4542	5.0985	1
13.3	10.4254	102.2526	5.1086	1
13.4	10.445	103.12	5.1053	1
13.5	10.4647	103.9511	5.1096	1
13.6	10.4842	104.8379	5.1035	1
13.7	10.5035	105.7203	5.0944	1
13.8	10.5228	106.6009	5.1005	1
13.9	10.5413	107.4788	5.1018	1
14	10.5596	108.357	5.1003	1
14.1	10.5781	109.1976	5.0965	1
14.2	10.5965	109.9369	5.0891	1
14.3	10.615	110.7906	5.0908	1
14.4	10.6334	111.6797	5.09	1
14.5	10.6517	112.5082	5.09	1
14.6	10.6696	113.3534	5.0852	1
14.7	10.6876	114.1893	5.0951	1
14.8	10.7057	115.0049	5.1059	1
14.9	10.7237	115.8707	5.0975	1
15	10.7417	116.7474	5.0966	1
15.1	10.7596	117.5882	5.1001	1
15.2	10.7772	118.4623	5.1037	1
15.3	10.7945	119.307	5.1134	1
15.4	10.8117	120.1053	5.1055	1
15.5	10.829	120.9464	5.1028	1
15.6	10.8464	121.7855	5.0957	1
15.7	10.8639	122.563	5.0869	1
15.8	10.8812	123.4237	5.0809	1
15.9	10.8983	124.2685	5.0843	1
16	10.9155	125.0963	5.105	1
16.1	10.9327	125.9682	5.1191	1
16.2	10.9498	126.8521	5.1156	1
16.3	10.9669	127.655	5.1209	1
16.4	10.9838	128.4957	5.1216	1
16.5	11.0008	129.3804	5.1125	1
16.6	11.0174	130.2433	5.119	1
16.7	11.0336	131.0864	5.1227	1
16.8	11.05	131.8923	5.1188	1
16.9	11.0665	132.7601	5.1186	1
17	11.0828	133.5744	5.1263	1
17.1	11.099	134.4074	5.1285	1
17.2	11.1155	135.2061	5.1187	1
17.3	11.132	136.0462	5.1098	1
17.4	11.148	136.957	5.1094	1
17.5	11.1641	137.8004	5.1115	1
17.6	11.1803	138.5863	5.1135	1
17.7	11.1967	139.4071	5.1156	1
17.8	11.213	140.2756	5.1216	1
17.9	11.2291	141.0905	5.1208	1
18	11.2453	141.9372	5.1118	1
18.1	11.2614	142.7808	5.1064	1
18.2	11.2775	143.6191	5.1092	1
18.3	11.2936	144.4671	5.1125	1
18.4	11.3095	145.269	5.1066	1
18.5	11.3254	146.1236	5.1039	1
18.6	11.3411	146.9796	5.1151	1
18.7	11.3568	147.8068	5.1134	1
18.8	11.3726	148.6377	5.1127	1
18.9	11.3884	149.4374	5.1265	1
19	11.404	150.3058	5.1209	1
19.1	11.4198	151.1647	5.1175	1
19.2	11.4353	152.0115	5.1023	1
19.3	11.4508	152.9263	5.0982	1
19.4	11.466	153.7289	5.0976	1
19.5	11.4811	154.6608	5.0915	1
19.6	11.4957	155.5381	5.089	1
19.7	11.5103	156.3033	5.0933	1
19.8	11.5252	157.178	5.0973	1
19.9	11.5399	157.9605	5.0973	1
20	11.5546	158.9101	5.1088	1
20.1	11.5692	159.7261	5.1186	1
20.2	11.5835	160.6323	5.1132	1
20.3	11.598	161.3852	5.1183	1
20.4	11.6123	162.3145	5.1187	1
20.5	11.6264	163.1338	5.1079	1
20.6	11.6404	163.9299	5.1122	1
20.7	11.6544	164.7783	5.1162	1
20.8	11.6683	165.6345	5.1088	1
20.9	11.682	166.5134	5.0982	1
21	11.6961	167.3557	5.0931	1
21.1	11.71	168.1856	5.0944	1
21.2	11.7235	169.0403	5.0842	1
21.3	11.7371	169.8273	5.0867	1
21.4	11.7508	170.6823	5.0975	1
21.5	11.7644	171.6121	5.0938	1
21.6	11.7774	172.4777	5.102	1
21.7	11.7906	173.2553	5.1063	1
21.8	11.8038	174.1022	5.1065	1
21.9	11.817	174.9918	5.1048	1
22	11.8299	175.813	5.1082	1
22.1	11.8428	176.6375	5.1179	1
22.2	11.8559	177.4197	5.0951	1
22.3	11.8692	178.2589	5.0905	1
22.4	11.8821	179.1221	5.1007	1
22.5	11.895	179.9097	5.0969	1
22.6	11.9082	180.7137	5.0979	1
22.7	11.9214	181.5414	5.0954	1
22.8	11.9345	182.3844	5.0986	1
22.9	11.9478	183.1728	5.1074	1
23	11.9611	184.0078	5.1063	1
23.1	11.9745	184.8393	5.1086	1
23.2	11.9882	185.704	5.095	1
23.3	12.0017	186.5275	5.0713	1
23.4	12.0152	187.3152	5.0767	1
23.5	12.0286	188.173	5.0887	1
23.6	12.042	189.0476	5.0867	1
23.7	12.0552	189.8532	5.0943	1
23.8	12.0685	190.6721	5.0944	1
23.9	12.0817	191.5912	5.0932	1
24	12.0949	192.3837	5.1057	1
24.1	12.108	193.2306	5.0983	1
24.2	12.121	194.0753	5.1	1
24.3	12.134	194.9239	5.1075	1
24.4	12.1471	195.7163	5.1084	1
24.5	12.1601	196.5241	5.111	1
24.6	12.1732	197.4286	5.1147	1
24.7	12.1859	198.3649	5.1097	1
24.8	12.1986	199.1701	5.1059	1
24.9	12.2115	199.9424	5.1027	1
25	12.224	200.843	5.1114	1
25.1	12.2366	201.7067	5.1121	1
25.2	12.2493	202.4724	5.1056	1
25.3	12.2617	203.3613	5.0983	1
25.4	12.274	204.2553	5.103	1
25.5	12.2862	205.1449	5.1029	1
25.6	12.2981	205.9098	5.0901	1
25.7	12.31	206.7375	5.0942	1
25.8	12.3221	207.6131	5.0963	1
25.9	12.3341	208.445	5.0893	1
26	12.3461	209.336	5.0902	1
26.1	12.3581	210.1399	5.0978	1
26.2	12.3699	210.9885	5.1	1
26.3	12.3816	211.8377	5.1017	1
26.4	12.3933	212.6168	5.0845	1
26.5	12.4051	213.4905	5.0759	1
26.6	12.4167	214.3471	5.0878	1
26.7	12.4281	215.2158	5.1054	1
26.8	12.4397	215.9614	5.1029	1
26.9	12.4515	216.7811	5.1183	1
27	12.4631	217.6429	5.1178	1
27.1	12.4744	218.4601	5.0969	1
27.2	12.4857	219.3132	5.0942	1
27.3	12.4967	220.2473	5.1017	1
27.4	12.5077	221.0129	5.0972	1
27.5	12.519	221.912	5.0907	1
27.6	12.5301	222.7099	5.0919	1
27.7	12.5414	223.6146	5.095	1
27.8	12.5525	224.4098	5.1078	1
27.9	12.5636	225.2053	5.1087	1
28	12.5749	225.9856	5.0925	1
28.1	12.5866	226.7895	5.0809	1
28.2	12.5982	227.6862	5.0903	1
28.3	12.6095	228.4117	5.0966	1
28.4	12.6213	229.3027	5.0974	1
28.5	12.6328	230.1601	5.0936	1
28.6	12.6446	230.8752	5.0924	1
28.7	12.6567	231.701	5.1047	1
28.8	12.6688	232.5649	5.0968	1
28.9	12.681	233.32	5.0936	1
29	12.693	234.2225	5.0982	1
29.1	12.7052	234.9907	5.0989	1
29.2	12.7174	235.7416	5.1059	1
29.3	12.7297	236.6471	5.1128	1
29.4	12.7417	237.5231	5.0969	1
29.5	12.7538	238.4376	5.1101	1
29.6	12.7657	239.2885	5.1177	1
29.7	12.7774	240.0392	5.1092	1
29.8	12.7893	240.9451	5.1097	1
29.9	12.8007	241.9613	5.1095	1
30	12.8117	242.6817	5.1142	1
30.1	12.8229	243.583	5.1163	1
30.2	12.834	244.3477	5.1068	1
30.3	12.8451	245.2664	5.1014	1
30.4	12.856	246.1074	5.0817	1
30.5	12.8667	246.8821	5.0756	1
30.6	12.8779	247.8735	5.0764	1
30.7	12.8884	248.6567	5.0768	1
30.8	12.8989	249.5752	5.0791	1
30.9	12.9094	250.3176	5.0753	1
31	12.92	251.1425	5.0647	1
31.1	12.9308	252.0585	5.0756	1
31.2	12.9412	252.7996	5.0885	1
31.3	12.9519	253.5534	5.0783	1
31.4	12.9627	254.493	5.0637	1
31.5	12.9732	255.3095	5.0668	1
31.6	12.9842	256.0871	5.0783	1
31.7	12.995	256.9727	5.083	1
31.8	13.0058	257.6842	5.0832	1
31.9	13.0167	258.5793	5.0778	1
32	13.0274	259.5091	5.071	1
32.1	13.0385	260.1188	5.0547	1
32.2	13.0494	261.1153	5.0499	1
32.3	13.0603	261.8601	5.0631	1
32.4	13.0713	262.7344	5.0673	1
32.5	13.0823	263.5928	5.0688	1
32.6	13.0933	264.3579	5.0862	1
32.7	13.1043	265.22	5.0971	1
32.8	13.1152	266.1137	5.0942	1
32.9	13.1261	266.9218	5.0785	1
33	13.1368	267.7531	5.0639	1
33.1	13.1474	268.6321	5.0597	1
33.2	13.158	269.423	5.0699	1
33.3	13.1685	270.2991	5.0783	1
33.4	13.179	271.1765	5.0793	1
33.5	13.1896	271.9865	5.0744	1
33.6	13.2001	272.8445	5.0866	1
33.7	13.2106	273.7033	5.0994	1
33.8	13.221	274.4212	5.0939	1
33.9	13.2316	275.3445	5.0946	1
34	13.2423	276.1639	5.0978	1
34.1	13.2524	277.0312	5.1056	1
34.2	13.2628	277.8329	5.1029	1
34.3	13.2735	278.5576	5.0989	1
34.4	13.2842	279.4962	5.0884	1
34.5	13.2944	280.3892	5.0866	1
34.6	13.3045	281.2117	5.1009	1
34.7	13.3146	282.0199	5.1085	1
34.8	13.3249	282.8309	5.1014	1
34.9	13.3353	283.6675	5.0979	1
35	13.3456	284.4822	5.0963	1
35.1	13.3561	285.2828	5.1084	1
35.2	13.3665	286.1368	5.1124	1
35.3	13.3764	287.1175	5.0923	1
35.4	13.3864	287.9268	5.0999	1
35.5	13.3964	288.7002	5.1008	1
35.6	13.4067	289.5187	5.0988	1
35.7	13.4167	290.3974	5.0918	1
35.8	13.4269	291.1891	5.086	1
35.9	13.437	292.0224	5.0946	1
36	13.4469	292.9751	5.0931	1
36.1	13.4566	293.808	5.0883	1
36.2	13.4666	294.5183	5.0799	1
36.3	13.4766	295.4392	5.0801	1
36.4	13.4864	296.2787	5.0724	1
36.5	13.4959	297.1133	5.0614	1
36.6	13.5057	297.8964	5.0696	1
36.7	13.5154	298.7616	5.0856	1
36.8	13.5251	299.7417	5.1022	1
36.9	13.5346	300.426	5.1079	1
37	13.5445	301.2336	5.0961	1
37.1	13.5545	301.9548	5.0872	1
37.2	13.5643	302.8952	5.0931	1
37.3	13.5741	303.7783	5.0835	1
37.4	13.5841	304.5686	5.0957	1
37.5	13.5939	305.4972	5.1011	1
37.6	13.6035	306.2334	5.0878	1
37.7	13.6135	307.0924	5.0877	1
37.8	13.6235	307.8435	5.0969	1
37.9	13.6335	308.6582	5.1128	1
38	13.6443	309.2073	5.1159	1
38.1	13.656	309.9657	5.1129	1
38.2	13.6682	310.7756	5.1108	1
38.3	13.6802	311.5658	5.1073	1
38.4	13.6925	312.376	5.1025	1
38.5	13.7049	313.1485	5.0951	1
38.6	13.7173	314.0595	5.1048	1
38.7	13.7296	314.9818	5.1134	1
38.8	13.7415	315.8474	5.0981	1
38.9	13.753	316.7802	5.0878	1
39	13.7643	317.6705	5.0917	1
39.1	13.7752	318.5617	5.0966	1
39.2	13.786	319.5012	5.0981	1
39.3	13.7966	320.3337	5.1107	1
39.4	13.8069	321.2036	5.1119	1
39.5	13.817	322.0149	5.1204	1
39.6	13.8272	322.8424	5.1308	1
39.7	13.8372	323.7234	5.1228	1
39.8	13.8471	324.6529	5.1131	1
39.9	13.857	325.4128	5.1159	1
40	13.8668	326.266	5.1056	1
40.1	13.8766	327.1052	5.1	1
40.2	13.8865	327.8948	5.1121	1
40.3	13.8968	328.6632	5.1145	1
40.4	13.9072	329.4098	5.1005	1
40.5	13.9179	330.2524	5.1028	1
40.6	13.9287	331.041	5.1065	1
40.7	13.9394	331.8958	5.1097	1
40.8	13.9503	332.7285	5.1103	1
40.9	13.9609	333.5679	5.1046	1
41	13.9714	334.4816	5.09	1
41.1	13.9818	335.3471	5.0902	1
41.2	13.992	336.2675	5.0952	1
41.3	14.002	337.0899	5.1043	1
41.4	14.0117	337.9537	5.112	1
41.5	14.0213	338.8563	5.1149	1
41.6	14.0311	339.6041	5.1216	1
41.7	14.0409	340.4261	5.1177	1
41.8	14.0508	341.2699	5.105	1
41.9	14.0605	342.1122	5.1075	1
42	14.07	342.9764	5.1016	1
42.1	14.0795	343.8366	5.0976	1
42.2	14.0888	344.7624	5.0916	1
42.3	14.0976	345.6307	5.099	1
42.4	14.1066	346.3713	5.1154	1
42.5	14.1159	347.208	5.1172	1
42.6	14.1249	348.0766	5.1087	1
42.7	14.1338	348.9748	5.122	1
42.8	14.1426	349.8037	5.1243	1
42.9	14.1515	350.6013	5.1166	1
43	14.1604	351.4555	5.1098	1
43.1	14.1693	352.293	5.1211	1
43.2	14.178	353.0564	5.1127	1
43.3	14.1868	353.9466	5.1229	1
43.4	14.1955	354.8101	5.1332	1
43.5	14.2041	355.6447	5.1262	1
43.6	14.2127	356.4861	5.1216	1
43.7	14.2217	357.2283	5.1123	1
43.8	14.2307	358.1195	5.1137	1
43.9	14.2395	359.0003	5.1115	1
44	14.2481	359.851	5.11	1
44.1	14.2566	360.5752	5.117	1
44.2	14.265	361.4849	5.1092	1
44.3	14.2732	362.3567	5.093	1
44.4	14.2814	363.1784	5.0958	1
44.5	14.2899	363.9911	5.0985	1
44.6	14.2984	364.8851	5.0897	1
44.7	14.3066	365.7138	5.0937	1
44.8	14.3149	366.4918	5.0963	1
44.9	14.3234	367.2576	5.0927	1
45	14.3321	368.0671	5.0943	1
45.1	14.3409	368.9912	5.104	1
45.2	14.3493	369.8285	5.1062	1
45.3	14.3578	370.6066	5.1037	1
45.4	14.366	371.4353	5.1029	1
45.5	14.3743	372.282	5.1029	1
45.6	14.3828	373.151	5.1137	1
45.7	14.3912	373.9273	5.1174	1
45.8	14.3998	374.7613	5.1121	1
45.9	14.4087	375.5621	5.1146	1
46	14.4175	376.4332	5.1082	1
46.1	14.4261	377.302	5.1017	1
46.2	14.4346	378.1172	5.1059	1
46.3	14.4431	378.8772	5.1102	1
46.4	14.4521	379.6758	5.1058	1
46.5	14.4613	380.4795	5.1014	1
46.6	14.4709	381.2044	5.1033	1
46.7	14.4808	382.0239	5.0952	1
46.8	14.4907	382.8711	5.1042	1
46.9	14.5	383.7612	5.1098	1
47	14.5092	384.6929	5.099	1
47.1	14.5183	385.5627	5.0933	1
47.2	14.5273	386.358	5.0987	1
47.3	14.5359	387.2418	5.0984	1
47.4	14.5444	388.2056	5.0934	1
47.5	14.5528	388.9615	5.0925	1
47.6	14.5611	389.7531	5.0926	1
47.7	14.5696	390.6667	5.0836	1
47.8	14.5779	391.4738	5.0839	1
47.9	14.5862	392.3586	5.0939	1
48	14.5946	393.1643	5.1044	1
48.1	14.603	394.006	5.109	1
48.2	14.611	394.9035	5.1057	1
48.3	14.6193	395.6329	5.1051	1
48.4	14.6279	396.4688	5.114	1
48.5	14.6367	397.2218	5.1104	1
48.6	14.6455	398.0107	5.0925	1
48.7	14.6546	398.8236	5.0943	1
48.8	14.6637	399.5718	5.1081	1
48.9	14.6729	400.4659	5.1063	1
49	14.6823	401.2352	5.1082	1
49.1	14.6914	402.1103	5.1054	1
49.2	14.7006	403.0257	5.0832	1
49.3	14.7095	403.8142	5.0763	1
49.4	14.7183	404.6538	5.0875	1
49.5	14.7274	405.4853	5.1015	1
49.6	14.7369	406.3266	5.0971	1
49.7	14.7459	407.2223	5.0908	1
49.8	14.7547	408.0799	5.0839	1
49.9	14.7634	408.9124	5.0895	1
50	14.7722	409.7442	5.0963	1
50.1	14.7805	410.6476	5.1014	1
50.2	14.7889	411.4929	5.1152	1
50.3	14.7975	412.2489	5.1131	1
50.4	14.8063	413.0449	5.0951	1
50.5	14.815	413.9259	5.0876	1
50.6	14.8237	414.7498	5.0924	1
50.7	14.8326	415.49	5.0997	1
50.8	14.8416	416.3486	5.0943	1
50.9	14.8505	417.2337	5.0905	1
51	14.8594	417.9368	5.0933	1
51.1	14.8684	418.8283	5.095	1
51.2	14.8775	419.6888	5.0787	1
51.3	14.8863	420.5224	5.0732	1
51.4	14.8954	421.3187	5.0819	1
51.5	14.9047	422.111	5.0878	1
51.6	14.9139	422.9619	5.0785	1
51.7	14.9231	423.803	5.0772	1
51.8	14.9322	424.6454	5.0919	1
51.9	14.9414	425.5932	5.0983	1
52	14.9502	426.4253	5.0973	1
52.1	14.959	427.219	5.0922	1
52.2	14.9678	428.0473	5.0862	1
52.3	14.9767	428.8247	5.0827	1
52.4	14.9854	429.6988	5.0802	1
52.5	14.9943	430.5941	5.0813	1
52.6	15.0029	431.4728	5.0841	1
52.7	15.0116	432.2924	5.0999	1
52.8	15.0203	433.0807	5.102	1
52.9	15.0286	433.982	5.079	1
53	15.0369	434.7538	5.0796	1
53.1	15.0455	435.5107	5.0942	1
53.2	15.0545	436.2937	5.1048	1
53.3	15.0637	437.159	5.1002	1
53.4	15.0727	438.0292	5.092	1
53.5	15.0819	438.8238	5.0979	1
53.6	15.0907	439.6492	5.0969	1
53.7	15.0998	440.4545	5.0945	1
53.8	15.1087	441.3818	5.0931	1
53.9	15.1176	442.2524	5.0932	1
54	15.1265	443.0233	5.0953	1
54.1	15.1356	443.8247	5.1022	1
54.2	15.1448	444.6416	5.0975	1
54.3	15.1538	445.5075	5.0995	1
54.4	15.1627	446.3759	5.0954	1
54.5	15.1715	447.2055	5.0917	1
54.6	15.1804	448.0102	5.0934	1
54.7	15.1891	448.8507	5.091	1
54.8	15.1981	449.7347	5.081	1
54.9	15.207	450.4671	5.0863	1
55	15.2164	451.2527	5.0937	1
55.1	15.2258	452.0433	5.0927	1
55.2	15.2356	452.8866	5.0955	1
55.3	15.2455	453.6522	5.1042	1
55.4	15.2553	454.5335	5.0913	1
55.5	15.2649	455.3173	5.0802	1
55.6	15.2745	456.1345	5.0909	1
55.7	15.2846	456.959	5.0948	1
55.8	15.2947	457.834	5.1015	1
55.9	15.3045	458.7252	5.1086	1
56	15.3139	459.5817	5.1017	1
56.1	15.3231	460.5021	5.0915	1
56.2	15.3321	461.3904	5.1005	1
56.3	15.3411	462.2519	5.1004	1
56.4	15.3499	463.0207	5.099	1
56.5	15.3589	463.8145	5.1078	1
56.6	15.3682	464.5565	5.1149	1
56.7	15.3782	465.2391	5.1083	1
56.8	15.3885	466.0884	5.0979	1
56.9	15.3988	466.9624	5.0867	1
57	15.409	467.7516	5.0777	1
57.1	15.4192	468.5589	5.0752	1
57.2	15.4296	469.3862	5.0762	1
57.3	15.4402	470.2791	5.0889	1
57.4	15.4504	471.114	5.0999	1
57.5	15.4602	472.0576	5.1072	1
57.6	15.4697	472.9523	5.1008	1
57.7	15.4791	473.7974	5.1004	1
57.8	15.4883	474.6339	5.0943	1
57.9	15.4978	475.3931	5.1012	1
58	15.5074	476.2022	5.1016	1
58.1	15.5173	477.0231	5.0838	1
58.2	15.5269	477.9215	5.0987	1
58.3	15.5363	478.8721	5.105	1
58.4	15.5453	479.7122	5.0904	1
58.5	15.5543	480.5784	5.0945	1
58.6	15.5631	481.359	5.1023	1
58.7	15.5718	482.2484	5.1163	1
58.8	15.5807	483.0289	5.1207	1
58.9	15.5897	483.8937	5.1156	1
59	15.5987	484.7142	5.1104	1
59.1	15.6075	485.5751	5.1254	1
59.2	15.6163	486.3944	5.1197	1
59.3	15.6253	487.2447	5.1039	1
59.4	15.6343	488.0616	5.0958	1
59.5	15.6432	488.8294	5.091	1
59.6	15.6522	489.6235	5.0925	1
59.7	15.6615	490.5144	5.0901	1
59.8	15.6705	491.4605	5.0853	1
59.9	15.6791	492.3081	5.0975	1
60	15.6876	493.1242	5.1134	1
60.1	15.6963	493.9236	5.116	1
60.2	15.7047	494.8858	5.1089	1
60.3	15.7127	495.7615	5.1216	1
60.4	15.7208	496.5198	5.1265	1
60.5	15.7292	497.2578	5.1264	1
60.6	15.7377	498.2355	5.1373	1
60.7	15.7456	499.117	5.1316	1
60.8	15.7537	499.8021	5.1288	1
60.9	15.7622	500.5975	5.1259	1
61	15.7708	501.4677	5.1171	1
61.1	15.7793	502.3394	5.1094	1
61.2	15.7875	503.1714	5.1088	1
61.3	15.7957	504.0157	5.1184	1
61.4	15.8038	504.8895	5.1242	1
61.5	15.8117	505.7633	5.1156	1
61.6	15.8195	506.5463	5.1254	1
61.7	15.8277	507.3315	5.1344	1
61.8	15.8358	508.1546	5.1208	1
61.9	15.8438	509.0741	5.1298	1
62	15.8515	509.9374	5.1282	1
62.1	15.8591	510.7468	5.1156	1
62.2	15.8669	511.5913	5.114	1
62.3	15.8749	512.3799	5.1183	1
62.4	15.8827	513.298	5.121	1
62.5	15.8902	514.1295	5.1185	1
62.6	15.8978	514.8932	5.1157	1
62.7	15.9058	515.7083	5.1155	1
62.8	15.9138	516.5439	5.1118	1
62.9	15.9214	517.4318	5.1054	1
63	15.9289	518.183	5.0811	1
63.1	15.9368	519.0211	5.0791	1
63.2	15.9448	519.9292	5.0918	1
63.3	15.9526	520.7876	5.1095	1
63.4	15.9604	521.5977	5.117	1
63.5	15.9684	522.3578	5.1186	1
63.6	15.9765	523.1754	5.1301	1
63.7	15.9845	523.9649	5.129	1
63.8	15.9926	524.8514	5.1099	1
63.9	16.0009	525.6945	5.0927	1
64	16.009	526.4619	5.101	1
64.1	16.017	527.3997	5.1031	1
64.2	16.0248	528.1591	5.1029	1
64.3	16.0329	529.0009	5.1197	1
64.4	16.0411	529.8349	5.1146	1
64.5	16.049	530.6451	5.104	1
64.6	16.0569	531.5866	5.093	1
64.7	16.0646	532.3835	5.0917	1
64.8	16.0723	533.178	5.1113	1
64.9	16.08	534.0721	5.1149	1
65	16.0879	534.8885	5.1188	1
65.1	16.0958	535.603	5.1165	1
65.2	16.104	536.4296	5.1106	1
65.3	16.1126	537.2471	5.1111	1
65.4	16.1208	538.1362	5.111	1
65.5	16.1291	539.029	5.1065	1
65.6	16.1373	539.752	5.1133	1
65.7	16.1456	540.5912	5.119	1
65.8	16.154	541.4827	5.1106	1
65.9	16.1618	542.3197	5.1116	1
66	16.1699	543.2056	5.1042	1
66.1	16.178	544.001	5.1083	1
66.2	16.186	544.79	5.1037	1
66.3	16.194	545.6624	5.1107	1
66.4	16.2021	546.5418	5.1134	1
66.5	16.21	547.4153	5.1091	1
66.6	16.2178	548.2734	5.1068	1
66.7	16.2257	549.0402	5.1268	1
66.8	16.2335	549.8666	5.1342	1
66.9	16.2413	550.6557	5.149	1
67	16.2493	551.5869	5.1548	1
67.1	16.2572	552.3888	5.1452	1
67.2	16.2649	553.2636	5.1366	1
67.3	16.2728	554.0499	5.1286	1
67.4	16.2805	554.878	5.1261	1
67.5	16.2883	555.6825	5.1401	1
67.6	16.2959	556.5324	5.1526	1
67.7	16.3034	557.4598	5.1434	1
67.8	16.3109	558.3233	5.1276	1
67.9	16.3186	559.1334	5.1247	1
68	16.3263	559.9113	5.1451	1
68.1	16.334	560.6801	5.1504	1
68.2	16.3417	561.5515	5.1365	1
68.3	16.3494	562.4121	5.1279	1
68.4	16.3569	563.22	5.1143	1
68.5	16.3648	564.0027	5.1201	1
68.6	16.3731	564.793	5.1211	1
68.7	16.3812	565.6325	5.1077	1
68.8	16.3892	566.367	5.0982	1
68.9	16.3975	567.2073	5.0963	1
69	16.406	568.0828	5.0957	1
69.1	16.4143	568.9531	5.1009	1
69.2	16.4228	569.7426	5.1132	1
69.3	16.4315	570.4734	5.1044	1
69.4	16.4401	571.279	5.0896	1
69.5	16.4489	572.2563	5.0878	1
69.6	16.4576	573.1172	5.0912	1
69.7	16.4662	573.8274	5.0976	1
69.8	16.4745	574.764	5.1155	1
69.9	16.4826	575.6466	5.1076	1
70	16.4907	576.4234	5.1003	1
70.1	16.4986	577.343	5.1138	1
70.2	16.5064	578.2212	5.1206	1
70.3	16.5141	579.0712	5.1217	1
70.4	16.5219	579.9095	5.1253	1
70.5	16.5296	580.6853	5.1205	1
70.6	16.5376	581.5041	5.1238	1
70.7	16.5452	582.464	5.1246	1
70.8	16.5519	583.5611	5.1235	1
70.9	16.5579	584.3998	5.1237	1
71	16.5645	584.9981	5.1224	1
71.1	16.5727	585.5132	5.1212	1
71.2	16.5816	586.3631	5.1265	1
71.3	16.5898	587.3255	5.1311	1
71.4	16.5975	588.2368	5.1247	1
71.5	16.6051	589.0494	5.1217	1
71.6	16.6128	589.8529	5.1305	1
71.7	16.6206	590.6865	5.1362	1
71.8	16.6286	591.582	5.1447	1
71.9	16.6364	592.3729	5.1476	1
72	16.6442	593.1748	5.1282	1
72.1	16.652	594.0432	5.1224	1
72.2	16.6598	594.8739	5.1251	1
72.3	16.6677	595.5731	5.1193	1
72.4	16.676	596.4339	5.1151	1
72.5	16.6846	597.224	5.1131	1
72.6	16.6931	598.0338	5.1089	1
72.7	16.7013	598.9728	5.106	1
72.8	16.7093	599.8098	5.1202	1
72.9	16.7176	600.597	5.1311	1
73	16.726	601.4489	5.1373	1
73.1	16.7345	602.2187	5.14	1
73.2	16.7431	602.987	5.1362	1
73.3	16.7519	603.8277	5.1342	1
73.4	16.7608	604.6566	5.1257	1
73.5	16.7696	605.5153	5.1196	1
73.6	16.7785	606.3365	5.1053	1
73.7	16.7873	607.1482	5.107	1
73.8	16.7962	607.9585	5.1193	1
73.9	16.8048	608.9117	5.114	1
74	16.8133	609.8062	5.1106	1
74.1	16.8213	610.6799	5.1238	1
74.2	16.8293	611.5182	5.1272	1
74.3	16.8371	612.4302	5.1161	1
74.4	16.8446	613.2344	5.1238	1
74.5	16.8524	614.0224	5.1329	1
74.6	16.8602	614.8391	5.1093	1
74.7	16.8682	615.6706	5.1096	1
74.8	16.8764	616.4753	5.1294	1
74.9	16.8848	617.2903	5.1396	1
75	16.8932	617.9341	5.127	1
75.1	16.9019	618.8942	5.1236	1
75.2	16.9097	620.0134	5.1199	1
75.3	16.9161	621.1449	5.1036	1
75.4	16.9225	621.7876	5.1025	1
75.5	16.9299	622.3746	5.1061	1
75.6	16.9379	623.0807	5.1106	1
75.7	16.9464	623.8818	5.1164	1
75.8	16.955	624.6782	5.1198	1
75.9	16.9639	625.434	5.118	1
76	16.9728	626.3495	5.1239	1
76.1	16.9811	627.2072	5.1299	1
76.2	16.9894	628.1088	5.14	1
76.3	16.9979	628.8638	5.1432	1
76.4	17.0065	629.8173	5.126	1
76.5	17.0146	630.706	5.107	1
76.6	17.0226	631.5025	5.1051	1
76.7	17.0305	632.3587	5.1182	1
76.8	17.0388	633.0946	5.1268	1
76.9	17.0471	633.9498	5.1359	1
77	17.0551	634.8252	5.1444	1
77.1	17.0632	635.6534	5.1347	1
77.2	17.0713	636.5366	5.1168	1
77.3	17.0794	637.3439	5.1145	1
77.4	17.0871	638.2287	5.1109	1
77.5	17.0948	639.0844	5.0986	1
77.6	17.1024	639.8986	5.0971	1
77.7	17.1099	640.7871	5.1041	1
77.8	17.1174	641.5761	5.1052	1
77.9	17.1248	642.481	5.1059	1
78	17.1324	643.2708	5.112	1
78.1	17.1397	644.1496	5.1147	1
78.2	17.1474	644.8859	5.1196	1
78.3	17.1552	645.7189	5.132	1
78.4	17.1629	646.5858	5.1358	1
78.5	17.1706	647.4417	5.1385	1
78.6	17.1781	648.2434	5.142	1
78.7	17.1857	649.0338	5.14	1
78.8	17.1934	649.8569	5.1336	1
78.9	17.2008	650.7632	5.1303	1
79	17.2085	651.5321	5.1322	1
79.1	17.2163	652.4005	5.1383	1
79.2	17.2242	653.2043	5.1412	1
79.3	17.232	653.9943	5.1439	1
79.4	17.2401	654.7844	5.1367	1
79.5	17.248	655.7116	5.1398	1
79.6	17.2556	656.6804	5.1495	1
79.7	17.2632	657.431	5.1657	1
79.8	17.2709	658.1393	5.1631	1
79.9	17.2784	659.1529	5.1468	1
80	17.2849	660.2819	5.1404	1
80.1	17.2898	661.4315	5.1452	1
80.2	17.295	662.0186	5.1374	1
80.3	17.3016	662.3269	5.1326	1
80.4	17.3102	662.8538	5.1137	1
80.5	17.3199	663.4787	5.1307	1
80.6	17.3302	664.3364	5.1419	1
80.7	17.3403	665.2012	5.1335	1
80.8	17.3496	666.2433	5.1221	1
80.9	17.3577	667.3866	5.1118	1
81	17.3652	668.2923	5.115	1
81.1	17.3729	669.0671	5.1183	1
81.2	17.3807	669.8331	5.1198	1
81.3	17.3883	670.7699	5.1207	1
81.4	17.3954	671.69	5.1263	1
81.5	17.4026	672.4575	5.1267	1
81.6	17.4099	673.2866	5.1087	1
81.7	17.4173	674.1328	5.1058	1
81.8	17.4245	675.0235	5.1131	1
81.9	17.4315	675.8791	5.1134	1
82	17.4385	676.6148	5.1049	1
82.1	17.4457	677.4352	5.0898	1
82.2	17.453	678.2956	5.0804	1
82.3	17.4604	679.1399	5.1005	1
82.4	17.468	679.8821	5.1175	1
82.5	17.476	680.6019	5.1111	1
82.6	17.484	681.4903	5.0932	1
82.7	17.4917	682.4431	5.0943	1
82.8	17.4995	683.1068	5.094	1
82.9	17.5078	683.7935	5.0846	1
83	17.5165	684.6799	5.0828	1
83.1	17.525	685.5483	5.0786	1
83.2	17.5337	686.3095	5.0937	1
83.3	17.5429	686.9971	5.1033	1
83.4	17.5522	687.8494	5.1159	1
83.5	17.5613	688.7367	5.1063	1
83.6	17.5703	689.6183	5.0967	1
83.7	17.5798	690.289	5.0951	1
83.8	17.5894	691.1358	5.0965	1
83.9	17.5986	692.0796	5.0985	1
84	17.6074	692.9669	5.1013	1
84.1	17.6161	693.8847	5.1055	1
84.2	17.6248	694.7184	5.1027	1
84.3	17.6331	695.6559	5.0962	1
84.4	17.6413	696.4863	5.0957	1
84.5	17.6494	697.3109	5.0871	1
84.6	17.6574	698.2431	5.0864	1
84.7	17.6653	699.0226	5.0859	1
84.8	17.6732	699.8567	5.1088	1
84.9	17.6811	700.707	5.119	1
85	17.6891	701.4124	5.1102	1
85.1	17.6973	702.2449	5.0993	1
85.2	17.7054	703.1697	5.109	1
85.3	17.7134	703.9844	5.1165	1
85.4	17.7217	704.8093	5.1065	1
85.5	17.7299	705.6607	5.1145	1
85.6	17.7381	706.4205	5.1203	1
85.7	17.7465	707.1908	5.119	1
85.8	17.7551	707.9715	5.1276	1
85.9	17.764	708.8852	5.1248	1
86	17.7726	709.6434	5.1204	1
86.1	17.7813	710.5381	5.1177	1
86.2	17.7897	711.4487	5.1014	1
86.3	17.7974	712.4357	5.1022	1
86.4	17.8038	713.6135	5.1066	1
86.5	17.8098	714.4627	5.107	1
86.6	17.8163	715.1038	5.1146	1
86.7	17.8235	715.8238	5.1219	1
86.8	17.8306	716.6619	5.1212	1
86.9	17.8382	717.4309	5.1157	1
87	17.8459	718.1828	5.1089	1
87.1	17.8538	718.9962	5.0847	1
87.2	17.8614	719.9197	5.0716	1
87.3	17.869	720.7065	5.0739	1
87.4	17.8765	721.5972	5.0822	1
87.5	17.8841	722.3752	5.0985	1
87.6	17.8915	723.3305	5.1137	1
87.7	17.8989	724.0661	5.1171	1
87.8	17.9064	724.8908	5.102	1
87.9	17.9139	725.7896	5.0816	1
88	17.9211	726.6819	5.0625	1
88.1	17.9283	727.5013	5.068	1
88.2	17.9354	728.2968	5.0749	1
88.3	17.9424	729.2044	5.0858	1
88.4	17.9496	730.008	5.1057	1
88.5	17.9566	730.7941	5.1055	1
88.6	17.9637	731.773	5.1018	1
88.7	17.9705	732.5595	5.1037	1
88.8	17.9773	733.368	5.1065	1
88.9	17.9843	734.159	5.1047	1
89	17.9914	734.959	5.0994	1
89.1	17.9984	735.812	5.0849	1
89.2	18.0053	736.6107	5.0707	1
89.3	18.0126	737.4538	5.0712	1
89.4	18.0202	738.2764	5.0797	1
89.5	18.0274	739.1582	5.0851	1
89.6	18.0345	740.0367	5.0824	1
89.7	18.0415	740.8236	5.0872	1
89.8	18.0486	741.6816	5.1055	1
89.9	18.0559	742.4716	5.1083	1
90	18.063	743.2843	5.1033	1
90.1	18.0701	744.1283	5.1143	1
90.2	18.0773	744.9468	5.1193	1
90.3	18.0843	745.8428	5.1157	1
90.4	18.0916	746.6374	5.1232	1
90.5	18.099	747.3808	5.1245	1
90.6	18.1063	748.2862	5.1218	1
90.7	18.1137	749.0562	5.1115	1
90.8	18.1213	749.931	5.1228	1
90.9	18.1288	750.7498	5.1253	1
91	18.136	751.6497	5.1091	1
91.1	18.143	752.5227	5.1007	1
91.2	18.15	753.2431	5.0881	1
91.3	18.1573	754.103	5.0978	1
91.4	18.1643	755.0183	5.1094	1
91.5	18.1712	755.8644	5.1116	1
91.6	18.1782	756.6671	5.1137	1
91.7	18.1852	757.4566	5.1267	1
91.8	18.1918	758.3256	5.1363	1
91.9	18.1986	759.2363	5.1176	1
92	18.2055	759.9989	5.1074	1
92.1	18.2124	760.8461	5.1202	1
92.2	18.2193	761.7404	5.1165	1
92.3	18.2262	762.4957	5.1199	1
92.4	18.2331	763.3216	5.1077	1
92.5	18.2402	764.0958	5.1067	1
92.6	18.2472	764.9804	5.1026	1
92.7	18.2544	765.7582	5.1134	1
92.8	18.2615	766.6053	5.12	1
92.9	18.2687	767.5818	5.1109	1
93	18.2757	768.3659	5.1013	1
93.1	18.2827	769.0978	5.0939	1
93.2	18.2899	769.9515	5.0846	1
93.3	18.2969	770.7776	5.09	1
93.4	18.3043	771.5924	5.1003	1
93.5	18.3115	772.4098	5.1061	1
93.6	18.3187	773.2346	5.0927	1
93.7	18.326	774.2072	5.0885	1
93.8	18.333	774.9839	5.0919	1
93.9	18.3399	775.7997	5.095	1
94	18.3468	776.6872	5.1004	1
94.1	18.3535	777.6146	5.1078	1
94.2	18.3602	778.3697	5.1149	1
94.3	18.367	779.1494	5.0991	1
94.4	18.3738	780.0655	5.0897	1
94.5	18.3805	780.8885	5.1066	1
94.6	18.3869	781.7678	5.1039	1
94.7	18.3935	782.5067	5.0925	1
94.8	18.4002	783.3765	5.102	1
94.9	18.407	784.1751	5.1074	1
95	18.4137	784.9651	5.1061	1
95.1	18.4204	785.8864	5.1088	1
95.2	18.4273	786.6707	5.1061	1
95.3	18.4339	787.6008	5.1	1
95.4	18.4403	788.4429	5.1145	1
95.5	18.4469	789.1723	5.1268	1
95.6	18.454	789.9258	5.1226	1
95.7	18.4613	790.7443	5.1168	1
95.8	18.4687	791.541	5.1018	1
95.9	18.4764	792.3071	5.0989	1
96	18.4845	793.0729	5.1004	1
96.1	18.4928	793.8491	5.0959	1
96.2	18.5009	794.6917	5.0942	1
96.3	18.5088	795.639	5.088	1
96.4	18.5171	796.3426	5.0908	1
96.5	18.5257	797.2491	5.0982	1
96.6	18.5338	798.1261	5.1073	1
96.7	18.5413	799.0157	5.0921	1
96.8	18.5489	799.8932	5.1	1
96.9	18.5568	800.65	5.1089	1
97	18.5646	801.4675	5.1002	1
97.1	18.5726	802.2296	5.1004	1
97.2	18.581	803.0309	5.0995	1
97.3	18.5895	803.8908	5.0988	1
97.4	18.598	804.655	5.0973	1
97.5	18.6065	805.4279	5.0959	1
97.6	18.615	806.3284	5.0952	1
97.7	18.6233	807.2846	5.0992	1
97.8	18.6312	808.2892	5.1069	1
97.9	18.6386	809.0833	5.0937	1
98	18.6458	809.945	5.0837	1
98.1	18.653	810.8491	5.0853	1
98.2	18.6602	811.6072	5.0927	1
98.3	18.6676	812.4521	5.1088	1
98.4	18.675	813.287	5.1248	1
98.5	18.6822	814.0546	5.1236	1
98.6	18.6896	815.0061	5.1233	1
98.7	18.6964	815.9733	5.1217	1
98.8	18.7026	816.8172	5.1244	1
98.9	18.7092	817.5838	5.1206	1
99	18.7156	818.3654	5.1248	1
99.1	18.7221	819.3289	5.1229	1
99.2	18.728	820.2019	5.1128	1
99.3	18.7342	821.03	5.1144	1
99.4	18.7405	821.8018	5.1099	1
99.5	18.7466	822.7149	5.0968	1
99.6	18.7524	823.558	5.1004	1
99.7	18.7583	824.3744	5.1154	1
99.8	18.7644	825.2127	5.1249	1
99.9	18.7702	826.0221	5.1216	1
100	18.7762	826.9302	5.1173	1
100.1	18.7821	827.669	5.1198	1
100.2	18.7881	828.5622	5.1118	1
100.3	18.7941	829.3552	5.104	1
100.4	18.7996	830.2279	5.1022	1
100.5	18.8056	830.9265	5.0978	1
100.6	18.812	831.6845	5.1088	1
100.7	18.8187	832.5388	5.1077	1
100.8	18.8252	833.3309	5.1084	1
100.9	18.8315	834.2139	5.1189	1
101	18.8382	835.0596	5.1108	1
101.1	18.845	835.7554	5.1152	1
101.2	18.8521	836.6963	5.1308	1
101.3	18.8592	837.4021	5.1358	1
101.4	18.866	838.3925	5.1275	1
101.5	18.8726	839.2649	5.1319	1
101.6	18.8793	839.9335	5.1314	1
101.7	18.8862	840.8626	5.1226	1
101.8	18.8931	841.6203	5.111	1
101.9	18.9001	842.4609	5.1188	1
102	18.9072	843.1665	5.1317	1
102.1	18.9144	844.0912	5.1245	1
102.2	18.9215	844.9048	5.1232	1
102.3	18.9286	845.7382	5.1144	1
102.4	18.9357	846.5912	5.1111	1
102.5	18.9432	847.4509	5.1224	1
102.6	18.9501	848.3891	5.1098	1
102.7	18.9568	849.1175	5.0995	1
102.8	18.9638	849.8603	5.109	1
102.9	18.9709	850.8121	5.1042	1
103	18.9777	851.6304	5.0928	1
103.1	18.9844	852.5098	5.0868	1
103.2	18.9911	853.4735	5.0908	1
103.3	18.9973	854.2666	5.1001	1
103.4	19.0034	855.1885	5.1054	1
103.5	19.0097	855.9271	5.1109	1
103.6	19.0163	856.6772	5.1019	1
103.7	19.023	857.4756	5.108	1
103.8	19.0298	858.4114	5.1095	1
103.9	19.0366	859.267	5.1147	1
104	19.0431	860.0098	5.1179	1
104.1	19.0496	860.8973	5.1227	1
104.2	19.0562	861.6739	5.1251	1
104.3	19.0629	862.5657	5.1172	1
104.4	19.0692	863.41	5.1228	1
104.5	19.0757	864.1385	5.1331	1
104.6	19.0828	864.9382	5.1389	1
104.7	19.0902	865.7332	5.1291	1
104.8	19.0978	866.5536	5.129	1
104.9	19.1053	867.355	5.1406	1
105	19.1124	868.167	5.146	1
105.1	19.12	868.9849	5.1368	1
105.2	19.1277	869.8139	5.1409	1
105.3	19.1354	870.6274	5.1573	1
105.4	19.1428	871.5134	5.1462	1
105.5	19.1501	872.3954	5.1241	1
105.6	19.1574	873.2382	5.1069	1
105.7	19.1647	873.9957	5.1058	1
105.8	19.1719	874.9535	5.1036	1
105.9	19.179	875.7807	5.1025	1
106	19.186	876.6655	5.1291	1
106.1	19.1927	877.5551	5.1492	1
106.2	19.1996	878.2768	5.1391	1
106.3	19.2064	879.2022	5.131	1
106.4	19.2131	880.0244	5.1248	1
106.5	19.2197	880.8615	5.1255	1
106.6	19.2265	881.6724	5.1334	1
106.7	19.233	882.549	5.1315	1
106.8	19.2395	883.3983	5.1146	1
106.9	19.2463	884.1387	5.0997	1
107	19.2535	884.8419	5.1059	1
107.1	19.2611	885.6448	5.1148	1
107.2	19.2688	886.4818	5.1209	1
107.3	19.2769	887.2453	5.1299	1
107.4	19.2851	888.108	5.1385	1
107.5	19.2933	888.9756	5.1503	1
107.6	19.3011	889.8046	5.1457	1
107.7	19.3086	890.722	5.1215	1
107.8	19.3159	891.502	5.1059	1
107.9	19.3234	892.3395	5.1062	1
108	19.3309	893.225	5.1151	1
108.1	19.3378	894.055	5.1115	1
108.2	19.3448	894.9789	5.1089	1
108.3	19.3518	895.8161	5.1097	1
108.4	19.3586	896.6944	5.1143	1
108.5	19.3658	897.5082	5.1047	1
108.6	19.3725	898.3391	5.0931	1
108.7	19.3791	899.1729	5.0943	1
108.8	19.386	900.0427	5.0917	1
108.9	19.3926	900.8487	5.0894	1
109	19.3996	901.6921	5.0865	1
109.1	19.4062	902.5321	5.0885	1
109.2	19.4128	903.4055	5.0922	1
109.3	19.4193	904.1632	5.0915	1
109.4	19.426	905.0085	5.0952	1
109.5	19.4329	905.8979	5.0911	1
109.6	19.44	906.5013	5.0945	1
109.7	19.4474	907.3694	5.0954	1
109.8	19.4549	908.2308	5.0838	1
109.9	19.4621	909.0633	5.0932	1
110	19.4696	909.8605	5.0849	1
110.1	19.4773	910.6129	5.0665	1
110.2	19.4849	911.5633	5.0761	1
110.3	19.4924	912.4149	5.0871	1
110.4	19.4998	913.1859	5.0861	1
110.5	19.5073	914.0237	5.0808	1
110.6	19.5145	914.9227	5.0754	1
110.7	19.5216	915.7838	5.0659	1
110.8	19.5289	916.4739	5.0646	1
110.9	19.5365	917.2721	5.0617	1
111	19.5444	918.1629	5.0566	1
111.1	19.5524	918.9072	5.0714	1
111.2	19.5603	919.7291	5.0774	1
111.3	19.5683	920.6006	5.0827	1
111.4	19.5762	921.415	5.0817	1
111.5	19.5841	922.2538	5.0835	1
111.6	19.592	923.1871	5.0819	1
111.7	19.6	923.9028	5.0936	1
111.8	19.608	924.7754	5.0988	1
111.9	19.6159	925.6591	5.0912	1
112	19.6232	926.4799	5.0886	1
112.1	19.6306	927.3883	5.0947	1
112.2	19.6381	928.2321	5.0908	1
112.3	19.6455	929.0477	5.0955	1
112.4	19.6529	929.9624	5.108	1
112.5	19.6598	930.8489	5.1101	1
112.6	19.6666	931.7045	5.1064	1
112.7	19.6737	932.4224	5.1056	1
112.8	19.681	933.2868	5.1135	1
112.9	19.6879	934.1878	5.1061	1
113	19.6943	935.1164	5.0901	1
113.1	19.7008	935.8758	5.0961	1
113.2	19.7074	936.7025	5.1021	1
113.3	19.714	937.5643	5.0981	1
113.4	19.7209	938.2913	5.0887	1
113.5	19.7282	939.0427	5.0868	1
113.6	19.7356	939.8666	5.0959	1
113.7	19.743	940.7766	5.0973	1
113.8	19.7501	941.6251	5.1004	1
113.9	19.7572	942.4304	5.0962	1
114	19.7644	943.2344	5.088	1
114.1	19.7718	944.0752	5.0901	1
114.2	19.7788	944.9695	5.0947	1
114.3	19.7858	945.7445	5.0933	1
114.4	19.7929	946.695	5.0917	1
114.5	19.7998	947.5559	5.0963	1
114.6	19.8063	948.3603	5.0885	1
114.7	19.8129	949.2397	5.0961	1
114.8	19.8195	950.0842	5.0993	1
114.9	19.8255	951.0236	5.0955	1
115	19.8314	951.8368	5.1036	1
115.1	19.8374	952.5978	5.115	1
115.2	19.8437	953.5267	5.1176	1
115.3	19.8497	954.3496	5.1188	1
115.4	19.8554	955.2335	5.1154	1
115.5	19.8611	956.0859	5.101	1
115.6	19.8666	956.9479	5.0979	1
115.7	19.8721	957.7806	5.1058	1
115.8	19.8778	958.5668	5.0908	1
115.9	19.8836	959.3506	5.0789	1
116	19.8895	960.1925	5.0795	1
116.1	19.8953	961.036	5.0988	1
116.2	19.9012	961.8686	5.1098	1
116.3	19.9068	962.6844	5.1031	1
116.4	19.9125	963.6523	5.0968	1
116.5	19.9181	964.3987	5.1105	1
116.6	19.9236	965.2537	5.1173	1
116.7	19.9296	965.9232	5.1215	1
116.8	19.9357	966.6704	5.107	1
116.9	19.9418	967.6173	5.0869	1
117	19.9474	968.568	5.083	1
117.1	19.9531	969.4442	5.0811	1
117.2	19.9587	970.2485	5.0822	1
117.3	19.9644	970.9978	5.0933	1
117.4	19.9701	971.8143	5.0946	1
117.5	19.976	972.6344	5.0945	1
117.6	19.9818	973.5165	5.0838	1
117.7	19.9877	974.2896	5.0899	1
117.8	19.9938	975.067	5.0927	1
117.9	19.9999	975.9617	5.0919	1
118	20.0056	976.814	5.0973	1
118.1	20.0114	977.7354	5.0988	1
118.2	20.0173	978.5082	5.0883	1
118.3	20.0231	979.3184	5.0935	1
118.4	20.0288	980.1968	5.0954	1
118.5	20.0346	980.9419	5.0901	1
118.6	20.0405	981.787	5.1011	1
118.7	20.0465	982.6255	5.1052	1
118.8	20.0529	983.4066	5.1002	1
118.9	20.0596	984.2034	5.0989	1
119	20.066	984.9767	5.095	1
119.1	20.0726	985.7934	5.1009	1
119.2	20.0796	986.5984	5.091	1
119.3	20.0869	987.3998	5.0839	1
119.4	20.0942	988.0518	5.0902	2
119.5	20.1019	988.8866	5.0902	2
119.6	20.1099	989.7596	5.0812	2
119.7	20.1177	990.4337	5.0736	2
119.8	20.1256	991.2378	5.0939	2
119.9	20.1331	991.4013	5.0878	2
120	20.14	991.4602	5.0687	2
120.1	20.147	991.5327	5.0674	2
120.2	20.154	991.6193	5.0728	2
120.3	20.1606	991.541	5.0688	2
120.4	20.1676	991.5398	5.0727	2
120.5	20.1745	991.5744	5.0799	2
120.6	20.1811	991.55	5.0861	2
120.7	20.1875	991.6368	5.0973	2
120.8	20.1936	991.6945	5.0889	2
120.9	20.2	991.6392	5.0815	2
121	20.206	991.6449	5.091	2
121.1	20.2124	991.7204	5.095	2
121.2	20.2182	991.7849	5.091	2
121.3	20.2238	991.883	5.0879	2
121.4	20.2292	991.8275	5.0943	2
121.5	20.2344	991.9083	5.093	2
121.6	20.2395	991.8932	5.0915	2
121.7	20.2444	991.9298	5.095	2
121.8	20.2495	991.9128	5.0894	2
121.9	20.2544	991.9213	5.0919	2
122	20.2592	992.048	5.0968	2
122.1	20.2638	991.9531	5.0989	2
122.2	20.2684	992.0436	5.0904	2
122.3	20.2726	992.0436	5.0954	2
122.4	20.2766	992.0793	5.094	2
122.5	20.2804	992.1591	5.0833	2
122.6	20.2841	992.2119	5.0938	2
122.7	20.2875	992.2534	5.0983	2
122.8	20.2909	992.2601	5.1024	2
122.9	20.2943	992.2342	5.1031	2
123	20.2976	992.2403	5.1001	2
123.1	20.301	992.2102	5.107	2
123.2	20.3042	992.2824	5.1129	2
123.3	20.3074	992.2722	5.1029	2
123.4	20.3104	992.2617	5.0963	2
123.5	20.3134	992.3083	5.1003	2
123.6	20.3164	992.2786	5.1073	2
123.7	20.3191	992.3565	5.1008	2
123.8	20.3219	992.3023	5.1011	2
123.9	20.3247	992.2783	5.1047	2
124	20.3275	992.393	5.102	2
124.1	20.3301	992.3024	5.094	2
124.2	20.3328	992.3518	5.1032	2
124.3	20.3353	992.3854	5.1066	2
124.4	20.3376	992.4159	5.0917	2
124.5	20.34	992.3807	5.0866	2
124.6	20.3424	992.3703	5.0981	2
124.7	20.3447	992.4159	5.11	2
124.8	20.3467	992.4043	5.1084	2
124.9	20.3486	992.422	5.1014	2
125	20.3507	992.395	5.0885	2
125.1	20.3531	992.3782	5.076	2
125.2	20.3554	992.3962	5.0878	2
125.3	20.3575	992.4597	5.0808	2
125.4	20.3594	992.4632	5.0811	2
125.5	20.3614	992.3982	5.0974	2
125.6	20.3634	992.4604	5.1	2
125.7	20.3653	992.425	5.0995	2
125.8	20.3674	992.4448	5.1065	2
125.9	20.3693	992.4036	5.1037	2
126	20.3713	992.3823	5.0919	2
126.1	20.3733	992.3915	5.0907	2
126.2	20.3751	992.4073	5.0877	2
126.3	20.3769	992.4242	5.0815	2
126.4	20.379	992.3773	5.0913	2
126.5	20.3811	992.3541	5.0968	2
126.6	20.3833	992.4098	5.1023	2
126.7	20.3852	992.3669	5.1041	2
126.8	20.3874	992.3528	5.1032	2
126.9	20.3898	992.2836	5.0969	2
127	20.3922	992.3885	5.1117	2
127.1	20.3943	992.4149	5.1253	2
127.2	20.3963	992.3258	5.1316	2
127.3	20.3986	992.2902	5.1246	2
127.4	20.401	992.3268	5.1153	2
127.5	20.4032	992.3624	5.1213	2
127.6	20.4052	992.3734	5.1387	2
127.7	20.4072	992.402	5.1303	2
127.8	20.4091	992.3814	5.1148	2
127.9	20.4111	992.3893	5.1251	2
128	20.413	992.4073	5.1413	2
128.1	20.4148	992.4433	5.1411	2
128.2	20.4166	992.3948	5.1327	2
128.3	20.4184	992.4066	5.1301	2
128.4	20.4203	992.3627	5.1208	2
128.5	20.4222	992.39	5.1163	2
128.6	20.4242	992.3547	5.1233	2
128.7	20.4263	992.3227	5.1354	2
128.8	20.4284	992.3456	5.1233	2
128.9	20.4305	992.353	5.1175	2
129	20.4324	992.3819	5.1052	2
129.1	20.4341	992.4163	5.0903	2
129.2	20.4358	992.4009	5.103	2
129.3	20.4374	992.4873	5.1106	2
129.4	20.4388	992.4843	5.1125	2
129.5	20.4402	992.4491	5.1091	2
129.6	20.4418	992.4119	5.1054	2
129.7	20.4433	992.4981	5.1085	2
129.8	20.4445	992.5476	5.1056	2
129.9	20.4457	992.5171	5.1071	2
130	20.4469	992.5183	5.1085	2
130.1	20.4482	992.4895	5.1044	2
130.2	20.4493	992.5056	5.1184	2
130.3	20.4502	992.6136	5.1231	2
130.4	20.4512	992.6062	5.1093	2
130.5	20.4521	992.5843	5.0838	2
130.6	20.453	992.5198	5.0885	2
130.7	20.4539	992.5276	5.0819	2
130.8	20.4554	992.3816	5.0725	2
130.9	20.4578	992.1991	5.0723	2
131	20.4607	992.088	5.0681	2
131.1	20.4637	992.0539	5.068	2
131.2	20.4667	992.0872	5.0709	2
131.3	20.4696	992.1623	5.0653	2
131.4	20.4722	992.1524	5.0678	2
131.5	20.4747	992.2271	5.0768	2
131.6	20.4773	992.0957	5.0823	2
131.7	20.48	992.203	5.0867	2
131.8	20.4828	992.159	5.0884	2
131.9	20.4856	992.1335	5.0651	2
132	20.4885	992.1367	5.068	2
132.1	20.491	992.1823	5.0838	2
132.2	20.4933	992.3138	5.0878	2
132.3	20.4956	992.2591	5.0966	2
132.4	20.4979	992.3131	5.1005	2
132.5	20.5002	992.2868	5.1019	2
132.6	20.5021	992.3307	5.1025	2
132.7	20.5039	992.3822	5.0946	2
132.8	20.5057	992.3269	5.0863	2
132.9	20.5074	992.3624	5.0875	2
133	20.509	992.4473	5.1027	2
133.1	20.5106	992.3775	5.1035	2
133.2	20.5122	992.435	5.105	2
133.3	20.5135	992.4866	5.1093	2
133.4	20.5146	992.5661	5.1092	2
133.5	20.5155	992.5636	5.1037	2
133.6	20.5165	992.5105	5.1072	2
133.7	20.5174	992.5889	5.1264	2
133.8	20.518	992.7244	5.1184	2
133.9	20.5182	992.6391	5.1076	2
134	20.5184	992.6358	5.1042	2
134.1	20.5189	992.6567	5.0967	2
134.2	20.5194	992.6363	5.1083	2
134.3	20.5201	992.5606	5.115	2
134.4	20.521	992.5464	5.1107	2
134.5	20.5219	992.6236	5.107	2
134.6	20.5225	992.6202	5.1086	2
134.7	20.523	992.5871	5.1088	2
134.8	20.5238	992.5279	5.1171	2
134.9	20.5248	992.6084	5.1188	2
135	20.5254	992.5911	5.1138	2
135.1	20.5262	992.4795	5.1082	2
135.2	20.5271	992.5052	5.1105	2
135.3	20.528	992.49	5.1204	2
135.4	20.5288	992.5414	5.1151	2
135.5	20.5296	992.6058	5.116	2
135.6	20.5304	992.525	5.1035	2
135.7	20.5312	992.5079	5.0912	2
135.8	20.5323	992.4772	5.0888	2
135.9	20.5331	992.5842	5.105	2
136	20.5336	992.6197	5.1072	2
136.1	20.5339	992.5969	5.1059	2
136.2	20.5342	992.664	5.1111	2
136.3	20.5344	992.7361	5.113	2
136.4	20.5344	992.6568	5.1135	2
136.5	20.5346	992.6785	5.107	2
136.6	20.5347	992.7324	5.0932	2
136.7	20.5348	992.6782	5.0976	2
136.8	20.535	992.6936	5.1184	2
136.9	20.5352	992.6956	5.1267	2
137	20.5356	992.6233	5.1187	2
137.1	20.5361	992.4446	5.1264	2
137.2	20.5367	992.6606	5.1202	2
137.3	20.5371	992.5927	5.1165	2
137.4	20.5374	992.6253	5.1269	2
137.5	20.5377	992.6871	5.1239	2
137.6	20.5378	992.6398	5.1339	2
137.7	20.538	992.6319	5.1283	2
137.8	20.5385	992.6013	5.1192	2
137.9	20.5391	992.586	5.1161	2
138	20.5395	992.6285	5.1173	2
138.1	20.5398	992.6391	5.1229	2
138.2	20.5398	992.5625	5.1229	2
138.3	20.5402	992.6072	5.1079	2
138.4	20.5406	992.6637	5.0987	2
138.5	20.5408	992.6341	5.1071	2
138.6	20.5412	992.6048	5.1313	2
138.7	20.5415	992.5984	5.1273	2
138.8	20.5416	992.6758	5.1124	2
138.9	20.5419	992.6847	5.1227	2
139	20.5421	992.6098	5.1216	2
139.1	20.5424	992.6071	5.1259	2
139.2	20.5429	992.5874	5.1238	2
139.3	20.5433	992.4963	5.1242	2
139.4	20.5441	992.4982	5.1252	2
139.5	20.5454	992.4112	5.1173	2
139.6	20.5465	992.454	5.1072	2
139.7	20.5476	992.4813	5.1131	2
139.8	20.5485	992.4118	5.1178	2
139.9	20.5498	992.3972	5.1149	2
140	20.5511	992.3875	5.1198	2
140.1	20.5523	992.4243	5.1277	2
140.2	20.5536	992.442	5.1191	2
140.3	20.5548	992.3772	5.1135	2
140.4	20.556	992.4168	5.1139	2
140.5	20.5573	992.3272	5.119	2
140.6	20.5586	992.354	5.1316	2
140.7	20.5598	992.3306	5.1363	2
140.8	20.561	992.3133	5.1246	2
140.9	20.5624	992.3278	5.1177	2
141	20.5641	992.3014	5.124	2
141.1	20.5655	992.3427	5.1265	2
141.2	20.5668	992.4573	5.1343	2
141.3	20.568	992.3538	5.1384	2
141.4	20.5693	992.3979	5.1328	2
141.5	20.5706	992.3598	5.1199	2
141.6	20.572	992.3297	5.0995	2
141.7	20.5736	992.3755	5.11	2
141.8	20.575	992.3863	5.1033	2
141.9	20.5761	992.3627	5.0959	2
142	20.5772	992.4379	5.1025	2
142.1	20.5785	992.4959	5.1033	2
142.2	20.5795	992.4766	5.0964	2
142.3	20.5804	992.5092	5.1102	2
142.4	20.5813	992.4979	5.1144	2
142.5	20.5823	992.4603	5.1212	2
142.6	20.5834	992.4183	5.1171	2
142.7	20.5845	992.3789	5.1157	2
142.8	20.5858	992.3488	5.1171	2
142.9	20.5871	992.3475	5.1089	2
143	20.5885	992.3941	5.1053	2
143.1	20.5897	992.4547	5.1148	2
143.2	20.5909	992.4696	5.1072	2
143.3	20.5918	992.4072	5.105	2
143.4	20.593	992.3889	5.1097	2
143.5	20.5941	992.4067	5.1152	2
143.6	20.5953	992.4159	5.111	2
143.7	20.5966	992.3887	5.1012	2
143.8	20.5978	992.4761	5.0961	2
143.9	20.5988	992.4569	5.0973	2
144	20.5998	992.4605	5.1078	2
144.1	20.6006	992.5538	5.1122	2
144.2	20.6011	992.4609	5.1026	2
144.3	20.6017	992.6065	5.0929	2
144.4	20.6022	992.5907	5.0831	2
144.5	20.6026	992.5753	5.0931	2
144.6	20.6032	992.5253	5.1054	2
144.7	20.6039	992.5595	5.0932	2
144.8	20.6045	992.5291	5.0856	2
144.9	20.6051	992.4858	5.1026	2
145	20.606	992.5097	5.1089	2
145.1	20.607	992.4369	5.1022	2
145.2	20.6081	992.3786	5.1031	2
145.3	20.6095	992.4218	5.1113	2
145.4	20.6106	992.4219	5.1197	2
145.5	20.6116	992.4814	5.1153	2
145.6	20.6124	992.4721	5.1225	2
145.7	20.6133	992.5225	5.1186	2
145.8	20.6139	992.5099	5.1241	2
145.9	20.6149	992.4405	5.1212	2
146	20.6158	992.4269	5.1229	2
146.1	20.6171	992.4073	5.1247	2
146.2	20.6182	992.345	5.1232	2
146.3	20.6197	992.2759	5.1221	2
146.4	20.6214	992.3237	5.1194	2
146.5	20.6228	992.3521	5.1265	2
146.6	20.6244	992.2804	5.1232	2
146.7	20.6259	992.4024	5.1282	2
146.8	20.6273	992.3526	5.1256	2
146.9	20.6289	992.3446	5.1238	2
147	20.6305	992.3457	5.11	2
147.1	20.6322	992.2823	5.1133	2
147.2	20.634	992.2434	5.1185	2
147.3	20.636	992.2421	5.1186	2
147.4	20.6376	992.3318	5.1309	2
147.5	20.6392	992.2925	5.1402	2
147.6	20.6406	992.352	5.1356	2
147.7	20.6421	992.3675	5.1306	2
147.8	20.6432	992.4152	5.1275	2
147.9	20.6446	992.422	5.127	2
148	20.6457	992.3992	5.1206	2
148.1	20.6468	992.4277	5.1207	2
148.2	20.648	992.3775	5.1144	2
148.3	20.6494	992.2814	5.1175	2
148.4	20.6512	992.2737	5.1008	2
148.5	20.6532	992.2312	5.1024	2
148.6	20.655	992.2662	5.1194	2
148.7	20.6566	992.2741	5.1143	2
148.8	20.658	992.3852	5.1138	2
148.9	20.6591	992.4888	5.1114	2
149	20.66	992.4661	5.1034	2
149.1	20.6606	992.5293	5.1003	2
149.2	20.6614	992.4625	5.1109	2
149.3	20.6622	992.4857	5.1172	2
149.4	20.6633	992.4251	5.1196	3
149.5	20.6645	992.4342	5.1284	3
149.6	20.6658	992.3972	5.1217	3
149.7	20.6669	992.3449	5.1173	3
149.8	20.6681	992.2042	5.1274	3
149.9	20.669	991.6445	5.1299	3
150	20.6693	990.9497	5.1084	3
150.1	20.6696	990.0965	5.1041	3
150.2	20.6696	989.3136	5.1151	3
150.3	20.6694	988.5328	5.1158	3
150.4	20.6685	987.8187	5.1164	3
150.5	20.6676	987.12	5.1159	3
150.6	20.6665	986.1155	5.1246	3
150.7	20.6653	985.3231	5.1282	3
150.8	20.6642	984.5338	5.1103	3
150.9	20.6631	983.6825	5.1027	3
151	20.6622	982.8077	5.1069	3
151.1	20.6613	981.9744	5.1082	3
151.2	20.6605	981.132	5.1137	3
151.3	20.6595	980.2589	5.1008	3
151.4	20.6585	979.5213	5.1051	3
151.5	20.6572	978.7376	5.1157	3
151.6	20.6558	977.9334	5.1122	3
151.7	20.6544	977.0736	5.1074	3
151.8	20.6531	976.2479	5.108	3
151.9	20.6516	975.4421	5.1022	3
152	20.6499	974.6375	5.0927	3
152.1	20.6481	973.8459	5.1105	3
152.2	20.6464	972.9679	5.1275	3
152.3	20.6446	972.1351	5.1207	3
152.4	20.6428	971.3484	5.1036	3
152.5	20.6408	970.5566	5.1043	3
152.6	20.6387	969.7038	5.1021	3
152.7	20.6367	968.8247	5.1022	3
152.8	20.6346	968.0258	5.1118	3
152.9	20.6325	967.2378	5.1024	3
153	20.6303	966.4092	5.0798	3
153.1	20.6283	965.5232	5.0775	3
153.2	20.6266	964.6405	5.0834	3
153.3	20.6248	963.7921	5.0827	3
153.4	20.6229	963.0725	5.083	3
153.5	20.621	962.1891	5.0828	3
153.6	20.6193	961.3632	5.0862	3
153.7	20.6175	960.3496	5.103	3
153.8	20.6159	959.5724	5.1026	3
153.9	20.6144	958.7837	5.0788	3
154	20.6125	958.0093	5.0849	3
154.1	20.6103	957.2101	5.0964	3
154.2	20.6083	956.366	5.0903	3
154.3	20.6063	955.5359	5.0848	3
154.4	20.6043	954.644	5.0879	3
154.5	20.6023	953.7974	5.0937	3
154.6	20.6004	952.9567	5.0824	3
154.7	20.5986	952.1218	5.0733	3
154.8	20.5967	951.4015	5.0816	3
154.9	20.5942	950.6805	5.0922	3
155	20.5912	949.8725	5.0867	3
155.1	20.5884	949.0734	5.0881	3
155.2	20.5855	948.2556	5.088	3
155.3	20.5826	947.3446	5.0955	3
155.4	20.5798	946.5309	5.108	3
155.5	20.5769	945.7028	5.1189	3
155.6	20.5738	944.8902	5.1079	3
155.7	20.5709	944.0567	5.0799	3
155.8	20.568	943.1882	5.0998	3
155.9	20.5651	942.4015	5.1006	3
156	20.5623	941.5126	5.0669	3
156.1	20.5598	940.7084	5.0749	3
156.2	20.5572	939.9132	5.0896	3
156.3	20.5542	939.0974	5.0905	3
156.4	20.551	938.3537	5.0906	3
156.5	20.5477	937.4765	5.086	3
156.6	20.5442	936.6654	5.1015	3
156.7	20.5409	935.7627	5.1026	3
156.8	20.5378	934.8691	5.0821	3
156.9	20.5348	934.0342	5.085	3
157	20.5319	933.1634	5.0912	3
157.1	20.5289	932.2904	5.091	3
157.2	20.5265	931.431	5.0923	3
157.3	20.5241	930.6336	5.0958	3
157.4	20.5215	929.8589	5.0983	3
157.5	20.5192	928.8218	5.0993	3
157.6	20.5171	928.0051	5.093	3
157.7	20.5151	927.1559	5.0959	3
157.8	20.5129	926.3232	5.1099	3
157.9	20.5108	925.544	5.1015	3
158	20.5084	924.7476	5.088	3
158.1	20.5058	923.9534	5.0831	3
158.2	20.5031	923.1681	5.0923	3
158.3	20.5003	922.3208	5.0895	3
158.4	20.4973	921.5398	5.0924	3
158.5	20.4945	920.6889	5.098	3
158.6	20.4916	919.7993	5.1039	3
158.7	20.4887	918.9995	5.1039	3
158.8	20.4857	918.1993	5.0957	3
158.9	20.483	917.2838	5.0956	3
159	20.4805	916.5023	5.1093	3
159.1	20.4776	915.7358	5.0992	3
159.2	20.4745	914.8725	5.0884	3
159.3	20.4714	914.017	5.0869	3
159.4	20.4684	913.2407	5.0877	3
159.5	20.4654	912.4384	5.1	3
159.6	20.4623	911.6192	5.1054	3
159.7	20.459	910.7591	5.0919	3
159.8	20.4555	910.0406	5.0928	3
159.9	20.452	909.1748	5.0999	3
160	20.4483	908.3421	5.097	3
160.1	20.4447	907.5383	5.099	3
160.2	20.441	906.6759	5.1078	3
160.3	20.4369	905.9609	5.0991	3
160.4	20.4326	905.1393	5.0966	3
160.5	20.4285	904.3437	5.0926	3
160.6	20.4243	903.4901	5.093	3
160.7	20.4202	902.559	5.0903	3
160.8	20.4161	901.776	5.0746	3
160.9	20.4123	900.8937	5.0796	3
161	20.4083	900.1233	5.0914	3
161.1	20.4042	899.274	5.092	3
161.2	20.4002	898.4001	5.0914	3
161.3	20.3963	897.5668	5.0876	3
161.4	20.3922	896.7602	5.087	3
161.5	20.3883	895.8951	5.0906	3
161.6	20.3843	895.1207	5.0816	3
161.7	20.3803	894.2539	5.0873	3
161.8	20.3764	893.3668	5.0902	3
161.9	20.3726	892.5588	5.0635	3
162	20.3688	891.7288	5.0557	3
162.1	20.3648	890.9424	5.053	3
162.2	20.3604	890.1684	5.0539	3
162.3	20.3562	889.2316	5.0594	3
162.4	20.3521	888.5219	5.0687	3
162.5	20.3475	887.6899	5.0682	3
162.6	20.3426	886.9034	5.0667	3
162.7	20.3381	886.0248	5.0777	3
162.8	20.3335	885.3	5.0759	3
162.9	20.3287	884.4731	5.0695	3
163	20.3237	883.5708	5.0635	3
163.1	20.319	882.7903	5.0699	3
163.2	20.3141	881.8684	5.0761	3
163.3	20.3092	881.0834	5.0888	3
163.4	20.3044	880.2886	5.0753	3
163.5	20.2996	879.3738	5.0572	3
163.6	20.295	878.4739	5.068	3
163.7	20.2906	877.753	5.0728	3
163.8	20.2859	876.8704	5.076	3
163.9	20.2815	875.9585	5.0741	3
164	20.277	875.1446	5.072	3
164.1	20.2724	874.3308	5.072	3
164.2	20.268	873.5227	5.067	3
164.3	20.2638	872.5938	5.0551	3
164.4	20.2595	871.8377	5.0653	3
164.5	20.255	871.0314	5.0754	3
164.6	20.2508	870.1142	5.0806	3
164.7	20.2467	869.25	5.0808	3
164.8	20.2425	868.4595	5.0753	3
164.9	20.2378	867.6808	5.0667	3
165	20.2336	866.8035	5.0728	3
165.1	20.2296	865.9687	5.0863	3
165.2	20.2249	865.1807	5.0881	3
165.3	20.2202	864.4111	5.0895	3
165.4	20.2159	863.3571	5.0756	3
165.5	20.2119	862.4592	5.0632	3
165.6	20.2085	861.6288	5.064	3
165.7	20.2055	860.7287	5.0754	3
165.8	20.2027	859.8367	5.0755	3
165.9	20.2001	858.909	5.0781	3
166	20.1974	858.1325	5.0774	3
166.1	20.1943	857.4631	5.0593	3
166.2	20.1909	856.5594	5.0573	3
166.3	20.1877	855.6735	5.0625	3
166.4	20.1851	854.8092	5.0664	3
166.5	20.1821	854.0261	5.0693	3
166.6	20.1789	853.2893	5.0627	3
166.7	20.1757	852.388	5.058	3
166.8	20.1724	851.5815	5.0622	3
166.9	20.1693	850.7979	5.0778	3
167	20.1658	849.94	5.0942	3
167.1	20.1622	849.1676	5.0978	3
167.2	20.1585	848.3062	5.092	3
167.3	20.1547	847.5774	5.0812	3
167.4	20.1506	846.7715	5.0831	3
167.5	20.1463	845.9901	5.0836	3
167.6	20.1417	845.2509	5.0805	3
167.7	20.137	844.3816	5.0801	3
167.8	20.1322	843.6098	5.0856	3
167.9	20.1275	842.7934	5.0779	3
168	20.1225	841.9528	5.0851	3
168.1	20.1174	841.1849	5.0927	3
168.2	20.1121	840.3412	5.0926	3
168.3	20.1066	839.5508	5.0965	3
168.4	20.101	838.749	5.0935	3
168.5	20.0953	837.9742	5.0759	3
168.6	20.0897	837.0383	5.0803	3
168.7	20.0844	836.227	5.0875	3
168.8	20.0787	835.4908	5.0939	3
168.9	20.0726	834.7112	5.0984	3
169	20.0669	833.7645	5.0863	3
169.1	20.0613	832.8882	5.0778	3
169.2	20.0557	832.1588	5.0731	3
169.3	20.0495	831.2741	5.0828	3
169.4	20.0434	830.4458	5.0856	3
169.5	20.0379	829.6133	5.0789	3
169.6	20.0323	828.7434	5.0738	3
169.7	20.0266	827.8812	5.0712	3
169.8	20.0212	826.9996	5.0731	3
169.9	20.0159	826.152	5.0773	3
170	20.0105	825.3542	5.0896	3
170.1	20.0052	824.4959	5.0787	3
170.2	20	823.6703	5.0814	3
170.3	19.9951	822.7726	5.0887	3
170.4	19.9901	821.9256	5.0885	3
170.5	19.985	821.1149	5.078	3
170.6	19.9797	820.3008	5.0595	3
170.7	19.9745	819.5142	5.0629	3
170.8	19.9692	818.7298	5.0779	3
170.9	19.9641	817.8286	5.0852	3
171	19.9588	816.9861	5.0895	3
171.1	19.9533	816.2424	5.0931	3
171.2	19.9477	815.3326	5.0974	3
171.3	19.9423	814.5166	5.1013	3
171.4	19.9368	813.8173	5.1015	3
171.5	19.931	812.9491	5.0959	3
171.6	19.9251	812.1692	5.1003	3
171.7	19.9194	811.2834	5.1029	3
171.8	19.9136	810.4348	5.0914	3
171.9	19.9077	809.6385	5.0854	3
172	19.9018	808.8261	5.091	3
172.1	19.8962	807.9106	5.1054	3
172.2	19.8909	807.0042	5.1122	3
172.3	19.8856	806.1619	5.1164	3
172.4	19.8801	805.3458	5.1105	3
172.5	19.8745	804.5774	5.1096	3
172.6	19.8688	803.8048	5.1048	3
172.7	19.8628	803.0594	5.1063	3
172.8	19.8569	802.1342	5.1039	3
172.9	19.8509	801.2796	5.1019	3
173	19.8449	800.4842	5.099	3
173.1	19.839	799.6054	5.0935	3
173.2	19.8336	798.6751	5.0745	3
173.3	19.8284	797.7884	5.071	3
173.4	19.8232	796.9381	5.0882	3
173.5	19.8184	796.0907	5.0995	3
173.6	19.8139	795.1492	5.0888	3
173.7	19.8095	794.3019	5.0842	3
173.8	19.8052	793.3955	5.0747	3
173.9	19.8011	792.5883	5.0704	3
174	19.7971	791.7818	5.0676	3
174.1	19.7925	790.9488	5.0832	3
174.2	19.7879	790.2045	5.0899	3
174.3	19.7832	789.4101	5.0742	3
174.4	19.7783	788.5951	5.0794	3
174.5	19.7734	787.7902	5.0838	3
174.6	19.7683	786.9247	5.0793	3
174.7	19.7633	786.0982	5.0696	3
174.8	19.7583	785.3074	5.048	3
174.9	19.7534	784.3397	5.055	3
175	19.7487	783.5128	5.0603	3
175.1	19.7441	782.6972	5.0614	3
175.2	19.7392	781.9046	5.0627	3
175.3	19.7341	781.0846	5.0559	3
175.4	19.7292	780.3002	5.0499	3
175.5	19.7242	779.537	5.0535	3
175.6	19.7187	778.6542	5.0687	3
175.7	19.7131	777.9123	5.0688	3
175.8	19.7076	777.0407	5.0716	3
175.9	19.7022	776.1373	5.0794	3
176	19.697	775.3194	5.0726	3
176.1	19.692	774.431	5.0686	3
176.2	19.6868	773.6809	5.0792	3
176.3	19.6815	772.8157	5.0853	3
176.4	19.6761	771.9639	5.0793	3
176.5	19.671	771.2006	5.0811	3
176.6	19.6656	770.3223	5.075	3
176.7	19.6603	769.5014	5.0669	3
176.8	19.6553	768.6671	5.0721	3
176.9	19.6504	767.8181	5.0562	3
177	19.6451	766.9888	5.0555	3
177.1	19.64	766.1125	5.0695	3
177.2	19.6348	765.3067	5.0777	3
177.3	19.6294	764.4922	5.0728	3
177.4	19.624	763.7072	5.0773	3
177.5	19.6187	762.8488	5.0788	3
177.6	19.6132	762.0223	5.0948	3
177.7	19.6078	761.2042	5.0912	3
177.8	19.6022	760.4145	5.0757	3
177.9	19.5967	759.5909	5.0696	3
178	19.591	758.6987	5.0689	3
178.1	19.5854	757.8902	5.0697	3
178.2	19.58	756.992	5.0789	3
178.3	19.5747	756.2841	5.0977	3
178.4	19.5691	755.4061	5.1101	3
178.5	19.5633	754.5506	5.1064	3
178.6	19.5577	753.7534	5.0867	3
178.7	19.5519	752.9748	5.0794	3
178.8	19.5459	752.1417	5.0715	3
178.9	19.5401	751.2593	5.0677	3
179	19.5345	750.4086	5.0785	3
179.1	19.5287	749.648	5.0836	3
179.2	19.5228	748.8367	5.0819	3
179.3	19.517	747.9708	5.075	3
179.4	19.511	747.1617	5.0817	3
179.5	19.5049	746.4079	5.0883	3
179.6	19.4988	745.4886	5.0939	3
179.7	19.4925	744.6693	5.0867	3
179.8	19.4863	743.7872	5.0761	3
179.9	19.4803	743.0039	5.0861	3
180	19.4744	742.1331	5.0975	3
180.1	19.4684	741.3061	5.0896	3
180.2	19.4624	740.4852	5.0905	3
180.3	19.4561	739.7027	5.1071	3
180.4	19.45	738.9491	5.113	3
180.5	19.4433	738.0878	5.1197	3
180.6	19.4368	737.2444	5.1292	3
180.7	19.4304	736.4038	5.1303	3
180.8	19.4237	735.6316	5.1164	3
180.9	19.4172	734.7909	5.1165	3
181	19.4103	733.9076	5.1214	3
181.1	19.4039	733.117	5.111	3
181.2	19.3972	732.1842	5.1009	3
181.3	19.3907	731.4946	5.1026	3
181.4	19.3837	730.685	5.0989	3
181.5	19.3768	729.8941	5.1153	3
181.6	19.3699	729.0193	5.109	3
181.7	19.3633	728.1646	5.1058	3
181.8	19.3564	727.303	5.0964	3
181.9	19.3495	726.4722	5.1014	3
182	19.3424	725.6646	5.1129	3
182.1	19.3359	724.7826	5.1072	3
182.2	19.3295	723.9138	5.0949	3
182.3	19.3236	722.8798	5.085	3
182.4	19.3182	721.8821	5.0818	3
182.5	19.3137	720.9108	5.0702	3
182.6	19.3096	720.0407	5.0786	3
182.7	19.3059	719.0873	5.0879	3
182.8	19.3025	718.3478	5.098	3
182.9	19.2984	717.5655	5.0934	3
183	19.2939	716.8372	5.0876	3
183.1	19.2894	715.9683	5.0915	3
183.2	19.2845	715.2614	5.0932	3
183.3	19.2796	714.3772	5.0966	3
183.4	19.2749	713.506	5.119	3
183.5	19.27	712.749	5.1311	3
183.6	19.2651	711.8965	5.1144	3
183.7	19.2599	711.1448	5.0935	3
183.8	19.2547	710.2514	5.1029	3
183.9	19.2495	709.467	5.1023	3
184	19.2442	708.7608	5.0965	3
184.1	19.2385	707.8881	5.1171	3
184.2	19.2328	707.1869	5.1214	3
184.3	19.2269	706.3324	5.1131	3
184.4	19.2206	705.4904	5.1133	3
184.5	19.2145	704.7053	5.1141	3
184.6	19.208	703.8364	5.0982	3
184.7	19.2015	703.1494	5.0947	3
184.8	19.195	702.2219	5.1061	3
184.9	19.1888	701.3605	5.1095	3
185	19.1825	700.4867	5.1171	3
185.1	19.1764	699.6345	5.1267	3
185.2	19.1705	698.7455	5.1126	3
185.3	19.1646	697.9664	5.1049	3
185.4	19.1589	697.1913	5.1025	3
185.5	19.1528	696.3433	5.1005	3
185.6	19.1466	695.5565	5.1055	3
185.7	19.1406	694.6205	5.1093	3
185.8	19.1344	693.7897	5.1067	3
185.9	19.1285	692.9432	5.1055	3
186	19.1228	692.071	5.1069	3
186.1	19.1173	691.2159	5.1053	3
186.2	19.112	690.3094	5.1073	3
186.3	19.1066	689.4327	5.1052	3
186.4	19.1019	688.5599	5.1085	3
186.5	19.0968	687.731	5.1163	3
186.6	19.092	686.9815	5.1134	3
186.7	19.0868	686.0494	5.0967	3
186.8	19.0815	685.3683	5.0971	3
186.9	19.0766	684.3706	5.1015	3
187	19.0719	683.4767	5.0985	3
187.1	19.0677	682.6675	5.1007	3
187.2	19.063	681.7626	5.0946	3
187.3	19.0585	680.9691	5.0835	3
187.4	19.0541	680.1512	5.0759	3
187.5	19.0497	679.2409	5.0764	3
187.6	19.0455	678.4223	5.0754	3
187.7	19.0411	677.6482	5.0629	3
187.8	19.0362	676.9358	5.0728	3
187.9	19.0315	675.9722	5.0944	3
188	19.0271	675.1198	5.0915	3
188.1	19.0227	674.2897	5.088	3
188.2	19.0181	673.5034	5.0784	3
188.3	19.0134	672.7194	5.0713	3
188.4	19.0085	671.8932	5.0658	3
188.5	19.0038	671.0556	5.0752	3
188.6	18.999	670.1928	5.0858	3
188.7	18.9944	669.2784	5.0936	3
188.8	18.9897	668.5227	5.0971	3
188.9	18.9852	667.7177	5.0906	3
189	18.9805	666.8371	5.0953	3
189.1	18.9759	666.003	5.0918	3
189.2	18.9712	665.2602	5.0785	3
189.3	18.9662	664.4363	5.0814	3
189.4	18.9609	663.6196	5.0819	3
189.5	18.9558	662.773	5.0904	3
189.6	18.9509	661.9479	5.0881	3
189.7	18.9459	661.1455	5.0796	3
189.8	18.9408	660.2693	5.077	3
189.9	18.9358	659.4523	5.095	3
190	18.9307	658.6646	5.0929	3
190.1	18.9251	657.8603	5.1095	3
190.2	18.9194	657.0757	5.1098	3
190.3	18.9137	656.2402	5.1204	3
190.4	18.9079	655.5098	5.1397	3
190.5	18.9018	654.6581	5.1257	3
190.6	18.8956	653.8039	5.1011	3
190.7	18.8897	653.0334	5.0945	3
190.8	18.8835	652.2031	5.1	3
190.9	18.8773	651.4603	5.094	3
191	18.871	650.5352	5.1052	3
191.1	18.8646	649.76	5.1168	3
191.2	18.8582	648.8498	5.1174	3
191.3	18.8519	647.9519	5.1091	3
191.4	18.8459	647.1213	5.0955	3
191.5	18.84	646.3057	5.1013	3
191.6	18.8341	645.4901	5.0942	3
191.7	18.8279	644.6212	5.0851	3
191.8	18.8217	643.8447	5.0991	3
191.9	18.8152	643.096	5.0966	3
192	18.8085	642.3445	5.0947	3
192.1	18.8017	641.5113	5.1117	3
192.2	18.7948	640.689	5.1101	3
192.3	18.7881	639.8717	5.1066	3
192.4	18.7811	638.963	5.1105	3
192.5	18.7742	638.0642	5.0998	3
192.6	18.7676	637.2541	5.096	3
192.7	18.7609	636.4702	5.1016	3
192.8	18.7541	635.6949	5.1102	3
192.9	18.7471	634.7795	5.1138	3
193	18.7401	633.8918	5.1137	3
193.1	18.7334	633.1583	5.1178	3
193.2	18.7268	632.3377	5.1192	3
193.3	18.7201	631.4436	5.1071	3
193.4	18.7134	630.6285	5.1126	3
193.5	18.7066	629.7745	5.1014	3
193.6	18.6999	629.0058	5.0857	3
193.7	18.6931	628.144	5.0896	3
193.8	18.6863	627.2923	5.0993	3
193.9	18.6797	626.4158	5.1079	3
194	18.6733	625.5199	5.1194	3
194.1	18.6668	624.72	5.1233	3
194.2	18.6601	623.9435	5.1074	3
194.3	18.6535	623.1294	5.0941	3
194.4	18.6466	622.2984	5.081	3
194.5	18.6396	621.5054	5.0802	3
194.6	18.6329	620.6009	5.0943	3
194.7	18.626	619.8165	5.1008	3
194.8	18.6191	619.01	5.0761	3
194.9	18.612	618.1953	5.0829	3
195	18.6052	617.3273	5.0931	3
195.1	18.5983	616.4235	5.0766	3
195.2	18.5912	615.8046	5.0863	3
195.3	18.5839	614.9226	5.0918	3
195.4	18.5767	613.9519	5.0897	3
195.5	18.57	613.1004	5.0808	3
195.6	18.5632	612.3327	5.077	3
195.7	18.5562	611.516	5.0795	3
195.8	18.5491	610.6535	5.0745	3
195.9	18.542	609.8647	5.0639	3
196	18.5349	609.0348	5.0658	3
196.1	18.5281	608.1269	5.0793	3
196.2	18.5214	607.1237	5.0866	3
196.3	18.5155	606.0752	5.0786	3
196.4	18.5107	605.2184	5.0862	3
196.5	18.5062	604.3395	5.0836	3
196.6	18.5015	603.5632	5.0897	3
196.7	18.4964	602.7378	5.1031	3
196.8	18.491	602.0149	5.0954	3
196.9	18.4853	601.2053	5.079	3
197	18.4798	600.3245	5.078	3
197.1	18.4744	599.5386	5.0832	3
197.2	18.469	598.6929	5.0825	3
197.3	18.4635	597.8692	5.0877	3
197.4	18.4577	597.1042	5.0865	3
197.5	18.4517	596.2651	5.0795	3
197.6	18.4456	595.4869	5.076	3
197.7	18.4396	594.6377	5.074	3
197.8	18.4334	593.8646	5.0726	3
197.9	18.427	593.0765	5.0571	3
198	18.4207	592.1661	5.0487	3
198.1	18.4145	591.3285	5.0571	3
198.2	18.4083	590.5489	5.0608	3
198.3	18.4018	589.6912	5.0656	3
198.4	18.3954	588.8767	5.0792	3
198.5	18.3892	588.0027	5.0852	3
198.6	18.3828	587.1973	5.0778	3
198.7	18.3765	586.3085	5.069	3
198.8	18.3703	585.544	5.0736	3
198.9	18.364	584.7473	5.0787	3
199	18.3578	583.8388	5.0725	3
199.1	18.3516	582.9312	5.0705	3
199.2	18.3458	582.0481	5.0685	3
199.3	18.3398	581.3544	5.0774	3
199.4	18.3334	580.5602	5.0784	3
199.5	18.3268	579.7581	5.0743	3
199.6	18.3203	578.85	5.0678	3
199.7	18.3137	578.0511	5.0707	3
199.8	18.3069	577.3483	5.079	3
199.9	18.3001	576.4914	5.0872	3
200	18.2934	575.6802	5.0857	3
200.1	18.2863	574.8779	5.0881	3
200.2	18.279	574.0745	5.0809	3
200.3	18.2716	573.2293	5.0678	3
200.4	18.2641	572.368	5.0736	3
200.5	18.2568	571.6056	5.0763	3
200.6	18.2497	570.703	5.0723	3
200.7	18.2424	569.8735	5.0601	3
200.8	18.2353	569.0092	5.0627	3
200.9	18.2282	568.198	5.0742	3
201	18.2212	567.3484	5.082	3
201.1	18.2144	566.3939	5.0902	3
201.2	18.2082	565.5178	5.0766	3
201.3	18.2021	564.6384	5.0705	3
201.4	18.1961	563.7647	5.072	3
201.5	18.1901	563.0328	5.071	3
201.6	18.1839	562.2184	5.0716	3
201.7	18.1776	561.3151	5.0919	3
201.8	18.1715	560.4157	5.1036	3
201.9	18.1655	559.6355	5.0999	3
202	18.1594	558.7703	5.095	3
202.1	18.1531	558.016	5.0894	3
202.2	18.1474	557.0803	5.0728	3
202.3	18.1417	556.2375	5.0597	3
202.4	18.1358	555.4977	5.0666	3
202.5	18.1295	554.6872	5.0791	3
202.6	18.1232	553.8492	5.0708	3
202.7	18.117	552.9572	5.0748	3
202.8	18.1107	552.2089	5.0892	3
202.9	18.1042	551.3973	5.1006	3
203	18.098	550.4615	5.1038	3
203.1	18.0917	549.6745	5.0877	3
203.2	18.0855	548.8371	5.0655	3
203.3	18.0792	547.9725	5.0631	3
203.4	18.0731	547.232	5.0644	3
203.5	18.067	546.2987	5.059	3
203.6	18.0607	545.5565	5.0718	3
203.7	18.0544	544.6128	5.0795	3
203.8	18.0482	543.8785	5.0642	3
203.9	18.0422	542.9213	5.0637	3
204	18.0359	542.2013	5.0745	3
204.1	18.0298	541.385	5.079	3
204.2	18.0232	540.5548	5.0791	3
204.3	18.0164	539.7822	5.0643	3
204.4	18.0096	538.8904	5.0597	3
204.5	18.0029	538.2409	5.0836	3
204.6	17.9961	537.3083	5.1084	3
204.7	17.9894	536.3377	5.1176	3
204.8	17.9831	535.5859	5.1023	3
204.9	17.9766	534.7256	5.0948	3
205	17.9701	533.8665	5.0872	3
205.1	17.9637	533.0105	5.0778	3
205.2	17.9573	532.2241	5.0777	3
205.3	17.9508	531.3529	5.0915	3
205.4	17.9445	530.466	5.091	3
205.5	17.9389	529.5477	5.0842	3
205.6	17.9332	528.6873	5.084	3
205.7	17.9273	527.9816	5.0845	3
205.8	17.9212	527.1001	5.0927	3
205.9	17.9153	526.2367	5.0902	3
206	17.9097	525.446	5.0783	3
206.1	17.9037	524.5975	5.0695	3
206.2	17.8977	523.6879	5.0539	3
206.3	17.892	522.8984	5.062	3
206.4	17.8862	522.2069	5.0835	3
206.5	17.8798	521.3466	5.0753	3
206.6	17.8734	520.5433	5.072	3
206.7	17.8669	519.7581	5.0701	3
206.8	17.86	519.0325	5.0717	3
206.9	17.8529	518.1885	5.0566	3
207	17.8459	517.3773	5.0655	3
207.1	17.8388	516.597	5.0866	3
207.2	17.8317	515.6263	5.0861	3
207.3	17.8248	514.7753	5.0817	3
207.4	17.8183	513.8922	5.0925	3
207.5	17.8116	513.1212	5.0923	3
207.6	17.8049	512.3134	5.0805	3
207.7	17.798	511.3737	5.0779	3
207.8	17.7914	510.613	5.0829	3
207.9	17.7849	509.793	5.0819	3
208	17.7779	509.0311	5.0756	3
208.1	17.7708	508.1274	5.076	3
208.2	17.764	507.2377	5.0855	3
208.3	17.7574	506.5263	5.0835	3
208.4	17.7503	505.6267	5.0634	3
208.5	17.7433	504.7938	5.0657	3
208.6	17.7363	504.0743	5.074	3
208.7	17.7291	503.2254	5.076	3
208.8	17.7218	502.3612	5.0652	3
208.9	17.7148	501.4536	5.0638	3
209	17.7081	500.6647	5.0822	3
209.1	17.701	499.893	5.0968	3
209.2	17.6937	499.0898	5.1015	3
209.3	17.6863	498.2583	5.0908	3
209.4	17.679	497.421	5.0913	3
209.5	17.6714	496.6696	5.0944	3
209.6	17.6637	495.7773	5.1037	3
209.7	17.6563	494.8655	5.1068	3
209.8	17.6489	494.1436	5.1007	3
209.9	17.6414	493.2359	5.0931	3
210	17.6339	492.4162	5.0757	3
210.1	17.6265	491.5973	5.0755	3
210.2	17.6191	490.7656	5.0984	3
210.3	17.6115	489.9991	5.1138	3
210.4	17.6039	489.0831	5.1017	3
210.5	17.5964	488.2454	5.0918	3
210.6	17.5892	487.4029	5.0971	3
210.7	17.5819	486.566	5.113	3
210.8	17.5747	485.6553	5.1288	3
210.9	17.5678	484.7949	5.1371	3
211	17.561	483.9751	5.121	3
211.1	17.5539	483.1431	5.0978	3
211.2	17.5471	482.3329	5.0983	3
211.3	17.5403	481.405	5.1052	3
211.4	17.5334	480.6491	5.1006	3
211.5	17.5264	479.869	5.1035	3
211.6	17.519	478.9911	5.1002	3
211.7	17.5119	478.2231	5.0966	3
211.8	17.5049	477.3667	5.1064	3
211.9	17.4975	476.5603	5.0975	3
212	17.4902	475.727	5.0982	3
212.1	17.4829	474.8407	5.1065	3
212.2	17.4758	474.0965	5.1127	3
212.3	17.4683	473.2746	5.1089	3
212.4	17.461	472.3778	5.1127	3
212.5	17.4536	471.5087	5.1119	3
212.6	17.4463	470.7687	5.1177	3
212.7	17.4389	469.9454	5.1086	3
212.8	17.4315	469.0745	5.0936	3
212.9	17.4241	468.2553	5.0981	3
213	17.4165	467.4403	5.1165	3
213.1	17.4091	466.5071	5.1174	3
213.2	17.4019	465.6604	5.1011	3
213.3	17.3945	464.9996	5.0989	3
213.4	17.3866	464.24	5.1019	3
213.5	17.3784	463.3545	5.0921	3
213.6	17.3708	462.4013	5.0906	3
213.7	17.3635	461.5829	5.0985	3
213.8	17.3557	460.8906	5.0884	3
213.9	17.3476	459.9912	5.0913	3
214	17.3396	459.1624	5.1142	3
214.1	17.3317	458.3411	5.116	3
214.2	17.3238	457.6045	5.1161	3
214.3	17.3158	456.675	5.1099	3
214.4	17.3078	455.8878	5.1122	3
214.5	17.2999	455.0615	5.1198	3
214.6	17.2916	454.2509	5.1282	3
214.7	17.2837	453.355	5.1208	3
214.8	17.2756	452.5076	5.1108	3
214.9	17.2676	451.7015	5.1044	3
215	17.2597	450.767	5.0917	3
215.1	17.252	449.9764	5.0839	3
215.2	17.2441	449.2498	5.0885	3
215.3	17.2361	448.388	5.087	3
215.4	17.2279	447.4882	5.0962	3
215.5	17.2199	446.7473	5.0912	3
215.6	17.2119	445.8382	5.0744	3
215.7	17.2038	445.0561	5.0724	3
215.8	17.1956	444.1675	5.0903	3
215.9	17.1875	443.3806	5.0984	3
216	17.1794	442.5485	5.0937	3
216.1	17.1714	441.7377	5.0875	3
216.2	17.1632	440.8858	5.0855	3
216.3	17.1551	440.0365	5.0944	3
216.4	17.1474	439.0983	5.0954	3
216.5	17.1394	438.3439	5.0823	3
216.6	17.1314	437.558	5.0758	3
216.7	17.1235	436.6109	5.0912	3
216.8	17.1155	435.8138	5.1	3
216.9	17.1075	434.9742	5.1084	3
217	17.0996	434.2226	5.0969	3
217.1	17.0919	433.2921	5.0977	3
217.2	17.0842	432.5552	5.1003	3
217.3	17.076	431.7427	5.1043	3
217.4	17.0677	430.8549	5.1103	3
217.5	17.0596	430.016	5.0977	3
217.6	17.0515	429.2825	5.0804	3
217.7	17.0431	428.5079	5.0846	3
217.8	17.0345	427.6558	5.094	3
217.9	17.0259	426.765	5.0996	3
218	17.0178	425.9069	5.1055	3
218.1	17.0099	425.0013	5.1031	3
218.2	17.002	424.1225	5.1043	3
218.3	16.9945	423.1603	5.1022	3
218.4	16.9871	422.3537	5.0927	3
218.5	16.9799	421.5107	5.0903	3
218.6	16.9727	420.6771	5.0927	3
218.7	16.9655	419.8273	5.0947	3
218.8	16.9584	419.0006	5.0958	3
218.9	16.9511	418.2852	5.1083	3
219	16.9438	417.3693	5.1108	3
219.1	16.9367	416.4437	5.103	3
219.2	16.9297	415.6568	5.0962	3
219.3	16.9227	414.7466	5.0917	3
219.4	16.9157	413.942	5.0934	3
219.5	16.9088	413.1882	5.1008	3
219.6	16.9013	412.4642	5.0992	3
219.7	16.8937	411.6826	5.0998	3
219.8	16.8859	410.7827	5.0987	3
219.9	16.8782	409.8742	5.0965	3
220	16.8711	408.8358	5.0879	3
220.1	16.8647	407.99	5.0919	3
220.2	16.8586	407.2754	5.0903	3
220.3	16.8519	406.4072	5.0871	3
220.4	16.8453	405.5389	5.0917	3
220.5	16.8385	404.7514	5.097	3
220.6	16.8319	403.9193	5.1081	3
220.7	16.825	403.1828	5.113	3
220.8	16.8179	402.2583	5.1126	3
220.9	16.8108	401.4679	5.1103	3
221	16.804	400.64	5.1198	3
221.1	16.7969	399.8776	5.1201	3
221.2	16.7897	399.0893	5.114	3
221.3	16.7825	398.1747	5.1126	3
221.4	16.7753	397.3748	5.1166	3
221.5	16.7678	396.6778	5.1066	3
221.6	16.76	395.7347	5.0936	3
221.7	16.7523	394.9268	5.0967	3
221.8	16.7447	394.1091	5.101	3
221.9	16.7369	393.3665	5.0975	3
222	16.7288	392.5329	5.0911	3
222.1	16.7208	391.6791	5.0907	3
222.2	16.713	390.871	5.0845	3
222.3	16.7049	390.1391	5.0876	3
222.4	16.6962	389.2906	5.0922	3
222.5	16.6877	388.413	5.0975	3
222.6	16.6794	387.6221	5.0961	3
222.7	16.6708	386.8238	5.1047	3
222.8	16.6622	386.0031	5.1189	3
222.9	16.6534	385.2062	5.1282	3
223	16.6446	384.3677	5.1191	3
223.1	16.6357	383.5524	5.1057	3
223.2	16.6268	382.7568	5.0999	3
223.3	16.6177	381.9338	5.0976	3
223.4	16.6086	381.1212	5.1019	3
223.5	16.5994	380.2904	5.1108	3
223.6	16.5903	379.3742	5.124	3
223.7	16.5815	378.581	5.1052	3
223.8	16.5723	377.7213	5.09	3
223.9	16.5632	376.9206	5.0972	3
224	16.5542	376.1193	5.1012	3
224.1	16.5454	375.1763	5.0905	3
224.2	16.5367	374.334	5.0978	3
224.3	16.5277	373.5481	5.1188	3
224.4	16.5187	372.7028	5.1198	3
224.5	16.51	371.8401	5.1083	3
224.6	16.5018	370.9144	5.1055	3
224.7	16.4937	370.2	5.1048	3
224.8	16.4853	369.3235	5.1145	3
224.9	16.4765	368.4399	5.1277	3
225	16.4678	367.6677	5.1264	3
225.1	16.459	366.8409	5.1292	3
225.2	16.4502	366.0132	5.1269	3
225.3	16.4417	365.1226	5.1262	3
225.4	16.4331	364.2817	5.1246	3
225.5	16.4245	363.465	5.1171	3
225.6	16.4156	362.6429	5.1186	3
225.7	16.4069	361.9175	5.1187	3
225.8	16.3983	360.9828	5.1144	3
225.9	16.3896	360.1334	5.1116	3
226	16.381	359.2801	5.1226	3
226.1	16.3721	358.5644	5.1399	3
226.2	16.3629	357.7378	5.1362	3
226.3	16.3539	356.8172	5.1256	3
226.4	16.3451	356.0735	5.1234	3
226.5	16.3362	355.1926	5.1159	3
226.6	16.327	354.4438	5.1082	3
226.7	16.3181	353.5223	5.1159	3
226.8	16.3096	352.5947	5.1281	3
226.9	16.3012	351.796	5.1355	3
227	16.2926	350.936	5.1374	3
227.1	16.2839	350.1597	5.1408	3
227.2	16.2754	349.2834	5.1432	3
227.3	16.2669	348.4671	5.1264	3
227.4	16.2584	347.6026	5.1192	3
227.5	16.2498	346.7368	5.1293	3
227.6	16.2412	345.917	5.146	3
227.7	16.2327	345.1468	5.1358	3
227.8	16.2242	344.2842	5.1193	3
227.9	16.216	343.3305	5.1119	3
228	16.208	342.4777	5.1199	3
228.1	16.2001	341.7105	5.1323	3
228.2	16.1918	340.9508	5.1355	3
228.3	16.1835	340.0514	5.1455	3
228.4	16.1752	339.1581	5.1529	3
228.5	16.1672	338.3664	5.1479	3
228.6	16.1589	337.607	5.1398	3
228.7	16.1505	336.754	5.1333	3
228.8	16.1423	335.8608	5.1265	3
228.9	16.134	335.0455	5.124	3
229	16.1258	334.2585	5.1161	3
229.1	16.1176	333.3047	5.1181	3
229.2	16.1097	332.4821	5.1294	3
229.3	16.1017	331.7023	5.1273	3
229.4	16.0934	330.9257	5.1237	3
229.5	16.0848	330.1603	5.1226	3
229.6	16.0763	329.3411	5.1303	3
229.7	16.0675	328.4813	5.1314	3
229.8	16.0587	327.6627	5.129	3
229.9	16.0502	326.7721	5.132	3
230	16.0418	325.9186	5.1315	3
230.1	16.0332	325.1529	5.1363	3
230.2	16.0243	324.2829	5.1308	3
230.3	16.0156	323.5437	5.1323	3
230.4	16.0068	322.7759	5.1337	3
230.5	15.9974	321.9562	5.1337	3
230.6	15.9879	321.1532	5.1236	3
230.7	15.9784	320.3399	5.1075	3
230.8	15.9685	319.485	5.1094	3
230.9	15.9589	318.6707	5.1185	3
231	15.9498	317.7278	5.1265	3
231.1	15.9407	316.943	5.1257	3
231.2	15.9315	316.0985	5.1194	3
231.3	15.9221	315.2881	5.1264	3
231.4	15.913	314.4191	5.1286	3
231.5	15.904	313.5003	5.1291	3
231.6	15.8948	312.8241	5.1222	3
231.7	15.8854	311.9063	5.1202	3
231.8	15.8759	311.1391	5.1189	3
231.9	15.8666	310.2423	5.1203	3
232	15.8573	309.5052	5.1296	3
232.1	15.848	308.653	5.1273	3
232.2	15.8386	307.6597	5.1301	3
232.3	15.8298	306.975	5.1349	3
232.4	15.8206	306.0821	5.1318	3
232.5	15.8111	305.2662	5.1346	3
232.6	15.8022	304.3315	5.1338	3
232.7	15.7929	303.5985	5.1284	3
232.8	15.7835	302.8469	5.119	3
232.9	15.7737	302.029	5.119	3
233	15.7642	301.2089	5.1225	3
233.1	15.7544	300.3459	5.1353	3
233.2	15.7442	299.6127	5.1333	3
233.3	15.7342	298.7166	5.1283	3
233.4	15.7241	297.8908	5.1276	3
233.5	15.7142	297.1243	5.1208	3
233.6	15.7042	296.2683	5.1066	3
233.7	15.694	295.4169	5.1016	3
233.8	15.6841	294.5173	5.1179	3
233.9	15.6741	293.7792	5.1207	3
234	15.6641	292.9284	5.1323	3
234.1	15.654	292.0427	5.1345	3
234.2	15.644	291.2401	5.1373	3
234.3	15.634	290.3701	5.1386	3
234.4	15.624	289.4869	5.1354	3
234.5	15.6145	288.6984	5.1369	3
234.6	15.6048	287.8587	5.1415	3
234.7	15.5949	287.0333	5.1498	3
234.8	15.585	286.217	5.1438	3
234.9	15.5753	285.3938	5.1437	3
235	15.5656	284.5714	5.1438	3
235.1	15.5558	283.6383	5.1374	3
235.2	15.5459	282.8975	5.1302	3
235.3	15.536	282.1136	5.1264	3
235.4	15.5261	281.2224	5.127	3
235.5	15.5164	280.3667	5.1218	3
235.6	15.5067	279.4842	5.1144	3
235.7	15.4965	278.6488	5.114	3
235.8	15.4866	277.9477	5.1195	3
235.9	15.4767	277.0635	5.1196	3
236	15.4669	276.2158	5.1132	3
236.1	15.4571	275.33	5.1069	3
236.2	15.4474	274.4633	5.0995	3
236.3	15.4378	273.6296	5.1013	3
236.4	15.4285	272.7701	5.1078	3
236.5	15.4192	271.9408	5.1133	3
236.6	15.41	271.0354	5.105	3
236.7	15.4009	270.241	5.1024	3
236.8	15.3918	269.303	5.1171	3
236.9	15.3826	268.691	5.1387	3
237	15.3733	267.7174	5.1278	3
237.1	15.3641	266.9004	5.1084	3
237.2	15.355	265.9309	5.0981	3
237.3	15.3462	265.0372	5.1104	3
237.4	15.3378	264.2643	5.1212	3
237.5	15.3295	263.3166	5.1287	3
237.6	15.3214	262.4833	5.1398	3
237.7	15.3135	261.5991	5.1317	3
237.8	15.3057	260.777	5.124	3
237.9	15.2979	259.971	5.1261	3
238	15.29	259.0871	5.1334	3
238.1	15.2824	258.2793	5.1347	3
238.2	15.2744	257.4931	5.1165	3
238.3	15.2664	256.6255	5.1234	3
238.4	15.2585	255.8112	5.1268	3
238.5	15.2505	255.0313	5.1135	3
238.6	15.2421	254.2607	5.1155	3
238.7	15.2332	253.4774	5.1233	3
238.8	15.2245	252.6742	5.1345	3
238.9	15.2158	251.8094	5.1293	3
239	15.2067	251.114	5.1319	3
239.1	15.1974	250.2448	5.1316	3
239.2	15.188	249.4455	5.1295	3
239.3	15.1789	248.6736	5.1269	3
239.4	15.1694	247.7632	5.1334	3
239.5	15.1597	247.0337	5.1327	3
239.6	15.1502	246.1623	5.1455	3
239.7	15.1407	245.3219	5.1562	3
239.8	15.1309	244.5451	5.15	3
239.9	15.1212	243.6966	5.1482	3
240	15.1115	242.7955	5.1535	3
240.1	15.1022	241.9288	5.1464	3
240.2	15.0931	241.0428	5.1435	3
240.3	15.0839	240.1799	5.1356	3
240.4	15.075	239.4122	5.1455	3
240.5	15.0658	238.5958	5.1606	3
240.6	15.0566	237.673	5.1634	3
240.7	15.0476	236.8752	5.1624	3
240.8	15.0383	236.1104	5.1517	3
240.9	15.0287	235.3242	5.1543	3
241	15.0191	234.4259	5.1519	3
241.1	15.0095	233.6544	5.1512	3
241.2	15	232.8113	5.144	3
241.3	14.9902	231.9604	5.1366	3
241.4	14.9803	231.258	5.133	3
241.5	14.9706	230.3958	5.1146	3
241.6	14.9608	229.5557	5.1187	3
241.7	14.9509	228.6654	5.1318	3
241.8	14.9412	227.8641	5.1385	3
241.9	14.9314	227.0288	5.1316	3
242	14.9215	226.2686	5.1273	3
242.1	14.9113	225.4653	5.1303	3
242.2	14.9011	224.6443	5.1451	3
242.3	14.8907	223.7866	5.151	3
242.4	14.8806	222.8812	5.1533	3
242.5	14.871	221.9879	5.1521	3
242.6	14.8615	221.0638	5.1599	3
242.7	14.8519	220.2672	5.1589	3
242.8	14.8421	219.6336	5.146	3
242.9	14.8317	218.7529	5.1455	3
243	14.8215	218.0008	5.1426	3
243.1	14.8112	217.1659	5.1424	3
243.2	14.8008	216.3032	5.1545	3
243.3	14.7904	215.4402	5.1477	3
243.4	14.7802	214.5864	5.1508	3
243.5	14.7701	213.7789	5.1709	3
243.6	14.7597	213.0224	5.1722	3
243.7	14.7491	212.2568	5.1618	3
243.8	14.7381	211.4497	5.1554	3
243.9	14.7276	210.3878	5.1553	3
244	14.7183	209.3604	5.1454	3
244.1	14.7094	208.488	5.1513	3
244.2	14.7002	207.6757	5.1666	3
244.3	14.6907	206.8946	5.1574	3
244.4	14.6813	206.0537	5.1338	3
244.5	14.6718	205.3719	5.1264	3
244.6	14.6619	204.4969	5.1311	3
244.7	14.6523	203.7506	5.1297	3
244.8	14.6423	202.8682	5.1215	3
244.9	14.6322	202.1274	5.1037	3
245	14.6222	201.1792	5.1131	3
245.1	14.6124	200.3396	5.1363	3
245.2	14.6026	199.5341	5.127	3
245.3	14.5924	198.8025	5.1118	3
245.4	14.5823	197.9485	5.1133	3
245.5	14.5724	196.9371	5.1256	3
245.6	14.5632	196.0276	5.1273	3
245.7	14.5547	195.0411	5.1179	3
245.8	14.5461	194.2027	5.1264	3
245.9	14.5377	193.317	5.1322	3
246	14.5296	192.5155	5.1376	3
246.1	14.5208	191.9163	5.1542	3
246.2	14.5113	191.0882	5.1484	3
246.3	14.5016	190.3848	5.1424	3
246.4	14.4919	189.4934	5.1446	3
246.5	14.4816	188.7334	5.1497	3
246.6	14.4714	188.0286	5.1478	3
246.7	14.461	187.0883	5.1372	3
246.8	14.451	186.2364	5.1211	3
246.9	14.4411	185.3577	5.1165	3
247	14.4309	184.5669	5.1204	3
247.1	14.4207	183.8296	5.1156	3
247.2	14.4103	182.9474	5.1082	3
247.3	14.4004	182.0714	5.1189	3
247.4	14.3903	181.2494	5.1348	3
247.5	14.3802	180.3284	5.1434	3
247.6	14.3703	179.4794	5.1365	3
247.7	14.3608	178.6876	5.1308	3
247.8	14.351	177.8932	5.1443	3
247.9	14.3407	177.17	5.1499	3
248	14.3301	176.3329	5.144	3
248.1	14.3195	175.5671	5.1364	3
248.2	14.3085	174.7777	5.1394	3
248.3	14.2974	173.9374	5.1404	3
248.4	14.2863	173.1245	5.1338	3
248.5	14.2751	172.3241	5.1261	3
248.6	14.2639	171.4764	5.1343	3
248.7	14.2528	170.7008	5.1382	3
248.8	14.2413	169.8613	5.1214	3
248.9	14.2294	169.0216	5.1083	3
249	14.2178	168.2245	5.1064	3
249.1	14.2064	167.3308	5.1033	3
249.2	14.195	166.4994	5.0867	3
249.3	14.184	165.6121	5.0954	3
249.4	14.1729	164.7574	5.115	3
249.5	14.1622	163.93	5.1284	3
249.6	14.1512	163.0618	5.1275	3
249.7	14.1402	162.2117	5.1194	3
249.8	14.1294	161.3588	5.1239	3
249.9	14.1185	160.5422	5.1138	3
250	14.1075	159.709	5.1204	3
250.1	14.0967	158.9211	5.116	3
250.2	14.086	158.0441	5.1283	3
250.3	14.0754	157.2179	5.1396	3
250.4	14.0644	156.3569	5.127	3
250.5	14.0537	155.441	5.1186	3
250.6	14.0433	154.6193	5.134	3
250.7	14.033	153.8102	5.1473	3
250.8	14.0221	153.0815	5.1461	3
250.9	14.0108	152.2962	5.1395	3
251	13.9995	151.3881	5.1404	3
251.1	13.9882	150.724	5.1546	3
251.2	13.9765	149.9151	5.1577	3
251.3	13.9649	148.9839	5.1567	3
251.4	13.9537	148.1386	5.1664	3
251.5	13.9425	147.2493	5.1647	3
251.6	13.9315	146.5681	5.1677	3
251.7	13.9201	145.6734	5.1601	3
251.8	13.9085	144.876	5.1585	3
251.9	13.8972	143.8857	5.1587	3
252	13.8862	143.0376	5.1419	3
252.1	13.8749	142.3151	5.136	3
252.2	13.8636	141.429	5.1546	3
252.3	13.8524	140.6525	5.1542	3
252.4	13.8415	139.7381	5.1591	3
252.5	13.8305	138.9602	5.1516	3
252.6	13.8189	138.1546	5.1376	3
252.7	13.8073	137.3215	5.1286	3
252.8	13.7959	136.5125	5.1345	3
252.9	13.7846	135.6482	5.1421	3
253	13.7735	134.7246	5.1461	3
253.1	13.7626	133.8169	5.1516	3
253.2	13.7519	132.9403	5.146	3
253.3	13.7411	132.1947	5.1483	3
253.4	13.73	131.4068	5.1459	3
253.5	13.7191	130.6024	5.1387	3
253.6	13.7082	129.7416	5.1306	3
253.7	13.6968	128.9563	5.1404	3
253.8	13.6855	128.1807	5.1524	3
253.9	13.6741	127.3806	5.1669	3
254	13.6627	126.4613	5.1603	3
254.1	13.6511	125.7197	5.1458	3
254.2	13.6395	124.8867	5.1422	3
254.3	13.6279	123.9481	5.1556	3
254.4	13.6166	123.1618	5.1669	3
254.5	13.605	122.4519	5.1801	3
254.6	13.5929	121.6585	5.1751	3
254.7	13.581	120.7882	5.1655	3
254.8	13.5691	119.8362	5.1752	3
254.9	13.5571	119.1243	5.1741	3
255	13.545	118.3721	5.1624	3
255.1	13.5329	117.4247	5.161	3
255.2	13.5208	116.7037	5.1799	3
255.3	13.5084	115.8538	5.1749	3
255.4	13.4957	115.0897	5.1702	3
255.5	13.483	114.2693	5.1642	3
255.6	13.47	113.4549	5.1616	3
255.7	13.4572	112.5982	5.1588	3
255.8	13.4447	111.7337	5.1717	3
255.9	13.4323	110.8957	5.1746	3
256	13.4198	110.0439	5.173	3
256.1	13.407	109.3371	5.1802	3
256.2	13.3938	108.5123	5.1795	3
256.3	13.3802	107.7313	5.1769	3
256.4	13.3668	106.9823	5.1746	3
256.5	13.3533	106.098	5.1687	3
256.6	13.3398	105.2492	5.1723	3
256.7	13.3265	104.296	5.1728	3
256.8	13.3134	103.5772	5.1603	3
256.9	13.3	102.7342	5.1647	3
257	13.2862	101.9979	5.1805	3
257.1	13.2722	101.2018	5.1762	3
257.2	13.2577	100.4189	5.1659	3
257.3	13.2434	99.6281	5.1617	3
257.4	13.2286	98.7915	5.1639	3
257.5	13.2135	98.0652	5.1644	3
257.6	13.1987	97.0757	5.1613	3
257.7	13.1853	95.9348	5.1559	3
257.8	13.1723	95.0667	5.1591	3
257.9	13.1593	94.2277	5.1583	3
258	13.146	93.5679	5.159	3
258.1	13.1327	92.7135	5.1606	3
258.2	13.1192	91.8057	5.1601	3
258.3	13.1063	90.9798	5.1493	3
258.4	13.0933	90.073	5.1431	3
258.5	13.0802	89.2887	5.1467	3
258.6	13.0673	88.4013	5.1519	3
258.7	13.0539	87.6897	5.1429	3
258.8	13.0405	86.8618	5.1415	3
258.9	13.0272	85.9855	5.1481	3
259	13.0138	85.1742	5.1367	3
259.1	13.0005	84.4132	5.1412	3
259.2	12.9866	83.6009	5.1391	3
259.3	12.9727	82.7159	5.1326	3
259.4	12.9592	81.9119	5.1391	3
259.5	12.9455	81.1493	5.1463	3
259.6	12.9317	80.2964	5.1479	3
259.7	12.9177	79.437	5.1451	3
259.8	12.9038	78.6311	5.1512	3
259.9	12.8896	77.8427	5.1641	3
260	12.8754	77.0644	5.1681	3
260.1	12.861	76.2799	5.1598	3
260.2	12.8464	75.4772	5.1492	3
260.3	12.8315	74.6574	5.1421	3
260.4	12.8168	73.8169	5.1549	3
260.5	12.8022	72.9133	5.1636	3
260.6	12.7878	72.0932	5.1612	3
260.7	12.7732	71.3154	5.1662	3
260.8	12.7584	70.4828	5.1661	3
260.9	12.7433	69.6865	5.1631	3
261	12.728	68.8659	5.1624	3
261.1	12.7126	68.0873	5.1589	3
261.2	12.6972	67.3376	5.1605	3
261.3	12.6815	66.4949	5.1603	3
261.4	12.6658	65.6501	5.1674	3
261.5	12.6499	64.8783	5.1617	3
261.6	12.6336	64.0748	5.1646	3
261.7	12.6174	63.3101	5.1671	3
261.8	12.6011	62.4799	5.1605	3
261.9	12.5845	61.6851	5.1448	3
262	12.5677	60.8463	5.1495	3
262.1	12.551	60.0162	5.1652	3
262.2	12.5344	59.1396	5.1679	3
262.3	12.5176	58.3684	5.1704	3
262.4	12.5009	57.5788	5.1672	3
262.5	12.4847	56.6825	5.1715	3
262.6	12.4685	55.8192	5.1659	3
262.7	12.4516	55.0736	5.1564	3
262.8	12.4344	54.4104	5.1482	3
262.9	12.4168	53.5258	5.1501	3
263	12.3993	52.597	5.1574	3
263.1	12.3821	51.7999	5.1548	3
263.2	12.3645	51.1109	5.1613	3
263.3	12.3467	50.2475	5.1656	3
263.4	12.3287	49.3504	5.1735	3
263.5	12.3108	48.5762	5.1488	3
263.6	12.2926	47.7663	5.1397	3
263.7	12.2742	47.0291	5.1439	3
263.8	12.2558	46.174	5.1397	3
263.9	12.2373	45.3212	5.1387	3
264	12.2187	44.4619	5.1311	3
264.1	12.2001	43.7589	5.1266	3
264.2	12.1814	42.9024	5.1378	3
264.3	12.1627	42.114	5.1454	3
264.4	12.1437	41.3238	5.1377	3
264.5	12.1244	40.4982	5.133	3
264.6	12.1054	39.6597	5.1404	3
264.7	12.086	38.8152	5.1465	3
264.8	12.0665	38.003	5.1404	3
264.9	12.0471	37.1449	5.1355	3
265	12.0276	36.406	5.133	3
265.1	12.0079	35.551	5.1274	3
265.2	11.9882	34.6698	5.1308	3
265.3	11.9688	33.8611	5.147	3
265.4	11.949	33.1119	5.1618	3
265.5	11.9289	32.2757	5.1715	3
265.6	11.909	31.4385	5.1694	3
265.7	11.8889	30.6135	5.1487	3
265.8	11.8684	29.8491	5.132	3
265.9	11.8481	29.0568	5.1363	3
266	11.8279	28.2049	5.1394	3
266.1	11.8075	27.4064	5.1435	3
266.2	11.7864	26.6899	5.1364	3
266.3	11.7651	25.9112	5.1423	3
266.4	11.7436	25.1143	5.1567	3
266.5	11.7219	24.2355	5.1487	3
266.6	11.7002	23.4951	5.1349	3
266.7	11.6782	22.7071	5.1262	3
266.8	11.6566	21.7331	5.1268	3
266.9	11.6354	20.6999	5.1279	3
267	11.6148	19.8375	5.1333	3
267.1	11.5944	18.9793	5.1313	3
267.2	11.574	18.1754	5.1415	3
267.3	11.5532	17.4289	5.1477	3
267.4	11.532	16.6974	5.1316	3
267.5	11.5106	15.9193	5.1222	3
267.6	11.4893	15.0742	5.1256	3
267.7	11.4677	14.3305	5.1274	3
267.8	11.4457	13.5644	5.1239	3
267.9	11.4235	12.6896	5.1127	3
268	11.4015	11.7814	5.1038	3
268.1	11.3796	11.0313	5.1155	3
268.2	11.3572	10.3159	5.1233	3
268.3	11.3344	9.5001	5.1313	3
268.4	11.3116	8.6827	5.122	3
268.5	11.2881	7.9622	5.1219	3
268.6	11.2643	7.2682	5.1445	3
268.7	11.2398	6.5417	5.1501	3
268.8	11.2149	5.7507	5.1431	3
268.9	11.1896	5.0514	5.1456	3
269	11.1639	4.2566	5.1516	3
269.1	11.1381	3.4878	5.1487	3
269.2	11.1117	2.6752	5.1473	3
269.3	11.0851	2.0388	5.1389	3
269.4	11.0578	1.1504	5.1369	4
269.5	11.0305	0.3742	5.1392	4
269.6	11.0029	-0.2625	5.1305	4
269.7	10.9757	-0.7316	5.137	4
269.8	10.9124	-17.38	5.1437	4
269.9	10.6831	-74.3484	5.1433	4
270	10.2881	-112.6043	5.1491	4
270.1	9.8218	-100.0975	5.1446	4
270.2	9.3349	-77.4415	5.1335	4
270.3	8.8466	-64.6992	5.1315	4
270.4	8.3558	-56.0019	5.1319	4
270.5	7.8623	-48.508	5.1357	4
270.6	7.3673	-42.4576	5.1494	4
270.7	6.8691	-36.4916	5.1471	4
270.8	6.3688	-30.3409	5.132	4
270.9	5.8673	-24.7434	5.1273	4
271	5.3647	-19.6499	5.1196	4
271.1	4.8618	-15.2497	5.1217	4
271.2	4.3589	-12.5805	5.1302	4
271.3	3.8554	-11.2884	5.1364	4
271.4	3.351	-10.3448	5.1432	4
271.5	2.8459	-9.798	5.1546	4
271.6	2.3398	-9.5406	5.1532	4
271.7	1.8331	-9.1649	5.151	4
271.8	1.326	-8.9292	5.151	4
271.9	0.8185	-8.9206	5.1572	4
272	0.3105	-8.8504	5.1495	4
272.1	-0.1983	-8.6342	5.1397	4
272.2	-0.7073	-8.4927	5.1434	4
272.3	-1.2167	-8.488	5.1389	4
272.4	-1.7261	-8.6631	5.1257	4
272.5	-2.2355	-8.7462	5.1281	4
272.6	-2.7449	-8.9086	5.1292	4
272.7	-3.254	-8.9952	5.1369	4
272.8	-3.7643	-9.1453	5.1482	4
272.9	-4.2447	-8.9544	5.1327	4
273	-4.5797	-8.7308	5.1155	4
273.1	-4.7862	-8.5509	5.1041	4
273.2	-4.9641	-8.4061	5.1081	4
273.3	-5.135	-8.3431	5.1185	4
273.4	-5.3014	-8.3655	5.1224	4
273.5	-5.465	-8.3232	5.1223	4
273.6	-5.6266	-8.361	5.1175	4
273.7	-5.7869	-8.2955	5.1267	4
273.8	-5.9465	-8.373	5.1285	4
273.9	-6.1057	-8.3684	5.1191	4
274	-6.2644	-8.3894	5.1195	4
274.1	-6.4226	-8.3866	5.1292	4
274.2	-6.5804	-8.3538	5.1232	4
274.3	-6.7379	-8.2288	5.1237	4
274.4	-6.8954	-7.9809	5.1265	4
