Indentation

 + Advanced

+ Advanced
   Acquisition rate :	10.0 [Hz]
   Linear loading
   Max load :	1000.00 	µN
   Loading rate :	500.00 	µN/min
   Unloading rate :	500.00 	µN/min
   Pause :	30.0 s

+ TTX - UNHT Bio S/N: 1000136751 settings
   Fn contact : 25 µN
   Approach distance : 20 µm
   Approach speed : 100 µm/min
   Retract speed : 200 µm/min
   Retract time : 5 sec
   Dz sensor in large range
   Load in fine range
   FnRef in fine range
   FnRef contactload :500.000 µN
   Stiffness threshold : 1 µN/µm

   X Position :9540.60 µm
   Y Position :37237.13 µm
   Z Position :8071.73 µm

Date :6/9/2026
Time :8:19:48 AM

Analysis n # 1

   Method :	Hertz

 + Parameters

  Load Fit [10%,98%]

 + Main results

   EHz=	904.25 	kPa

 + Hypothesis


 + Additional results

   ErHz=	993.67 kPa
   h offset=	5.85 µm
   R2=	0.99

Analysis n # 2

   Method :	Oliver & Pharr

 + Parameters

  Unload Fit [40%,98%]

 + Main results

   HIT=	24.562 	kPa
   EIT=	893.78 	kPa
   E*=	982.17 	kPa

 + Hypothesis

   !!! Indenter not calibrated !!!
   m out of O&P hypothesis
   Poisson's ratio(nu)=	0.30 

 + Additional results

   HVIT=	0.0025038 	 Vickers
   CIT 0.001/120/30=	1.85 	%
   nIT=	73.05 %
   Fmax=	1007.57 	µN
   hmax=	16.50 	µm
   S=	224.4615 	µN/µm
   F/S²=	0.0200 	µm²/µN
   hc=	13.23 	µm
   hr=	12.01 	µm
   hp=	0.80 	µm
   m=	3.4975 
   Epsilon=	0.73 
   R2=	1.000
   Ap=	41020.56 	µm²
   Welast=	3249.14 pJ
   Wplast=	1198.48 pJ
   Wtotal=	4447.62 pJ
   Er=	982.17 	kPa

Measured values
Time (s)	Pd (µm)	Fn (µN)	FnRef (µN)	SegmentID

0	0	0	5.2453	0
0.1	0.1991	0.0587	5.2485	0
0.2	0.3959	0.0374	5.2457	0
0.3	0.5908	0.2043	5.2405	0
0.4	0.7842	0.2204	5.2435	0
0.5	0.9759	0.3609	5.2621	0
0.6	1.166	0.608	5.271	0
0.7	1.354	0.9077	5.2655	1
0.8	1.5401	1.3389	5.2562	1
0.9	1.7258	1.8365	5.2365	1
1	1.9108	2.5191	5.2365	1
1.1	2.0822	3.2127	5.2391	1
1.2	2.1939	3.478	5.2309	1
1.3	2.2558	3.6347	5.2296	1
1.4	2.3088	3.8692	5.238	1
1.5	2.3603	4.1381	5.2327	1
1.6	2.4118	4.408	5.2348	1
1.7	2.4643	4.6078	5.241	1
1.8	2.5181	4.9524	5.2391	1
1.9	2.5735	5.2268	5.2351	1
2	2.6307	5.5557	5.2381	1
2.1	2.6895	5.9428	5.2374	1
2.2	2.7502	6.3855	5.247	1
2.3	2.8129	6.7798	5.2519	1
2.4	2.8771	7.226	5.2538	1
2.5	2.9428	7.7188	5.2577	1
2.6	3.0104	8.2697	5.2668	1
2.7	3.0793	8.794	5.257	1
2.8	3.1497	9.3538	5.2423	1
2.9	3.2216	9.9393	5.2398	1
3	3.2949	10.6099	5.2416	1
3.1	3.3694	11.3181	5.2452	1
3.2	3.444	11.9978	5.2371	1
3.3	3.5192	12.8374	5.2407	1
3.4	3.5952	13.593	5.2394	1
3.5	3.6712	14.4736	5.2356	1
3.6	3.7474	15.3459	5.2494	1
3.7	3.8233	16.3209	5.2484	1
3.8	3.8991	17.1481	5.2431	1
3.9	3.9743	18.1683	5.2483	1
4	4.0489	19.099	5.2493	1
4.1	4.1231	20.0944	5.2354	1
4.2	4.1966	21.1287	5.2462	1
4.3	4.269	22.1135	5.2577	1
4.4	4.3403	23.2013	5.2465	1
4.5	4.4104	24.3051	5.2532	1
4.6	4.4792	25.3832	5.2627	1
4.7	4.5469	26.422	5.2593	1
4.8	4.6132	27.5051	5.2507	1
4.9	4.6785	28.6076	5.2491	1
5	4.7427	29.6891	5.2506	1
5.1	4.8052	30.7756	5.2631	1
5.2	4.8662	31.8851	5.2677	1
5.3	4.9257	32.9659	5.2637	1
5.4	4.9838	34.0663	5.2562	1
5.5	5.0405	35.1279	5.2424	1
5.6	5.096	36.1888	5.2267	1
5.7	5.1504	37.2458	5.2307	1
5.8	5.2033	38.2984	5.2357	1
5.9	5.2548	39.4024	5.2405	1
6	5.3052	40.3895	5.2326	1
6.1	5.3545	41.4153	5.2264	1
6.2	5.4027	42.3642	5.2314	1
6.3	5.45	43.4384	5.2457	1
6.4	5.4964	44.361	5.2475	1
6.5	5.5423	45.3161	5.2385	1
6.6	5.5874	46.2712	5.2371	1
6.7	5.6315	47.2933	5.252	1
6.8	5.6744	48.3036	5.2479	1
6.9	5.7163	49.2871	5.2282	1
7	5.7574	50.2764	5.2327	1
7.1	5.7978	51.2985	5.2372	1
7.2	5.8371	52.308	5.2326	1
7.3	5.8752	53.2137	5.241	1
7.4	5.9127	54.1645	5.2452	1
7.5	5.9497	55.1475	5.2371	1
7.6	5.986	56.094	5.2354	1
7.7	6.0219	56.9475	5.2397	1
7.8	6.0573	57.8479	5.2354	1
7.9	6.0919	58.7922	5.2323	1
8	6.1256	59.7459	5.2348	1
8.1	6.159	60.6155	5.2314	1
8.2	6.1924	61.5121	5.2229	1
8.3	6.2253	62.3995	5.217	1
8.4	6.2574	63.3189	5.2228	1
8.5	6.2894	64.1537	5.2173	1
8.6	6.3215	64.9464	5.2251	1
8.7	6.3531	65.9416	5.2303	1
8.8	6.3839	66.8172	5.2296	1
8.9	6.4144	67.726	5.2311	1
9	6.445	68.5629	5.2394	1
9.1	6.4755	69.347	5.2394	1
9.2	6.5058	70.269	5.2469	1
9.3	6.5357	71.1572	5.2558	1
9.4	6.5653	72.0415	5.247	1
9.5	6.5945	72.903	5.2406	1
9.6	6.6237	73.8275	5.2462	1
9.7	6.6522	74.7012	5.2573	1
9.8	6.6804	75.5758	5.2622	1
9.9	6.7087	76.3291	5.2565	1
10	6.7371	77.2031	5.2471	1
10.1	6.765	78.1307	5.2508	1
10.2	6.7925	78.9825	5.2636	1
10.3	6.8198	79.9061	5.2729	1
10.4	6.8466	80.7495	5.265	1
10.5	6.8731	81.6648	5.2625	1
10.6	6.8995	82.5175	5.2612	1
10.7	6.9258	83.397	5.2649	1
10.8	6.9519	84.2521	5.2645	1
10.9	6.9775	85.1418	5.2621	1
11	7.0029	86.0225	5.2641	1
11.1	7.0283	86.842	5.2634	1
11.2	7.0533	87.7324	5.2595	1
11.3	7.0781	88.5669	5.2578	1
11.4	7.1029	89.4262	5.2662	1
11.5	7.1275	90.3001	5.2668	1
11.6	7.1517	91.2227	5.2705	1
11.7	7.1759	92.0354	5.2727	1
11.8	7.2001	92.849	5.2591	1
11.9	7.2241	93.7584	5.2569	1
12	7.2482	94.5256	5.2531	1
12.1	7.2722	95.4134	5.2513	1
12.2	7.2956	96.2325	5.2534	1
12.3	7.319	97.1232	5.2385	1
12.4	7.3427	97.9744	5.2365	1
12.5	7.3656	98.949	5.2467	1
12.6	7.3883	99.7577	5.2547	1
12.7	7.411	100.5695	5.2449	1
12.8	7.4334	101.4878	5.2467	1
12.9	7.4556	102.401	5.245	1
13	7.4774	103.2778	5.2422	1
13.1	7.4992	104.0768	5.2496	1
13.2	7.5211	104.9024	5.2472	1
13.3	7.5426	105.8627	5.2373	1
13.4	7.5637	106.6833	5.2349	1
13.5	7.5847	107.5272	5.2287	1
13.6	7.6057	108.3855	5.2325	1
13.7	7.6263	109.2966	5.2458	1
13.8	7.6465	110.1793	5.2346	1
13.9	7.6669	110.9511	5.2246	1
14	7.6872	111.7991	5.2273	1
14.1	7.7074	112.6994	5.2212	1
14.2	7.7273	113.5069	5.2191	1
14.3	7.7477	114.364	5.2201	1
14.4	7.768	115.2023	5.2188	1
14.5	7.7876	116.1254	5.218	1
14.6	7.807	116.9744	5.2234	1
14.7	7.8262	117.7587	5.2156	1
14.8	7.8454	118.5763	5.2236	1
14.9	7.8648	119.4846	5.2205	1
15	7.8841	120.3388	5.2075	1
15.1	7.9032	121.1561	5.2152	1
15.2	7.9224	121.9571	5.2242	1
15.3	7.9413	122.8608	5.2266	1
15.4	7.9599	123.7431	5.2293	1
15.5	7.9785	124.5639	5.2245	1
15.6	7.9975	125.4474	5.2146	1
15.7	8.0159	126.3156	5.2179	1
15.8	8.0339	127.181	5.2186	1
15.9	8.0518	128.0059	5.2047	1
16	8.0697	128.8472	5.2074	1
16.1	8.0877	129.6992	5.2188	1
16.2	8.1057	130.5404	5.2246	1
16.3	8.1237	131.3481	5.2313	1
16.4	8.1413	132.1816	5.222	1
16.5	8.159	133.0704	5.2154	1
16.6	8.177	133.879	5.2332	1
16.7	8.1948	134.6979	5.2327	1
16.8	8.2122	135.516	5.2197	1
16.9	8.2299	136.2992	5.2154	1
17	8.2473	137.1465	5.2193	1
17.1	8.2648	138.0329	5.2119	1
17.2	8.2823	138.9225	5.2088	1
17.3	8.2996	139.7707	5.214	1
17.4	8.317	140.5812	5.2146	1
17.5	8.3343	141.4695	5.2026	1
17.6	8.3513	142.2666	5.2069	1
17.7	8.3683	143.0824	5.2089	1
17.8	8.3854	143.9871	5.2083	1
17.9	8.4023	144.7775	5.2072	1
18	8.4194	145.604	5.2167	1
18.1	8.4363	146.4609	5.2303	1
18.2	8.4531	147.2396	5.2301	1
18.3	8.4702	148.0566	5.2289	1
18.4	8.4877	148.9151	5.2169	1
18.5	8.505	149.7576	5.2255	1
18.6	8.522	150.6103	5.2403	1
18.7	8.539	151.3684	5.2428	1
18.8	8.5562	152.2647	5.2336	1
18.9	8.5733	153.1534	5.2464	1
19	8.5904	153.9627	5.2554	1
19.1	8.6076	154.7361	5.252	1
19.2	8.6247	155.593	5.2442	1
19.3	8.6419	156.3837	5.2409	1
19.4	8.659	157.2335	5.2493	1
19.5	8.6761	158.0961	5.2331	1
19.6	8.6931	158.9747	5.2157	1
19.7	8.7099	159.8775	5.208	1
19.8	8.7262	160.68	5.2241	1
19.9	8.7427	161.549	5.2472	1
20	8.7595	162.3546	5.2441	1
20.1	8.7762	163.1449	5.2257	1
20.2	8.7927	163.9714	5.2299	1
20.3	8.8095	164.8284	5.2422	1
20.4	8.8261	165.687	5.2445	1
20.5	8.8428	166.5073	5.251	1
20.6	8.8592	167.3603	5.2373	1
20.7	8.8751	168.3185	5.2263	1
20.8	8.891	169.1529	5.2349	1
20.9	8.9067	170.0295	5.2411	1
21	8.9223	170.8359	5.2427	1
21.1	8.9378	171.7362	5.2336	1
21.2	8.953	172.5828	5.2267	1
21.3	8.9683	173.4063	5.2425	1
21.4	8.9836	174.3135	5.2677	1
21.5	8.9988	175.0924	5.276	1
21.6	9.0139	175.9674	5.267	1
21.7	9.0288	176.8424	5.2451	1
21.8	9.0438	177.6667	5.2277	1
21.9	9.0585	178.5768	5.2394	1
22	9.0731	179.3612	5.2448	1
22.1	9.0876	180.2424	5.244	1
22.2	9.1019	181.0793	5.2374	1
22.3	9.1161	181.9383	5.2428	1
22.4	9.1303	182.778	5.2517	1
22.5	9.1445	183.5566	5.2457	1
22.6	9.1586	184.4933	5.2431	1
22.7	9.1725	185.2827	5.2303	1
22.8	9.1864	186.1685	5.2206	1
22.9	9.2004	186.9883	5.2236	1
23	9.214	187.8959	5.2212	1
23.1	9.2276	188.7392	5.2252	1
23.2	9.2405	189.4942	5.2265	1
23.3	9.2535	190.4237	5.2156	1
23.4	9.2668	191.1953	5.2295	1
23.5	9.28	192.1204	5.2377	1
23.6	9.2934	192.926	5.246	1
23.7	9.3066	193.7828	5.2484	1
23.8	9.3197	194.5894	5.2481	1
23.9	9.3327	195.4832	5.2368	1
24	9.3456	196.3116	5.2345	1
24.1	9.3586	197.1015	5.2469	1
24.2	9.3713	197.9924	5.2415	1
24.3	9.3841	198.8575	5.2304	1
24.4	9.3968	199.692	5.2269	1
24.5	9.4093	200.5836	5.2357	1
24.6	9.4218	201.3709	5.2367	1
24.7	9.4344	202.2294	5.2274	1
24.8	9.4468	203.0909	5.2316	1
24.9	9.459	203.8855	5.2432	1
25	9.4712	204.7093	5.2454	1
25.1	9.4837	205.5663	5.2337	1
25.2	9.496	206.454	5.2175	1
25.3	9.5083	207.2955	5.2198	1
25.4	9.5203	208.1218	5.2304	1
25.5	9.5323	208.9221	5.2401	1
25.6	9.5446	209.7	5.246	1
25.7	9.557	210.5128	5.244	1
25.8	9.5693	211.3979	5.2442	1
25.9	9.5816	212.132	5.2454	1
26	9.5939	212.9826	5.2386	1
26.1	9.6063	213.8521	5.2423	1
26.2	9.6187	214.7089	5.2444	1
26.3	9.631	215.5471	5.235	1
26.4	9.6434	216.3695	5.2362	1
26.5	9.6557	217.2366	5.2483	1
26.6	9.668	218.1101	5.2629	1
26.7	9.68	218.9008	5.2607	1
26.8	9.6919	219.7338	5.2456	1
26.9	9.7039	220.5783	5.2359	1
27	9.716	221.427	5.2312	1
27.1	9.7281	222.2291	5.2342	1
27.2	9.7404	223.1033	5.2255	1
27.3	9.7522	223.9871	5.2301	1
27.4	9.7638	224.8941	5.2397	1
27.5	9.7752	225.7073	5.2405	1
27.6	9.7865	226.5232	5.2498	1
27.7	9.7978	227.3786	5.2416	1
27.8	9.809	228.2039	5.2252	1
27.9	9.8205	228.998	5.2174	1
28	9.832	229.8983	5.2169	1
28.1	9.8434	230.7563	5.2278	1
28.2	9.8543	231.5968	5.2237	1
28.3	9.8656	232.3449	5.2139	1
28.4	9.877	233.1505	5.2104	1
28.5	9.8885	234.0105	5.205	1
28.6	9.9	234.8932	5.2139	1
28.7	9.9112	235.7505	5.2127	1
28.8	9.9223	236.5454	5.2082	1
28.9	9.9336	237.3105	5.2073	1
29	9.9452	238.1449	5.2068	1
29.1	9.9567	238.9698	5.2062	1
29.2	9.968	239.9142	5.2099	1
29.3	9.9791	240.6458	5.2262	1
29.4	9.9906	241.4756	5.2196	1
29.5	10.002	242.3416	5.217	1
29.6	10.0133	243.1955	5.2236	1
29.7	10.0245	244.0824	5.216	1
29.8	10.0358	244.8724	5.1974	1
29.9	10.047	245.7087	5.1793	1
30	10.0581	246.5028	5.1903	1
30.1	10.0693	247.3372	5.2036	1
30.2	10.0805	248.2391	5.2046	1
30.3	10.0917	249.0275	5.2078	1
30.4	10.1026	249.8518	5.2074	1
30.5	10.1137	250.6913	5.1987	1
30.6	10.1249	251.5433	5.1982	1
30.7	10.1357	252.4513	5.1924	1
30.8	10.1467	253.2206	5.1849	1
30.9	10.1579	254.0775	5.1949	1
31	10.1689	254.9632	5.1979	1
31.1	10.1794	255.863	5.1961	1
31.2	10.1899	256.7043	5.1969	1
31.3	10.2003	257.4535	5.2089	1
31.4	10.2108	258.3191	5.1948	1
31.5	10.2209	259.2528	5.172	1
31.6	10.2309	260.1438	5.1734	1
31.7	10.2406	260.9694	5.1885	1
31.8	10.2502	261.8309	5.1894	1
31.9	10.26	262.6274	5.1737	1
32	10.2698	263.4336	5.1724	1
32.1	10.28	264.2196	5.1869	1
32.2	10.2903	264.9562	5.1936	1
32.3	10.3007	265.8507	5.1951	1
32.4	10.3114	266.5499	5.1856	1
32.5	10.3222	267.3545	5.1826	1
32.6	10.3332	268.2137	5.198	1
32.7	10.3442	268.9946	5.1956	1
32.8	10.3551	269.9072	5.1931	1
32.9	10.366	270.6929	5.197	1
33	10.3771	271.578	5.1843	1
33.1	10.3877	272.4821	5.1774	1
33.2	10.398	273.3784	5.179	1
33.3	10.4082	274.1088	5.184	1
33.4	10.4184	274.9943	5.1836	1
33.5	10.4287	275.8933	5.1725	1
33.6	10.4391	276.6739	5.1737	1
33.7	10.4496	277.5087	5.1691	1
33.8	10.4599	278.3923	5.1739	1
33.9	10.4699	279.192	5.1787	1
34	10.48	280.0873	5.1891	1
34.1	10.4903	280.8155	5.188	1
34.2	10.5006	281.7425	5.1808	1
34.3	10.5106	282.5481	5.1804	1
34.4	10.5206	283.3466	5.17	1
34.5	10.5308	284.2695	5.1817	1
34.6	10.5405	285.1311	5.1897	1
34.7	10.5503	285.9755	5.1983	1
34.8	10.5604	286.7976	5.2009	1
34.9	10.5699	287.5996	5.208	1
35	10.5794	288.4186	5.2033	1
35.1	10.589	289.2901	5.1923	1
35.2	10.5989	290.1079	5.1875	1
35.3	10.6086	290.9811	5.198	1
35.4	10.6181	291.7821	5.2062	1
35.5	10.6278	292.6402	5.2111	1
35.6	10.6376	293.4077	5.2091	1
35.7	10.6472	294.2713	5.2062	1
35.8	10.657	295.1162	5.2134	1
35.9	10.6671	295.8917	5.2179	1
36	10.6771	296.7423	5.2161	1
36.1	10.6868	297.5772	5.2018	1
36.2	10.6961	298.4527	5.2067	1
36.3	10.7056	299.2984	5.2069	1
36.4	10.715	300.126	5.1999	1
36.5	10.7243	300.9877	5.2061	1
36.6	10.7338	301.8566	5.2093	1
36.7	10.7433	302.6933	5.2244	1
36.8	10.7529	303.4849	5.2187	1
36.9	10.7624	304.2293	5.2155	1
37	10.7721	305.1307	5.2258	1
37.1	10.7821	305.8927	5.2079	1
37.2	10.7925	306.6064	5.2078	1
37.3	10.8028	307.4692	5.2319	1
37.4	10.813	308.3151	5.239	1
37.5	10.8231	309.199	5.2355	1
37.6	10.833	310.0476	5.222	1
37.7	10.8427	310.8282	5.2267	1
37.8	10.8527	311.6622	5.2247	1
37.9	10.8629	312.5027	5.2137	1
38	10.8732	313.3346	5.2139	1
38.1	10.8832	314.1796	5.2179	1
38.2	10.8932	315.0295	5.2168	1
38.3	10.9031	315.8901	5.2251	1
38.4	10.9126	316.8059	5.2218	1
38.5	10.9219	317.6577	5.2124	1
38.6	10.9311	318.5477	5.217	1
38.7	10.9403	319.3657	5.2232	1
38.8	10.9497	320.181	5.2218	1
38.9	10.9588	321.076	5.2322	1
39	10.9678	321.8493	5.2389	1
39.1	10.9769	322.7271	5.2398	1
39.2	10.986	323.6258	5.239	1
39.3	10.9946	324.494	5.2357	1
39.4	11.0032	325.3246	5.2391	1
39.5	11.012	326.1158	5.2365	1
39.6	11.0205	326.9478	5.2427	1
39.7	11.029	327.8632	5.2524	1
39.8	11.0373	328.6823	5.2456	1
39.9	11.0457	329.5538	5.2458	1
40	11.054	330.3416	5.244	1
40.1	11.0623	331.1757	5.2373	1
40.2	11.0707	331.99	5.2324	1
40.3	11.0792	332.8424	5.2267	1
40.4	11.0875	333.6997	5.241	1
40.5	11.096	334.4435	5.2605	1
40.6	11.1046	335.2428	5.2576	1
40.7	11.1134	336.0266	5.242	1
40.8	11.1223	336.8625	5.2506	1
40.9	11.1307	337.7547	5.242	1
41	11.1391	338.6272	5.2277	1
41.1	11.1474	339.4974	5.2258	1
41.2	11.1554	340.3989	5.2307	1
41.3	11.1636	341.2255	5.2361	1
41.4	11.1718	342.0242	5.2447	1
41.5	11.1801	342.8507	5.2586	1
41.6	11.1882	343.724	5.2467	1
41.7	11.1962	344.5183	5.2442	1
41.8	11.2042	345.3719	5.2391	1
41.9	11.2124	346.261	5.2372	1
42	11.2202	347.0475	5.2437	1
42.1	11.2284	347.8921	5.2387	1
42.2	11.2366	348.6697	5.2315	1
42.3	11.2447	349.5532	5.2305	1
42.4	11.2529	350.4051	5.2274	1
42.5	11.2608	351.2441	5.2264	1
42.6	11.2687	351.9955	5.2239	1
42.7	11.2768	352.8997	5.2182	1
42.8	11.2848	353.6562	5.2086	1
42.9	11.2931	354.5317	5.2136	1
43	11.3012	355.4157	5.2235	1
43.1	11.3088	356.3295	5.214	1
43.2	11.316	357.2159	5.2099	1
43.3	11.3234	357.9646	5.2083	1
43.4	11.331	358.7224	5.1984	1
43.5	11.3387	359.5974	5.2019	1
43.6	11.3466	360.3839	5.2126	1
43.7	11.3549	361.1459	5.2097	1
43.8	11.363	362.0116	5.2146	1
43.9	11.3708	362.9249	5.2234	1
44	11.3785	363.712	5.2325	1
44.1	11.3865	364.5449	5.2457	1
44.2	11.3943	365.3989	5.2478	1
44.3	11.4018	366.2909	5.2342	1
44.4	11.4096	367.0788	5.2415	1
44.5	11.4175	367.8601	5.2389	1
44.6	11.4255	368.7434	5.2368	1
44.7	11.4332	369.5659	5.2401	1
44.8	11.4411	370.31	5.2466	1
44.9	11.4493	371.1303	5.254	1
45	11.4573	371.9913	5.2551	1
45.1	11.4656	372.7997	5.2446	1
45.2	11.4739	373.629	5.2354	1
45.3	11.482	374.4354	5.2278	1
45.4	11.4899	375.3542	5.2255	1
45.5	11.4977	376.2345	5.2288	1
45.6	11.5057	377.0723	5.2179	1
45.7	11.5137	377.9472	5.2158	1
45.8	11.5215	378.5898	5.2275	1
45.9	11.5295	379.4899	5.2391	1
46	11.5376	380.2858	5.2426	1
46.1	11.5454	381.2248	5.2288	1
46.2	11.5531	382.0933	5.2191	1
46.3	11.5607	382.9248	5.2173	1
46.4	11.5683	383.7683	5.2222	1
46.5	11.5758	384.6665	5.225	1
46.6	11.5832	385.4385	5.2282	1
46.7	11.5909	386.2102	5.2348	1
46.8	11.5988	387.0658	5.2295	1
46.9	11.6064	387.9643	5.2259	1
47	11.6138	388.765	5.2397	1
47.1	11.6213	389.6045	5.2336	1
47.2	11.6288	390.4694	5.2304	1
47.3	11.6363	391.3053	5.2338	1
47.4	11.6435	392.1168	5.2297	1
47.5	11.6509	392.9589	5.2349	1
47.6	11.6582	393.823	5.2389	1
47.7	11.6653	394.6716	5.247	1
47.8	11.6724	395.5557	5.2593	1
47.9	11.6793	396.4089	5.2517	1
48	11.6862	397.2289	5.2435	1
48.1	11.6931	398.0295	5.2504	1
48.2	11.7003	398.8232	5.2593	1
48.3	11.7076	399.6091	5.2599	1
48.4	11.7148	400.451	5.2547	1
48.5	11.7221	401.2797	5.2532	1
48.6	11.7294	402.1374	5.2379	1
48.7	11.7365	403.0024	5.2326	1
48.8	11.7435	403.889	5.2311	1
48.9	11.7502	404.6563	5.2304	1
49	11.7576	405.5058	5.2342	1
49.1	11.7651	406.3271	5.2468	1
49.2	11.7723	407.1392	5.2489	1
49.3	11.7796	407.9551	5.2501	1
49.4	11.7869	408.8102	5.2486	1
49.5	11.7942	409.6119	5.2458	1
49.6	11.8014	410.5158	5.2459	1
49.7	11.8086	411.3132	5.2495	1
49.8	11.8158	412.1191	5.2371	1
49.9	11.8233	412.9145	5.2265	1
50	11.8307	413.7517	5.2231	1
50.1	11.8382	414.5768	5.2149	1
50.2	11.8456	415.4275	5.2231	1
50.3	11.8531	416.2817	5.2322	1
50.4	11.8603	417.1456	5.2255	1
50.5	11.8675	417.9689	5.2187	1
50.6	11.8747	418.7955	5.2202	1
50.7	11.8817	419.6414	5.2402	1
50.8	11.889	420.4882	5.2356	1
50.9	11.8959	421.3991	5.2109	1
51	11.9031	422.1049	5.2079	1
51.1	11.9101	422.9444	5.2119	1
51.2	11.9176	423.7962	5.215	1
51.3	11.9246	424.6718	5.2137	1
51.4	11.9318	425.4442	5.2061	1
51.5	11.939	426.3319	5.2124	1
51.6	11.9461	427.1513	5.2108	1
51.7	11.953	428.0073	5.203	1
51.8	11.9601	428.8286	5.2229	1
51.9	11.9674	429.5786	5.2365	1
52	11.9751	430.4327	5.2262	1
52.1	11.9823	431.3413	5.2226	1
52.2	11.9891	432.1511	5.237	1
52.3	11.9961	432.9759	5.221	1
52.4	12.0033	433.8089	5.2049	1
52.5	12.0107	434.5937	5.2182	1
52.6	12.0181	435.5045	5.2234	1
52.7	12.0249	436.3646	5.2334	1
52.8	12.0317	437.209	5.239	1
52.9	12.0385	438.0009	5.2265	1
53	12.0454	438.8116	5.2258	1
53.1	12.0524	439.762	5.2398	1
53.2	12.0593	440.5016	5.2477	1
53.3	12.0663	441.3319	5.2413	1
53.4	12.0731	442.2526	5.2332	1
53.5	12.0796	443.0683	5.2302	1
53.6	12.0866	443.824	5.2253	1
53.7	12.0937	444.6356	5.2251	1
53.8	12.1006	445.5359	5.2364	1
53.9	12.1075	446.3891	5.2395	1
54	12.1144	447.1513	5.2382	1
54.1	12.1213	448.0054	5.2337	1
54.2	12.1284	448.8054	5.2308	1
54.3	12.1353	449.6473	5.2447	1
54.4	12.1423	450.4159	5.2392	1
54.5	12.1495	451.3015	5.2294	1
54.6	12.1567	452.1176	5.2381	1
54.7	12.1639	452.9465	5.2445	1
54.8	12.171	453.7906	5.2516	1
54.9	12.1785	454.5774	5.2565	1
55	12.1857	455.3997	5.2479	1
55.1	12.193	456.3345	5.235	1
55.2	12.2001	457.1369	5.2321	1
55.3	12.207	458.0209	5.2272	1
55.4	12.214	458.8952	5.229	1
55.5	12.2208	459.6523	5.2168	1
55.6	12.228	460.4885	5.2179	1
55.7	12.235	461.2661	5.2207	1
55.8	12.2422	462.087	5.2215	1
55.9	12.2494	462.8786	5.2158	1
56	12.2569	463.6851	5.2181	1
56.1	12.2643	464.606	5.2192	1
56.2	12.2715	465.4425	5.2189	1
56.3	12.2786	466.2909	5.2174	1
56.4	12.2855	467.0832	5.228	1
56.5	12.2927	467.9537	5.2385	1
56.6	12.3	468.7519	5.229	1
56.7	12.3073	469.6237	5.2204	1
56.8	12.3148	470.3903	5.2239	1
56.9	12.3221	471.2761	5.229	1
57	12.3294	472.0817	5.2341	1
57.1	12.3365	472.9116	5.2474	1
57.2	12.3438	473.7638	5.249	1
57.3	12.351	474.649	5.2426	1
57.4	12.3582	475.5352	5.2445	1
57.5	12.3651	476.2648	5.2365	1
57.6	12.3721	477.13	5.253	1
57.7	12.3793	478.0491	5.2572	1
57.8	12.3861	478.8089	5.2384	1
57.9	12.3929	479.7296	5.2264	1
58	12.3997	480.5033	5.2226	1
58.1	12.4066	481.3403	5.2244	1
58.2	12.4135	482.2132	5.2223	1
58.3	12.4205	482.9975	5.2342	1
58.4	12.4273	483.8869	5.2398	1
58.5	12.4339	484.6538	5.2401	1
58.6	12.4406	485.487	5.2461	1
58.7	12.4475	486.4529	5.2389	1
58.8	12.4542	487.2492	5.2167	1
58.9	12.461	487.9837	5.2072	1
59	12.468	488.8002	5.2334	1
59.1	12.4749	489.7214	5.239	1
59.2	12.4818	490.5029	5.2387	1
59.3	12.4885	491.2832	5.2288	1
59.4	12.4955	492.1416	5.238	1
59.5	12.5028	493.0084	5.238	1
59.6	12.51	493.8355	5.2255	1
59.7	12.5173	494.5348	5.2168	1
59.8	12.5246	495.4189	5.2182	1
59.9	12.5319	496.2402	5.213	1
60	12.5393	497.0954	5.2151	1
60.1	12.5469	497.9118	5.2386	1
60.2	12.5541	498.6946	5.2503	1
60.3	12.5613	499.6259	5.2397	1
60.4	12.5688	500.4202	5.2329	1
60.5	12.5764	501.206	5.2323	1
60.6	12.5842	502.0315	5.2304	1
60.7	12.592	502.8108	5.2412	1
60.8	12.5999	503.6866	5.2444	1
60.9	12.6076	504.4083	5.2435	1
61	12.6149	505.4111	5.2499	1
61.1	12.622	506.2866	5.2483	1
61.2	12.629	507.0434	5.2422	1
61.3	12.6365	507.9543	5.2409	1
61.4	12.6438	508.7483	5.2435	1
61.5	12.6511	509.5733	5.2434	1
61.6	12.6585	510.4156	5.2367	1
61.7	12.6663	511.1789	5.2295	1
61.8	12.6741	511.9463	5.2398	1
61.9	12.682	512.7713	5.2537	1
62	12.69	513.6518	5.2569	1
62.1	12.6978	514.4897	5.2477	1
62.2	12.7053	515.3777	5.2282	1
62.3	12.7126	516.3008	5.2251	1
62.4	12.72	517.0793	5.231	1
62.5	12.7273	517.8853	5.2306	1
62.6	12.7346	518.7964	5.2351	1
62.7	12.7416	519.6467	5.235	1
62.8	12.7486	520.532	5.2247	1
62.9	12.7554	521.4043	5.22	1
63	12.7622	522.2733	5.2234	1
63.1	12.769	523.0511	5.2233	1
63.2	12.7756	523.8841	5.224	1
63.3	12.7822	524.7875	5.2304	1
63.4	12.7889	525.6099	5.2256	1
63.5	12.7954	526.4778	5.2209	1
63.6	12.802	527.259	5.2193	1
63.7	12.8086	528.0217	5.2318	1
63.8	12.8153	528.8792	5.2518	1
63.9	12.822	529.6866	5.252	1
64	12.8288	530.5276	5.2404	1
64.1	12.8356	531.3414	5.234	1
64.2	12.8423	532.2035	5.2252	1
64.3	12.8488	533.0974	5.2139	1
64.4	12.8553	533.9551	5.1989	1
64.5	12.8619	534.7077	5.2009	1
64.6	12.8687	535.6129	5.212	1
64.7	12.8751	536.4025	5.2149	1
64.8	12.8819	537.1044	5.2126	1
64.9	12.8887	538.0169	5.213	1
65	12.8953	538.913	5.2156	1
65.1	12.9018	539.7162	5.2267	1
65.2	12.9085	540.5184	5.2304	1
65.3	12.9152	541.4377	5.2372	1
65.4	12.9217	542.2334	5.241	1
65.5	12.9282	543.0339	5.2269	1
65.6	12.9349	543.8883	5.232	1
65.7	12.9414	544.6958	5.2416	1
65.8	12.9478	545.642	5.2419	1
65.9	12.954	546.5089	5.237	1
66	12.9598	547.4517	5.2331	1
66.1	12.9655	548.2332	5.2256	1
66.2	12.971	549.1271	5.2215	1
66.3	12.9768	549.8561	5.2292	1
66.4	12.9827	550.6616	5.244	1
66.5	12.9888	551.5305	5.2605	1
66.6	12.9946	552.4053	5.2564	1
66.7	13.0005	553.1851	5.251	1
66.8	13.0066	553.9293	5.2495	1
66.9	13.013	554.6942	5.2418	1
67	13.0197	555.4847	5.2455	1
67.1	13.0267	556.3323	5.2582	1
67.2	13.0333	557.1935	5.2446	1
67.3	13.0398	558.0579	5.2367	1
67.4	13.0463	558.8848	5.2485	1
67.5	13.0527	559.7533	5.2598	1
67.6	13.0591	560.56	5.2557	1
67.7	13.0658	561.3752	5.2532	1
67.8	13.0724	562.2318	5.2621	1
67.9	13.0788	563.0415	5.2427	1
68	13.0852	563.9247	5.2288	1
68.1	13.0916	564.7364	5.2249	1
68.2	13.0982	565.4938	5.2207	1
68.3	13.105	566.3277	5.2242	1
68.4	13.1118	567.1292	5.2362	1
68.5	13.1185	568.0576	5.2354	1
68.6	13.1248	568.9188	5.2262	1
68.7	13.1309	569.7244	5.2264	1
68.8	13.1373	570.5216	5.2311	1
68.9	13.1442	571.3223	5.224	1
69	13.1511	572.1381	5.2198	1
69.1	13.1579	572.9995	5.2243	1
69.2	13.1646	573.8527	5.2251	1
69.3	13.1714	574.6147	5.2226	1
69.4	13.1782	575.4664	5.2368	1
69.5	13.1851	576.3289	5.2432	1
69.6	13.1918	577.2047	5.2437	1
69.7	13.1984	578.047	5.2349	1
69.8	13.205	578.9073	5.2233	1
69.9	13.2115	579.718	5.2244	1
70	13.2182	580.4666	5.2232	1
70.1	13.2252	581.2519	5.2272	1
70.2	13.2321	582.095	5.2288	1
70.3	13.239	582.96	5.2333	1
70.4	13.246	583.7879	5.2302	1
70.5	13.2529	584.6488	5.2241	1
70.6	13.2599	585.4999	5.2106	1
70.7	13.2665	586.2739	5.2002	1
70.8	13.2729	587.1904	5.2043	1
70.9	13.2798	587.9477	5.2218	1
71	13.2867	588.8146	5.2248	1
71.1	13.2937	589.6724	5.2121	1
71.2	13.3005	590.4949	5.221	1
71.3	13.3073	591.348	5.2134	1
71.4	13.314	592.1916	5.2118	1
71.5	13.3204	593.074	5.2122	1
71.6	13.327	593.8505	5.1949	1
71.7	13.3331	594.7874	5.1887	1
71.8	13.3394	595.5887	5.21	1
71.9	13.3458	596.4161	5.2227	1
72	13.352	597.2933	5.2355	1
72.1	13.3582	598.1145	5.2344	1
72.2	13.3647	598.9007	5.2262	1
72.3	13.3711	599.7435	5.2225	1
72.4	13.3773	600.6246	5.2241	1
72.5	13.3835	601.427	5.2201	1
72.6	13.3895	602.3097	5.222	1
72.7	13.3954	603.169	5.2262	1
72.8	13.4014	603.9597	5.2255	1
72.9	13.4076	604.8333	5.2266	1
73	13.414	605.5579	5.2244	1
73.1	13.4205	606.388	5.2159	1
73.2	13.4272	607.1506	5.2214	1
73.3	13.434	607.9973	5.2154	1
73.4	13.4405	608.8788	5.2099	1
73.5	13.447	609.7473	5.2135	1
73.6	13.4534	610.6082	5.2251	1
73.7	13.4597	611.4365	5.2237	1
73.8	13.466	612.2312	5.211	1
73.9	13.4723	613.1111	5.2048	1
74	13.4784	613.9881	5.1974	1
74.1	13.4845	614.801	5.1962	1
74.2	13.4906	615.6144	5.2057	1
74.3	13.4969	616.35	5.206	1
74.4	13.5032	617.2341	5.2106	1
74.5	13.5095	618.1296	5.2116	1
74.6	13.5157	618.9363	5.219	1
74.7	13.5218	619.8363	5.2195	1
74.8	13.5281	620.6208	5.2148	1
74.9	13.5339	621.5736	5.2107	1
75	13.5397	622.3551	5.2044	1
75.1	13.5453	623.1988	5.2152	1
75.2	13.5511	624.044	5.2154	1
75.3	13.5569	624.8245	5.2056	1
75.4	13.5626	625.6959	5.2108	1
75.5	13.5684	626.5385	5.2146	1
75.6	13.574	627.4438	5.2047	1
75.7	13.5796	628.1877	5.207	1
75.8	13.5853	629.0328	5.2092	1
75.9	13.5909	629.9256	5.2141	1
76	13.5964	630.7014	5.2259	1
76.1	13.602	631.5998	5.2199	1
76.2	13.6076	632.2914	5.2102	1
76.3	13.6131	633.2565	5.2071	1
76.4	13.6187	634.0665	5.2117	1
76.5	13.6243	634.8104	5.2148	1
76.6	13.6303	635.6489	5.2042	1
76.7	13.6361	636.3991	5.1887	1
76.8	13.642	637.3256	5.1852	1
76.9	13.6482	638.0988	5.1969	1
77	13.6543	638.9249	5.2037	1
77.1	13.6603	639.8546	5.1997	1
77.2	13.666	640.6803	5.2073	1
77.3	13.6714	641.5343	5.2126	1
77.4	13.6772	642.3	5.2068	1
77.5	13.6832	643.1678	5.2138	1
77.6	13.6892	644.0055	5.2146	1
77.7	13.6948	644.8657	5.2226	1
77.8	13.7006	645.6403	5.2139	1
77.9	13.7067	646.4402	5.2046	1
78	13.7129	647.3062	5.2045	1
78.1	13.7188	648.1542	5.2175	1
78.2	13.7244	649.0027	5.2414	1
78.3	13.7301	649.8384	5.235	1
78.4	13.7354	650.6867	5.2161	1
78.5	13.7409	651.5431	5.2042	1
78.6	13.7466	652.3483	5.2085	1
78.7	13.7524	653.2105	5.2066	1
78.8	13.7581	654.0084	5.2002	1
78.9	13.7636	654.769	5.2	1
79	13.7695	655.7014	5.1886	1
79.1	13.7754	656.5119	5.1821	1
79.2	13.7812	657.3861	5.1779	1
79.3	13.7869	658.1845	5.1729	1
79.4	13.7923	659.0758	5.186	1
79.5	13.7977	659.9955	5.1905	1
79.6	13.803	660.784	5.1903	1
79.7	13.8083	661.6228	5.1855	1
79.8	13.8138	662.3766	5.1929	1
79.9	13.819	663.2603	5.2037	1
80	13.824	664.1693	5.1949	1
80.1	13.8291	664.8728	5.1835	1
80.2	13.8343	665.7389	5.1804	1
80.3	13.8395	666.6447	5.1673	1
80.4	13.8447	667.426	5.1764	1
80.5	13.8497	668.3124	5.1863	1
80.6	13.8548	669.1098	5.1736	1
80.7	13.8601	669.9568	5.1882	1
80.8	13.8654	670.8259	5.1937	1
80.9	13.8704	671.6313	5.1946	1
81	13.8756	672.4466	5.1975	1
81.1	13.8811	673.1612	5.1872	1
81.2	13.8866	673.9637	5.1777	1
81.3	13.8923	674.7942	5.1767	1
81.4	13.8981	675.5965	5.182	1
81.5	13.9043	676.4763	5.1901	1
81.6	13.9103	677.2229	5.198	1
81.7	13.9166	677.9849	5.2142	1
81.8	13.923	678.8413	5.1987	1
81.9	13.9294	679.6169	5.1872	1
82	13.9359	680.4814	5.2014	1
82.1	13.9424	681.4016	5.2107	1
82.2	13.9485	682.3342	5.2105	1
82.3	13.9539	683.2109	5.2061	1
82.4	13.9592	684.069	5.1972	1
82.5	13.9649	684.8259	5.189	1
82.6	13.9704	685.6993	5.1887	1
82.7	13.976	686.5107	5.2043	1
82.8	13.9818	687.282	5.1971	1
82.9	13.9879	688.0918	5.1965	1
83	13.994	688.9413	5.206	1
83.1	13.9999	689.8159	5.2137	1
83.2	14.0058	690.6094	5.2179	1
83.3	14.0118	691.371	5.2154	1
83.4	14.0181	692.2015	5.2101	1
83.5	14.0243	693.1114	5.1932	1
83.6	14.0303	693.9292	5.1829	1
83.7	14.0365	694.7118	5.204	1
83.8	14.0429	695.5209	5.2101	1
83.9	14.0492	696.4261	5.2014	1
84	14.0552	697.2429	5.2113	1
84.1	14.0611	698.1654	5.2256	1
84.2	14.067	699.0008	5.2258	1
84.3	14.0729	699.7889	5.2151	1
84.4	14.0788	700.5737	5.2198	1
84.5	14.0847	701.3998	5.217	1
84.6	14.0908	702.3056	5.2074	1
84.7	14.0964	703.2126	5.2033	1
84.8	14.1016	704.0745	5.1966	1
84.9	14.1072	704.828	5.2036	1
85	14.1128	705.7055	5.2038	1
85.1	14.1184	706.5167	5.1891	1
85.2	14.1244	707.2622	5.179	1
85.3	14.1305	708.077	5.1814	1
85.4	14.1365	708.8569	5.2026	1
85.5	14.1426	709.7269	5.2009	1
85.6	14.1488	710.5951	5.1986	1
85.7	14.155	711.4785	5.2031	1
85.8	14.161	712.2782	5.2002	1
85.9	14.1666	713.1496	5.1883	1
86	14.1723	714.0432	5.1926	1
86.1	14.178	714.8164	5.1951	1
86.2	14.1838	715.6178	5.2068	1
86.3	14.1896	716.4567	5.2236	1
86.4	14.1956	717.3058	5.2243	1
86.5	14.2015	718.1172	5.1981	1
86.6	14.2075	718.8933	5.1942	1
86.7	14.2137	719.7418	5.2001	1
86.8	14.2202	720.4961	5.1949	1
86.9	14.2266	721.337	5.1997	1
87	14.2327	722.2163	5.1914	1
87.1	14.2388	723.1248	5.1924	1
87.2	14.245	723.9383	5.204	1
87.3	14.2514	724.7333	5.2174	1
87.4	14.2577	725.5391	5.2264	1
87.5	14.2638	726.4404	5.2358	1
87.6	14.2699	727.2456	5.2381	1
87.7	14.2758	728.097	5.2286	1
87.8	14.2818	728.9413	5.2296	1
87.9	14.2877	729.7562	5.2273	1
88	14.2937	730.603	5.2358	1
88.1	14.2996	731.4611	5.2583	1
88.2	14.3053	732.3444	5.2429	1
88.3	14.3111	733.141	5.2155	1
88.4	14.3169	734.003	5.2227	1
88.5	14.3228	734.7732	5.22	1
88.6	14.3289	735.5824	5.2256	1
88.7	14.3349	736.4157	5.24	1
88.8	14.3409	737.2675	5.2322	1
88.9	14.3467	738.1443	5.2294	1
89	14.3526	739.0589	5.2425	1
89.1	14.3583	739.8031	5.2477	1
89.2	14.364	740.6592	5.2418	1
89.3	14.3698	741.5156	5.2277	1
89.4	14.3753	742.4825	5.2292	1
89.5	14.3805	743.3562	5.2298	1
89.6	14.3856	744.054	5.2333	1
89.7	14.3911	744.9412	5.2322	1
89.8	14.3963	745.7192	5.228	1
89.9	14.4015	746.6275	5.2237	1
90	14.4068	747.4173	5.2162	1
90.1	14.412	748.2572	5.2166	1
90.2	14.4173	749.0545	5.2262	1
90.3	14.423	749.7039	5.2331	1
90.4	14.4293	750.4866	5.2319	1
90.5	14.4357	751.3755	5.2261	1
90.6	14.4419	752.2733	5.2099	1
90.7	14.448	753.0963	5.1976	1
90.8	14.4538	753.8141	5.1937	1
90.9	14.4596	754.8068	5.2015	1
91	14.4654	755.6056	5.1936	1
91.1	14.4713	756.4985	5.1912	1
91.2	14.4772	757.3504	5.2015	1
91.3	14.4829	758.1182	5.2012	1
91.4	14.4885	759.0377	5.2064	1
91.5	14.494	759.8444	5.2085	1
91.6	14.4996	760.7635	5.2084	1
91.7	14.5049	761.6122	5.2084	1
91.8	14.5101	762.3339	5.2075	1
91.9	14.5156	763.1952	5.2063	1
92	14.5213	764.0058	5.2218	1
92.1	14.527	764.7948	5.2526	1
92.2	14.5326	765.6923	5.2614	1
92.3	14.5382	766.5894	5.2451	1
92.4	14.5436	767.393	5.2313	1
92.5	14.549	768.2336	5.2258	1
92.6	14.5544	769.0791	5.218	1
92.7	14.5597	769.8915	5.2126	1
92.8	14.5651	770.6977	5.214	1
92.9	14.5706	771.5139	5.2269	1
93	14.5763	772.3065	5.2366	1
93.1	14.5819	773.1602	5.2289	1
93.2	14.5878	773.9592	5.2329	1
93.3	14.5933	774.8121	5.2287	1
93.4	14.599	775.6583	5.2209	1
93.5	14.6048	776.4058	5.2201	1
93.6	14.6108	777.2463	5.2242	1
93.7	14.6169	778.0479	5.2275	1
93.8	14.6226	778.9585	5.2227	1
93.9	14.6283	779.7629	5.2262	1
94	14.6339	780.6367	5.2363	1
94.1	14.6398	781.5072	5.2386	1
94.2	14.6455	782.2973	5.2374	1
94.3	14.6513	783.1802	5.216	1
94.4	14.657	783.8771	5.2058	1
94.5	14.663	784.7524	5.2119	1
94.6	14.6692	785.6032	5.2037	1
94.7	14.6749	786.4396	5.1949	1
94.8	14.6806	787.3339	5.2085	1
94.9	14.6864	788.1676	5.2217	1
95	14.692	789.0723	5.2127	1
95.1	14.6975	789.8884	5.2189	1
95.2	14.7031	790.5379	5.2239	1
95.3	14.709	791.461	5.2216	1
95.4	14.7148	792.2963	5.2285	1
95.5	14.7208	793.0129	5.2383	1
95.6	14.7267	793.9149	5.229	1
95.7	14.7324	794.8322	5.2117	1
95.8	14.7379	795.7025	5.2048	1
95.9	14.7434	796.5339	5.2067	1
96	14.7489	797.3572	5.2061	1
96.1	14.7544	798.2475	5.1951	1
96.2	14.7596	799.1081	5.1884	1
96.3	14.7648	799.9135	5.1948	1
96.4	14.7702	800.6961	5.1989	1
96.5	14.7758	801.5028	5.1938	1
96.6	14.7813	802.3091	5.1985	1
96.7	14.7868	803.2869	5.19	1
96.8	14.7914	804.3977	5.1846	1
96.9	14.7948	805.4173	5.1945	1
97	14.798	806.1013	5.1945	1
97.1	14.8025	806.5384	5.1826	1
97.2	14.8089	807.0217	5.1814	1
97.3	14.8169	807.4851	5.1875	1
97.4	14.8256	808.1831	5.1851	1
97.5	14.8348	809.1068	5.1822	1
97.6	14.843	810.2707	5.1925	1
97.7	14.8501	811.175	5.1944	1
97.8	14.8567	812.1327	5.189	1
97.9	14.8631	813.0473	5.1871	1
98	14.8691	813.939	5.1856	1
98.1	14.8749	814.8428	5.1896	1
98.2	14.8806	815.6392	5.1964	1
98.3	14.8864	816.5302	5.2023	1
98.4	14.8919	817.3945	5.214	1
98.5	14.8971	818.2525	5.2103	1
98.6	14.9021	819.149	5.1969	1
98.7	14.9072	819.9578	5.197	1
98.8	14.9122	820.8461	5.2049	1
98.9	14.9171	821.6095	5.2167	1
99	14.9222	822.3594	5.193	1
99.1	14.9277	823.1483	5.1697	1
99.2	14.9332	824.0548	5.1809	1
99.3	14.9387	824.8919	5.191	1
99.4	14.9443	825.6663	5.1839	1
99.5	14.9503	826.3513	5.1885	1
99.6	14.9565	827.223	5.1977	1
99.7	14.9625	828.0604	5.1962	1
99.8	14.9682	828.9674	5.1941	1
99.9	14.974	829.7414	5.1904	1
100	14.9801	830.5993	5.1779	1
100.1	14.9856	831.56	5.1751	1
100.2	14.9909	832.375	5.1871	1
100.3	14.9963	833.156	5.1921	1
100.4	15.0017	834.0364	5.1905	1
100.5	15.0072	834.8522	5.1849	1
100.6	15.0129	835.6802	5.187	1
100.7	15.0186	836.5032	5.1917	1
100.8	15.0241	837.3207	5.1857	1
100.9	15.0293	838.2461	5.1906	1
101	15.0344	839.1538	5.2032	1
101.1	15.0392	840.0151	5.1973	1
101.2	15.0439	840.8898	5.1893	1
101.3	15.0484	841.7858	5.1818	1
101.4	15.0529	842.6004	5.1873	1
101.5	15.0575	843.3195	5.1865	1
101.6	15.0625	844.0295	5.1818	1
101.7	15.0681	844.7259	5.1785	1
101.8	15.0739	845.6174	5.181	1
101.9	15.0793	846.4746	5.1771	1
102	15.0849	847.3571	5.1801	1
102.1	15.0905	848.2679	5.1971	1
102.2	15.0963	848.9759	5.2081	1
102.3	15.102	849.7096	5.2117	1
102.4	15.1081	850.5082	5.2144	1
102.5	15.1138	851.5045	5.2039	1
102.6	15.1188	852.605	5.2001	1
102.7	15.1227	853.5542	5.2095	1
102.8	15.1267	854.2252	5.2077	1
102.9	15.1314	854.9374	5.2067	1
103	15.1366	855.7149	5.2083	1
103.1	15.1423	856.4368	5.2087	1
103.2	15.148	857.3111	5.2037	1
103.3	15.1538	858.1203	5.2025	1
103.4	15.1596	858.9319	5.2069	1
103.5	15.1659	859.6511	5.2051	1
103.6	15.172	860.5073	5.1864	1
103.7	15.178	861.431	5.1857	1
103.8	15.1838	862.2308	5.2053	1
103.9	15.1897	863.1136	5.1998	1
104	15.1957	863.9539	5.1892	1
104.1	15.2016	864.7461	5.1945	1
104.2	15.2077	865.5424	5.1981	1
104.3	15.2138	866.3165	5.2031	1
104.4	15.2197	867.2667	5.2106	1
104.5	15.2256	868.1658	5.2182	1
104.6	15.2314	868.9161	5.2139	1
104.7	15.2373	869.7574	5.2033	1
104.8	15.2433	870.4993	5.1991	1
104.9	15.2495	871.3247	5.1975	1
105	15.2555	872.2522	5.1918	1
105.1	15.2615	873.0505	5.1886	1
105.2	15.2674	873.9139	5.1844	1
105.3	15.2733	874.801	5.1947	1
105.4	15.279	875.6171	5.1975	1
105.5	15.2846	876.5499	5.1912	1
105.6	15.2903	877.2901	5.1896	1
105.7	15.2962	878.0505	5.1832	1
105.8	15.3023	878.9282	5.1881	1
105.9	15.3082	879.7397	5.2033	1
106	15.3138	880.781	5.2004	1
106.1	15.3179	882.1078	5.1883	1
106.2	15.3182	883.9627	5.1886	1
106.3	15.3156	885.0312	5.1933	1
106.4	15.3159	884.3737	5.1952	1
106.5	15.3241	883.4685	5.1925	1
106.6	15.3367	884.0411	5.1947	1
106.7	15.3477	885.6134	5.2044	1
106.8	15.356	886.8361	5.206	1
106.9	15.3627	887.9699	5.2082	1
107	15.3689	888.9406	5.2053	1
107.1	15.375	889.7561	5.2193	1
107.2	15.381	890.55	5.2332	1
107.3	15.3872	891.385	5.2186	1
107.4	15.3933	892.2666	5.2097	1
107.5	15.3992	893.102	5.2203	1
107.6	15.405	893.898	5.2242	1
107.7	15.4109	894.712	5.2113	1
107.8	15.4165	895.6502	5.1988	1
107.9	15.4219	896.5581	5.1989	1
108	15.4271	897.4512	5.193	1
108.1	15.4319	898.3643	5.1944	1
108.2	15.4366	899.1609	5.2006	1
108.3	15.4414	900.0027	5.2145	1
108.4	15.4465	900.8065	5.213	1
108.5	15.4516	901.579	5.2147	1
108.6	15.457	902.4458	5.2118	1
108.7	15.4621	903.2419	5.2092	1
108.8	15.4672	904.088	5.2171	1
108.9	15.4723	904.9039	5.212	1
109	15.4773	905.8059	5.213	1
109.1	15.4824	906.5236	5.201	1
109.2	15.4875	907.4071	5.2004	1
109.3	15.4928	908.2073	5.2094	1
109.4	15.4981	908.9996	5.2078	1
109.5	15.5035	909.8531	5.2033	1
109.6	15.5087	910.7709	5.1951	1
109.7	15.5137	911.6244	5.1982	1
109.8	15.5189	912.3567	5.2147	1
109.9	15.5245	913.0157	5.2195	1
110	15.5308	913.6905	5.2262	1
110.1	15.5379	914.479	5.2209	1
110.2	15.5456	915.1721	5.2074	1
110.3	15.5537	915.8912	5.21	1
110.4	15.5618	916.8518	5.2034	1
110.5	15.5668	918.9118	5.2005	1
110.6	15.567	920.1862	5.2038	1
110.7	15.5688	920.6199	5.2058	1
110.8	15.572	920.8225	5.1987	1
110.9	15.5774	921.5914	5.1857	1
111	15.5828	922.169	5.1831	1
111.1	15.5885	923.2197	5.1768	1
111.2	15.5938	923.9386	5.1712	1
111.3	15.599	924.9634	5.188	1
111.4	15.6041	925.7043	5.1818	1
111.5	15.6093	926.5392	5.1811	1
111.6	15.6147	927.3509	5.1815	1
111.7	15.6198	928.1456	5.1718	1
111.8	15.6252	928.9641	5.1866	1
111.9	15.6304	929.9314	5.1984	1
112	15.6354	930.7666	5.1991	1
112.1	15.6404	931.6045	5.1988	1
112.2	15.6455	932.3961	5.1981	1
112.3	15.6506	933.244	5.204	1
112.4	15.6557	934.0697	5.2028	1
112.5	15.6607	934.8961	5.2094	1
112.6	15.6657	935.7835	5.2155	1
112.7	15.6705	936.603	5.2176	1
112.8	15.6753	937.4909	5.2188	1
112.9	15.6803	938.2938	5.217	1
113	15.6855	939.0495	5.2159	1
113.1	15.6908	939.8753	5.2205	1
113.2	15.6961	940.6267	5.2278	1
113.3	15.7016	941.4562	5.2344	1
113.4	15.7073	942.2154	5.2237	1
113.5	15.7131	943.0608	5.2224	1
113.6	15.7188	943.8801	5.2257	1
113.7	15.7245	944.739	5.2224	1
113.8	15.7302	945.7541	5.2142	1
113.9	15.7357	946.5033	5.2104	1
114	15.7413	947.2835	5.1963	1
114.1	15.747	948.1107	5.1882	1
114.2	15.7526	948.9877	5.1901	1
114.3	15.7581	949.845	5.1973	1
114.4	15.7638	950.5008	5.2021	1
114.5	15.7698	951.4279	5.2027	1
114.6	15.7756	952.2741	5.2118	1
114.7	15.7811	953.1776	5.2123	1
114.8	15.7868	953.9592	5.218	1
114.9	15.7923	954.8169	5.2261	1
115	15.7978	955.6619	5.2147	1
115.1	15.8033	956.4601	5.2171	1
115.2	15.809	957.3246	5.224	1
115.3	15.8147	958.1086	5.2243	1
115.4	15.8201	959.0206	5.2109	1
115.5	15.8253	959.9025	5.2153	1
115.6	15.8303	960.7601	5.2272	1
115.7	15.8353	961.5732	5.2246	1
115.8	15.8405	962.3875	5.2304	1
115.9	15.8455	963.3466	5.2313	1
116	15.8502	964.1737	5.226	1
116.1	15.8549	965.0023	5.2163	1
116.2	15.8596	965.7848	5.2204	1
116.3	15.8644	966.641	5.2134	1
116.4	15.869	967.4436	5.2044	1
116.5	15.8737	968.3199	5.2099	1
116.6	15.8783	969.1501	5.2098	1
116.7	15.8829	970.0505	5.208	1
116.8	15.8871	970.9805	5.2152	1
116.9	15.891	971.8554	5.2081	1
117	15.895	972.5225	5.21	1
117.1	15.8993	973.3771	5.2163	1
117.2	15.9038	974.2068	5.2118	1
117.3	15.9082	975.0436	5.2129	1
117.4	15.9129	975.8516	5.2104	1
117.5	15.9174	976.5308	5.2011	1
117.6	15.922	977.4612	5.2045	1
117.7	15.927	978.2313	5.1994	1
117.8	15.9321	979.041	5.2039	1
117.9	15.9373	979.9048	5.2018	1
118	15.9423	980.7582	5.191	1
118.1	15.9468	981.637	5.1896	1
118.2	15.9514	982.5735	5.1936	1
118.3	15.9556	983.3794	5.1943	1
118.4	15.9602	984.1803	5.2045	1
118.5	15.965	984.9992	5.2037	1
118.6	15.9695	985.7939	5.2093	1
118.7	15.9743	986.6047	5.2231	1
118.8	15.9792	987.4196	5.2236	1
118.9	15.984	988.3085	5.2307	1
119	15.9888	989.0959	5.23	1
119.1	15.9937	989.847	5.2218	1
119.2	15.9989	990.7546	5.2213	1
119.3	16.0039	991.5283	5.2266	1
119.4	16.009	992.38	5.2302	1
119.5	16.0141	993.2088	5.2318	1
119.6	16.0193	994.0445	5.2301	1
119.7	16.0244	994.8689	5.235	1
119.8	16.0292	995.6956	5.2161	1
119.9	16.0345	996.5439	5.1996	1
120	16.0397	997.2843	5.215	1
120.1	16.0451	998.1814	5.2188	1
120.2	16.0508	998.8968	5.1987	1
120.3	16.0564	999.7489	5.1998	1
120.4	16.0622	1000.6538	5.2046	1
120.5	16.0679	1001.3895	5.213	1
120.6	16.0733	1002.3112	5.2142	1
120.7	16.0788	1003.2008	5.2091	2
120.8	16.084	1004.0103	5.2006	2
120.9	16.0892	1004.8668	5.2018	2
121	16.0945	1005.6077	5.2077	2
121.1	16.0999	1006.4517	5.214	2
121.2	16.1051	1006.8546	5.213	2
121.3	16.1098	1006.9882	5.2025	2
121.4	16.1143	1006.9527	5.2077	2
121.5	16.1185	1006.9974	5.2201	2
121.6	16.1227	1007.1429	5.2298	2
121.7	16.1264	1007.1052	5.235	2
121.8	16.13	1007.1594	5.2319	2
121.9	16.1339	1007.1682	5.2335	2
122	16.1372	1007.2411	5.2355	2
122.1	16.1406	1007.2945	5.2364	2
122.2	16.1438	1007.2046	5.2431	2
122.3	16.1472	1007.2256	5.2272	2
122.4	16.1508	1007.1943	5.2157	2
122.5	16.1538	1007.2499	5.2123	2
122.6	16.1568	1007.311	5.2156	2
122.7	16.1598	1007.2985	5.2264	2
122.8	16.1628	1007.2911	5.2242	2
122.9	16.1657	1007.266	5.2134	2
123	16.1685	1007.3461	5.2084	2
123.1	16.1713	1007.3374	5.2042	2
123.2	16.174	1007.341	5.1998	2
123.3	16.1767	1007.324	5.1953	2
123.4	16.1794	1007.3109	5.2011	2
123.5	16.1821	1007.3807	5.217	2
123.6	16.1843	1007.4913	5.2124	2
123.7	16.1862	1007.5101	5.1988	2
123.8	16.1881	1007.5324	5.2077	2
123.9	16.1901	1007.484	5.2239	2
124	16.1919	1007.4521	5.2091	2
124.1	16.1936	1007.505	5.196	2
124.2	16.1956	1007.4319	5.1953	2
124.3	16.1975	1007.5117	5.1922	2
124.4	16.1992	1007.5266	5.1937	2
124.5	16.2008	1007.4127	5.193	2
124.6	16.2027	1007.5212	5.2127	2
124.7	16.2047	1007.4883	5.2207	2
124.8	16.2062	1007.5112	5.2263	2
124.9	16.2079	1007.4982	5.2238	2
125	16.2097	1007.4673	5.2022	2
125.1	16.2112	1007.5169	5.193	2
125.2	16.213	1007.5481	5.1982	2
125.3	16.2147	1007.4758	5.2005	2
125.4	16.2164	1007.5246	5.1861	2
125.5	16.218	1007.4429	5.1868	2
125.6	16.2195	1007.4975	5.1843	2
125.7	16.221	1007.6051	5.181	2
125.8	16.2224	1007.4977	5.1739	2
125.9	16.2238	1007.4785	5.1707	2
126	16.2255	1007.507	5.1842	2
126.1	16.2271	1007.4342	5.1946	2
126.2	16.2289	1007.476	5.1975	2
126.3	16.2305	1007.6151	5.1831	2
126.4	16.2282	1009.032	5.1895	2
126.5	16.2204	1009.8359	5.2044	2
126.6	16.2145	1008.3511	5.1922	2
126.7	16.2183	1006.0294	5.1834	2
126.8	16.2287	1005.381	5.1993	2
126.9	16.2375	1006.3066	5.2023	2
127	16.2423	1006.9828	5.2028	2
127.1	16.2453	1007.2188	5.1963	2
127.2	16.2479	1007.3081	5.2023	2
127.3	16.2501	1007.3994	5.2187	2
127.4	16.252	1007.3782	5.2016	2
127.5	16.2542	1007.3037	5.1933	2
127.6	16.2564	1007.4084	5.199	2
127.7	16.2578	1007.5107	5.2056	2
127.8	16.2595	1007.4574	5.2087	2
127.9	16.2616	1007.3124	5.2	2
128	16.264	1007.3182	5.2021	2
128.1	16.2665	1007.3555	5.1937	2
128.2	16.2684	1007.4686	5.1932	2
128.3	16.27	1007.5354	5.1814	2
128.4	16.2712	1007.4464	5.1855	2
128.5	16.2728	1007.5086	5.1845	2
128.6	16.2744	1007.4194	5.1892	2
128.7	16.2758	1007.4734	5.1813	2
128.8	16.2775	1007.3982	5.1709	2
128.9	16.2795	1007.2298	5.1808	2
129	16.2823	1007.2457	5.1805	2
129.1	16.2855	1006.9902	5.1859	2
129.2	16.2895	1006.7943	5.1953	2
129.3	16.2952	1006.4604	5.1978	2
129.4	16.3011	1006.5571	5.1867	2
129.5	16.3036	1008.078	5.1883	2
129.6	16.2972	1009.7909	5.1872	2
129.7	16.2898	1009.098	5.1775	2
129.8	16.2849	1008.8179	5.1902	2
129.9	16.2828	1007.9386	5.2038	2
130	16.282	1007.9116	5.1887	2
130.1	16.2828	1007.5258	5.1908	2
130.2	16.2827	1007.7213	5.1985	2
130.3	16.2834	1007.7064	5.1783	2
130.4	16.2837	1007.6168	5.1765	2
130.5	16.2844	1007.6858	5.1953	2
130.6	16.2851	1007.5624	5.2029	2
130.7	16.2856	1007.5968	5.1964	2
130.8	16.2863	1007.6081	5.1883	2
130.9	16.2871	1007.5696	5.185	2
131	16.2876	1007.6326	5.1921	2
131.1	16.2884	1007.6086	5.1875	2
131.2	16.2891	1007.5975	5.1826	2
131.3	16.2898	1007.6838	5.1742	2
131.4	16.2905	1007.6165	5.1846	2
131.5	16.2912	1007.5978	5.2004	2
131.6	16.2922	1007.5404	5.1919	2
131.7	16.2931	1007.5794	5.1721	2
131.8	16.2935	1007.6442	5.1823	2
131.9	16.294	1007.5866	5.1867	2
132	16.2946	1007.6702	5.1777	2
132.1	16.2951	1007.6719	5.1726	2
132.2	16.2955	1007.6119	5.1914	2
132.3	16.2958	1007.6938	5.2027	2
132.4	16.2964	1007.5787	5.1913	2
132.5	16.2967	1007.6602	5.1784	2
132.6	16.2973	1007.6505	5.1801	2
132.7	16.2978	1007.5987	5.1848	2
132.8	16.2984	1007.6223	5.18	2
132.9	16.299	1007.5619	5.1872	2
133	16.2996	1007.6674	5.1807	2
133.1	16.3003	1007.5545	5.1847	2
133.2	16.3011	1007.5198	5.1859	2
133.3	16.3021	1007.5039	5.189	2
133.4	16.3027	1007.706	5.1866	2
133.5	16.303	1007.717	5.1839	2
133.6	16.303	1007.6141	5.1806	2
133.7	16.3035	1007.6036	5.1658	2
133.8	16.3039	1007.5965	5.1658	2
133.9	16.3039	1007.8084	5.1741	2
134	16.3037	1007.8041	5.163	2
134.1	16.3035	1007.8165	5.1659	2
134.2	16.3033	1007.7592	5.1845	2
134.3	16.3029	1007.7402	5.1898	2
134.4	16.3028	1007.7981	5.1909	2
134.5	16.303	1007.676	5.1964	2
134.6	16.3032	1007.6822	5.194	2
134.7	16.3037	1007.5886	5.1812	2
134.8	16.3043	1007.5779	5.1585	2
134.9	16.3052	1007.5523	5.164	2
135	16.3057	1007.5986	5.1733	2
135.1	16.3064	1007.5631	5.1748	2
135.2	16.3072	1007.5144	5.1891	2
135.3	16.3083	1007.4922	5.1905	2
135.4	16.3094	1007.4521	5.1871	2
135.5	16.3103	1007.4485	5.1859	2
135.6	16.3114	1007.4641	5.1818	2
135.7	16.3124	1007.5459	5.1807	2
135.8	16.3131	1007.6375	5.1756	2
135.9	16.3136	1007.588	5.184	2
136	16.3142	1007.5675	5.1922	2
136.1	16.3147	1007.5256	5.1959	2
136.2	16.3154	1007.6227	5.1893	2
136.3	16.3155	1007.8006	5.1831	2
136.4	16.3144	1008.1012	5.1889	2
136.5	16.3123	1008.2227	5.1803	2
136.6	16.3098	1008.297	5.1817	2
136.7	16.3083	1007.8744	5.1907	2
136.8	16.3083	1007.6419	5.2057	2
136.9	16.3093	1007.4197	5.203	2
137	16.3105	1007.3769	5.2004	2
137.1	16.312	1007.37	5.2107	2
137.2	16.3134	1007.3064	5.2042	2
137.3	16.3151	1007.4192	5.1961	2
137.4	16.3163	1007.445	5.1957	2
137.5	16.3168	1007.6348	5.206	2
137.6	16.3173	1007.6505	5.2079	2
137.7	16.3172	1007.6906	5.1956	2
137.8	16.3173	1007.7211	5.1985	2
137.9	16.3172	1007.6793	5.1972	2
138	16.3173	1007.7261	5.1881	2
138.1	16.317	1007.7845	5.1977	2
138.2	16.3167	1007.8526	5.205	2
138.3	16.3164	1007.73	5.2111	2
138.4	16.3163	1007.7227	5.1912	2
138.5	16.3163	1007.7019	5.1872	2
138.6	16.316	1007.7053	5.1991	2
138.7	16.3161	1007.6677	5.2099	2
138.8	16.3163	1007.6119	5.2109	2
138.9	16.3164	1007.7594	5.2032	2
139	16.3161	1007.7469	5.202	2
139.1	16.3161	1007.6956	5.1957	2
139.2	16.3162	1007.6513	5.2096	2
139.3	16.3163	1007.6441	5.2057	2
139.4	16.3164	1007.6328	5.1925	2
139.5	16.3165	1007.6902	5.1948	2
139.6	16.3168	1007.5965	5.1826	2
139.7	16.317	1007.5961	5.179	2
139.8	16.3175	1007.6041	5.1934	2
139.9	16.3178	1007.6544	5.1977	2
140	16.318	1007.6615	5.1947	2
140.1	16.3184	1007.588	5.1981	2
140.2	16.3188	1007.6358	5.1969	2
140.3	16.3191	1007.6729	5.1842	2
140.4	16.3193	1007.6108	5.1905	2
140.5	16.3197	1007.5433	5.2089	2
140.6	16.3206	1007.4475	5.2127	2
140.7	16.3215	1007.4767	5.2118	2
140.8	16.3223	1007.5624	5.2204	2
140.9	16.3231	1007.5599	5.228	2
141	16.3236	1007.5553	5.2137	2
141.1	16.324	1007.6546	5.2056	2
141.2	16.3243	1007.573	5.1971	2
141.3	16.3246	1007.5953	5.1963	2
141.4	16.325	1007.5648	5.1996	2
141.5	16.3254	1007.6853	5.2004	2
141.6	16.3256	1007.7108	5.1988	2
141.7	16.3256	1007.6206	5.2012	2
141.8	16.3261	1007.5023	5.2212	2
141.9	16.3272	1007.4546	5.2338	2
142	16.3284	1007.4654	5.2454	2
142.1	16.3294	1007.4649	5.243	2
142.2	16.3303	1007.3544	5.2377	2
142.3	16.3319	1007.3381	5.2395	2
142.4	16.3336	1007.3303	5.2167	2
142.5	16.3351	1007.392	5.2081	2
142.6	16.3364	1007.4636	5.2199	2
142.7	16.3372	1007.5959	5.2235	2
142.8	16.3365	1007.9794	5.2298	2
142.9	16.3349	1008.0312	5.2393	2
143	16.334	1007.7688	5.2376	2
143.1	16.3338	1007.7095	5.2407	2
143.2	16.3338	1007.7028	5.2491	2
143.3	16.3338	1007.617	5.2497	2
143.4	16.3338	1007.6177	5.2437	2
143.5	16.3343	1007.6081	5.2366	2
143.6	16.3348	1007.6218	5.2448	2
143.7	16.3352	1007.5175	5.2593	2
143.8	16.336	1007.4492	5.2524	2
143.9	16.3371	1007.4674	5.2349	2
144	16.3378	1007.5639	5.2371	2
144.1	16.3382	1007.5645	5.2449	2
144.2	16.3385	1007.6492	5.2511	2
144.3	16.3386	1007.6832	5.2437	2
144.4	16.3386	1007.6438	5.2317	2
144.5	16.3388	1007.6168	5.2284	2
144.6	16.3388	1007.5867	5.2247	2
144.7	16.3389	1007.6416	5.2219	2
144.8	16.339	1007.6775	5.2238	2
144.9	16.3389	1007.6725	5.2128	2
145	16.3388	1007.7036	5.2132	2
145.1	16.3385	1007.8144	5.2141	2
145.2	16.3381	1007.8731	5.2094	2
145.3	16.3379	1007.645	5.2101	2
145.4	16.3378	1007.6393	5.2217	2
145.5	16.3377	1007.751	5.2284	2
145.6	16.3374	1007.7561	5.2237	2
145.7	16.3372	1007.7084	5.2276	2
145.8	16.337	1007.6666	5.2341	2
145.9	16.3368	1007.731	5.2233	2
146	16.3366	1007.7015	5.2245	2
146.1	16.3364	1007.698	5.2171	2
146.2	16.3365	1007.6786	5.2136	2
146.3	16.3367	1007.6395	5.2207	2
146.4	16.337	1007.5438	5.2191	2
146.5	16.3376	1007.4578	5.2148	2
146.6	16.3386	1007.4587	5.2162	2
146.7	16.3398	1007.4659	5.2077	2
146.8	16.3406	1007.4511	5.1954	2
146.9	16.3415	1007.4339	5.2032	2
147	16.3423	1007.4732	5.2113	2
147.1	16.343	1007.4979	5.214	2
147.2	16.3438	1007.527	5.2103	2
147.3	16.3445	1007.4984	5.207	2
147.4	16.3453	1007.5505	5.2125	2
147.5	16.346	1007.4928	5.2171	2
147.6	16.3467	1007.4397	5.2216	2
147.7	16.348	1007.3758	5.2183	2
147.8	16.3493	1007.3491	5.2167	2
147.9	16.3505	1007.454	5.2179	2
148	16.3517	1007.4293	5.2208	2
148.1	16.3529	1007.4	5.2111	2
148.2	16.3544	1007.3481	5.2225	2
148.3	16.3556	1007.3526	5.2407	2
148.4	16.3569	1007.4753	5.2384	2
148.5	16.3578	1007.4325	5.2243	2
148.6	16.3587	1007.4694	5.2246	2
148.7	16.3598	1007.3677	5.2253	2
148.8	16.3612	1007.3042	5.2178	2
148.9	16.363	1007.3315	5.2322	2
149	16.3643	1007.3918	5.2376	2
149.1	16.3658	1007.3439	5.2279	2
149.2	16.3673	1007.3419	5.2292	2
149.3	16.3688	1007.4518	5.2376	2
149.4	16.3699	1007.4723	5.2483	2
149.5	16.3707	1007.5052	5.2483	2
149.6	16.3715	1007.4372	5.2392	2
149.7	16.3724	1007.423	5.2246	2
149.8	16.3735	1007.4595	5.2306	2
149.9	16.3745	1007.3828	5.2334	2
150	16.3756	1007.3986	5.2268	2
150.1	16.3765	1007.527	5.2208	2
150.2	16.3773	1007.5256	5.2181	2
150.3	16.3779	1007.4703	5.2235	2
150.4	16.3786	1007.5367	5.2366	2
150.5	16.3794	1007.537	5.2406	2
150.6	16.38	1007.4982	5.2217	2
150.7	16.3807	1007.5765	5.2146	2
150.8	16.3812	1007.5406	5.2336	3
150.9	16.3817	1007.5667	5.2347	3
151	16.3823	1007.5455	5.2248	3
151.1	16.3827	1007.53	5.2202	3
151.2	16.3829	1007.1307	5.2172	3
151.3	16.3829	1006.3852	5.2196	3
151.4	16.3826	1005.6044	5.2144	3
151.5	16.3822	1004.8351	5.204	3
151.6	16.3815	1004.0203	5.2032	3
151.7	16.3808	1003.1832	5.1993	3
151.8	16.3801	1002.3501	5.1873	3
151.9	16.3795	1001.4921	5.1992	3
152	16.3787	1000.7077	5.2095	3
152.1	16.378	999.8997	5.1895	3
152.2	16.377	999.0243	5.1822	3
152.3	16.3758	998.2215	5.1996	3
152.4	16.3746	997.4423	5.2161	3
152.5	16.3733	996.6418	5.2119	3
152.6	16.372	995.8488	5.2109	3
152.7	16.3706	995.0101	5.2109	3
152.8	16.3693	994.168	5.207	3
152.9	16.3678	993.26	5.1999	3
153	16.3663	992.5244	5.2013	3
153.1	16.3647	991.6932	5.2003	3
153.2	16.363	990.8882	5.1867	3
153.3	16.3615	990.0805	5.1947	3
153.4	16.3597	989.2292	5.2014	3
153.5	16.3577	988.4452	5.1988	3
153.6	16.3557	987.5698	5.203	3
153.7	16.354	986.7597	5.1991	3
153.8	16.3522	985.8516	5.2037	3
153.9	16.3501	985.175	5.2111	3
154	16.3478	984.4109	5.2029	3
154.1	16.3456	983.4964	5.202	3
154.2	16.3434	982.6322	5.2178	3
154.3	16.341	981.9012	5.2125	3
154.4	16.3384	981.0575	5.2062	3
154.5	16.3359	980.2172	5.2044	3
154.6	16.3335	979.3909	5.207	3
154.7	16.331	978.4773	5.197	3
154.8	16.3287	977.7804	5.2038	3
154.9	16.3261	976.8491	5.198	3
155	16.3233	976.086	5.1965	3
155.1	16.3207	975.2349	5.2039	3
155.2	16.3182	974.3703	5.1914	3
155.3	16.3157	973.5604	5.1902	3
155.4	16.3128	972.8305	5.1975	3
155.5	16.31	972.0324	5.1886	3
155.6	16.3071	971.1358	5.2065	3
155.7	16.3041	970.2949	5.2295	3
155.8	16.3012	969.519	5.2397	3
155.9	16.2982	968.6994	5.2347	3
156	16.295	967.7984	5.2282	3
156.1	16.2919	967.0389	5.2214	3
156.2	16.2888	966.2239	5.2355	3
156.3	16.2856	965.284	5.2339	3
156.4	16.2825	964.4459	5.2353	3
156.5	16.2796	963.5916	5.2363	3
156.6	16.2766	962.8585	5.2321	3
156.7	16.2734	962.0154	5.226	3
156.8	16.2705	961.1105	5.2242	3
156.9	16.2676	960.361	5.2233	3
157	16.2641	959.5858	5.2278	3
157.1	16.2606	958.696	5.2267	3
157.2	16.2574	957.8341	5.2123	3
157.3	16.254	957.0118	5.2159	3
157.4	16.2507	956.1788	5.2315	3
157.5	16.2478	955.3293	5.2392	3
157.6	16.2449	954.5123	5.2303	3
157.7	16.2418	953.6806	5.2192	3
157.8	16.2386	952.8489	5.223	3
157.9	16.2356	952.0328	5.2296	3
158	16.2324	951.2375	5.2294	3
158.1	16.229	950.389	5.2368	3
158.2	16.2256	949.5205	5.2558	3
158.3	16.2223	948.6483	5.2546	3
158.4	16.2193	947.7458	5.2375	3
158.5	16.2163	947.0342	5.232	3
158.6	16.2131	946.2967	5.2478	3
158.7	16.2097	945.3908	5.2669	3
158.8	16.2063	944.5113	5.2616	3
158.9	16.2031	943.6784	5.245	3
159	16.1998	942.8556	5.2442	3
159.1	16.1966	942.0039	5.2403	3
159.2	16.1932	941.1962	5.2296	3
159.3	16.1898	940.3576	5.2225	3
159.4	16.1864	939.4927	5.2254	3
159.5	16.1833	938.7308	5.2215	3
159.6	16.1801	937.8513	5.2166	3
159.7	16.1771	936.9124	5.2058	3
159.8	16.1744	936.0711	5.2042	3
159.9	16.172	935.2099	5.2182	3
160	16.1694	934.4173	5.2368	3
160.1	16.1667	933.6022	5.2432	3
160.2	16.1642	932.7112	5.2319	3
160.3	16.1614	931.8893	5.2243	3
160.4	16.1584	931.1072	5.2231	3
160.5	16.1555	930.2713	5.2166	3
160.6	16.1527	929.4227	5.2111	3
160.7	16.15	928.5662	5.2187	3
160.8	16.1471	927.7737	5.2328	3
160.9	16.1442	926.9535	5.2328	3
161	16.1412	926.1086	5.2278	3
161.1	16.1382	925.2802	5.2268	3
161.2	16.1354	924.4776	5.2352	3
161.3	16.1325	923.5192	5.2368	3
161.4	16.13	922.6743	5.2173	3
161.5	16.1273	921.938	5.2151	3
161.6	16.1243	921.208	5.2078	3
161.7	16.121	920.2645	5.2038	3
161.8	16.1179	919.5836	5.1925	3
161.9	16.1146	918.7411	5.1958	3
162	16.1112	917.9511	5.1948	3
162.1	16.1076	917.1151	5.188	3
162.2	16.1038	916.3712	5.1994	3
162.3	16.0995	915.5573	5.1903	3
162.4	16.0952	914.8153	5.183	3
162.5	16.0908	913.9538	5.1951	3
162.6	16.0863	913.1501	5.1967	3
162.7	16.0817	912.2565	5.2014	3
162.8	16.0773	911.3648	5.2047	3
162.9	16.073	910.5531	5.1944	3
163	16.0686	909.8551	5.186	3
163.1	16.0636	909.0659	5.1879	3
163.2	16.0587	908.2498	5.1968	3
163.3	16.0539	907.2358	5.1985	3
163.4	16.0493	906.5362	5.202	3
163.5	16.045	905.5678	5.1991	3
163.6	16.0407	904.7441	5.2049	3
163.7	16.0367	903.8241	5.2176	3
163.8	16.0326	902.8969	5.2106	3
163.9	16.0288	902.1981	5.1892	3
164	16.0249	901.312	5.1831	3
164.1	16.0209	900.5339	5.1862	3
164.2	16.0169	899.6258	5.1825	3
164.3	16.0128	898.7871	5.1844	3
164.4	16.0088	898.012	5.1755	3
164.5	16.0047	897.1785	5.1765	3
164.6	16.0004	896.3984	5.1823	3
164.7	15.9962	895.6112	5.1659	3
164.8	15.9919	894.7572	5.1519	3
164.9	15.9876	893.925	5.1702	3
165	15.9833	893.0771	5.1838	3
165.1	15.9788	892.2048	5.1663	3
165.2	15.9745	891.5562	5.1625	3
165.3	15.9697	890.6267	5.1717	3
165.4	15.9647	889.8593	5.1658	3
165.5	15.9601	888.9528	5.174	3
165.6	15.9555	888.0858	5.1695	3
165.7	15.951	887.3654	5.1796	3
165.8	15.9462	886.468	5.1879	3
165.9	15.9413	885.6306	5.1803	3
166	15.9368	884.7565	5.1657	3
166.1	15.9322	883.9248	5.1598	3
166.2	15.9277	883.2768	5.1769	3
166.3	15.923	882.3246	5.1817	3
166.4	15.9183	881.5058	5.1889	3
166.5	15.9138	880.6274	5.1869	3
166.6	15.9092	879.7625	5.1802	3
166.7	15.9047	878.9562	5.179	3
166.8	15.9001	878.0996	5.1754	3
166.9	15.8955	877.2862	5.184	3
167	15.8909	876.4495	5.1962	3
167.1	15.8865	875.5769	5.1792	3
167.2	15.8822	874.7402	5.1598	3
167.3	15.878	873.8523	5.1643	3
167.4	15.8739	873.0256	5.1871	3
167.5	15.8696	872.2431	5.1887	3
167.6	15.8653	871.3629	5.179	3
167.7	15.8609	870.6119	5.1745	3
167.8	15.8564	869.841	5.1784	3
167.9	15.8516	868.9537	5.1816	3
168	15.8468	868.2036	5.1901	3
168.1	15.8425	867.2681	5.1951	3
168.2	15.8379	866.4859	5.194	3
168.3	15.8334	865.5673	5.1944	3
168.4	15.8291	864.7367	5.1942	3
168.5	15.8246	863.9839	5.1827	3
168.6	15.8198	863.1684	5.1702	3
168.7	15.8151	862.2453	5.1724	3
168.8	15.8106	861.4028	5.1737	3
168.9	15.8064	860.5634	5.1735	3
169	15.8021	859.6533	5.1935	3
169.1	15.798	858.8033	5.1941	3
169.2	15.7943	857.9581	5.193	3
169.3	15.7904	857.1813	5.1948	3
169.4	15.7862	856.3928	5.1801	3
169.5	15.7819	855.5215	5.1897	3
169.6	15.7778	854.712	5.1935	3
169.7	15.7738	853.7876	5.1855	3
169.8	15.7695	852.9618	5.1762	3
169.9	15.7655	852.1517	5.1777	3
170	15.7615	851.3287	5.1745	3
170.1	15.7575	850.5677	5.1709	3
170.2	15.7533	849.7022	5.1866	3
170.3	15.7492	848.8482	5.1998	3
170.4	15.7453	847.9403	5.1994	3
170.5	15.7414	847.139	5.1996	3
170.6	15.7374	846.3509	5.2024	3
170.7	15.7333	845.4851	5.2	3
170.8	15.7293	844.6678	5.1963	3
170.9	15.7253	843.8352	5.1911	3
171	15.7213	843.0361	5.1848	3
171.1	15.7171	842.1849	5.1899	3
171.2	15.713	841.3756	5.2105	3
171.3	15.7086	840.5994	5.222	3
171.4	15.7042	839.6952	5.2074	3
171.5	15.6999	838.8225	5.2063	3
171.6	15.6955	838.1149	5.205	3
171.7	15.691	837.266	5.1952	3
171.8	15.6868	836.3641	5.2035	3
171.9	15.6825	835.5833	5.2009	3
172	15.6781	834.7496	5.1891	3
172.1	15.6734	833.8943	5.1889	3
172.2	15.6689	833.0753	5.1881	3
172.3	15.6647	832.1742	5.1915	3
172.4	15.6604	831.4381	5.1922	3
172.5	15.6562	830.5365	5.2025	3
172.6	15.6522	829.6255	5.2082	3
172.7	15.6482	828.8602	5.2079	3
172.8	15.6439	828.0794	5.2063	3
172.9	15.6396	827.1894	5.2127	3
173	15.6356	826.3191	5.23	3
173.1	15.6314	825.522	5.2235	3
173.2	15.627	824.7759	5.2109	3
173.3	15.6226	823.939	5.2125	3
173.4	15.6183	823.0633	5.2139	3
173.5	15.6139	822.222	5.2139	3
173.6	15.6094	821.3845	5.2163	3
173.7	15.6051	820.5685	5.204	3
173.8	15.6009	819.6895	5.1849	3
173.9	15.5964	818.9069	5.1821	3
174	15.5919	818.1598	5.1926	3
174.1	15.5873	817.2227	5.1967	3
174.2	15.5829	816.4308	5.2014	3
174.3	15.5787	815.4881	5.1997	3
174.4	15.5744	814.6882	5.1921	3
174.5	15.5705	813.8518	5.183	3
174.6	15.5664	813.0249	5.1879	3
174.7	15.562	812.2833	5.1993	3
174.8	15.5575	811.4461	5.1952	3
174.9	15.553	810.5672	5.1796	3
175	15.5486	809.7426	5.1881	3
175.1	15.544	808.8998	5.1961	3
175.2	15.5397	808.0346	5.1991	3
175.3	15.5355	807.3004	5.1985	3
175.4	15.5312	806.3213	5.2046	3
175.5	15.5268	805.5622	5.2147	3
175.6	15.5224	804.7455	5.2093	3
175.7	15.518	803.844	5.2067	3
175.8	15.5138	803.1268	5.2195	3
175.9	15.5094	802.2229	5.2248	3
176	15.5047	801.4545	5.2203	3
176.1	15.5002	800.638	5.2039	3
176.2	15.4955	799.7861	5.2067	3
176.3	15.4909	798.9614	5.2123	3
176.4	15.4864	798.0621	5.2066	3
176.5	15.4819	797.2445	5.2036	3
176.6	15.4773	796.4158	5.2103	3
176.7	15.4729	795.5658	5.2152	3
176.8	15.4683	794.7137	5.2099	3
176.9	15.4638	793.9411	5.21	3
177	15.4591	793.1319	5.2052	3
177.1	15.4545	792.2925	5.1933	3
177.2	15.45	791.4604	5.1931	3
177.3	15.4454	790.5675	5.1928	3
177.4	15.4407	789.8132	5.1862	3
177.5	15.436	789.0149	5.1891	3
177.6	15.4313	788.1651	5.1992	3
177.7	15.4264	787.3284	5.2082	3
177.8	15.4216	786.4629	5.215	3
177.9	15.4167	785.6262	5.1927	3
178	15.4121	784.8665	5.1873	3
178.1	15.4072	783.9226	5.1934	3
178.2	15.4024	783.1788	5.1856	3
178.3	15.3978	782.2822	5.1775	3
178.4	15.3931	781.4431	5.185	3
178.5	15.3882	780.6966	5.1914	3
178.6	15.3834	779.8385	5.1802	3
178.7	15.3788	778.9562	5.1863	3
178.8	15.3744	778.1232	5.1823	3
178.9	15.3696	777.3087	5.1834	3
179	15.3646	776.5023	5.1975	3
179.1	15.3599	775.5527	5.1987	3
179.2	15.3554	774.7234	5.1968	3
179.3	15.3509	774.0147	5.1977	3
179.4	15.3464	773.1039	5.2017	3
179.5	15.3421	772.2265	5.1961	3
179.6	15.3378	771.3776	5.1884	3
179.7	15.3333	770.6132	5.1987	3
179.8	15.3287	769.7534	5.2084	3
179.9	15.3243	768.8364	5.2022	3
180	15.3198	768.1513	5.183	3
180.1	15.3153	767.3524	5.1746	3
180.2	15.3105	766.5251	5.1696	3
180.3	15.3059	765.5502	5.1698	3
180.4	15.3014	764.6949	5.185	3
180.5	15.2967	763.9698	5.1857	3
180.6	15.292	763.008	5.1899	3
180.7	15.2874	762.2283	5.1982	3
180.8	15.2831	761.4078	5.184	3
180.9	15.2787	760.6033	5.1709	3
181	15.2744	759.8184	5.1825	3
181.1	15.2698	758.9605	5.1947	3
181.2	15.265	758.1697	5.1914	3
181.3	15.2604	757.2005	5.1962	3
181.4	15.256	756.3569	5.197	3
181.5	15.2516	755.6939	5.1964	3
181.6	15.2467	754.918	5.1948	3
181.7	15.2416	754.0649	5.2058	3
181.8	15.2366	753.1708	5.2038	3
181.9	15.2315	752.4071	5.2034	3
182	15.2266	751.5174	5.2017	3
182.1	15.2217	750.6402	5.207	3
182.2	15.2168	749.831	5.2105	3
182.3	15.2117	749.0471	5.208	3
182.4	15.2065	748.2233	5.2072	3
182.5	15.2015	747.357	5.2021	3
182.6	15.1966	746.4845	5.1937	3
182.7	15.1917	745.6607	5.1933	3
182.8	15.1867	744.8584	5.1912	3
182.9	15.1817	744.1299	5.1964	3
183	15.1766	743.2445	5.1869	3
183.1	15.171	742.4201	5.1866	3
183.2	15.1655	741.6478	5.1932	3
183.3	15.1602	740.7779	5.2065	3
183.4	15.155	739.8961	5.212	3
183.5	15.1498	739.0631	5.2091	3
183.6	15.1444	738.3336	5.2117	3
183.7	15.1391	737.4409	5.208	3
183.8	15.134	736.4923	5.201	3
183.9	15.1292	735.6518	5.2022	3
184	15.1245	734.7595	5.2087	3
184.1	15.1199	733.9802	5.2197	3
184.2	15.1156	733.0315	5.2234	3
184.3	15.1111	732.1736	5.216	3
184.4	15.1069	731.414	5.2004	3
184.5	15.1029	730.4548	5.1961	3
184.6	15.0988	729.6518	5.204	3
184.7	15.0948	728.8513	5.1973	3
184.8	15.0907	727.9127	5.1871	3
184.9	15.0868	727.1682	5.1854	3
185	15.0826	726.3545	5.1997	3
185.1	15.0783	725.5737	5.2077	3
185.2	15.0741	724.7019	5.1958	3
185.3	15.0697	723.9151	5.1875	3
185.4	15.0653	723.0752	5.1936	3
185.5	15.0609	722.1701	5.1882	3
185.6	15.0569	721.3138	5.1823	3
185.7	15.0529	720.4988	5.2009	3
185.8	15.0487	719.5992	5.2069	3
185.9	15.0444	718.9181	5.1887	3
186	15.0401	718.167	5.1962	3
186.1	15.0353	717.2715	5.1988	3
186.2	15.0307	716.5418	5.1983	3
186.3	15.0259	715.6847	5.2099	3
186.4	15.0209	714.8359	5.2023	3
186.5	15.016	713.9987	5.1849	3
186.6	15.0113	713.0036	5.1723	3
186.7	15.0069	712.2403	5.1812	3
186.8	15.0026	711.4131	5.1982	3
186.9	14.9979	710.5277	5.2108	3
187	14.9934	709.886	5.2057	3
187.1	14.9886	708.9868	5.1873	3
187.2	14.9835	708.2357	5.1757	3
187.3	14.9784	707.3663	5.1546	3
187.4	14.9734	706.5171	5.159	3
187.5	14.9684	705.7345	5.176	3
187.6	14.9636	704.8014	5.1845	3
187.7	14.959	704.015	5.1731	3
187.8	14.9543	703.1491	5.1752	3
187.9	14.9495	702.3159	5.1814	3
188	14.9448	701.4674	5.1919	3
188.1	14.9402	700.5712	5.1909	3
188.2	14.9358	699.7271	5.1786	3
188.3	14.9311	698.9426	5.1796	3
188.4	14.9265	698.0822	5.1878	3
188.5	14.9221	697.2242	5.1881	3
188.6	14.9179	696.4357	5.1989	3
188.7	14.9134	695.5658	5.2002	3
188.8	14.9089	694.6893	5.194	3
188.9	14.9047	693.8614	5.2004	3
189	14.9003	693.0947	5.2084	3
189.1	14.896	692.2463	5.2136	3
189.2	14.8916	691.3706	5.201	3
189.3	14.8872	690.5661	5.193	3
189.4	14.8831	689.6739	5.2023	3
189.5	14.8789	688.9022	5.2033	3
189.6	14.8745	688.0516	5.2082	3
189.7	14.8702	687.2065	5.2122	3
189.8	14.8658	686.3813	5.1984	3
189.9	14.8617	685.5698	5.1983	3
190	14.8576	684.6778	5.1966	3
190.1	14.8534	683.8274	5.1801	3
190.2	14.8492	682.9997	5.1712	3
190.3	14.845	682.227	5.1794	3
190.4	14.8406	681.4595	5.183	3
190.5	14.8358	680.6784	5.1835	3
190.6	14.831	679.7655	5.1851	3
190.7	14.8267	678.8921	5.1829	3
190.8	14.8225	678.0468	5.1802	3
190.9	14.818	677.2026	5.1883	3
191	14.8135	676.4991	5.2	3
191.1	14.8088	675.6351	5.1974	3
191.2	14.8041	674.7816	5.1802	3
191.3	14.7994	674.0545	5.1827	3
191.4	14.7943	673.2082	5.1968	3
191.5	14.789	672.3707	5.1963	3
191.6	14.7838	671.4976	5.198	3
191.7	14.7788	670.7602	5.1754	3
191.8	14.774	669.8609	5.1678	3
191.9	14.7692	668.9787	5.1821	3
192	14.7643	668.2291	5.1958	3
192.1	14.7592	667.3994	5.1968	3
192.2	14.7538	666.599	5.1985	3
192.3	14.7485	665.8295	5.2133	3
192.4	14.7431	664.9838	5.2051	3
192.5	14.7375	664.1225	5.1932	3
192.6	14.7319	663.3236	5.1978	3
192.7	14.7262	662.5064	5.201	3
192.8	14.7207	661.6247	5.2019	3
192.9	14.7153	660.7575	5.2017	3
193	14.7098	660.0369	5.2039	3
193.1	14.7042	659.1801	5.21	3
193.2	14.6985	658.3933	5.1933	3
193.3	14.6927	657.5204	5.1934	3
193.4	14.6868	656.6831	5.1985	3
193.5	14.6813	655.8501	5.2036	3
193.6	14.6755	655.0917	5.2048	3
193.7	14.6696	654.2171	5.2158	3
193.8	14.6637	653.3396	5.2113	3
193.9	14.6583	652.3679	5.2129	3
194	14.6528	651.6601	5.2168	3
194.1	14.6474	650.8065	5.2091	3
194.2	14.6418	649.9296	5.2014	3
194.3	14.6365	649.0254	5.2105	3
194.4	14.6311	648.3048	5.2169	3
194.5	14.6258	647.4087	5.2217	3
194.6	14.6206	646.5293	5.2358	3
194.7	14.6155	645.7552	5.2286	3
194.8	14.6101	644.9817	5.2248	3
194.9	14.6047	644.078	5.2281	3
195	14.5996	643.2703	5.2207	3
195.1	14.5944	642.3429	5.2227	3
195.2	14.5892	641.5822	5.229	3
195.3	14.5841	640.6616	5.232	3
195.4	14.5793	639.7721	5.2189	3
195.5	14.5745	638.9514	5.2123	3
195.6	14.5696	638.1969	5.225	3
195.7	14.5645	637.3353	5.2299	3
195.8	14.5596	636.5033	5.2139	3
195.9	14.5552	635.582	5.213	3
196	14.5505	634.8003	5.2177	3
196.1	14.5457	634.0035	5.2074	3
196.2	14.5406	633.1529	5.2071	3
196.3	14.5356	632.3924	5.2116	3
196.4	14.5307	631.4589	5.2212	3
196.5	14.5258	630.664	5.2195	3
196.6	14.521	629.8783	5.2121	3
196.7	14.5159	628.9782	5.2136	3
196.8	14.511	628.2137	5.2216	3
196.9	14.506	627.3827	5.2235	3
197	14.5008	626.5368	5.2347	3
197.1	14.4955	625.7387	5.2374	3
197.2	14.4902	624.891	5.2287	3
197.3	14.4849	624.1126	5.2179	3
197.4	14.4793	623.3061	5.2134	3
197.5	14.4737	622.5434	5.2233	3
197.6	14.4681	621.6723	5.2284	3
197.7	14.4626	620.8029	5.2283	3
197.8	14.4573	619.9785	5.2149	3
197.9	14.4517	619.1056	5.1978	3
198	14.4461	618.3345	5.2029	3
198.1	14.4404	617.5375	5.2141	3
198.2	14.4345	616.7333	5.2263	3
198.3	14.4287	615.8921	5.2238	3
198.4	14.4227	615.0838	5.2185	3
198.5	14.4166	614.2563	5.2158	3
198.6	14.4109	613.3291	5.208	3
198.7	14.4053	612.5156	5.2105	3
198.8	14.4	611.6559	5.2169	3
198.9	14.3943	610.8317	5.2237	3
199	14.3885	610.0416	5.2255	3
199.1	14.3825	609.2499	5.2121	3
199.2	14.3764	608.4108	5.2115	3
199.3	14.3705	607.4737	5.2116	3
199.4	14.3647	606.6681	5.2077	3
199.5	14.359	605.8655	5.2128	3
199.6	14.3533	604.9816	5.2143	3
199.7	14.3475	604.2494	5.2073	3
199.8	14.3417	603.2994	5.2037	3
199.9	14.336	602.5234	5.2079	3
200	14.3301	601.7488	5.2006	3
200.1	14.3241	600.8561	5.2024	3
200.2	14.3183	600.075	5.2081	3
200.3	14.3127	599.1161	5.2086	3
200.4	14.307	598.3606	5.2079	3
200.5	14.3014	597.4681	5.2034	3
200.6	14.2956	596.6122	5.1941	3
200.7	14.2902	595.8263	5.2063	3
200.8	14.2847	595.0153	5.2082	3
200.9	14.2791	594.189	5.2109	3
201	14.2731	593.2685	5.2189	3
201.1	14.2676	592.4318	5.227	3
201.2	14.2623	591.5503	5.2328	3
201.3	14.2571	590.8284	5.2236	3
201.4	14.2518	589.955	5.2144	3
201.5	14.2465	589.099	5.2234	3
201.6	14.2413	588.2352	5.2254	3
201.7	14.2361	587.3935	5.2221	3
201.8	14.2307	586.5931	5.2223	3
201.9	14.2256	585.6905	5.217	3
202	14.2204	584.8655	5.222	3
202.1	14.2155	584.0109	5.234	3
202.2	14.2106	583.1378	5.2349	3
202.3	14.2058	582.3304	5.2423	3
202.4	14.2009	581.5095	5.2336	3
202.5	14.1962	580.579	5.2198	3
202.6	14.1912	579.8503	5.2241	3
202.7	14.1862	579.0232	5.2274	3
202.8	14.1812	578.1878	5.2283	3
202.9	14.1764	577.3063	5.2257	3
203	14.1717	576.4333	5.2237	3
203.1	14.1672	575.6496	5.2245	3
203.2	14.1625	574.7693	5.2278	3
203.3	14.1572	574.1134	5.213	3
203.4	14.1519	573.1452	5.2087	3
203.5	14.1471	572.3322	5.2224	3
203.6	14.1428	571.4007	5.2161	3
203.7	14.1382	570.6683	5.2215	3
203.8	14.1337	569.7897	5.2214	3
203.9	14.1291	568.893	5.2112	3
204	14.1244	568.2174	5.2169	3
204.1	14.1191	567.4287	5.2216	3
204.2	14.1137	566.6103	5.2148	3
204.3	14.1086	565.7036	5.2186	3
204.4	14.1035	564.8478	5.2112	3
204.5	14.0983	564.0981	5.1971	3
204.6	14.0928	563.1894	5.2016	3
204.7	14.0875	562.4465	5.2106	3
204.8	14.0825	561.5788	5.2054	3
204.9	14.0772	560.6986	5.1968	3
205	14.0721	559.8672	5.2024	3
205.1	14.0669	559.108	5.2132	3
205.2	14.0616	558.319	5.2157	3
205.3	14.056	557.4297	5.2148	3
205.4	14.0507	556.562	5.2126	3
205.5	14.0454	555.7241	5.2173	3
205.6	14.04	554.9466	5.2209	3
205.7	14.0346	554.1224	5.2302	3
205.8	14.0292	553.2703	5.2326	3
205.9	14.024	552.405	5.2169	3
206	14.0184	551.6272	5.2123	3
206.1	14.0126	550.8799	5.2039	3
206.2	14.007	549.9852	5.1993	3
206.3	14.0014	549.1392	5.1971	3
206.4	13.9957	548.3967	5.1952	3
206.5	13.9899	547.4982	5.2086	3
206.6	13.9842	546.7258	5.2199	3
206.7	13.9785	545.8108	5.2206	3
206.8	13.9724	545.1047	5.2286	3
206.9	13.9664	544.283	5.2297	3
207	13.9605	543.4105	5.219	3
207.1	13.9547	542.4176	5.2178	3
207.2	13.9491	541.7137	5.2194	3
207.3	13.9436	540.7943	5.2132	3
207.4	13.9378	540.0326	5.2247	3
207.5	13.9322	539.201	5.234	3
207.6	13.9263	538.339	5.2331	3
207.7	13.9207	537.4461	5.2202	3
207.8	13.9154	536.5515	5.208	3
207.9	13.91	535.7574	5.2077	3
208	13.9045	534.9618	5.2053	3
208.1	13.8992	534.0334	5.2035	3
208.2	13.8941	533.209	5.208	3
208.3	13.8891	532.4138	5.2072	3
208.4	13.8838	531.5826	5.2105	3
208.5	13.8786	530.7351	5.1974	3
208.6	13.8734	529.9174	5.1941	3
208.7	13.868	529.0965	5.2112	3
208.8	13.8626	528.1778	5.2233	3
208.9	13.8571	527.471	5.2252	3
209	13.8514	526.7788	5.226	3
209.1	13.8456	525.9219	5.2193	3
209.2	13.8396	525.0653	5.2082	3
209.3	13.8338	524.2355	5.2148	3
209.4	13.8281	523.3047	5.2276	3
209.5	13.8225	522.5047	5.2359	3
209.6	13.817	521.6624	5.2321	3
209.7	13.811	520.8921	5.2175	3
209.8	13.8051	520.1533	5.2117	3
209.9	13.7988	519.2957	5.2171	3
210	13.7922	518.4579	5.2164	3
210.1	13.7857	517.7352	5.2067	3
210.2	13.7788	516.8358	5.2128	3
210.3	13.7718	516.0937	5.2297	3
210.4	13.7652	515.1295	5.2332	3
210.5	13.7588	514.2785	5.2294	3
210.6	13.7525	513.5046	5.2241	3
210.7	13.7461	512.6633	5.2148	3
210.8	13.7394	511.9562	5.2145	3
210.9	13.7327	511.0389	5.2146	3
211	13.7261	510.1712	5.2199	3
211.1	13.7197	509.3131	5.2245	3
211.2	13.7132	508.4738	5.2264	3
211.3	13.7065	507.6819	5.2047	3
211.4	13.6998	506.8595	5.1966	3
211.5	13.6933	506.0895	5.2044	3
211.6	13.6865	505.1873	5.2052	3
211.7	13.6799	504.2625	5.1941	3
211.8	13.6734	503.5052	5.2026	3
211.9	13.667	502.7978	5.2271	3
212	13.6601	501.9241	5.2162	3
212.1	13.6532	501.1039	5.2072	3
212.2	13.6466	500.1631	5.2019	3
212.3	13.64	499.2871	5.2041	3
212.4	13.6336	498.4698	5.216	3
212.5	13.6274	497.6632	5.223	3
212.6	13.6211	496.766	5.2235	3
212.7	13.6146	496.0008	5.2228	3
212.8	13.6083	495.1127	5.2004	3
212.9	13.6018	494.3454	5.1973	3
213	13.5954	493.524	5.2219	3
213.1	13.5888	492.6137	5.2219	3
213.2	13.5823	491.8533	5.2163	3
213.3	13.5759	490.9943	5.2109	3
213.4	13.5694	490.1534	5.2056	3
213.5	13.5632	489.2744	5.2035	3
213.6	13.5567	488.5067	5.2138	3
213.7	13.5503	487.6739	5.2256	3
213.8	13.5439	486.8205	5.2208	3
213.9	13.5379	485.8714	5.2107	3
214	13.5318	484.9936	5.205	3
214.1	13.5258	484.2656	5.2056	3
214.2	13.5195	483.4261	5.2031	3
214.3	13.5136	482.5494	5.2073	3
214.4	13.5077	481.6806	5.2204	3
214.5	13.5017	480.8913	5.2316	3
214.6	13.4958	480.0614	5.2388	3
214.7	13.4897	479.1479	5.2328	3
214.8	13.4839	478.3968	5.2175	3
214.9	13.478	477.4975	5.2221	3
215	13.472	476.7984	5.2224	3
215.1	13.4659	475.9491	5.2166	3
215.2	13.4595	475.1201	5.2226	3
215.3	13.453	474.3797	5.2301	3
215.4	13.4463	473.5607	5.2266	3
215.5	13.4395	472.7283	5.2196	3
215.6	13.4329	471.8789	5.2178	3
215.7	13.4261	471.0312	5.2092	3
215.8	13.4193	470.242	5.2121	3
215.9	13.4125	469.3799	5.2124	3
216	13.4059	468.5606	5.2183	3
216.1	13.3993	467.6752	5.219	3
216.2	13.3926	466.8422	5.2106	3
216.3	13.386	465.9511	5.211	3
216.4	13.3796	465.1258	5.2236	3
216.5	13.3733	464.3609	5.2113	3
216.6	13.3666	463.5601	5.2074	3
216.7	13.36	462.6985	5.217	3
216.8	13.3536	461.8025	5.2301	3
216.9	13.3469	461.0009	5.2245	3
217	13.3404	460.1518	5.2041	3
217.1	13.3337	459.3257	5.2076	3
217.2	13.3273	458.5205	5.2011	3
217.3	13.3206	457.6111	5.1976	3
217.4	13.3144	456.7915	5.2056	3
217.5	13.3082	455.876	5.2008	3
217.6	13.3021	455.0329	5.1862	3
217.7	13.2961	454.2668	5.1878	3
217.8	13.2899	453.46	5.1837	3
217.9	13.2836	452.6586	5.1831	3
218	13.2773	451.8088	5.1858	3
218.1	13.2714	450.919	5.1873	3
218.2	13.2653	450.1386	5.1709	3
218.3	13.2589	449.3705	5.1678	3
218.4	13.2524	448.5171	5.1815	3
218.5	13.2457	447.7134	5.1839	3
218.6	13.239	446.8316	5.1881	3
218.7	13.2325	445.9667	5.189	3
218.8	13.2264	445.0826	5.1874	3
218.9	13.2203	444.3071	5.1931	3
219	13.2137	443.4694	5.1964	3
219.1	13.2072	442.6302	5.2035	3
219.2	13.2009	441.7994	5.2072	3
219.3	13.1946	440.9442	5.2059	3
219.4	13.1882	440.1275	5.1856	3
219.5	13.1818	439.292	5.1769	3
219.6	13.1756	438.4683	5.1793	3
219.7	13.1692	437.5981	5.1836	3
219.8	13.1633	436.6713	5.1994	3
219.9	13.1575	435.8666	5.2103	3
220	13.1514	435.166	5.2012	3
220.1	13.1448	434.3489	5.1915	3
220.2	13.1381	433.4794	5.182	3
220.3	13.1316	432.6864	5.1724	3
220.4	13.1252	431.8655	5.1828	3
220.5	13.1186	431.0498	5.2057	3
220.6	13.112	430.1112	5.2039	3
220.7	13.1052	429.4193	5.2052	3
220.8	13.0986	428.5149	5.2075	3
220.9	13.0917	427.7141	5.2021	3
221	13.0848	426.9224	5.1916	3
221.1	13.0778	426.0823	5.1845	3
221.2	13.0707	425.3295	5.1941	3
221.3	13.0634	424.5591	5.2043	3
221.4	13.0558	423.8011	5.1986	3
221.5	13.0483	422.9194	5.1922	3
221.6	13.0407	422.0498	5.1948	3
221.7	13.0331	421.2254	5.1976	3
221.8	13.0255	420.3325	5.2025	3
221.9	13.0181	419.4384	5.2009	3
222	13.0108	418.6669	5.1937	3
222.1	13.0036	417.8143	5.1847	3
222.2	12.9965	416.964	5.1784	3
222.3	12.9897	416.1115	5.1856	3
222.4	12.983	415.2455	5.1957	3
222.5	12.976	414.4142	5.1907	3
222.6	12.9691	413.5531	5.1938	3
222.7	12.9624	412.7318	5.185	3
222.8	12.9556	411.8468	5.1865	3
222.9	12.9486	411.0303	5.1977	3
223	12.9418	410.2374	5.1981	3
223.1	12.9348	409.4931	5.1905	3
223.2	12.928	408.6151	5.1946	3
223.3	12.9212	407.7408	5.2054	3
223.4	12.9145	406.9119	5.2126	3
223.5	12.9075	406.114	5.2069	3
223.6	12.9002	405.3435	5.187	3
223.7	12.8928	404.4616	5.1963	3
223.8	12.8859	403.4883	5.1987	3
223.9	12.8795	402.6611	5.1858	3
224	12.8729	401.8689	5.1806	3
224.1	12.866	401.024	5.1954	3
224.2	12.8591	400.156	5.2054	3
224.3	12.8526	399.3486	5.2031	3
224.4	12.846	398.548	5.2071	3
224.5	12.8394	397.7272	5.2103	3
224.6	12.8327	396.8648	5.2136	3
224.7	12.826	396.1138	5.2084	3
224.8	12.8192	395.245	5.2066	3
224.9	12.812	394.4426	5.2075	3
225	12.8048	393.6273	5.2123	3
225.1	12.7976	392.8006	5.2143	3
225.2	12.7904	392.032	5.2065	3
225.3	12.7833	391.1738	5.1996	3
225.4	12.7761	390.2997	5.1978	3
225.5	12.7689	389.4671	5.2077	3
225.6	12.7614	388.6246	5.222	3
225.7	12.7543	387.7057	5.2124	3
225.8	12.7474	386.9385	5.2115	3
225.9	12.7404	386.0795	5.2145	3
226	12.7333	385.1551	5.2119	3
226.1	12.7267	384.3668	5.2171	3
226.2	12.7201	383.4774	5.2254	3
226.3	12.7133	382.8214	5.221	3
226.4	12.7063	381.9182	5.2292	3
226.5	12.6995	380.9854	5.2213	3
226.6	12.6928	380.1879	5.2119	3
226.7	12.6861	379.3995	5.2204	3
226.8	12.6791	378.6191	5.2208	3
226.9	12.672	377.8318	5.2117	3
227	12.6647	376.9543	5.2151	3
227.1	12.6575	376.1111	5.2246	3
227.2	12.6505	375.3286	5.2203	3
227.3	12.6434	374.4676	5.2147	3
227.4	12.6361	373.6319	5.2193	3
227.5	12.6287	372.8434	5.2204	3
227.6	12.6211	372.1172	5.2287	3
227.7	12.6134	371.281	5.2272	3
227.8	12.6055	370.4885	5.2168	3
227.9	12.5977	369.6132	5.2178	3
228	12.5904	368.5929	5.2272	3
228.1	12.5834	367.6548	5.2221	3
228.2	12.5768	366.7688	5.2211	3
228.3	12.5707	365.9608	5.2143	3
228.4	12.5643	365.1289	5.2131	3
228.5	12.5574	364.3375	5.2165	3
228.6	12.5506	363.5638	5.2207	3
228.7	12.5438	362.706	5.2252	3
228.8	12.5371	361.9455	5.2333	3
228.9	12.5304	361.0451	5.2348	3
229	12.5235	360.234	5.2325	3
229.1	12.5169	359.3022	5.2429	3
229.2	12.5101	358.4896	5.2377	3
229.3	12.5033	357.6644	5.2315	3
229.4	12.4966	356.9072	5.2233	3
229.5	12.4901	356.0081	5.224	3
229.6	12.4838	355.0615	5.2239	3
229.7	12.4774	354.268	5.2261	3
229.8	12.4709	353.4974	5.2352	3
229.9	12.4641	352.6918	5.2309	3
230	12.4575	351.8627	5.2235	3
230.1	12.4509	350.9753	5.214	3
230.2	12.4443	350.2326	5.2126	3
230.3	12.4375	349.3966	5.2239	3
230.4	12.4306	348.5876	5.2222	3
230.5	12.4237	347.7199	5.2063	3
230.6	12.4171	346.8207	5.1998	3
230.7	12.4106	345.9335	5.2028	3
230.8	12.404	345.2312	5.2077	3
230.9	12.3972	344.4557	5.2146	3
231	12.3904	343.5134	5.2241	3
231.1	12.3835	342.7761	5.2281	3
231.2	12.3764	342.0172	5.2019	3
231.3	12.3692	341.1519	5.2049	3
231.4	12.3619	340.3179	5.2135	3
231.5	12.3546	339.4243	5.1991	3
231.6	12.3471	338.6825	5.1961	3
231.7	12.3399	337.7998	5.2007	3
231.8	12.3328	336.9624	5.2065	3
231.9	12.3256	336.1269	5.2136	3
232	12.3182	335.3897	5.2149	3
232.1	12.3106	334.5932	5.2086	3
232.2	12.3032	333.7057	5.2044	3
232.3	12.2958	332.8214	5.1894	3
232.4	12.2884	332.0715	5.1959	3
232.5	12.2809	331.177	5.1968	3
232.6	12.2734	330.3318	5.1839	3
232.7	12.2661	329.4985	5.1957	3
232.8	12.2587	328.7264	5.1996	3
232.9	12.2512	327.8825	5.2062	3
233	12.2436	327.0052	5.1998	3
233.1	12.2358	326.2718	5.1854	3
233.2	12.2281	325.4656	5.1838	3
233.3	12.2202	324.597	5.185	3
233.4	12.2127	323.7023	5.1815	3
233.5	12.2051	322.8959	5.1904	3
233.6	12.1974	322.0545	5.2045	3
233.7	12.1895	321.3087	5.2075	3
233.8	12.1817	320.3779	5.2025	3
233.9	12.1738	319.6152	5.194	3
234	12.166	318.76	5.1895	3
234.1	12.1581	317.9998	5.1914	3
234.2	12.1501	317.123	5.1874	3
234.3	12.1422	316.2432	5.1771	3
234.4	12.1346	315.4083	5.187	3
234.5	12.1267	314.634	5.188	3
234.6	12.1188	313.7256	5.1797	3
234.7	12.1107	312.9563	5.1882	3
234.8	12.1031	312.0734	5.1835	3
234.9	12.0952	311.2808	5.1815	3
235	12.0876	310.3754	5.1843	3
235.1	12.0797	309.6041	5.1802	3
235.2	12.0719	308.8407	5.18	3
235.3	12.0639	307.9909	5.1867	3
235.4	12.0557	307.1279	5.1856	3
235.5	12.0477	306.2444	5.191	3
235.6	12.0397	305.5103	5.2019	3
235.7	12.0316	304.6121	5.1952	3
235.8	12.0236	303.8197	5.1915	3
235.9	12.0154	303.0101	5.2103	3
236	12.007	302.2375	5.2068	3
236.1	11.9987	301.3108	5.2056	3
236.2	11.9909	300.4422	5.222	3
236.3	11.9832	299.5461	5.212	3
236.4	11.9753	298.7598	5.2021	3
236.5	11.9675	297.8924	5.2019	3
236.6	11.96	296.9667	5.2064	3
236.7	11.9529	296.0988	5.1966	3
236.8	11.9457	295.277	5.1827	3
236.9	11.9386	294.4149	5.1657	3
237	11.9312	293.6797	5.1678	3
237.1	11.9238	292.913	5.1717	3
237.2	11.9159	292.1264	5.1777	3
237.3	11.9077	291.3738	5.1825	3
237.4	11.8992	290.6015	5.1818	3
237.5	11.8904	289.8011	5.1746	3
237.6	11.8817	288.9627	5.1739	3
237.7	11.8727	288.1218	5.171	3
237.8	11.8638	287.2835	5.1757	3
237.9	11.8552	286.339	5.1736	3
238	11.847	285.5595	5.1646	3
238.1	11.8386	284.7562	5.1727	3
238.2	11.8298	283.9669	5.1886	3
238.3	11.8209	283.0917	5.1905	3
238.4	11.8122	282.2568	5.1819	3
238.5	11.8035	281.506	5.1696	3
238.6	11.7948	280.6232	5.1693	3
238.7	11.7858	279.7812	5.1563	3
238.8	11.7772	278.9269	5.1603	3
238.9	11.7683	278.1157	5.1633	3
239	11.7596	277.2974	5.1654	3
239.1	11.7509	276.4415	5.1783	3
239.2	11.742	275.5861	5.1804	3
239.3	11.7333	274.7978	5.1881	3
239.4	11.7245	273.9602	5.1977	3
239.5	11.7155	273.1485	5.1987	3
239.6	11.7067	272.2587	5.183	3
239.7	11.6983	271.3621	5.1825	3
239.8	11.69	270.5251	5.1876	3
239.9	11.6817	269.6995	5.1924	3
240	11.6733	268.8235	5.2017	3
240.1	11.6652	267.9711	5.2164	3
240.2	11.6573	267.1266	5.214	3
240.3	11.6494	266.312	5.1938	3
240.4	11.6412	265.4996	5.1959	3
240.5	11.6329	264.6813	5.2064	3
240.6	11.6246	263.8103	5.2028	3
240.7	11.6162	263.0085	5.1972	3
240.8	11.6078	262.2236	5.1982	3
240.9	11.5993	261.3806	5.2037	3
241	11.5908	260.5852	5.2099	3
241.1	11.5821	259.7372	5.2	3
241.2	11.5733	258.9808	5.1881	3
241.3	11.5645	258.1449	5.1851	3
241.4	11.5556	257.2792	5.2006	3
241.5	11.5468	256.4385	5.2158	3
241.6	11.538	255.6033	5.2167	3
241.7	11.5295	254.7469	5.2245	3
241.8	11.521	253.9396	5.2257	3
241.9	11.5123	253.1776	5.2225	3
242	11.5027	252.394	5.2122	3
242.1	11.493	251.5442	5.205	3
242.2	11.4835	250.7936	5.2094	3
242.3	11.4739	249.9713	5.2255	3
242.4	11.4642	249.1021	5.2327	3
242.5	11.4546	248.2629	5.2222	3
242.6	11.4453	247.4873	5.2221	3
242.7	11.4355	246.6354	5.2205	3
242.8	11.4259	245.765	5.2224	3
242.9	11.4164	244.886	5.2201	3
243	11.4071	244.0868	5.2158	3
243.1	11.3976	243.2901	5.2147	3
243.2	11.3879	242.4386	5.2183	3
243.3	11.3783	241.603	5.2201	3
243.4	11.3685	240.7919	5.2257	3
243.5	11.3588	240.0147	5.2192	3
243.6	11.349	239.0869	5.2035	3
243.7	11.3394	238.2488	5.1978	3
243.8	11.3296	237.4964	5.2134	3
243.9	11.3199	236.6634	5.2218	3
244	11.31	235.8078	5.2238	3
244.1	11.3002	235.0036	5.2224	3
244.2	11.2901	234.2022	5.2185	3
244.3	11.28	233.398	5.2212	3
244.4	11.27	232.4824	5.2217	3
244.5	11.26	231.6985	5.2146	3
244.6	11.2497	230.9116	5.2093	3
244.7	11.2393	230.0323	5.2173	3
244.8	11.229	229.1536	5.2202	3
244.9	11.2192	228.2819	5.2122	3
245	11.2096	227.4267	5.2077	3
245.1	11.2002	226.6161	5.1873	3
245.2	11.1909	225.74	5.1911	3
245.3	11.1814	224.908	5.2018	3
245.4	11.172	224.0854	5.1983	3
245.5	11.1628	223.144	5.1982	3
245.6	11.1535	222.3604	5.2074	3
245.7	11.1441	221.5493	5.2044	3
245.8	11.1346	220.7508	5.2124	3
245.9	11.125	219.9788	5.2084	3
246	11.1154	219.1827	5.211	3
246.1	11.1054	218.298	5.2047	3
246.2	11.0956	217.4848	5.1969	3
246.3	11.0857	216.5944	5.2001	3
246.4	11.0759	215.8337	5.1914	3
246.5	11.0661	214.9861	5.1946	3
246.6	11.0561	214.1526	5.1958	3
246.7	11.0462	213.3845	5.201	3
246.8	11.0361	212.5657	5.2177	3
246.9	11.0259	211.7251	5.2244	3
247	11.0159	210.8587	5.2173	3
247.1	11.0057	209.9964	5.2126	3
247.2	10.9953	209.249	5.2161	3
247.3	10.9848	208.4246	5.2137	3
247.4	10.9742	207.6205	5.2222	3
247.5	10.9639	206.7287	5.2152	3
247.6	10.9535	205.9386	5.2061	3
247.7	10.9431	205.1387	5.2151	3
247.8	10.9327	204.2459	5.2152	3
247.9	10.9221	203.3835	5.2101	3
248	10.9115	202.6193	5.1963	3
248.1	10.901	201.7963	5.2044	3
248.2	10.8905	201.0261	5.2127	3
248.3	10.8798	200.198	5.2046	3
248.4	10.8688	199.3963	5.2039	3
248.5	10.8576	198.6455	5.1935	3
248.6	10.8465	197.6905	5.1694	3
248.7	10.8357	196.7656	5.1864	3
248.8	10.825	195.9812	5.2045	3
248.9	10.8143	195.1384	5.1921	3
249	10.8039	194.2899	5.1925	3
249.1	10.7935	193.435	5.2009	3
249.2	10.7827	192.608	5.207	3
249.3	10.772	191.8893	5.2089	3
249.4	10.7611	190.939	5.2001	3
249.5	10.7504	190.074	5.1724	3
249.6	10.7398	189.2421	5.1678	3
249.7	10.7291	188.5082	5.1754	3
249.8	10.7186	187.5676	5.1839	3
249.9	10.7083	186.7069	5.1918	3
250	10.6981	185.9805	5.1974	3
250.1	10.6877	185.1632	5.1988	3
250.2	10.6768	184.3856	5.1961	3
250.3	10.6658	183.5262	5.1985	3
250.4	10.6547	182.72	5.1975	3
250.5	10.6434	181.8994	5.2019	3
250.6	10.6322	181.0485	5.2096	3
250.7	10.6212	180.2655	5.229	3
250.8	10.61	179.4251	5.2423	3
250.9	10.5987	178.5687	5.2296	3
251	10.5876	177.7169	5.2174	3
251.1	10.5764	176.9326	5.205	3
251.2	10.5649	176.186	5.1911	3
251.3	10.5534	175.3287	5.19	3
251.4	10.5418	174.5048	5.1887	3
251.5	10.5299	173.7133	5.1797	3
251.6	10.5178	172.8834	5.1727	3
251.7	10.5059	172.0418	5.1617	3
251.8	10.4942	171.1631	5.1615	3
251.9	10.4826	170.3834	5.1795	3
252	10.471	169.4087	5.1925	3
252.1	10.4597	168.544	5.1916	3
252.2	10.4486	167.7292	5.1826	3
252.3	10.4373	166.9295	5.1829	3
252.4	10.4262	166.0376	5.1871	3
252.5	10.4151	165.1969	5.1938	3
252.6	10.4042	164.4076	5.1948	3
252.7	10.393	163.5147	5.1956	3
252.8	10.3819	162.6852	5.1852	3
252.9	10.3705	161.9308	5.1789	3
253	10.3592	161.1705	5.1892	3
253.1	10.348	160.2833	5.1855	3
253.2	10.3365	159.5487	5.1897	3
253.3	10.3248	158.7014	5.2023	3
253.4	10.313	157.8113	5.1832	3
253.5	10.3012	157.0614	5.1731	3
253.6	10.2893	156.2557	5.1849	3
253.7	10.2772	155.437	5.1778	3
253.8	10.2651	154.5726	5.171	3
253.9	10.2532	153.73	5.1812	3
254	10.2414	152.8844	5.1827	3
254.1	10.2294	152.0232	5.1795	3
254.2	10.2173	151.2537	5.1801	3
254.3	10.205	150.4594	5.1763	3
254.4	10.1927	149.5924	5.1815	3
254.5	10.1804	148.8039	5.1855	3
254.6	10.168	148.0091	5.1912	3
254.7	10.1553	147.2052	5.1907	3
254.8	10.1424	146.3873	5.1852	3
254.9	10.1295	145.6364	5.1895	3
255	10.1166	144.7782	5.1815	3
255.1	10.1035	143.954	5.1748	3
255.2	10.0904	143.1187	5.1707	3
255.3	10.0775	142.3208	5.1694	3
255.4	10.0645	141.433	5.1792	3
255.5	10.0515	140.6258	5.1777	3
255.6	10.0382	139.7956	5.1797	3
255.7	10.0249	138.9266	5.1713	3
255.8	10.0117	138.0625	5.1712	3
255.9	9.9989	137.2561	5.1893	3
256	9.9861	136.4093	5.1878	3
256.1	9.9735	135.5194	5.1772	3
256.2	9.9607	134.7227	5.1781	3
256.3	9.9477	133.8366	5.1822	3
256.4	9.9349	132.9793	5.1781	3
256.5	9.9224	132.1746	5.1819	3
256.6	9.9097	131.4153	5.179	3
256.7	9.8965	130.527	5.1845	3
256.8	9.8837	129.767	5.1949	3
256.9	9.8708	128.889	5.2011	3
257	9.8576	128.1673	5.1933	3
257.1	9.8444	127.3089	5.1861	3
257.2	9.8311	126.4879	5.1849	3
257.3	9.818	125.5794	5.1692	3
257.4	9.8048	124.7526	5.1634	3
257.5	9.7914	124.0796	5.1689	3
257.6	9.778	123.1727	5.1772	3
257.7	9.7644	122.3626	5.1776	3
257.8	9.7508	121.561	5.1769	3
257.9	9.7368	120.7428	5.1711	3
258	9.723	119.9628	5.1812	3
258.1	9.7092	119.074	5.2023	3
258.2	9.6953	118.1675	5.2007	3
258.3	9.6816	117.4119	5.1949	3
258.4	9.6679	116.554	5.2012	3
258.5	9.6541	115.7169	5.2036	3
258.6	9.6406	114.8532	5.21	3
258.7	9.6271	114.0336	5.204	3
258.8	9.6134	113.1904	5.1959	3
258.9	9.5995	112.4796	5.2076	3
259	9.5853	111.6744	5.2039	3
259.1	9.5709	110.8552	5.1952	3
259.2	9.5563	110.0356	5.1987	3
259.3	9.5416	109.242	5.2017	3
259.4	9.5271	108.4333	5.2125	3
259.5	9.5121	107.6671	5.2014	3
259.6	9.4968	106.9419	5.1937	3
259.7	9.4811	106.1267	5.1985	3
259.8	9.4654	105.2515	5.1974	3
259.9	9.4497	104.4436	5.1855	3
260	9.434	103.6256	5.1842	3
260.1	9.4184	102.7429	5.1857	3
260.2	9.4028	101.9139	5.1767	3
260.3	9.3874	101.0304	5.1857	3
260.4	9.3716	100.2612	5.1968	3
260.5	9.356	99.4264	5.1972	3
260.6	9.3404	98.6718	5.1942	3
260.7	9.3247	97.8317	5.1935	3
260.8	9.3085	96.9987	5.1932	3
260.9	9.2922	96.1921	5.1945	3
261	9.2761	95.3773	5.1961	3
261.1	9.26	94.5866	5.196	3
261.2	9.2443	93.741	5.1987	3
261.3	9.2286	92.9296	5.2047	3
261.4	9.2123	92.111	5.1981	3
261.5	9.1956	91.2732	5.1973	3
261.6	9.1789	90.5453	5.1912	3
261.7	9.162	89.6679	5.1949	3
261.8	9.145	88.8514	5.2119	3
261.9	9.1282	88.0059	5.2072	3
262	9.1113	87.2166	5.2131	3
262.1	9.0941	86.4101	5.2182	3
262.2	9.0767	85.6025	5.2203	3
262.3	9.0593	84.762	5.2236	3
262.4	9.0419	83.8829	5.2208	3
262.5	9.0242	83.1077	5.2126	3
262.6	9.0069	82.3118	5.2025	3
262.7	8.9892	81.4977	5.2007	3
262.8	8.9713	80.6567	5.2003	3
262.9	8.9534	79.8507	5.1959	3
263	8.9353	79.0693	5.1903	3
263.1	8.9175	78.2306	5.1955	3
263.2	8.8993	77.3976	5.2039	3
263.3	8.8814	76.5369	5.1987	3
263.4	8.8632	75.7365	5.1972	3
263.5	8.8448	74.981	5.1975	3
263.6	8.8265	74.1593	5.2062	3
263.7	8.8082	73.3005	5.2025	3
263.8	8.7897	72.4535	5.1948	3
263.9	8.7711	71.6811	5.1911	3
264	8.7521	70.8411	5.1975	3
264.1	8.7331	69.9619	5.2009	3
264.2	8.7144	69.1925	5.2038	3
264.3	8.6954	68.3777	5.21	3
264.4	8.6765	67.5908	5.2193	3
264.5	8.6574	66.7757	5.2208	3
264.6	8.638	65.9702	5.2147	3
264.7	8.6186	65.1625	5.2204	3
264.8	8.5992	64.3326	5.2187	3
264.9	8.5796	63.4953	5.2296	3
265	8.56	62.6999	5.2474	3
265.1	8.54	61.9322	5.2422	3
265.2	8.5198	61.1306	5.2387	3
265.3	8.4992	60.3572	5.2492	3
265.4	8.4787	59.5211	5.2489	3
265.5	8.4582	58.7325	5.2377	3
265.6	8.4374	57.9377	5.2311	3
265.7	8.4166	57.1056	5.2291	3
265.8	8.3958	56.2603	5.2311	3
265.9	8.3745	55.516	5.2279	3
266	8.353	54.716	5.2213	3
266.1	8.3313	53.941	5.2175	3
266.2	8.3096	53.1149	5.2243	3
266.3	8.2876	52.3096	5.2309	3
266.4	8.2654	51.5317	5.2392	3
266.5	8.2434	50.6698	5.235	3
266.6	8.2211	49.902	5.2273	3
266.7	8.1986	49.0506	5.2141	3
266.8	8.176	48.2325	5.2149	3
266.9	8.1535	47.4855	5.2177	3
267	8.1305	46.7343	5.2093	3
267.1	8.1072	45.9264	5.2038	3
267.2	8.0839	45.1328	5.2164	3
267.3	8.0602	44.2937	5.2194	3
267.4	8.0362	43.5417	5.2316	3
267.5	8.0118	42.7593	5.2298	3
267.6	7.9874	41.8886	5.2064	3
267.7	7.9628	41.089	5.2018	3
267.8	7.9384	40.2795	5.2179	3
267.9	7.9138	39.4953	5.2264	3
268	7.8887	38.7155	5.2265	3
268.1	7.8636	37.8575	5.2252	3
268.2	7.8383	37.0844	5.229	3
268.3	7.8133	36.2682	5.2275	3
268.4	7.788	35.4514	5.219	3
268.5	7.7625	34.6296	5.2216	3
268.6	7.7368	33.862	5.2248	3
268.7	7.7108	33.059	5.217	3
268.8	7.6844	32.2797	5.2091	3
268.9	7.6579	31.5003	5.2132	3
269	7.6312	30.7142	5.2084	3
269.1	7.6044	29.9033	5.207	3
269.2	7.5773	29.1302	5.2111	3
269.3	7.5499	28.3336	5.2128	3
269.4	7.5223	27.5539	5.2173	3
269.5	7.4946	26.729	5.2151	3
269.6	7.4667	25.9128	5.2172	3
269.7	7.4388	25.0956	5.2218	3
269.8	7.4105	24.3427	5.2098	3
269.9	7.3821	23.4748	5.1892	3
270	7.3537	22.6679	5.1853	3
270.1	7.3251	21.8928	5.1939	3
270.2	7.2964	21.0928	5.2039	3
270.3	7.2671	20.3227	5.2021	3
270.4	7.2374	19.5801	5.2092	3
270.5	7.2075	18.7868	5.216	3
270.6	7.1777	17.9903	5.2093	3
270.7	7.1476	17.2025	5.2024	3
270.8	7.117	16.5007	5.2103	4
270.9	7.0858	15.685	5.2043	4
271	7.0554	14.9866	5.202	4
271.1	7.0186	12.4686	5.2164	4
271.2	6.8721	-5.6892	5.2201	4
271.3	6.5238	-31.4731	5.2256	4
271.4	6.086	-43.8891	5.2278	4
271.5	5.6248	-48.6549	5.2242	4
271.6	5.1511	-50.3706	5.2216	4
271.7	4.6691	-49.6578	5.2233	4
271.8	4.1821	-47.6808	5.228	4
271.9	3.6921	-45.8076	5.2274	4
272	3.1992	-44.0995	5.2252	4
272.1	2.704	-41.8444	5.2176	4
272.2	2.2064	-38.719	5.2225	4
272.3	1.7074	-35.8349	5.2213	4
272.4	1.208	-33.7303	5.2238	4
272.5	0.7068	-31.7064	5.2264	4
272.6	0.204	-29.3153	5.216	4
272.7	-0.3003	-26.7102	5.2144	4
272.8	-0.806	-23.8922	5.212	4
272.9	-1.3122	-21.5605	5.2255	4
273	-1.8182	-19.9989	5.2272	4
273.1	-2.325	-18.627	5.2235	4
273.2	-2.832	-17.4248	5.2208	4
273.3	-3.3394	-16.5849	5.212	4
273.4	-3.8473	-15.8865	5.2187	4
273.5	-4.3561	-15.0787	5.227	4
273.6	-4.8653	-14.3645	5.2363	4
273.7	-5.3742	-13.9454	5.2542	4
273.8	-5.883	-13.7184	5.2548	4
273.9	-6.3911	-13.6643	5.2694	4
274	-6.9001	-13.5931	5.2632	4
274.1	-7.4073	-13.4666	5.244	4
274.2	-7.843	-13.3045	5.2256	4
274.3	-8.1129	-13.0668	5.2184	4
274.4	-8.3012	-12.8432	5.2229	4
274.5	-8.4753	-12.6904	5.2347	4
274.6	-8.6438	-12.6124	5.2346	4
274.7	-8.8088	-12.5201	5.2287	4
274.8	-8.9716	-12.4328	5.2311	4
274.9	-9.1324	-12.3982	5.2377	4
275	-9.2923	-12.3258	5.2347	4
275.1	-9.4518	-12.1956	5.2485	4
275.2	-9.6108	-12.305	5.2475	4
275.3	-9.7694	-12.1865	5.2411	4
275.4	-9.9276	-12.1543	5.242	4
275.5	-10.085	-12.1215	5.2474	4
275.6	-10.2427	-12.1584	5.2373	4
275.7	-10.4003	-12.1485	5.2169	4
275.8	-10.5572	-12.1083	5.211	4
