Indentation

 + Advanced

+ Advanced
   Acquisition rate :	10.0 [Hz]
   Linear loading
   Max load :	1000.00 	µN
   Loading rate :	500.00 	µN/min
   Unloading rate :	500.00 	µN/min
   Pause :	30.0 s

+ TTX - UNHT Bio S/N: 1000136751 settings
   Fn contact : 25 µN
   Approach distance : 20 µm
   Approach speed : 100 µm/min
   Retract speed : 200 µm/min
   Retract time : 5 sec
   Dz sensor in large range
   Load in fine range
   FnRef in fine range
   FnRef contactload :500.000 µN
   Stiffness threshold : 1 µN/µm

   X Position :9771.90 µm
   Y Position :38693.87 µm
   Z Position :8234.54 µm

Date :6/9/2026
Time :4:31:30 PM

Analysis n # 1

   Method :	Hertz

 + Parameters

  Load Fit [10%,98%]

 + Main results

   EHz=	680.35 	kPa

 + Hypothesis


 + Additional results

   ErHz=	747.64 kPa
   h offset=	4.25 µm
   R2=	0.99

Analysis n # 2

   Method :	Oliver & Pharr

 + Parameters

  Unload Fit [40%,98%]

 + Main results

   HIT=	24.251 	kPa
   EIT=	828.98 	kPa
   E*=	910.97 	kPa

 + Hypothesis

   !!! Indenter not calibrated !!!
   m out of O&P hypothesis
   Poisson's ratio(nu)=	0.30 

 + Additional results

   HVIT=	0.002472 	 Vickers
   CIT 0.001/120/30=	2.02 	%
   nIT=	70.60 %
   Fmax=	998.73 	µN
   hmax=	16.77 	µm
   S=	208.6035 	µN/µm
   F/S²=	0.0230 	µm²/µN
   hc=	13.29 	µm
   hr=	11.98 	µm
   hp=	0.08 	µm
   m=	3.4852 
   Epsilon=	0.73 
   R2=	1.000
   Ap=	41183.76 	µm²
   Welast=	3521.82 pJ
   Wplast=	1466.52 pJ
   Wtotal=	4988.34 pJ
   Er=	910.97 	kPa

Measured values
Time (s)	Pd (µm)	Fn (µN)	FnRef (µN)	SegmentID

0	0	0	5.1291	0
0.1	0.1795	0.2686	5.1237	0
0.2	0.3583	0.6731	5.1386	0
0.3	0.5362	1.0842	5.144	1
0.4	0.7133	1.625	5.1409	1
0.5	0.89	2.1829	5.1395	1
0.6	1.0646	2.9503	5.142	1
0.7	1.2056	3.6457	5.1411	1
0.8	1.2802	3.8805	5.1346	1
0.9	1.3277	4.0454	5.1293	1
1	1.3723	4.308	5.1312	1
1.1	1.4164	4.5289	5.131	1
1.2	1.4611	4.632	5.1342	1
1.3	1.5071	4.9947	5.1317	1
1.4	1.5539	5.2661	5.1214	1
1.5	1.6027	5.5246	5.122	1
1.6	1.6537	5.7868	5.1229	1
1.7	1.7065	6.1	5.124	1
1.8	1.7616	6.4789	5.1329	1
1.9	1.8186	6.8485	5.1423	1
2	1.8775	7.2515	5.1457	1
2.1	1.9383	7.6884	5.1509	1
2.2	2.0009	8.2236	5.1547	1
2.3	2.065	8.8292	5.1484	1
2.4	2.1305	9.2011	5.1384	1
2.5	2.1979	9.9114	5.1415	1
2.6	2.2663	10.4942	5.136	1
2.7	2.3358	11.173	5.1377	1
2.8	2.4065	11.8554	5.1391	1
2.9	2.4785	12.5256	5.1428	1
3	2.5507	13.396	5.1416	1
3.1	2.6232	14.1576	5.1248	1
3.2	2.6961	15.0054	5.1223	1
3.3	2.7692	15.8692	5.1273	1
3.4	2.842	16.8608	5.1281	1
3.5	2.9142	17.7659	5.1088	1
3.6	2.9865	18.6944	5.1064	1
3.7	3.0578	19.7928	5.1201	1
3.8	3.1274	20.8501	5.1158	1
3.9	3.1965	21.8509	5.1176	1
4	3.2644	22.9941	5.1297	1
4.1	3.3312	24.033	5.126	1
4.2	3.3967	25.1751	5.1269	1
4.3	3.4609	26.3105	5.1306	1
4.4	3.5237	27.4386	5.1286	1
4.5	3.5846	28.5464	5.1267	1
4.6	3.6438	29.7005	5.1337	1
4.7	3.7018	30.7751	5.1284	1
4.8	3.7583	31.8683	5.1177	1
4.9	3.8135	32.9398	5.1176	1
5	3.8669	34.0623	5.1205	1
5.1	3.9189	35.1321	5.1228	1
5.2	3.9697	36.1765	5.1161	1
5.3	4.0191	37.2456	5.106	1
5.4	4.0677	38.2641	5.1197	1
5.5	4.115	39.2802	5.1256	1
5.6	4.161	40.307	5.1245	1
5.7	4.2061	41.3466	5.1305	1
5.8	4.2502	42.2928	5.1399	1
5.9	4.2932	43.2538	5.1421	1
6	4.3354	44.2028	5.1389	1
6.1	4.377	45.0568	5.1243	1
6.2	4.4182	45.9861	5.1195	1
6.3	4.4592	46.905	5.1134	1
6.4	4.499	47.9443	5.1107	1
6.5	4.538	48.8465	5.1167	1
6.6	4.5764	49.8117	5.1217	1
6.7	4.6141	50.7645	5.1209	1
6.8	4.6514	51.675	5.1083	1
6.9	4.6879	52.6482	5.1018	1
7	4.7236	53.5543	5.0978	1
7.1	4.7587	54.4899	5.1044	1
7.2	4.7931	55.5407	5.1087	1
7.3	4.8265	56.4596	5.104	1
7.4	4.8594	57.4264	5.1099	1
7.5	4.8918	58.2855	5.1249	1
7.6	4.9235	59.1759	5.1228	1
7.7	4.9552	60.1152	5.1179	1
7.8	4.9864	60.9207	5.1207	1
7.9	5.0169	61.8368	5.1183	1
8	5.047	62.8053	5.1098	1
8.1	5.0766	63.7296	5.1061	1
8.2	5.1057	64.6399	5.0981	1
8.3	5.1345	65.4451	5.1056	1
8.4	5.1629	66.3994	5.1023	1
8.5	5.191	67.3019	5.1075	1
8.6	5.2186	68.1256	5.1277	1
8.7	5.246	69.0058	5.122	1
8.8	5.2731	69.9238	5.1257	1
8.9	5.2997	70.8143	5.1157	1
9	5.326	71.6626	5.1112	1
9.1	5.3522	72.4995	5.1195	1
9.2	5.3784	73.3822	5.1189	1
9.3	5.4042	74.3039	5.1173	1
9.4	5.4297	75.1295	5.1035	1
9.5	5.4549	76.0137	5.1133	1
9.6	5.4802	76.8675	5.1197	1
9.7	5.5048	77.7679	5.1257	1
9.8	5.5291	78.6588	5.1257	1
9.9	5.5533	79.4935	5.118	1
10	5.5776	80.3331	5.1147	1
10.1	5.6016	81.2347	5.1121	1
10.2	5.6251	82.0897	5.1016	1
10.3	5.648	82.9732	5.0998	1
10.4	5.6712	83.8116	5.1005	1
10.5	5.6944	84.6823	5.1137	1
10.6	5.7173	85.5752	5.1156	1
10.7	5.7398	86.4072	5.1111	1
10.8	5.7624	87.1673	5.12	1
10.9	5.7852	88.0254	5.1309	1
11	5.8078	88.9015	5.1378	1
11.1	5.8303	89.7023	5.1371	1
11.2	5.8528	90.486	5.1348	1
11.3	5.8752	91.3012	5.1294	1
11.4	5.8979	92.1582	5.1271	1
11.5	5.9206	92.984	5.1267	1
11.6	5.9432	93.8721	5.1261	1
11.7	5.9656	94.6646	5.1387	1
11.8	5.9881	95.49	5.1279	1
11.9	6.0107	96.2933	5.1104	1
12	6.0331	97.1718	5.1081	1
12.1	6.0555	98.0304	5.1159	1
12.2	6.0778	98.8731	5.1247	1
12.3	6.0997	99.7247	5.119	1
12.4	6.1219	100.5815	5.1297	1
12.5	6.1439	101.4223	5.1426	1
12.6	6.1653	102.3154	5.1422	1
12.7	6.1862	103.0272	5.1324	1
12.8	6.2078	103.8932	5.1251	1
12.9	6.2295	104.8334	5.1238	1
13	6.2509	105.6191	5.1205	1
13.1	6.2724	106.5014	5.1243	1
13.2	6.2939	107.3635	5.1408	1
13.3	6.3152	108.1687	5.1426	1
13.4	6.3365	109.0487	5.1349	1
13.5	6.3578	109.8535	5.1313	1
13.6	6.3791	110.686	5.1503	1
13.7	6.4002	111.5586	5.1469	1
13.8	6.4212	112.3969	5.1379	1
13.9	6.4425	113.1418	5.1542	1
14	6.4639	113.9915	5.1665	1
14.1	6.4852	114.768	5.1494	1
14.2	6.5064	115.6041	5.1481	1
14.3	6.5282	116.3777	5.1462	1
14.4	6.5501	117.2043	5.1421	1
14.5	6.5719	118.0898	5.1548	1
14.6	6.5935	118.937	5.1501	1
14.7	6.6152	119.7227	5.1368	1
14.8	6.6372	120.6313	5.1387	1
14.9	6.6587	121.4407	5.1358	1
15	6.68	122.2922	5.147	1
15.1	6.7014	123.0562	5.1558	1
15.2	6.7229	123.9142	5.1447	1
15.3	6.7445	124.8273	5.1303	1
15.4	6.7657	125.6875	5.1146	1
15.5	6.7866	126.5625	5.1074	1
15.6	6.8074	127.4409	5.1122	1
15.7	6.828	128.2743	5.1082	1
15.8	6.8484	129.1682	5.1039	1
15.9	6.869	130.012	5.0996	1
16	6.8891	130.9071	5.1052	1
16.1	6.9088	131.77	5.0996	1
16.2	6.9287	132.6202	5.0963	1
16.3	6.9484	133.4758	5.0962	1
16.4	6.9678	134.4006	5.1106	1
16.5	6.9871	135.1846	5.1163	1
16.6	7.0062	136.0446	5.1137	1
16.7	7.0253	136.8575	5.1075	1
16.8	7.0446	137.6909	5.1087	1
16.9	7.0638	138.5632	5.1142	1
17	7.0829	139.3903	5.1169	1
17.1	7.1017	140.1874	5.1265	1
17.2	7.1209	141.0712	5.1328	1
17.3	7.1401	141.8129	5.1239	1
17.4	7.1594	142.6078	5.1329	1
17.5	7.1787	143.4541	5.1327	1
17.6	7.198	144.2114	5.1161	1
17.7	7.2177	145.0797	5.1086	1
17.8	7.2374	145.878	5.1242	1
17.9	7.257	146.7071	5.1452	1
18	7.2769	147.5742	5.1447	1
18.1	7.2965	148.3378	5.1257	1
18.2	7.3162	149.1395	5.1284	1
18.3	7.3364	149.9565	5.132	1
18.4	7.3567	150.7895	5.1413	1
18.5	7.3772	151.569	5.138	1
18.6	7.3978	152.3686	5.1352	1
18.7	7.4184	153.1279	5.1379	1
18.8	7.4394	153.9936	5.1323	1
18.9	7.4599	154.9245	5.1241	1
19	7.4804	155.7798	5.1219	1
19.1	7.5008	156.589	5.1274	1
19.2	7.521	157.4884	5.1303	1
19.3	7.541	158.347	5.1368	1
19.4	7.5612	159.1944	5.1271	1
19.5	7.581	160.0476	5.1312	1
19.6	7.6008	160.9243	5.1359	1
19.7	7.6203	161.7706	5.1373	1
19.8	7.6397	162.6926	5.1381	1
19.9	7.6592	163.4326	5.1447	1
20	7.6789	164.2957	5.1442	1
20.1	7.6983	165.1465	5.1362	1
20.2	7.7174	166.0213	5.1244	1
20.3	7.7364	166.8631	5.1267	1
20.4	7.7556	167.7052	5.1398	1
20.5	7.7747	168.5179	5.1439	1
20.6	7.7938	169.3586	5.1416	1
20.7	7.8128	170.1689	5.1317	1
20.8	7.832	170.9522	5.139	1
20.9	7.8515	171.7809	5.1492	1
21	7.871	172.607	5.1405	1
21.1	7.8904	173.4435	5.1373	1
21.2	7.91	174.2559	5.1315	1
21.3	7.9294	175.0887	5.1341	1
21.4	7.9488	175.9837	5.1306	1
21.5	7.9681	176.8341	5.1291	1
21.6	7.9873	177.657	5.1226	1
21.7	8.0067	178.4101	5.1145	1
21.8	8.0265	179.2352	5.1139	1
21.9	8.0462	180.1186	5.1083	1
22	8.0652	181.0626	5.0977	1
22.1	8.0838	182.0291	5.0945	1
22.2	8.1021	182.9372	5.0977	1
22.3	8.1196	183.8171	5.098	1
22.4	8.1369	184.6656	5.0979	1
22.5	8.1547	185.4923	5.0967	1
22.6	8.1728	186.2806	5.1044	1
22.7	8.1907	187.1022	5.1045	1
22.8	8.2084	187.9978	5.097	1
22.9	8.226	188.7998	5.0899	1
23	8.2438	189.572	5.0835	1
23.1	8.2613	190.3918	5.0811	1
23.2	8.2788	191.278	5.0814	1
23.3	8.2966	192.1308	5.0877	1
23.4	8.3144	192.9392	5.0972	1
23.5	8.3321	193.7889	5.1003	1
23.6	8.3496	194.6446	5.1195	1
23.7	8.367	195.4391	5.1219	1
23.8	8.3845	196.2748	5.1131	1
23.9	8.4021	197.1286	5.1051	1
24	8.4196	198.0251	5.1105	1
24.1	8.437	198.8557	5.1319	1
24.2	8.4541	199.6888	5.1258	1
24.3	8.4714	200.4808	5.1299	1
24.4	8.4886	201.2972	5.1294	1
24.5	8.506	202.1207	5.1246	1
24.6	8.5234	202.9618	5.1206	1
24.7	8.5405	203.8217	5.1156	1
24.8	8.5575	204.6778	5.1172	1
24.9	8.5747	205.4904	5.1119	1
25	8.592	206.3414	5.1055	1
25.1	8.6091	207.1698	5.113	1
25.2	8.626	208.1014	5.1125	1
25.3	8.6424	208.9918	5.1111	1
25.4	8.6589	209.8536	5.1134	1
25.5	8.6755	210.7037	5.1092	1
25.6	8.6917	211.5726	5.1123	1
25.7	8.7078	212.3691	5.107	1
25.8	8.7241	213.1824	5.1057	1
25.9	8.7404	213.986	5.1033	1
26	8.7567	214.8415	5.1175	1
26.1	8.7728	215.6715	5.1185	1
26.2	8.7889	216.5741	5.1059	1
26.3	8.8047	217.4542	5.1135	1
26.4	8.8202	218.3044	5.1223	1
26.5	8.8356	219.1859	5.1187	1
26.6	8.8507	220.1127	5.1051	1
26.7	8.8656	220.9417	5.1052	1
26.8	8.8804	221.7876	5.1063	1
26.9	8.8952	222.5823	5.1109	1
27	8.9099	223.4372	5.1118	1
27.1	8.925	224.1755	5.1053	1
27.2	8.9405	224.9783	5.0983	1
27.3	8.9557	225.8434	5.109	1
27.4	8.9707	226.7162	5.1194	1
27.5	8.9853	227.6958	5.1282	1
27.6	8.9997	228.4631	5.1217	1
27.7	9.0141	229.3086	5.1059	1
27.8	9.0283	230.2212	5.0893	1
27.9	9.0423	231.0302	5.0884	1
28	9.0569	231.7649	5.1101	1
28.1	9.0713	232.6371	5.1094	1
28.2	9.0856	233.4827	5.0978	1
28.3	9.0998	234.4281	5.1084	1
28.4	9.1138	235.1973	5.1114	1
28.5	9.128	236.0086	5.1075	1
28.6	9.1424	236.7979	5.1042	1
28.7	9.1567	237.6655	5.1037	1
28.8	9.1708	238.4872	5.1036	1
28.9	9.1848	239.3111	5.1017	1
29	9.199	240.1156	5.1008	1
29.1	9.2135	240.955	5.0875	1
29.2	9.2279	241.7456	5.0921	1
29.3	9.2425	242.6001	5.1035	1
29.4	9.257	243.439	5.1038	1
29.5	9.2715	244.2421	5.0991	1
29.6	9.2863	245.0721	5.0875	1
29.7	9.3007	245.9231	5.089	1
29.8	9.3152	246.7058	5.0927	1
29.9	9.3302	247.5115	5.0961	1
30	9.3447	248.4312	5.0941	1
30.1	9.3586	249.3659	5.0907	1
30.2	9.3726	250.1938	5.0973	1
30.3	9.3867	250.9455	5.1148	1
30.4	9.401	251.7494	5.1219	1
30.5	9.4155	252.6368	5.1143	1
30.6	9.43	253.4632	5.1056	1
30.7	9.4444	254.2911	5.0959	1
30.8	9.4584	255.2216	5.0874	1
30.9	9.4723	256.0389	5.077	1
31	9.4861	256.8596	5.0801	1
31.1	9.4999	257.7339	5.0823	1
31.2	9.5134	258.6221	5.0852	1
31.3	9.527	259.3973	5.0878	1
31.4	9.5407	260.16	5.0765	1
31.5	9.5544	261.1085	5.074	1
31.6	9.5678	262.0246	5.0722	1
31.7	9.581	262.7949	5.0924	1
31.8	9.5943	263.6203	5.1022	1
31.9	9.6076	264.4897	5.0967	1
32	9.6206	265.4237	5.0934	1
32.1	9.6333	266.2671	5.086	1
32.2	9.6458	267.1431	5.1028	1
32.3	9.6582	267.9934	5.1078	1
32.4	9.6706	268.8742	5.0995	1
32.5	9.683	269.6974	5.0839	1
32.6	9.6952	270.526	5.0831	1
32.7	9.7074	271.3558	5.1079	1
32.8	9.7195	272.2101	5.1161	1
32.9	9.7315	273.0963	5.1045	1
33	9.7433	273.9883	5.0922	1
33.1	9.7548	274.8253	5.1011	1
33.2	9.7661	275.6873	5.101	1
33.3	9.7774	276.4899	5.0915	1
33.4	9.7889	277.3106	5.0931	1
33.5	9.8005	278.0902	5.0913	1
33.6	9.8123	278.8797	5.0913	1
33.7	9.824	279.7116	5.096	1
33.8	9.8359	280.5399	5.1087	1
33.9	9.8479	281.3678	5.1031	1
34	9.8601	282.1273	5.0961	1
34.1	9.8724	282.9849	5.0885	1
34.2	9.8844	283.8066	5.0807	1
34.3	9.8966	284.5676	5.0922	1
34.4	9.909	285.4148	5.0987	1
34.5	9.9214	286.2927	5.0811	1
34.6	9.9335	287.1544	5.0818	1
34.7	9.9455	288.0073	5.0829	1
34.8	9.9575	288.8163	5.0867	1
34.9	9.9698	289.5815	5.0876	1
35	9.9823	290.4129	5.0795	1
35.1	9.9949	291.1959	5.0835	1
35.2	10.0076	292.0144	5.093	1
35.3	10.0203	292.8154	5.0994	1
35.4	10.0328	293.7115	5.1032	1
35.5	10.0452	294.529	5.0968	1
35.6	10.0578	295.3436	5.0798	1
35.7	10.0705	296.1509	5.0833	1
35.8	10.0833	297.0361	5.0874	1
35.9	10.0963	297.8586	5.0944	1
36	10.1088	298.6758	5.0978	1
36.1	10.1211	299.6353	5.107	1
36.2	10.1332	300.4531	5.118	1
36.3	10.1454	301.3154	5.1164	1
36.4	10.1577	302.0935	5.0972	1
36.5	10.1699	302.9546	5.0958	1
36.6	10.1817	303.7915	5.1127	1
36.7	10.1934	304.7063	5.1087	1
36.8	10.2054	305.501	5.0883	1
36.9	10.2172	306.3354	5.0738	1
37	10.2289	307.1488	5.0847	1
37.1	10.2411	307.9181	5.1053	1
37.2	10.2533	308.772	5.0964	1
37.3	10.2655	309.6201	5.1011	1
37.4	10.2777	310.465	5.1007	1
37.5	10.29	311.3028	5.0861	1
37.6	10.302	312.1469	5.0811	1
37.7	10.3141	312.9277	5.0775	1
37.8	10.3262	313.8404	5.0658	1
37.9	10.3377	314.7672	5.0673	1
38	10.3492	315.5661	5.0795	1
38.1	10.361	316.3874	5.0812	1
38.2	10.3725	317.2288	5.0714	1
38.3	10.384	318.0895	5.0807	1
38.4	10.3954	318.963	5.0877	1
38.5	10.4069	319.7468	5.0975	1
38.6	10.4184	320.543	5.0978	1
38.7	10.4301	321.4041	5.0875	1
38.8	10.4416	322.2896	5.086	1
38.9	10.4527	323.1797	5.1111	1
39	10.464	323.9712	5.1165	1
39.1	10.4755	324.7377	5.1093	1
39.2	10.4873	325.4597	5.0964	1
39.3	10.4994	326.2919	5.0991	1
39.4	10.5116	327.0246	5.1053	1
39.5	10.5241	327.8365	5.1001	1
39.6	10.5365	328.7018	5.0982	1
39.7	10.5487	329.5668	5.105	1
39.8	10.5613	330.3398	5.1156	1
39.9	10.5739	331.1466	5.1167	1
40	10.5866	332.0265	5.1162	1
40.1	10.5991	332.8736	5.1017	1
40.2	10.6117	333.6221	5.1066	1
40.3	10.6244	334.4714	5.1146	1
40.4	10.6368	335.441	5.1192	1
40.5	10.6487	336.3565	5.1175	1
40.6	10.6605	337.2143	5.118	1
40.7	10.6722	338.0649	5.1207	1
40.8	10.6839	338.9778	5.1226	1
40.9	10.6956	339.741	5.1133	1
41	10.7076	340.4635	5.1078	1
41.1	10.7197	341.2715	5.1	1
41.2	10.7318	342.0969	5.0983	1
41.3	10.7437	342.9539	5.1125	1
41.4	10.7554	343.8088	5.1107	1
41.5	10.7673	344.693	5.1005	1
41.6	10.7792	345.5261	5.1126	1
41.7	10.7911	346.3405	5.1121	1
41.8	10.8025	347.2353	5.1054	1
41.9	10.8139	348.1485	5.1019	1
42	10.8252	348.9576	5.0909	1
42.1	10.8365	349.8616	5.0905	1
42.2	10.8475	350.7037	5.1022	1
42.3	10.8582	351.5116	5.1177	1
42.4	10.869	352.3594	5.126	1
42.5	10.8801	353.2264	5.1253	1
42.6	10.891	353.9357	5.1308	1
42.7	10.9022	354.7962	5.1434	1
42.8	10.9134	355.5919	5.1201	1
42.9	10.9248	356.4052	5.1131	1
43	10.9362	357.2784	5.1193	1
43.1	10.9476	358.1391	5.1265	1
43.2	10.9585	358.9479	5.1201	1
43.3	10.9698	359.7585	5.1212	1
43.4	10.9814	360.58	5.1279	1
43.5	10.9926	361.4694	5.1292	1
43.6	11.0036	362.3183	5.1272	1
43.7	11.0143	363.2151	5.1201	1
43.8	11.0252	364.0734	5.1208	1
43.9	11.0358	364.8535	5.107	1
44	11.0463	365.7718	5.1037	1
44.1	11.0566	366.6453	5.1116	1
44.2	11.0669	367.4919	5.1103	1
44.3	11.077	368.3259	5.1106	1
44.4	11.0871	369.1762	5.1081	1
44.5	11.0971	369.9633	5.1064	1
44.6	11.1073	370.8031	5.1095	1
44.7	11.1173	371.6573	5.1112	1
44.8	11.1274	372.5702	5.1171	1
44.9	11.1373	373.3656	5.1122	1
45	11.1471	374.1804	5.105	1
45.1	11.1569	375.0821	5.1123	1
45.2	11.1664	375.932	5.1196	1
45.3	11.176	376.731	5.1143	1
45.4	11.1856	377.5507	5.1105	1
45.5	11.1953	378.4123	5.1184	1
45.6	11.2049	379.2526	5.1166	1
45.7	11.2145	380.003	5.1046	1
45.8	11.224	380.859	5.1068	1
45.9	11.2337	381.7255	5.1089	1
46	11.2432	382.6778	5.1072	1
46.1	11.2525	383.4645	5.1117	1
46.2	11.2621	384.1624	5.1255	1
46.3	11.2718	384.9735	5.1224	1
46.4	11.2816	385.7855	5.1168	1
46.5	11.2917	386.6705	5.1201	1
46.6	11.3017	387.4856	5.1156	1
46.7	11.3114	388.3771	5.1172	1
46.8	11.3208	389.2871	5.1269	1
46.9	11.3302	390.0536	5.1279	1
47	11.3401	390.8392	5.1248	1
47.1	11.35	391.6161	5.1402	1
47.2	11.3598	392.3942	5.1334	1
47.3	11.3698	393.3265	5.1207	1
47.4	11.3798	394.0709	5.1124	1
47.5	11.3899	394.8719	5.1089	1
47.6	11.4	395.8241	5.1139	1
47.7	11.41	396.6769	5.1178	1
47.8	11.4198	397.4542	5.1114	1
47.9	11.4298	398.2294	5.1075	1
48	11.44	399.0576	5.1044	1
48.1	11.4501	400.0315	5.113	1
48.2	11.46	400.8223	5.1206	1
48.3	11.4696	401.62	5.1202	1
48.4	11.4794	402.5021	5.1151	1
48.5	11.4891	403.311	5.1029	1
48.6	11.4988	404.1967	5.0942	1
48.7	11.5089	404.9861	5.1026	1
48.8	11.5188	405.7949	5.1099	1
48.9	11.5287	406.6698	5.1051	1
49	11.5384	407.4768	5.1064	1
49.1	11.5482	408.3211	5.1005	1
49.2	11.5582	409.1934	5.0994	1
49.3	11.5675	410.0727	5.1057	1
49.4	11.577	410.9187	5.1056	1
49.5	11.5863	411.6868	5.0943	1
49.6	11.596	412.4862	5.0904	1
49.7	11.6059	413.2543	5.0984	1
49.8	11.6162	414.04	5.1049	1
49.9	11.6264	414.8606	5.1043	1
50	11.6365	415.7556	5.0855	1
50.1	11.6465	416.5969	5.0894	1
50.2	11.6568	417.4727	5.1016	1
50.3	11.667	418.2675	5.1065	1
50.4	11.6772	419.0653	5.1093	1
50.5	11.6873	419.9406	5.107	1
50.6	11.6973	420.7877	5.0965	1
50.7	11.7073	421.6231	5.0984	1
50.8	11.7172	422.4738	5.0951	1
50.9	11.7271	423.2899	5.1046	1
51	11.7369	424.0985	5.1148	1
51.1	11.7471	424.9768	5.117	1
51.2	11.7572	425.761	5.1127	1
51.3	11.7675	426.5556	5.1	1
51.4	11.7778	427.3248	5.1029	1
51.5	11.7882	428.159	5.1003	1
51.6	11.7985	428.9958	5.1037	1
51.7	11.8087	429.9396	5.1083	1
51.8	11.8192	430.6741	5.1151	1
51.9	11.8296	431.6233	5.1219	1
52	11.8395	432.4996	5.115	1
52.1	11.8493	433.2785	5.1179	1
52.2	11.8591	434.1491	5.119	1
52.3	11.8689	434.989	5.1204	1
52.4	11.8784	435.8206	5.1177	1
52.5	11.8883	436.6484	5.1161	1
52.6	11.898	437.4445	5.122	1
52.7	11.9077	438.3323	5.1262	1
52.8	11.9175	439.2141	5.1198	1
52.9	11.9272	440.0414	5.1108	1
53	11.9369	440.8742	5.1131	1
53.1	11.9468	441.6394	5.1111	1
53.2	11.9565	442.5208	5.0989	1
53.3	11.9665	443.3415	5.0891	1
53.4	11.9759	444.1794	5.0939	1
53.5	11.9854	445.0247	5.093	1
53.6	11.995	445.801	5.1046	1
53.7	12.0045	446.7162	5.1181	1
53.8	12.014	447.5816	5.1053	1
53.9	12.0232	448.4798	5.1006	1
54	12.0324	449.2748	5.1085	1
54.1	12.0415	450.1542	5.1223	1
54.2	12.0505	451.0373	5.1173	1
54.3	12.0592	451.8599	5.093	1
54.4	12.0678	452.7234	5.0845	1
54.5	12.0763	453.5782	5.089	1
54.6	12.085	454.3375	5.0993	1
54.7	12.0938	455.1393	5.0967	1
54.8	12.103	455.9408	5.0958	1
54.9	12.1121	456.7373	5.0932	1
55	12.1213	457.5666	5.0965	1
55.1	12.1305	458.4761	5.1055	1
55.2	12.1391	459.3522	5.115	1
55.3	12.1478	460.2664	5.133	1
55.4	12.1564	461.102	5.1261	1
55.5	12.1646	461.9207	5.1293	1
55.6	12.1726	462.7958	5.132	1
55.7	12.1806	463.7023	5.1156	1
55.8	12.1886	464.4477	5.1086	1
55.9	12.197	465.2126	5.1203	1
56	12.2059	466.055	5.1234	1
56.1	12.2143	466.8282	5.1263	1
56.2	12.2225	467.677	5.1217	1
56.3	12.2312	468.5943	5.1161	1
56.4	12.2396	469.3977	5.1175	1
56.5	12.2481	470.2177	5.1126	1
56.6	12.2563	471.1018	5.1077	1
56.7	12.2647	471.9091	5.1122	1
56.8	12.2727	472.7142	5.1193	1
56.9	12.2809	473.6781	5.1228	1
57	12.2889	474.5129	5.1244	1
57.1	12.2967	475.3159	5.1229	1
57.2	12.3045	476.1249	5.1207	1
57.3	12.3128	476.8486	5.1402	1
57.4	12.3209	477.7443	5.1354	1
57.5	12.3294	478.4671	5.113	1
57.6	12.3379	479.4321	5.1106	1
57.7	12.3463	480.1243	5.1083	1
57.8	12.3548	481.0455	5.1114	1
57.9	12.3631	481.9877	5.1268	1
58	12.371	482.8098	5.1248	1
58.1	12.379	483.6922	5.1227	1
58.2	12.3868	484.5128	5.135	1
58.3	12.3944	485.3804	5.138	1
58.4	12.4019	486.2281	5.1313	1
58.5	12.4094	487.0038	5.1256	1
58.6	12.4172	487.8483	5.1145	1
58.7	12.4247	488.707	5.1298	1
58.8	12.4318	489.5406	5.1371	1
58.9	12.4394	490.4231	5.1281	1
59	12.4471	491.1858	5.1233	1
59.1	12.4546	492.1168	5.1282	1
59.2	12.4619	492.9603	5.1168	1
59.3	12.4691	493.8206	5.0988	1
59.4	12.476	494.5709	5.1069	1
59.5	12.4831	495.5309	5.1106	1
59.6	12.4901	496.2845	5.1119	1
59.7	12.4971	497.0777	5.1049	1
59.8	12.5043	497.9353	5.1082	1
59.9	12.5116	498.7227	5.1093	1
60	12.5189	499.5437	5.105	1
60.1	12.5263	500.3433	5.1038	1
60.2	12.5334	501.1644	5.1119	1
60.3	12.541	502.0159	5.1009	1
60.4	12.5484	502.8808	5.0908	1
60.5	12.5558	503.7189	5.0822	1
60.6	12.5632	504.5401	5.0871	1
60.7	12.5708	505.3705	5.0957	1
60.8	12.5782	506.2209	5.1004	1
60.9	12.5855	507.0194	5.1038	1
61	12.593	507.9058	5.1118	1
61.1	12.6002	508.6979	5.1164	1
61.2	12.6076	509.5141	5.1194	1
61.3	12.6151	510.2223	5.1185	1
61.4	12.6231	511.0663	5.1252	1
61.5	12.6311	511.8824	5.1253	1
61.6	12.6392	512.7202	5.1196	1
61.7	12.6473	513.5983	5.1178	1
61.8	12.6553	514.3649	5.1199	1
61.9	12.6636	515.1886	5.1089	1
62	12.6722	515.9876	5.1064	1
62.1	12.6806	516.795	5.1219	1
62.2	12.6887	517.7236	5.1276	1
62.3	12.6969	518.4965	5.1134	1
62.4	12.7054	519.3563	5.114	1
62.5	12.7138	520.1987	5.1128	1
62.6	12.7219	521.0011	5.1092	1
62.7	12.7303	521.877	5.1057	1
62.8	12.7384	522.6082	5.1082	1
62.9	12.7468	523.5258	5.1239	1
63	12.7549	524.3729	5.1156	1
63.1	12.763	525.2751	5.1019	1
63.2	12.771	526.0503	5.117	1
63.3	12.7789	526.9749	5.1183	1
63.4	12.7864	527.8363	5.1136	1
63.5	12.7937	528.7573	5.1206	1
63.6	12.801	529.6122	5.1177	1
63.7	12.8082	530.4384	5.1222	1
63.8	12.8152	531.3158	5.1338	1
63.9	12.822	532.1181	5.1298	1
64	12.8288	532.9839	5.1133	1
64.1	12.8355	533.868	5.1051	1
64.2	12.8421	534.6933	5.0947	1
64.3	12.8488	535.4665	5.0923	1
64.4	12.8556	536.3287	5.0965	1
64.5	12.8623	537.1253	5.1175	1
64.6	12.8693	538.0039	5.1245	1
64.7	12.8762	538.7912	5.1197	1
64.8	12.883	539.6646	5.1209	1
64.9	12.8899	540.4218	5.1263	1
65	12.8965	541.3037	5.1151	1
65.1	12.9035	542.0762	5.1148	1
65.2	12.9102	543.0711	5.1202	1
65.3	12.917	543.727	5.1214	1
65.4	12.9242	544.5753	5.128	1
65.5	12.9313	545.4405	5.1347	1
65.6	12.9383	546.2577	5.1422	1
65.7	12.9453	547.0016	5.1372	1
65.8	12.9527	547.7506	5.1355	1
65.9	12.9606	548.6522	5.1427	1
66	12.968	549.5424	5.1352	1
66.1	12.975	550.4743	5.1161	1
66.2	12.9817	551.2281	5.1079	1
66.3	12.9885	552.0966	5.1066	1
66.4	12.9955	552.9473	5.1068	1
66.5	13.0024	553.7657	5.0991	1
66.6	13.0093	554.5679	5.0914	1
66.7	13.0159	555.4819	5.0849	1
66.8	13.0231	556.2633	5.0798	1
66.9	13.0302	557.0999	5.0844	1
67	13.0373	557.9245	5.0914	1
67.1	13.0441	558.7272	5.0964	1
67.2	13.0508	559.6112	5.0819	1
67.3	13.0578	560.4019	5.0769	1
67.4	13.0648	561.2586	5.0957	1
67.5	13.0718	562.1214	5.1032	1
67.6	13.0788	562.8726	5.116	1
67.7	13.0859	563.7638	5.1227	1
67.8	13.0927	564.6787	5.1159	1
67.9	13.0992	565.5424	5.0945	1
68	13.1058	566.3128	5.0884	1
68.1	13.1125	567.1125	5.084	1
68.2	13.1192	567.9301	5.0989	1
68.3	13.1258	568.8469	5.1083	1
68.4	13.1324	569.6581	5.1035	1
68.5	13.1389	570.4576	5.1087	1
68.6	13.1456	571.2907	5.113	1
68.7	13.1524	572.095	5.1185	1
68.8	13.1592	572.9115	5.1111	1
68.9	13.1658	573.8327	5.1098	1
69	13.1725	574.6924	5.1119	1
69.1	13.1789	575.4956	5.1094	1
69.2	13.1855	576.329	5.1145	1
69.3	13.1922	577.0791	5.1022	1
69.4	13.199	577.968	5.0988	1
69.5	13.2059	578.7337	5.109	1
69.6	13.2125	579.5588	5.1106	1
69.7	13.2194	580.3607	5.1071	1
69.8	13.2263	581.2773	5.0974	1
69.9	13.2331	582.1289	5.0991	1
70	13.2397	582.9344	5.1002	1
70.1	13.2464	583.8039	5.1057	1
70.2	13.2532	584.5899	5.1151	1
70.3	13.2599	585.4464	5.1137	1
70.4	13.2668	586.2123	5.1048	1
70.5	13.2738	587.0702	5.111	1
70.6	13.281	587.8156	5.1196	1
70.7	13.2882	588.6676	5.1207	1
70.8	13.2952	589.5174	5.1097	1
70.9	13.3024	590.3121	5.1126	1
71	13.3098	591.0649	5.1015	1
71.1	13.3172	591.8997	5.0994	1
71.2	13.3251	592.732	5.1134	1
71.3	13.333	593.5198	5.116	1
71.4	13.3411	594.3559	5.1159	1
71.5	13.3493	595.0815	5.1147	1
71.6	13.3579	595.8267	5.0988	1
71.7	13.3668	596.6887	5.0888	1
71.8	13.3756	597.4777	5.1017	1
71.9	13.3845	598.3342	5.114	1
72	13.3936	599.1684	5.1187	1
72.1	13.4024	600.0064	5.1065	1
72.2	13.4111	600.9053	5.0921	1
72.3	13.4196	601.7702	5.1049	1
72.4	13.428	602.7795	5.1154	1
72.5	13.4358	603.5564	5.1069	1
72.6	13.4436	604.3999	5.1041	1
72.7	13.4516	605.1782	5.1092	1
72.8	13.4596	605.9967	5.1	1
72.9	13.4681	606.7417	5.1	1
73	13.4767	607.6611	5.094	1
73.1	13.485	608.5534	5.0806	1
73.2	13.4927	609.4721	5.0859	1
73.3	13.5001	610.4254	5.0856	1
73.4	13.507	611.3164	5.0909	1
73.5	13.5136	612.1233	5.0941	1
73.6	13.5205	612.9693	5.1036	1
73.7	13.5272	613.8441	5.0988	1
73.8	13.5338	614.6728	5.0884	1
73.9	13.5403	615.5536	5.0907	1
74	13.5467	616.386	5.0937	1
74.1	13.553	617.2354	5.0877	1
74.2	13.5595	617.9899	5.0852	1
74.3	13.566	618.8094	5.0958	1
74.4	13.5728	619.6057	5.0998	1
74.5	13.5797	620.4746	5.0972	1
74.6	13.5868	621.2558	5.1088	1
74.7	13.5937	621.975	5.13	1
74.8	13.6011	622.8056	5.133	1
74.9	13.6087	623.6203	5.1233	1
75	13.616	624.5131	5.1184	1
75.1	13.6231	625.4585	5.1246	1
75.2	13.63	626.3038	5.1274	1
75.3	13.637	626.966	5.1211	1
75.4	13.6447	627.6782	5.1142	1
75.5	13.6532	628.394	5.1056	1
75.6	13.6614	629.3179	5.0998	1
75.7	13.6695	630.202	5.1111	1
75.8	13.677	631.1403	5.1127	1
75.9	13.6847	631.9224	5.1168	1
76	13.6923	632.7688	5.1227	1
76.1	13.7	633.64	5.1341	1
76.2	13.7077	634.3603	5.1349	1
76.3	13.7158	635.1476	5.1261	1
76.4	13.724	636.1111	5.1169	1
76.5	13.7316	636.9668	5.1008	1
76.6	13.7391	637.8	5.0889	1
76.7	13.7467	638.6496	5.0935	1
76.8	13.7542	639.4513	5.0958	1
76.9	13.7617	640.31	5.0869	1
77	13.7691	641.1453	5.0937	1
77.1	13.7762	642.1094	5.1036	1
77.2	13.7831	642.9591	5.1135	1
77.3	13.79	643.7742	5.1061	1
77.4	13.7967	644.6537	5.0971	1
77.5	13.8032	645.5801	5.1053	1
77.6	13.8097	646.2605	5.1043	1
77.7	13.8163	647.1663	5.1014	1
77.8	13.8235	647.8498	5.0977	1
77.9	13.8302	648.7353	5.0996	1
78	13.8372	649.6075	5.102	1
78.1	13.8444	650.3025	5.1009	1
78.2	13.8517	651.1979	5.0918	1
78.3	13.8589	652.1271	5.0961	1
78.4	13.8654	653.0241	5.1056	1
78.5	13.8716	653.83	5.1051	1
78.6	13.8783	654.6304	5.118	1
78.7	13.8848	655.4946	5.1177	1
78.8	13.8914	656.3331	5.0984	1
78.9	13.898	657.1889	5.0902	1
79	13.9046	657.9381	5.1111	1
79.1	13.9117	658.6848	5.1253	1
79.2	13.9183	659.6391	5.124	1
79.3	13.925	660.5084	5.1313	1
79.4	13.9311	661.4212	5.1315	1
79.5	13.9375	662.1624	5.1157	1
79.6	13.9438	663.0024	5.109	1
79.7	13.9504	663.796	5.1169	1
79.8	13.9571	664.5086	5.1146	1
79.9	13.9643	665.4223	5.1229	1
80	13.9716	666.1456	5.1249	1
80.1	13.9788	667.0061	5.1195	1
80.2	13.9857	667.8943	5.1147	1
80.3	13.9924	668.7999	5.1289	1
80.4	13.9991	669.6488	5.1181	1
80.5	14.0058	670.4881	5.1182	1
80.6	14.0122	671.4066	5.1162	1
80.7	14.018	672.232	5.1052	1
80.8	14.0242	673.0355	5.1161	1
80.9	14.0307	673.7564	5.1229	1
81	14.0376	674.5213	5.1196	1
81.1	14.0447	675.257	5.1214	1
81.2	14.0521	676.1949	5.1213	1
81.3	14.0591	677.1416	5.1251	1
81.4	14.0659	677.883	5.1164	1
81.5	14.0729	678.7307	5.1026	1
81.6	14.0799	679.4797	5.0949	1
81.7	14.0873	680.2431	5.0907	1
81.8	14.0949	681.0738	5.1057	1
81.9	14.1026	681.8408	5.1095	1
82	14.1102	682.7704	5.1012	1
82.1	14.1177	683.6462	5.0901	1
82.2	14.1249	684.4908	5.1047	1
82.3	14.1322	685.3811	5.1002	1
82.4	14.1394	686.1909	5.1039	1
82.5	14.1463	687.1077	5.1084	1
82.6	14.153	687.9501	5.0941	1
82.7	14.1599	688.7226	5.0888	1
82.8	14.1667	689.5676	5.0823	1
82.9	14.1735	690.4008	5.0866	1
83	14.1801	691.3273	5.085	1
83.1	14.1865	692.1738	5.0808	1
83.2	14.1928	693.0208	5.0751	1
83.3	14.1991	693.8122	5.07	1
83.4	14.2054	694.7482	5.0726	1
83.5	14.2117	695.5658	5.0695	1
83.6	14.218	696.3665	5.0744	1
83.7	14.2243	697.2227	5.0778	1
83.8	14.23	697.9532	5.0838	1
83.9	14.2358	698.7831	5.088	1
84	14.2424	699.6549	5.0809	1
84.1	14.249	700.4922	5.0784	1
84.2	14.2551	701.35	5.083	1
84.3	14.2615	702.1819	5.0959	1
84.4	14.2678	703.0349	5.1001	1
84.5	14.2739	703.8509	5.0926	1
84.6	14.2802	704.7015	5.0939	1
84.7	14.2865	705.5121	5.09	1
84.8	14.2929	706.3006	5.083	1
84.9	14.2992	707.0855	5.0867	1
85	14.3057	708.0114	5.0847	1
85.1	14.3122	708.8366	5.0856	1
85.2	14.3186	709.6712	5.0868	1
85.3	14.3251	710.4478	5.0957	1
85.4	14.3316	711.2502	5.097	1
85.5	14.3384	712.0643	5.1007	1
85.6	14.3451	712.9389	5.1117	1
85.7	14.3514	713.8986	5.1062	1
85.8	14.3575	714.7182	5.0958	1
85.9	14.3638	715.4847	5.1013	1
86	14.3703	716.2675	5.1094	1
86.1	14.3767	717.1807	5.1086	1
86.2	14.3829	717.9796	5.1042	1
86.3	14.3891	718.7855	5.1117	1
86.4	14.3956	719.5635	5.1154	1
86.5	14.4024	720.4025	5.1156	1
86.6	14.4092	721.2752	5.1132	1
86.7	14.416	722.0238	5.1118	1
86.8	14.4226	722.9579	5.1027	1
86.9	14.4288	723.8802	5.0949	1
87	14.435	724.6955	5.0912	1
87.1	14.4412	725.5467	5.0969	1
87.2	14.4478	726.2082	5.0975	1
87.3	14.4545	727.1245	5.0987	1
87.4	14.4614	727.9534	5.103	1
87.5	14.4676	728.8131	5.0973	1
87.6	14.4739	729.6351	5.104	1
87.7	14.4803	730.4603	5.1039	1
87.8	14.487	731.3608	5.0922	1
87.9	14.4934	732.0974	5.1022	1
88	14.4996	733.0221	5.1133	1
88.1	14.506	733.7968	5.1059	1
88.2	14.5123	734.6175	5.0958	1
88.3	14.5185	735.5851	5.0968	1
88.4	14.5246	736.3842	5.1104	1
88.5	14.5307	737.2117	5.1161	1
88.6	14.537	737.9948	5.1228	1
88.7	14.543	738.8929	5.1265	1
88.8	14.5489	739.619	5.1301	1
88.9	14.555	740.5073	5.1381	1
89	14.5613	741.3987	5.1394	1
89.1	14.5677	742.134	5.1293	1
89.2	14.574	742.9948	5.1313	1
89.3	14.58	743.8258	5.1269	1
89.4	14.5861	744.6533	5.1125	1
89.5	14.5922	745.5424	5.1156	1
89.6	14.598	746.4133	5.1216	1
89.7	14.6037	747.3014	5.1088	1
89.8	14.6095	748.0676	5.1058	1
89.9	14.6155	748.845	5.1134	1
90	14.6218	749.6045	5.0991	1
90.1	14.6284	750.346	5.0997	1
90.2	14.6354	751.1368	5.0891	1
90.3	14.6427	751.9597	5.0844	1
90.4	14.6497	752.8441	5.0973	1
90.5	14.6563	753.7022	5.1025	1
90.6	14.6632	754.5498	5.1144	1
90.7	14.67	755.4369	5.1068	1
90.8	14.6765	756.255	5.0994	1
90.9	14.683	757.1299	5.1044	1
91	14.6894	757.918	5.1045	1
91.1	14.6961	758.7028	5.103	1
91.2	14.7028	759.5114	5.0943	1
91.3	14.7095	760.4897	5.0992	1
91.4	14.7157	761.3794	5.1011	1
91.5	14.7217	762.2433	5.092	1
91.6	14.7277	762.9982	5.0892	1
91.7	14.7339	763.8132	5.1051	1
91.8	14.7404	764.6024	5.1045	1
91.9	14.7466	765.6069	5.1035	1
92	14.7528	766.3177	5.1152	1
92.1	14.7589	767.1575	5.1279	1
92.2	14.7654	767.9916	5.1241	1
92.3	14.7717	768.8277	5.1123	1
92.4	14.7778	769.6529	5.0994	1
92.5	14.7842	770.4016	5.0945	1
92.6	14.7908	771.3052	5.0951	1
92.7	14.7972	772.1592	5.0967	1
92.8	14.8031	773.0605	5.0964	1
92.9	14.8088	773.9145	5.1016	1
93	14.8148	774.7474	5.0964	1
93.1	14.8209	775.5664	5.1033	1
93.2	14.8266	776.4288	5.1088	1
93.3	14.8323	777.2016	5.0989	1
93.4	14.8383	778.112	5.0985	1
93.5	14.8441	778.8369	5.1014	1
93.6	14.85	779.8027	5.0998	1
93.7	14.8559	780.5316	5.1011	1
93.8	14.8616	781.4326	5.1088	1
93.9	14.8676	782.1839	5.1109	1
94	14.8736	783.0786	5.1121	1
94.1	14.8795	783.8885	5.1178	1
94.2	14.8854	784.686	5.1118	1
94.3	14.8916	785.5463	5.1085	1
94.4	14.8977	786.4017	5.1103	1
94.5	14.9034	787.1821	5.0986	1
94.6	14.9092	788.0683	5.0933	1
94.7	14.9152	788.8971	5.0985	1
94.8	14.9209	789.7744	5.0921	1
94.9	14.9262	790.7058	5.1012	1
95	14.9316	791.4343	5.1026	1
95.1	14.9371	792.2641	5.1007	1
95.2	14.9427	793.1338	5.0992	1
95.3	14.9482	793.9854	5.101	1
95.4	14.9535	794.8671	5.1001	1
95.5	14.9586	795.7401	5.0991	1
95.6	14.9637	796.5625	5.0978	1
95.7	14.9684	797.4193	5.0927	1
95.8	14.9738	798.1212	5.0941	1
95.9	14.979	798.9616	5.1047	1
96	14.9845	799.705	5.1001	1
96.1	14.9903	800.6128	5.093	1
96.2	14.9962	801.4241	5.0987	1
96.3	15.0021	802.2444	5.1072	1
96.4	15.0081	802.9629	5.1078	1
96.5	15.0137	803.8547	5.1143	1
96.6	15.0191	804.8411	5.1197	1
96.7	15.0243	805.6891	5.1088	1
96.8	15.0297	806.4621	5.1162	1
96.9	15.0353	807.2432	5.1111	1
97	15.0409	808.1273	5.1073	1
97.1	15.0462	809.0524	5.111	1
97.2	15.0513	809.856	5.1214	1
97.3	15.0566	810.6523	5.1136	1
97.4	15.0618	811.4654	5.0994	1
97.5	15.0673	812.3135	5.1054	1
97.6	15.0727	813.1278	5.1118	1
97.7	15.0781	813.9554	5.1177	1
97.8	15.0837	814.8067	5.1229	1
97.9	15.0892	815.5976	5.1364	1
98	15.0949	816.4417	5.1338	1
98.1	15.1003	817.232	5.1284	1
98.2	15.1058	818.0929	5.1184	1
98.3	15.1112	818.7947	5.1028	1
98.4	15.117	819.692	5.1015	1
98.5	15.1229	820.5682	5.0922	1
98.6	15.1287	821.3945	5.0949	1
98.7	15.1348	822.1283	5.1215	1
98.8	15.1408	823.0199	5.1281	1
98.9	15.1465	823.9528	5.1176	1
99	15.1522	824.7074	5.1157	1
99.1	15.1577	825.6387	5.1105	1
99.2	15.1636	826.3511	5.1113	1
99.3	15.169	827.2383	5.1135	1
99.4	15.1749	828.0086	5.1087	1
99.5	15.1808	828.7357	5.0947	1
99.6	15.1872	829.6669	5.0953	1
99.7	15.1932	830.4516	5.1116	1
99.8	15.199	831.4153	5.1093	1
99.9	15.205	832.1835	5.1116	1
100	15.2109	833.0377	5.1313	1
100.1	15.2168	833.7922	5.1403	1
100.2	15.2227	834.7107	5.1343	1
100.3	15.2286	835.4982	5.1215	1
100.4	15.2349	836.2811	5.1144	1
100.5	15.2414	837.0919	5.1091	1
100.6	15.248	837.853	5.1131	1
100.7	15.2546	838.7336	5.1154	1
100.8	15.2612	839.4967	5.102	1
100.9	15.2679	840.279	5.0922	1
101	15.2749	841.2545	5.1032	1
101.1	15.2815	841.9899	5.1196	1
101.2	15.2878	843.1041	5.1261	1
101.3	15.2941	843.722	5.1228	1
101.4	15.3003	844.4777	5.1261	1
101.5	15.3073	845.4446	5.1424	1
101.6	15.3135	846.1571	5.1581	1
101.7	15.32	847.2152	5.1486	1
101.8	15.3261	847.9586	5.1268	1
101.9	15.3318	848.9232	5.1143	1
102	15.3378	849.6976	5.1086	1
102.1	15.3438	850.4043	5.0996	1
102.2	15.3505	851.2856	5.1044	1
102.3	15.3569	852.024	5.1156	1
102.4	15.3634	852.9733	5.1108	1
102.5	15.3698	853.6571	5.1215	1
102.6	15.3766	854.6038	5.1185	1
102.7	15.3828	855.4655	5.1102	1
102.8	15.3885	856.4611	5.1097	1
102.9	15.3942	857.3125	5.1139	1
103	15.4001	857.9472	5.1242	1
103.1	15.4063	858.8188	5.1327	1
103.2	15.4123	859.7185	5.1276	1
103.3	15.4178	860.6009	5.1228	1
103.4	15.4237	861.389	5.1196	1
103.5	15.4294	862.2775	5.1233	1
103.6	15.4345	863.2509	5.1158	1
103.7	15.4398	864.0449	5.1119	1
103.8	15.4451	864.7549	5.1213	1
103.9	15.4506	865.7011	5.1218	1
104	15.4557	866.5185	5.1137	1
104.1	15.4608	867.346	5.1122	1
104.2	15.4662	868.1518	5.1049	1
104.3	15.4715	869.0133	5.1182	1
104.4	15.4767	869.7426	5.1215	1
104.5	15.482	870.6677	5.1234	1
104.6	15.4874	871.4935	5.1188	1
104.7	15.4928	872.1535	5.121	1
104.8	15.4985	873.1628	5.1162	1
104.9	15.5042	873.8332	5.1127	1
105	15.5098	874.8198	5.1218	1
105.1	15.5156	875.4978	5.1275	1
105.2	15.5212	876.3805	5.1246	1
105.3	15.527	877.2027	5.1157	1
105.4	15.5327	878.1322	5.1017	1
105.5	15.538	879.0168	5.1045	1
105.6	15.5431	879.8259	5.1165	1
105.7	15.5484	880.6122	5.1242	1
105.8	15.5538	881.5006	5.124	1
105.9	15.559	882.3559	5.1097	1
106	15.5643	883.1582	5.1083	1
106.1	15.5694	884.0035	5.112	1
106.2	15.5743	884.8755	5.1019	1
106.3	15.5792	885.7689	5.1033	1
106.4	15.5839	886.4778	5.1186	1
106.5	15.5889	887.4122	5.12	1
106.6	15.5941	888.2352	5.1283	1
106.7	15.5988	889.1067	5.1302	1
106.8	15.6037	889.8823	5.121	1
106.9	15.6082	890.7752	5.1249	1
107	15.6129	891.6074	5.128	1
107.1	15.6173	892.5032	5.1321	1
107.2	15.622	893.1462	5.1356	1
107.3	15.627	893.9747	5.1475	1
107.4	15.6322	894.8889	5.1478	1
107.5	15.6369	895.6915	5.1338	1
107.6	15.6418	896.5314	5.1336	1
107.7	15.6469	897.3125	5.1385	1
107.8	15.6517	898.2078	5.1414	1
107.9	15.6565	899.1343	5.1453	1
108	15.6612	899.87	5.1513	1
108.1	15.6661	900.7044	5.1462	1
108.2	15.671	901.4556	5.139	1
108.3	15.6761	902.3444	5.1304	1
108.4	15.6814	903.0848	5.1377	1
108.5	15.6867	903.9581	5.1345	1
108.6	15.6918	904.8968	5.1338	1
108.7	15.6966	905.7393	5.1311	1
108.8	15.7014	906.5279	5.1314	1
108.9	15.7062	907.3177	5.1234	1
109	15.7111	908.2514	5.1156	1
109.1	15.716	909.0299	5.1091	1
109.2	15.7209	909.889	5.1058	1
109.3	15.7257	910.6841	5.1109	1
109.4	15.7307	911.4653	5.1283	1
109.5	15.736	912.1914	5.1266	1
109.6	15.7416	913.0275	5.1121	1
109.7	15.7471	913.9227	5.1004	1
109.8	15.7521	914.8521	5.1209	1
109.9	15.7573	915.6453	5.1318	1
110	15.7628	916.3989	5.1174	1
110.1	15.7682	917.3056	5.1217	1
110.2	15.7735	918.0908	5.1154	1
110.3	15.7788	918.8448	5.0935	1
110.4	15.7845	919.7213	5.092	1
110.5	15.7901	920.6324	5.0955	1
110.6	15.7956	921.3999	5.0889	1
110.7	15.8015	922.0724	5.0924	1
110.8	15.8076	922.8913	5.1069	1
110.9	15.814	923.6635	5.119	1
111	15.8205	924.5285	5.1159	1
111.1	15.8267	925.405	5.1171	1
111.2	15.8326	926.2224	5.1086	1
111.3	15.8383	927.2913	5.112	1
111.4	15.8438	928.1809	5.123	1
111.5	15.8491	928.8921	5.1236	1
111.6	15.8545	929.8394	5.1244	1
111.7	15.8601	930.5286	5.1227	1
111.8	15.8656	931.3943	5.1189	1
111.9	15.8713	932.2493	5.1191	1
112	15.8768	932.9414	5.1179	1
112.1	15.8828	933.8631	5.1297	1
112.2	15.8885	934.7183	5.1331	1
112.3	15.8938	935.6945	5.1344	1
112.4	15.899	936.4687	5.1376	1
112.5	15.9042	937.2414	5.1374	1
112.6	15.9097	938.1056	5.1191	1
112.7	15.9148	938.9691	5.1194	1
112.8	15.92	939.8925	5.1152	1
112.9	15.9248	940.6851	5.1162	1
113	15.9292	941.591	5.1186	1
113.1	15.9337	942.4194	5.1216	1
113.2	15.9383	943.2782	5.1306	1
113.3	15.9432	944.0611	5.1365	1
113.4	15.9482	944.8567	5.1224	1
113.5	15.953	945.7595	5.1245	1
113.6	15.9578	946.534	5.1303	1
113.7	15.9627	947.3576	5.1291	1
113.8	15.9672	948.3097	5.1114	1
113.9	15.9718	949.1284	5.1091	1
114	15.9764	949.8862	5.1247	1
114.1	15.9811	950.732	5.1303	1
114.2	15.9856	951.5816	5.1208	1
114.3	15.99	952.445	5.1131	1
114.4	15.9944	953.2687	5.1199	1
114.5	15.9992	954.0107	5.1259	1
114.6	16.0042	954.8308	5.1137	1
114.7	16.0093	955.6497	5.1081	1
114.8	16.0146	956.4609	5.1138	1
114.9	16.0203	957.1619	5.1188	1
115	16.026	957.9631	5.1301	1
115.1	16.0319	958.7539	5.1252	1
115.2	16.038	959.4466	5.1181	1
115.3	16.0447	960.3309	5.1157	1
115.4	16.0514	961.1558	5.1168	1
115.5	16.058	961.9477	5.1176	1
115.6	16.0651	962.715	5.104	1
115.7	16.0724	963.4466	5.1026	1
115.8	16.0802	964.2518	5.112	1
115.9	16.0881	965.0567	5.1113	1
116	16.096	965.8414	5.1153	1
116.1	16.1039	966.7234	5.1187	1
116.2	16.1115	967.6434	5.1264	1
116.3	16.1189	968.5122	5.1262	1
116.4	16.1261	969.4009	5.136	1
116.5	16.133	970.34	5.1278	1
116.6	16.1398	971.1704	5.1268	1
116.7	16.1466	972.0704	5.1364	1
116.8	16.1533	972.7808	5.1372	1
116.9	16.1603	973.5739	5.1407	1
117	16.1674	974.4364	5.1391	1
117.1	16.1742	975.3769	5.1287	1
117.2	16.1808	976.0892	5.142	1
117.3	16.1873	977.1546	5.1444	1
117.4	16.1934	977.9384	5.1541	1
117.5	16.1996	978.8875	5.1653	1
117.6	16.2058	979.5603	5.1626	1
117.7	16.2122	980.4211	5.1491	1
117.8	16.2187	981.3145	5.1456	1
117.9	16.2248	982.1579	5.151	1
118	16.2304	983.1185	5.1447	1
118.1	16.2356	983.9633	5.1332	1
118.2	16.2407	984.8241	5.1307	1
118.3	16.2461	985.6453	5.1289	1
118.4	16.2516	986.4444	5.1308	1
118.5	16.2572	987.2472	5.1421	1
118.6	16.263	988.036	5.1389	1
118.7	16.2694	988.8231	5.1215	1
118.8	16.2755	989.7684	5.121	1
118.9	16.2811	990.6738	5.1083	1
119	16.2863	991.4149	5.1059	1
119.1	16.2916	992.2808	5.1101	1
119.2	16.2968	993.2056	5.1123	1
119.3	16.3019	994.0122	5.1167	1
119.4	16.3071	994.7993	5.1113	2
119.5	16.3126	995.5808	5.1131	2
119.6	16.3181	996.3719	5.1163	2
119.7	16.3238	997.2632	5.1179	2
119.8	16.3293	997.8521	5.1101	2
119.9	16.3346	998.2648	5.1089	2
120	16.3394	998.3436	5.1193	2
120.1	16.3438	998.4107	5.1233	2
120.2	16.3477	998.4575	5.1159	2
120.3	16.3516	998.4683	5.1057	2
120.4	16.3557	998.496	5.1105	2
120.5	16.3596	998.49	5.1155	2
120.6	16.3635	998.4961	5.1117	2
120.7	16.3675	998.3944	5.1191	2
120.8	16.3716	998.3579	5.1253	2
120.9	16.3759	998.3961	5.1221	2
121	16.3799	998.412	5.1244	2
121.1	16.3837	998.5374	5.1241	2
121.2	16.3875	998.5168	5.1084	2
121.3	16.3908	998.6477	5.1058	2
121.4	16.3938	998.7034	5.1117	2
121.5	16.3966	998.6255	5.1238	2
121.6	16.3997	998.6036	5.1287	2
121.7	16.4028	998.5659	5.1244	2
121.8	16.4059	998.699	5.1366	2
121.9	16.4089	998.5982	5.1474	2
122	16.4116	998.6487	5.1302	2
122.1	16.4144	998.747	5.135	2
122.2	16.4166	998.7425	5.134	2
122.3	16.4187	998.7858	5.1336	2
122.4	16.4209	998.7892	5.1397	2
122.5	16.423	998.7669	5.1267	2
122.6	16.425	998.8046	5.1202	2
122.7	16.4271	998.725	5.1135	2
122.8	16.4294	998.7026	5.1113	2
122.9	16.4317	998.8311	5.1117	2
123	16.4338	998.7885	5.118	2
123.1	16.4359	998.7362	5.116	2
123.2	16.4379	998.8103	5.1122	2
123.3	16.4397	998.8089	5.1233	2
123.4	16.4415	998.8147	5.1157	2
123.5	16.4433	998.8145	5.1087	2
123.6	16.4453	998.7584	5.1087	2
123.7	16.4472	998.7414	5.1196	2
123.8	16.4494	998.751	5.1273	2
123.9	16.4512	998.7751	5.1288	2
124	16.4532	998.8635	5.1311	2
124.1	16.4547	998.8135	5.1246	2
124.2	16.4563	998.9383	5.1207	2
124.3	16.4578	998.8678	5.1194	2
124.4	16.4592	998.8535	5.1194	2
124.5	16.461	998.7969	5.1257	2
124.6	16.4624	998.8179	5.1254	2
124.7	16.4639	998.9035	5.1222	2
124.8	16.4653	998.8196	5.1208	2
124.9	16.467	998.8452	5.1236	2
125	16.4689	998.7206	5.1258	2
125.1	16.4705	998.7975	5.1186	2
125.2	16.4721	998.7985	5.1103	2
125.3	16.4738	998.7988	5.1116	2
125.4	16.4754	998.8301	5.1161	2
125.5	16.477	998.8075	5.1206	2
125.6	16.4785	998.8407	5.1332	2
125.7	16.4802	998.796	5.1324	2
125.8	16.4816	998.7896	5.1288	2
125.9	16.483	998.9275	5.1249	2
126	16.4842	998.8983	5.1319	2
126.1	16.4853	998.9158	5.1353	2
126.2	16.4863	998.9322	5.1415	2
126.3	16.4871	998.9692	5.1413	2
126.4	16.488	998.9643	5.1406	2
126.5	16.489	998.8962	5.1354	2
126.6	16.4905	998.862	5.1261	2
126.7	16.4918	998.8241	5.1242	2
126.8	16.4931	998.8941	5.1264	2
126.9	16.4943	998.8736	5.135	2
127	16.4952	998.9197	5.124	2
127.1	16.496	998.9841	5.1211	2
127.2	16.4967	999.0594	5.1389	2
127.3	16.4971	999.0043	5.1597	2
127.4	16.4975	999.078	5.1584	2
127.5	16.4979	999.0718	5.1527	2
127.6	16.4982	998.9934	5.1509	2
127.7	16.4986	999.0417	5.1513	2
127.8	16.4988	999.0411	5.1363	2
127.9	16.4991	999.0288	5.1271	2
128	16.4995	998.9899	5.1345	2
128.1	16.5001	998.9417	5.1327	2
128.2	16.5006	999.0283	5.1263	2
128.3	16.5014	998.9226	5.1281	2
128.4	16.5022	998.8853	5.1342	2
128.5	16.5034	998.8589	5.1387	2
128.6	16.5046	998.8305	5.1333	2
128.7	16.5057	998.9757	5.1218	2
128.8	16.5065	998.8861	5.1343	2
128.9	16.5072	998.9253	5.1327	2
129	16.5079	998.8884	5.1202	2
129.1	16.5085	998.8959	5.1147	2
129.2	16.5091	999.0329	5.1123	2
129.3	16.5095	998.9882	5.11	2
129.4	16.51	998.9311	5.1159	2
129.5	16.511	998.7801	5.1131	2
129.6	16.5128	998.6752	5.103	2
129.7	16.515	998.6038	5.1209	2
129.8	16.5175	998.5019	5.1257	2
129.9	16.52	998.5325	5.1164	2
130	16.5225	998.684	5.1227	2
130.1	16.5241	998.782	5.1157	2
130.2	16.5254	998.7679	5.1131	2
130.3	16.5268	998.8718	5.1133	2
130.4	16.5279	998.8806	5.1129	2
130.5	16.529	998.8606	5.1248	2
130.6	16.5299	998.8563	5.1298	2
130.7	16.5308	998.8099	5.13	2
130.8	16.5317	998.9773	5.114	2
130.9	16.5323	998.9837	5.1069	2
131	16.5328	998.9522	5.114	2
131.1	16.5332	999.0191	5.1188	2
131.2	16.5334	999.0117	5.1106	2
131.3	16.5336	999.1124	5.1134	2
131.4	16.5335	999.0786	5.1187	2
131.5	16.5336	998.9478	5.1098	2
131.6	16.5343	998.9758	5.1031	2
131.7	16.5347	998.9473	5.1009	2
131.8	16.5352	999.0052	5.1074	2
131.9	16.5357	998.935	5.0904	2
132	16.5363	998.9409	5.0893	2
132.1	16.5367	998.9287	5.0966	2
132.2	16.5371	998.9996	5.1006	2
132.3	16.5375	999.0194	5.0968	2
132.4	16.5378	998.969	5.092	2
132.5	16.5379	998.9933	5.0996	2
132.6	16.5382	998.9971	5.1122	2
132.7	16.5388	998.9537	5.1236	2
132.8	16.5393	998.923	5.1328	2
132.9	16.5396	999.0094	5.13	2
133	16.5397	998.9908	5.1065	2
133.1	16.5398	999.025	5.1079	2
133.2	16.5403	998.9199	5.1148	2
133.3	16.5409	998.8876	5.1098	2
133.4	16.5419	998.7459	5.1193	2
133.5	16.5432	998.7705	5.1272	2
133.6	16.545	998.7296	5.1319	2
133.7	16.5466	998.6642	5.1383	2
133.8	16.5482	998.7637	5.1421	2
133.9	16.5495	998.8128	5.1396	2
134	16.5504	998.8613	5.1239	2
134.1	16.551	998.9552	5.1153	2
134.2	16.5516	998.9328	5.1124	2
134.3	16.552	999.0074	5.1216	2
134.4	16.5521	999.0296	5.1375	2
134.5	16.552	998.9778	5.1358	2
134.6	16.5525	998.8835	5.1487	2
134.7	16.5532	998.8265	5.1464	2
134.8	16.554	998.8898	5.1321	2
134.9	16.5548	998.7955	5.1336	2
135	16.5559	998.8223	5.1419	2
135.1	16.5568	998.834	5.1436	2
135.2	16.5576	998.8615	5.1439	2
135.3	16.5585	998.816	5.1358	2
135.4	16.5596	998.7702	5.1345	2
135.5	16.5609	998.8155	5.1427	2
135.6	16.5618	998.8797	5.1421	2
135.7	16.5625	998.8189	5.1392	2
135.8	16.5636	998.8599	5.144	2
135.9	16.5647	998.7676	5.1404	2
136	16.5655	998.8714	5.1315	2
136.1	16.5663	998.8967	5.127	2
136.2	16.5669	998.9057	5.1328	2
136.3	16.5676	998.8868	5.1395	2
136.4	16.5684	998.8926	5.1405	2
136.5	16.569	998.8922	5.1378	2
136.6	16.5696	998.8846	5.1327	2
136.7	16.5704	998.8179	5.1311	2
136.8	16.571	998.8624	5.1414	2
136.9	16.5719	998.8563	5.1394	2
137	16.5727	998.7679	5.134	2
137.1	16.5734	998.9628	5.1371	2
137.2	16.5739	998.9222	5.1351	2
137.3	16.5742	998.87	5.132	2
137.4	16.575	998.9116	5.1225	2
137.5	16.5756	998.9459	5.108	2
137.6	16.5761	998.9453	5.1046	2
137.7	16.5769	998.7874	5.1111	2
137.8	16.5776	998.8247	5.1202	2
137.9	16.5781	998.9782	5.117	2
138	16.5784	998.9796	5.1042	2
138.1	16.5787	998.9253	5.103	2
138.2	16.5789	998.9974	5.1057	2
138.3	16.579	998.9839	5.1086	2
138.4	16.5789	999.0043	5.1122	2
138.5	16.5791	999.0658	5.1004	2
138.6	16.579	999.0243	5.1114	2
138.7	16.5787	999.1278	5.1318	2
138.8	16.5785	999.0607	5.1328	2
138.9	16.5784	998.9982	5.1253	2
139	16.5782	999.0713	5.1223	2
139.1	16.5778	999.0715	5.1232	2
139.2	16.5771	999.2737	5.1298	2
139.3	16.5766	999.0855	5.1336	2
139.4	16.5761	999.0583	5.1244	2
139.5	16.576	999.0362	5.1254	2
139.6	16.5759	999.0004	5.1275	2
139.7	16.5759	999.0213	5.1243	2
139.8	16.5759	999.0369	5.1243	2
139.9	16.5763	998.8386	5.1182	2
140	16.5769	998.9134	5.1199	2
140.1	16.5774	998.9245	5.1199	2
140.2	16.5777	999.008	5.1272	2
140.3	16.5775	999.1187	5.1254	2
140.4	16.5771	999.0389	5.1165	2
140.5	16.577	999.0275	5.1105	2
140.6	16.577	998.9849	5.1119	2
140.7	16.5773	998.994	5.1052	2
140.8	16.5776	998.8489	5.0988	2
140.9	16.5779	998.9541	5.112	2
141	16.5781	998.9699	5.1162	2
141.1	16.5783	998.8974	5.1166	2
141.2	16.5788	998.9253	5.119	2
141.3	16.5791	998.9578	5.1272	2
141.4	16.5794	998.9822	5.1229	2
141.5	16.5794	998.944	5.1167	2
141.6	16.5796	999.0108	5.1202	2
141.7	16.5799	998.9903	5.1156	2
141.8	16.5799	999.0078	5.1148	2
141.9	16.5799	998.9494	5.1128	2
142	16.5801	998.9054	5.1175	2
142.1	16.5804	998.9116	5.1056	2
142.2	16.5808	998.9446	5.0899	2
142.3	16.5807	999.0161	5.0751	2
142.4	16.5811	998.8929	5.0872	2
142.5	16.5816	998.8222	5.1033	2
142.6	16.5825	998.8007	5.1033	2
142.7	16.5835	998.7841	5.1083	2
142.8	16.5846	998.7305	5.108	2
142.9	16.5858	998.7643	5.1023	2
143	16.5865	998.7357	5.0951	2
143.1	16.5878	998.8216	5.0983	2
143.2	16.5885	998.7054	5.0974	2
143.3	16.5895	998.9373	5.0848	2
143.4	16.5897	998.9507	5.0809	2
143.5	16.59	998.9359	5.0741	2
143.6	16.5904	998.9335	5.0763	2
143.7	16.5907	998.9587	5.0818	2
143.8	16.5905	999.006	5.0964	2
143.9	16.5905	998.9721	5.0953	2
144	16.5907	998.9684	5.0954	2
144.1	16.5906	998.923	5.0908	2
144.2	16.5908	999.1159	5.0961	2
144.3	16.5906	998.8464	5.1077	2
144.4	16.5906	999.0584	5.1135	2
144.5	16.5906	998.9718	5.1148	2
144.6	16.5908	998.9563	5.127	2
144.7	16.5906	999.0248	5.1317	2
144.8	16.5906	998.9922	5.1132	2
144.9	16.5905	999.0244	5.0993	2
145	16.5903	999.1453	5.1042	2
145.1	16.5899	998.9649	5.1177	2
145.2	16.5897	999.0265	5.1098	2
145.3	16.5898	999.016	5.1037	2
145.4	16.5898	998.8155	5.1033	2
145.5	16.5903	998.952	5.1137	2
145.6	16.5908	998.7574	5.1162	2
145.7	16.5913	998.8707	5.103	2
145.8	16.5924	998.7997	5.1032	2
145.9	16.5931	998.8082	5.1052	2
146	16.5937	998.8805	5.0985	2
146.1	16.5943	998.8268	5.1083	2
146.2	16.5952	998.8139	5.0976	2
146.3	16.5964	998.7179	5.0954	2
146.4	16.5976	998.7211	5.1096	2
146.5	16.599	998.6929	5.1261	2
146.6	16.6006	998.5932	5.1168	2
146.7	16.6024	998.6029	5.1028	2
146.8	16.6041	998.5343	5.0975	2
146.9	16.6061	998.5871	5.0974	2
147	16.6082	998.5528	5.1036	2
147.1	16.61	998.594	5.1067	2
147.2	16.6117	998.6508	5.1106	2
147.3	16.6134	998.59	5.1101	2
147.4	16.6151	998.5691	5.0949	2
147.5	16.6171	998.6253	5.098	2
147.6	16.6185	998.6802	5.1001	2
147.7	16.6201	998.6466	5.1019	2
147.8	16.622	998.563	5.1135	2
147.9	16.6239	998.5878	5.1112	2
148	16.6255	998.6163	5.0932	2
148.1	16.6271	998.6552	5.0915	2
148.2	16.6287	998.6854	5.0977	2
148.3	16.6299	998.6666	5.0963	2
148.4	16.6308	998.8912	5.0924	2
148.5	16.6319	998.7433	5.0856	2
148.6	16.6333	998.6707	5.0891	2
148.7	16.6346	998.787	5.0998	2
148.8	16.6357	998.764	5.1026	2
148.9	16.6368	998.7853	5.1055	2
149	16.6378	998.8032	5.0821	2
149.1	16.6385	998.8475	5.0794	2
149.2	16.6392	998.8454	5.0844	2
149.3	16.6399	998.7741	5.0935	2
149.4	16.641	998.7658	5.1057	3
149.5	16.6422	998.7289	5.0927	3
149.6	16.6431	998.8734	5.0841	3
149.7	16.6437	998.9428	5.0891	3
149.8	16.6439	998.8422	5.0922	3
149.9	16.6438	998.3142	5.0953	3
150	16.6435	997.4642	5.0862	3
150.1	16.6431	996.6684	5.0761	3
150.2	16.6427	995.9041	5.0902	3
150.3	16.6421	995.0044	5.0879	3
150.4	16.6416	994.2056	5.0909	3
150.5	16.6409	993.4083	5.0994	3
150.6	16.6399	992.7519	5.0962	3
150.7	16.6388	991.8818	5.0915	3
150.8	16.6379	990.9219	5.087	3
150.9	16.6371	990.0252	5.0785	3
151	16.6364	989.1988	5.0897	3
151.1	16.6355	988.5196	5.0982	3
151.2	16.6346	987.6177	5.0988	3
151.3	16.6338	986.8168	5.0982	3
151.4	16.633	985.8996	5.0827	3
151.5	16.6319	985.1501	5.0697	3
151.6	16.6308	984.3726	5.0738	3
151.7	16.6291	983.6111	5.084	3
151.8	16.6275	982.8558	5.0905	3
151.9	16.6257	981.94	5.09	3
152	16.624	981.0752	5.0907	3
152.1	16.6228	980.1983	5.0989	3
152.2	16.6213	979.3462	5.1043	3
152.3	16.6198	978.6371	5.1082	3
152.4	16.6178	977.8325	5.1052	3
152.5	16.6158	977.0321	5.1093	3
152.6	16.6141	976.1129	5.0959	3
152.7	16.6122	975.2944	5.0935	3
152.8	16.6105	974.5043	5.0928	3
152.9	16.6086	973.6643	5.0921	3
153	16.6065	972.8576	5.1062	3
153.1	16.6042	972.1103	5.1207	3
153.2	16.6015	971.3811	5.1096	3
153.3	16.5989	970.4416	5.0986	3
153.4	16.5966	969.5569	5.0942	3
153.5	16.5943	968.6713	5.0828	3
153.6	16.5918	967.983	5.0763	3
153.7	16.5892	967.2269	5.0833	3
153.8	16.5862	966.3887	5.0953	3
153.9	16.5828	965.6964	5.0926	3
154	16.5792	964.8409	5.0969	3
154.1	16.5753	963.9438	5.1014	3
154.2	16.5719	963.1178	5.0891	3
154.3	16.5687	962.2622	5.0726	3
154.4	16.5653	961.5331	5.0888	3
154.5	16.5618	960.6204	5.1065	3
154.6	16.5583	959.8066	5.1049	3
154.7	16.5552	958.9334	5.1044	3
154.8	16.5519	958.083	5.0994	3
154.9	16.5484	957.332	5.0686	3
155	16.545	956.5107	5.0622	3
155.1	16.5414	955.7006	5.0808	3
155.2	16.5378	954.8177	5.0824	3
155.3	16.5341	954.031	5.086	3
155.4	16.5304	953.2796	5.0777	3
155.5	16.5265	952.3563	5.0707	3
155.6	16.5225	951.5223	5.0725	3
155.7	16.5189	950.6872	5.0775	3
155.8	16.5154	949.7406	5.0776	3
155.9	16.5121	948.9623	5.0847	3
156	16.5086	948.1717	5.0868	3
156.1	16.5049	947.3481	5.0896	3
156.2	16.5009	946.5027	5.0741	3
156.3	16.4972	945.7982	5.0659	3
156.4	16.4932	944.9062	5.071	3
156.5	16.4892	944.1405	5.0774	3
156.6	16.4852	943.1914	5.069	3
156.7	16.4813	942.3594	5.0743	3
156.8	16.4777	941.5615	5.075	3
156.9	16.4736	940.7685	5.0696	3
157	16.4698	939.8803	5.0885	3
157.1	16.4658	939.0436	5.0895	3
157.2	16.4618	938.2953	5.0711	3
157.3	16.4577	937.3304	5.0664	3
157.4	16.4541	936.4432	5.0696	3
157.5	16.4508	935.6875	5.0727	3
157.6	16.4472	934.8822	5.0812	3
157.7	16.4435	934.0018	5.0879	3
157.8	16.4399	933.0409	5.089	3
157.9	16.4366	932.3032	5.0953	3
158	16.4332	931.4501	5.1034	3
158.1	16.4297	930.6553	5.1116	3
158.2	16.426	929.9281	5.1174	3
158.3	16.4215	929.217	5.1182	3
158.4	16.4167	928.395	5.1253	3
158.5	16.4123	927.4993	5.1129	3
158.6	16.4083	926.5669	5.1179	3
158.7	16.4042	925.7517	5.1263	3
158.8	16.4004	924.8821	5.1246	3
158.9	16.3963	924.1719	5.1375	3
159	16.3919	923.3819	5.1263	3
159.1	16.3872	922.4816	5.1231	3
159.2	16.3827	921.6829	5.1227	3
159.3	16.3783	920.8384	5.1124	3
159.4	16.3733	920.0939	5.0936	3
159.5	16.3683	919.2911	5.0847	3
159.6	16.3633	918.5149	5.0808	3
159.7	16.3585	917.5743	5.0898	3
159.8	16.3535	916.8362	5.1026	3
159.9	16.3488	915.8235	5.0895	3
160	16.3442	914.9648	5.0893	3
160.1	16.34	914.1647	5.0952	3
160.2	16.3357	913.1877	5.0866	3
160.3	16.3317	912.4273	5.0898	3
160.4	16.328	911.473	5.0908	3
160.5	16.3241	910.6771	5.1053	3
160.6	16.3205	909.8098	5.1175	3
160.7	16.3168	908.9722	5.1205	3
160.8	16.3131	908.2332	5.1103	3
160.9	16.3094	907.3052	5.0935	3
161	16.3058	906.4298	5.0846	3
161.1	16.3024	905.6019	5.0889	3
161.2	16.2988	904.8651	5.1056	3
161.3	16.2952	903.9993	5.1083	3
161.4	16.2921	903.0626	5.1214	3
161.5	16.2888	902.2817	5.1307	3
161.6	16.2851	901.4563	5.1309	3
161.7	16.2813	900.6468	5.1282	3
161.8	16.2775	899.8498	5.1295	3
161.9	16.2737	899.0297	5.1161	3
162	16.2697	898.1955	5.1087	3
162.1	16.2658	897.316	5.1112	3
162.2	16.262	896.5235	5.1102	3
162.3	16.258	895.7381	5.0971	3
162.4	16.2537	895.0293	5.0944	3
162.5	16.2492	894.1464	5.0903	3
162.6	16.245	893.1716	5.0816	3
162.7	16.2413	892.383	5.0827	3
162.8	16.2374	891.5035	5.0853	3
162.9	16.2334	890.7528	5.0904	3
163	16.2295	889.9124	5.0914	3
163.1	16.225	889.1994	5.0844	3
163.2	16.2206	888.3402	5.0942	3
163.3	16.2161	887.3987	5.1028	3
163.4	16.2118	886.6668	5.1133	3
163.5	16.2072	885.8463	5.1241	3
163.6	16.2025	885.061	5.1203	3
163.7	16.1978	884.2209	5.123	3
163.8	16.193	883.3808	5.1183	3
163.9	16.1886	882.4674	5.1201	3
164	16.1845	881.5419	5.1168	3
164.1	16.1812	880.4761	5.1038	3
164.2	16.1779	879.6994	5.0947	3
164.3	16.1752	878.831	5.1008	3
164.4	16.1723	877.9811	5.1254	3
164.5	16.1698	877.1024	5.1266	3
164.6	16.1667	876.4314	5.1173	3
164.7	16.1632	875.6277	5.1098	3
164.8	16.1598	874.7166	5.1093	3
164.9	16.1568	873.8981	5.135	3
165	16.1533	873.1359	5.138	3
165.1	16.1492	872.4431	5.1265	3
165.2	16.1448	871.6967	5.1227	3
165.3	16.1401	870.846	5.1256	3
165.4	16.1352	870.1279	5.1247	3
165.5	16.1304	869.2516	5.1267	3
165.6	16.1256	868.3756	5.1232	3
165.7	16.121	867.5899	5.1095	3
165.8	16.1159	866.6946	5.119	3
165.9	16.111	865.9597	5.1327	3
166	16.1063	865.0728	5.1262	3
166.1	16.1014	864.2499	5.1051	3
166.2	16.0966	863.4708	5.0993	3
166.3	16.0914	862.6519	5.1155	3
166.4	16.0862	861.8044	5.1165	3
166.5	16.0813	860.901	5.1164	3
166.6	16.076	860.1278	5.1186	3
166.7	16.0709	859.3592	5.1271	3
166.8	16.066	858.389	5.1375	3
166.9	16.0612	857.6177	5.147	3
167	16.0564	856.6671	5.1401	3
167.1	16.0519	855.7386	5.1161	3
167.2	16.0477	854.9839	5.1194	3
167.3	16.0433	854.1927	5.1189	3
167.4	16.0384	853.4455	5.0948	3
167.5	16.0333	852.5657	5.0954	3
167.6	16.0285	851.707	5.1051	3
167.7	16.0239	850.8238	5.1001	3
167.8	16.0195	849.9121	5.0932	3
167.9	16.0154	849.0873	5.097	3
168	16.0112	848.1919	5.0935	3
168.1	16.0072	847.3269	5.0977	3
168.2	16.0032	846.6139	5.1001	3
168.3	15.9988	845.8162	5.0853	3
168.4	15.9949	844.8475	5.0909	3
168.5	15.9908	844.0112	5.0972	3
168.6	15.9867	843.2709	5.1151	3
168.7	15.9825	842.3869	5.1172	3
168.8	15.9787	841.4582	5.121	3
168.9	15.975	840.6396	5.1081	3
169	15.9711	839.9685	5.0931	3
169.1	15.9669	839.0918	5.0941	3
169.2	15.9629	838.2463	5.08	3
169.3	15.9588	837.3546	5.0787	3
169.4	15.9546	836.5807	5.0877	3
169.5	15.9506	835.729	5.1068	3
169.6	15.9466	834.8584	5.1082	3
169.7	15.9427	834.0543	5.1008	3
169.8	15.9389	833.141	5.1079	3
169.9	15.9351	832.3866	5.1189	3
170	15.931	831.6654	5.1184	3
170.1	15.9265	830.7756	5.1068	3
170.2	15.9219	829.9971	5.0919	3
170.3	15.9175	829.1489	5.0914	3
170.4	15.9128	828.3422	5.0925	3
170.5	15.9083	827.4873	5.0947	3
170.6	15.9037	826.6184	5.0992	3
170.7	15.8993	825.9022	5.0973	3
170.8	15.8947	825.0137	5.0958	3
170.9	15.8902	824.1654	5.0968	3
171	15.886	823.2748	5.0955	3
171.1	15.8815	822.5431	5.1012	3
171.2	15.8767	821.766	5.0985	3
171.3	15.8716	820.9409	5.095	3
171.4	15.8666	820.1024	5.1044	3
171.5	15.8615	819.2653	5.1067	3
171.6	15.8566	818.3974	5.1132	3
171.7	15.8517	817.5414	5.0998	3
171.8	15.847	816.731	5.084	3
171.9	15.8421	815.9353	5.0912	3
172	15.8369	815.1603	5.0992	3
172.1	15.8318	814.3255	5.1025	3
172.2	15.8267	813.3971	5.1049	3
172.3	15.8219	812.5909	5.0969	3
172.4	15.8168	811.7188	5.0946	3
172.5	15.812	810.9121	5.0918	3
172.6	15.8073	810.0173	5.1022	3
172.7	15.8028	809.1924	5.1124	3
172.8	15.798	808.4571	5.1228	3
172.9	15.7929	807.6226	5.1142	3
173	15.7879	806.75	5.1074	3
173.1	15.7829	805.8553	5.1183	3
173.2	15.7781	805.0498	5.1275	3
173.3	15.7734	804.1162	5.1226	3
173.4	15.7686	803.4985	5.1221	3
173.5	15.7636	802.5615	5.0963	3
173.6	15.7585	801.748	5.1074	3
173.7	15.7537	800.8678	5.1315	3
173.8	15.7489	800.0378	5.1224	3
173.9	15.7441	799.2673	5.1153	3
174	15.7389	798.4868	5.1117	3
174.1	15.7338	797.605	5.1128	3
174.2	15.7288	796.7597	5.098	3
174.3	15.724	795.9618	5.0925	3
174.4	15.719	795.0155	5.0972	3
174.5	15.7141	794.2651	5.1035	3
174.6	15.7094	793.3606	5.1028	3
174.7	15.7042	792.6243	5.0865	3
174.8	15.6991	791.7272	5.0934	3
174.9	15.6945	790.7694	5.0835	3
175	15.6903	789.9597	5.0679	3
175.1	15.6863	789.0241	5.0819	3
175.2	15.6826	788.1694	5.1018	3
175.3	15.6789	787.3108	5.0932	3
175.4	15.6751	786.4258	5.0796	3
175.5	15.6713	785.7197	5.0939	3
175.6	15.6672	784.9459	5.1027	3
175.7	15.6626	784.1874	5.0911	3
175.8	15.6578	783.4526	5.0971	3
175.9	15.6529	782.5554	5.097	3
176	15.6483	781.5668	5.081	3
176.1	15.6442	780.7629	5.0779	3
176.2	15.6398	780.0203	5.0674	3
176.3	15.6347	779.2424	5.0749	3
176.4	15.6295	778.3461	5.0659	3
176.5	15.6246	777.7083	5.0797	3
176.6	15.6197	776.7151	5.1063	3
176.7	15.615	775.8791	5.0983	3
176.8	15.6105	774.9775	5.0824	3
176.9	15.606	774.1333	5.0846	3
177	15.6013	773.4114	5.0983	3
177.1	15.5963	772.6317	5.1045	3
177.2	15.5914	771.7	5.0936	3
177.3	15.5868	770.8222	5.0979	3
177.4	15.5819	770.1249	5.1019	3
177.5	15.5769	769.1995	5.096	3
177.6	15.5721	768.3263	5.0923	3
177.7	15.5681	767.2881	5.0883	3
177.8	15.5645	766.4541	5.0828	3
177.9	15.5606	765.7422	5.0806	3
178	15.5567	764.8692	5.0781	3
178.1	15.5529	763.9924	5.0796	3
178.2	15.5493	763.1327	5.083	3
178.3	15.5457	762.2768	5.0895	3
178.4	15.5419	761.5585	5.0903	3
178.5	15.5381	760.6468	5.1048	3
178.6	15.5344	759.7923	5.1142	3
178.7	15.5306	758.9997	5.112	3
178.8	15.5267	758.2271	5.1107	3
178.9	15.5225	757.4777	5.1135	3
179	15.5181	756.6071	5.1093	3
179.1	15.5135	755.808	5.1133	3
179.2	15.5085	755.0718	5.1069	3
179.3	15.5034	754.3187	5.0959	3
179.4	15.4983	753.4254	5.0901	3
179.5	15.4933	752.5824	5.0946	3
179.6	15.4885	751.761	5.0938	3
179.7	15.4836	750.8521	5.0968	3
179.8	15.4788	750.0947	5.1089	3
179.9	15.4739	749.2382	5.1098	3
180	15.469	748.3882	5.1078	3
180.1	15.4642	747.5922	5.1083	3
180.2	15.4592	746.7559	5.12	3
180.3	15.4543	745.9314	5.1265	3
180.4	15.4496	745.0549	5.126	3
180.5	15.4447	744.2077	5.1307	3
180.6	15.4396	743.4446	5.1357	3
180.7	15.4346	742.5542	5.1231	3
180.8	15.4296	741.6955	5.1187	3
180.9	15.4247	740.9533	5.1311	3
181	15.4196	740.1847	5.1405	3
181.1	15.4144	739.3402	5.1383	3
181.2	15.4092	738.4463	5.1279	3
181.3	15.4036	737.7198	5.1186	3
181.4	15.398	736.8894	5.1189	3
181.5	15.3921	736.1652	5.1182	3
181.6	15.3864	735.1686	5.1195	3
181.7	15.381	734.3044	5.1224	3
181.8	15.3757	733.5211	5.1228	3
181.9	15.3703	732.683	5.1228	3
182	15.3648	731.8703	5.1357	3
182.1	15.3592	730.9543	5.1386	3
182.2	15.3538	730.1852	5.1239	3
182.3	15.3484	729.3515	5.1166	3
182.4	15.3429	728.5892	5.1124	3
182.5	15.3369	727.82	5.1173	3
182.6	15.3309	726.9285	5.1231	3
182.7	15.3251	726.1352	5.1185	3
182.8	15.3194	725.2305	5.1181	3
182.9	15.3133	724.5314	5.1206	3
183	15.3071	723.71	5.1233	3
183.1	15.3011	722.776	5.1206	3
183.2	15.2949	722.1216	5.117	3
183.3	15.2884	721.2098	5.122	3
183.4	15.2822	720.3721	5.1224	3
183.5	15.2762	719.4179	5.1127	3
183.6	15.2701	718.6034	5.0965	3
183.7	15.2643	717.7913	5.0938	3
183.8	15.2586	716.8794	5.1009	3
183.9	15.2528	716.1103	5.1058	3
184	15.2468	715.3596	5.0992	3
184.1	15.2408	714.4982	5.0982	3
184.2	15.2351	713.5519	5.0972	3
184.3	15.2295	712.6524	5.0962	3
184.4	15.2241	711.8697	5.0985	3
184.5	15.2182	711.0307	5.1053	3
184.6	15.2126	710.1797	5.1069	3
184.7	15.2071	709.4034	5.1169	3
184.8	15.2011	708.6537	5.1232	3
184.9	15.195	707.8033	5.1261	3
185	15.1892	706.8691	5.1183	3
185.1	15.1837	705.9778	5.1082	3
185.2	15.1786	705.1018	5.115	3
185.3	15.1735	704.1995	5.1136	3
185.4	15.1687	703.3898	5.1043	3
185.5	15.1638	702.5094	5.0966	3
185.6	15.1589	701.8313	5.0937	3
185.7	15.1536	700.9403	5.0881	3
185.8	15.1479	700.2361	5.1055	3
185.9	15.1425	699.342	5.1133	3
186	15.1368	698.501	5.1092	3
186.1	15.1314	697.803	5.1054	3
186.2	15.1258	696.8328	5.1129	3
186.3	15.1202	696.0338	5.1249	3
186.4	15.1148	695.1055	5.1297	3
186.5	15.1095	694.2998	5.134	3
186.6	15.1043	693.4559	5.1357	3
186.7	15.0992	692.5521	5.1272	3
186.8	15.0941	691.7916	5.1253	3
186.9	15.0886	691.0646	5.129	3
187	15.0827	690.254	5.1385	3
187.1	15.0768	689.3642	5.1328	3
187.2	15.0712	688.5618	5.1271	3
187.3	15.0654	687.6997	5.1333	3
187.4	15.0598	686.9443	5.1288	3
187.5	15.054	686.0973	5.1251	3
187.6	15.0485	685.1737	5.1311	3
187.7	15.0429	684.35	5.1137	3
187.8	15.0376	683.4427	5.1	3
187.9	15.0322	682.6151	5.1189	3
188	15.0267	681.9684	5.1358	3
188.1	15.0207	681.0647	5.1281	3
188.2	15.0148	680.1893	5.1196	3
188.3	15.0098	679.2859	5.1153	3
188.4	15.0048	678.4369	5.1129	3
188.5	14.9995	677.6524	5.1203	3
188.6	14.994	676.7812	5.125	3
188.7	14.9886	676.0323	5.1154	3
188.8	14.9832	675.1016	5.116	3
188.9	14.9778	674.3445	5.1208	3
189	14.9724	673.5423	5.1215	3
189.1	14.9672	672.5765	5.1222	3
189.2	14.9624	671.7112	5.1288	3
189.3	14.9573	670.9396	5.1289	3
189.4	14.9519	670.1509	5.1243	3
189.5	14.9464	669.4301	5.1275	3
189.6	14.9407	668.5208	5.1233	3
189.7	14.9352	667.7343	5.1174	3
189.8	14.9301	666.6663	5.1271	3
189.9	14.9249	665.9108	5.1213	3
190	14.9198	665.1655	5.1074	3
190.1	14.9142	664.4549	5.1064	3
190.2	14.9082	663.6649	5.1266	3
190.3	14.902	662.7969	5.1344	3
190.4	14.8958	661.9956	5.1362	3
190.5	14.8898	661.1215	5.1327	3
190.6	14.8837	660.3498	5.1357	3
190.7	14.8776	659.4858	5.1455	3
190.8	14.8716	658.5829	5.1532	3
190.9	14.8657	657.7928	5.1604	3
191	14.8599	656.8654	5.1432	3
191.1	14.8541	656.0386	5.1269	3
191.2	14.8484	655.2669	5.1299	3
191.3	14.8423	654.5614	5.1497	3
191.4	14.836	653.7061	5.1452	3
191.5	14.8298	652.7868	5.1426	3
191.6	14.824	651.9087	5.1502	3
191.7	14.8182	651.095	5.1477	3
191.8	14.8121	650.3039	5.1414	3
191.9	14.8059	649.5237	5.1379	3
192	14.7999	648.6857	5.1367	3
192.1	14.7935	647.8146	5.1343	3
192.2	14.7877	646.8761	5.1368	3
192.3	14.7822	645.9823	5.1213	3
192.4	14.7765	645.1612	5.1124	3
192.5	14.7708	644.5072	5.1169	3
192.6	14.765	643.4642	5.1244	3
192.7	14.7597	642.6927	5.1294	3
192.8	14.7545	641.7573	5.1355	3
192.9	14.7492	641.0111	5.1301	3
193	14.7434	640.2299	5.1291	3
193.1	14.7379	639.3744	5.1372	3
193.2	14.7322	638.5892	5.132	3
193.3	14.7264	637.7122	5.1199	3
193.4	14.7206	636.8722	5.1217	3
193.5	14.7151	636.0523	5.1373	3
193.6	14.7093	635.242	5.143	3
193.7	14.7035	634.3956	5.1337	3
193.8	14.6975	633.5925	5.1299	3
193.9	14.6914	632.7947	5.1395	3
194	14.6855	631.9728	5.1411	3
194.1	14.6798	631.0071	5.1336	3
194.2	14.6745	630.102	5.131	3
194.3	14.6696	629.1118	5.114	3
194.4	14.6652	628.1929	5.1078	3
194.5	14.6618	627.1541	5.1188	3
194.6	14.6586	626.3381	5.1271	3
194.7	14.6547	625.7966	5.1288	3
194.8	14.6496	625.1289	5.123	3
194.9	14.6437	624.4562	5.1144	3
195	14.6377	623.6671	5.1047	3
195.1	14.6313	622.8905	5.1099	3
195.2	14.6247	622.1722	5.1211	3
195.3	14.6183	621.1758	5.1144	3
195.4	14.6124	620.2692	5.1093	3
195.5	14.6069	619.3114	5.1092	3
195.6	14.6018	618.4189	5.1108	3
195.7	14.5967	617.5681	5.1254	3
195.8	14.5917	616.7879	5.1178	3
195.9	14.5866	615.8933	5.1141	3
196	14.5817	615.0738	5.1098	3
196.1	14.5767	614.2354	5.0999	3
196.2	14.5715	613.4352	5.1086	3
196.3	14.5666	612.5445	5.1224	3
196.4	14.5619	611.6168	5.1237	3
196.5	14.5572	610.9033	5.124	3
196.6	14.5526	610.0569	5.1244	3
196.7	14.5479	609.1738	5.1347	3
196.8	14.5435	608.2705	5.1314	3
196.9	14.5388	607.557	5.1282	3
197	14.5334	606.8496	5.1532	3
197.1	14.5274	606.0484	5.1608	3
197.2	14.5218	605.2707	5.1446	3
197.3	14.5162	604.408	5.1368	3
197.4	14.5103	603.5647	5.1349	3
197.5	14.5048	602.6657	5.1375	3
197.6	14.4993	601.8397	5.1396	3
197.7	14.4938	601.0684	5.151	3
197.8	14.4877	600.2708	5.144	3
197.9	14.4817	599.4606	5.1387	3
198	14.4757	598.5824	5.1384	3
198.1	14.4697	597.8491	5.1164	3
198.2	14.4638	596.9868	5.1043	3
198.3	14.458	596.0558	5.1165	3
198.4	14.4522	595.2689	5.1286	3
198.5	14.4463	594.4818	5.1306	3
198.6	14.4402	593.6443	5.1302	3
198.7	14.4344	592.7816	5.1338	3
198.8	14.4285	591.8886	5.1324	3
198.9	14.4226	591.0272	5.1283	3
199	14.4168	590.2051	5.1313	3
199.1	14.411	589.3926	5.1352	3
199.2	14.4054	588.5916	5.1346	3
199.3	14.3999	587.7076	5.1335	3
199.4	14.3941	586.9144	5.1301	3
199.5	14.3885	586.0436	5.1237	3
199.6	14.3833	585.1284	5.1348	3
199.7	14.3778	584.272	5.1371	3
199.8	14.3722	583.5681	5.1248	3
199.9	14.3662	582.7657	5.1319	3
200	14.3603	581.9075	5.1415	3
200.1	14.3546	581.052	5.1305	3
200.2	14.349	580.1352	5.1121	3
200.3	14.3431	579.415	5.105	3
200.4	14.3376	578.5988	5.1083	3
200.5	14.332	577.6936	5.1102	3
200.6	14.3262	576.9329	5.1219	3
200.7	14.3202	576.1505	5.1272	3
200.8	14.3138	575.4064	5.1313	3
200.9	14.3076	574.5978	5.1457	3
201	14.3011	573.7011	5.1408	3
201.1	14.2949	572.7771	5.1439	3
201.2	14.2885	572.0009	5.1304	3
201.3	14.2819	571.2909	5.1112	3
201.4	14.2751	570.4936	5.1129	3
201.5	14.2685	569.5496	5.1162	3
201.6	14.2621	568.7004	5.1027	3
201.7	14.2556	567.9067	5.1016	3
201.8	14.2487	567.0957	5.1098	3
201.9	14.242	566.3048	5.1112	3
202	14.2352	565.4103	5.1036	3
202.1	14.2291	564.6659	5.1122	3
202.2	14.2229	563.7743	5.1258	3
202.3	14.2167	562.8107	5.1332	3
202.4	14.2106	561.8853	5.1298	3
202.5	14.2045	561.1489	5.1202	3
202.6	14.198	560.4337	5.1193	3
202.7	14.1913	559.5585	5.1087	3
202.8	14.185	558.7407	5.1021	3
202.9	14.1787	557.7884	5.1145	3
203	14.1724	557.0259	5.1217	3
203.1	14.1664	556.1009	5.1154	3
203.2	14.1603	555.3548	5.1117	3
203.3	14.154	554.5327	5.1216	3
203.4	14.1477	553.7032	5.1305	3
203.5	14.1411	552.9213	5.1281	3
203.6	14.1347	551.9703	5.1301	3
203.7	14.1283	551.2218	5.1276	3
203.8	14.1219	550.3834	5.1269	3
203.9	14.1154	549.5275	5.1273	3
204	14.1093	548.6766	5.1183	3
204.1	14.1031	547.7855	5.1236	3
204.2	14.0968	547.0275	5.1219	3
204.3	14.0904	546.1634	5.1164	3
204.4	14.0842	545.2691	5.1138	3
204.5	14.0782	544.5162	5.104	3
204.6	14.0722	543.5601	5.1075	3
204.7	14.0665	542.6944	5.1114	3
204.8	14.0608	541.8669	5.1114	3
204.9	14.0546	541.1357	5.1072	3
205	14.0484	540.3902	5.1181	3
205.1	14.0419	539.5703	5.1314	3
205.2	14.0354	538.7194	5.1179	3
205.3	14.029	537.8534	5.0952	3
205.4	14.023	536.9203	5.1021	3
205.5	14.017	536.1443	5.1038	3
205.6	14.0108	535.2963	5.1107	3
205.7	14.0044	534.4998	5.1177	3
205.8	13.9983	533.6663	5.1072	3
205.9	13.992	532.8	5.0972	3
206	13.9855	532.0403	5.108	3
206.1	13.9792	531.149	5.1151	3
206.2	13.9727	530.3358	5.1251	3
206.3	13.9665	529.5226	5.1157	3
206.4	13.96	528.6513	5.1132	3
206.5	13.9538	527.8835	5.1107	3
206.6	13.9475	527.0556	5.1018	3
206.7	13.9414	526.1286	5.1064	3
206.8	13.9359	525.082	5.1092	3
206.9	13.9309	524.1939	5.1001	3
207	13.9261	523.3533	5.1095	3
207.1	13.921	522.6253	5.1218	3
207.2	13.9155	521.8472	5.126	3
207.3	13.9099	521.0105	5.1155	3
207.4	13.9045	520.1345	5.0991	3
207.5	13.8987	519.3953	5.102	3
207.6	13.8927	518.6793	5.1085	3
207.7	13.8865	517.8842	5.0995	3
207.8	13.8805	517.0263	5.0927	3
207.9	13.8743	516.1551	5.0929	3
208	13.8683	515.2797	5.0962	3
208.1	13.8623	514.3259	5.1105	3
208.2	13.8562	513.5761	5.1095	3
208.3	13.85	512.8145	5.1157	3
208.4	13.8435	512.1498	5.1131	3
208.5	13.8368	511.2594	5.1152	3
208.6	13.8302	510.4545	5.1184	3
208.7	13.8233	509.6917	5.1181	3
208.8	13.8157	509.0145	5.1134	3
208.9	13.8082	508.1216	5.1129	3
209	13.8012	507.0702	5.1188	3
209.1	13.7947	506.2893	5.1177	3
209.2	13.788	505.4012	5.124	3
209.3	13.7811	504.658	5.1313	3
209.4	13.7743	503.7486	5.1299	3
209.5	13.7674	502.9995	5.1241	3
209.6	13.7605	502.1264	5.1314	3
209.7	13.7539	501.2547	5.133	3
209.8	13.7473	500.4576	5.144	3
209.9	13.7404	499.673	5.1472	3
210	13.7334	498.8647	5.1364	3
210.1	13.7264	497.9588	5.1252	3
210.2	13.7193	497.1037	5.1245	3
210.3	13.7124	496.1881	5.1279	3
210.4	13.706	495.335	5.1286	3
210.5	13.7001	494.3808	5.1316	3
210.6	13.6943	493.479	5.1366	3
210.7	13.6888	492.6883	5.1341	3
210.8	13.6836	491.7728	5.133	3
210.9	13.6781	490.9504	5.1317	3
211	13.6725	490.2627	5.1513	3
211.1	13.6665	489.4931	5.1631	3
211.2	13.6604	488.57	5.1484	3
211.3	13.6546	487.6788	5.1336	3
211.4	13.6486	486.9938	5.1239	3
211.5	13.6421	486.1999	5.1124	3
211.6	13.6356	485.4426	5.1248	3
211.7	13.6292	484.5681	5.1313	3
211.8	13.6225	483.753	5.131	3
211.9	13.6158	482.9055	5.1338	3
212	13.6092	482.0692	5.1271	3
212.1	13.6026	481.1801	5.1249	3
212.2	13.5963	480.405	5.1255	3
212.3	13.5899	479.5096	5.1223	3
212.4	13.5838	478.6618	5.1283	3
212.5	13.5776	477.7958	5.1376	3
212.6	13.5716	476.934	5.1327	3
212.7	13.5655	476.114	5.114	3
212.8	13.5597	475.2026	5.1156	3
212.9	13.554	474.3959	5.1247	3
213	13.5482	473.5796	5.1257	3
213.1	13.5423	472.7011	5.1258	3
213.2	13.536	472.1116	5.1315	3
213.3	13.5295	471.189	5.1336	3
213.4	13.5231	470.3351	5.1305	3
213.5	13.5171	469.3805	5.1373	3
213.6	13.5113	468.6009	5.1293	3
213.7	13.5056	467.792	5.1251	3
213.8	13.4996	466.928	5.1034	3
213.9	13.493	466.3443	5.1052	3
214	13.4856	465.611	5.1121	3
214.1	13.4773	465.0264	5.1174	3
214.2	13.4691	464.0567	5.1237	3
214.3	13.4611	463.0599	5.1333	3
214.4	13.454	462.1845	5.1328	3
214.5	13.447	461.2565	5.1222	3
214.6	13.4403	460.3043	5.1276	3
214.7	13.4341	459.5804	5.1261	3
214.8	13.4282	458.4	5.1258	3
214.9	13.4223	457.7985	5.1237	3
215	13.4167	456.8267	5.1307	3
215.1	13.4106	456.1978	5.1415	3
215.2	13.4047	455.3431	5.1504	3
215.3	13.3982	454.4625	5.1329	3
215.4	13.392	453.6841	5.1192	3
215.5	13.3858	452.774	5.1231	3
215.6	13.3793	452.0127	5.1201	3
215.7	13.3732	451.1747	5.1135	3
215.8	13.3669	450.3223	5.1128	3
215.9	13.3611	449.5193	5.1156	3
216	13.3549	448.5793	5.1236	3
216.1	13.3487	447.8252	5.1346	3
216.2	13.343	446.8639	5.1302	3
216.3	13.3369	445.9928	5.1223	3
216.4	13.3309	445.4004	5.1112	3
216.5	13.3246	444.5088	5.1137	3
216.6	13.3182	443.675	5.1266	3
216.7	13.3119	442.8239	5.1454	3
216.8	13.3057	441.9024	5.1373	3
216.9	13.2997	441.0821	5.1356	3
217	13.2939	440.3133	5.1392	3
217.1	13.2879	439.472	5.1354	3
217.2	13.2821	438.5476	5.1235	3
217.3	13.2764	437.6826	5.126	3
217.4	13.2704	437.0128	5.1401	3
217.5	13.2641	436.1721	5.149	3
217.6	13.2578	435.3092	5.1404	3
217.7	13.2517	434.495	5.1414	3
217.8	13.2458	433.6318	5.1412	3
217.9	13.2398	432.7852	5.1318	3
218	13.2334	432.0033	5.1289	3
218.1	13.2268	431.3074	5.1232	3
218.2	13.2202	430.4249	5.1373	3
218.3	13.2137	429.6401	5.1461	3
218.4	13.2072	428.7128	5.146	3
218.5	13.2005	427.9028	5.1485	3
218.6	13.1939	427.1106	5.1458	3
218.7	13.1872	426.186	5.1405	3
218.8	13.1808	425.4096	5.1468	3
218.9	13.1741	424.5975	5.1466	3
219	13.1673	423.8183	5.1484	3
219.1	13.1602	422.984	5.1496	3
219.2	13.1529	422.1979	5.1409	3
219.3	13.1455	421.4153	5.1353	3
219.4	13.1381	420.5626	5.1334	3
219.5	13.131	419.7165	5.1297	3
219.6	13.1239	418.8203	5.1249	3
219.7	13.1169	417.9546	5.1094	3
219.8	13.11	417.1077	5.1074	3
219.9	13.1032	416.2982	5.1198	3
220	13.0963	415.4556	5.1236	3
220.1	13.0894	414.6798	5.1225	3
220.2	13.082	413.8791	5.1287	3
220.3	13.0746	413.1348	5.1212	3
220.4	13.0671	412.2834	5.1007	3
220.5	13.0595	411.3585	5.0921	3
220.6	13.0524	410.5303	5.0926	3
220.7	13.0451	409.7433	5.0955	3
220.8	13.0373	408.8478	5.1131	3
220.9	13.0301	407.9981	5.1039	3
221	13.023	407.2425	5.0906	3
221.1	13.0154	406.474	5.0919	3
221.2	13.0076	405.7606	5.0996	3
221.3	12.9994	404.8659	5.0973	3
221.4	12.9915	404.0704	5.0929	3
221.5	12.9834	403.1786	5.1098	3
221.6	12.9751	402.4898	5.1183	3
221.7	12.9667	401.5256	5.1126	3
221.8	12.9586	400.5955	5.1086	3
221.9	12.9508	399.7281	5.0962	3
222	12.9431	398.9271	5.0852	3
222.1	12.936	398.0095	5.0976	3
222.2	12.9294	397.0572	5.1113	3
222.3	12.9227	396.2638	5.1113	3
222.4	12.9158	395.4296	5.1058	3
222.5	12.9087	394.7081	5.1038	3
222.6	12.9015	393.8054	5.1099	3
222.7	12.8944	392.9717	5.1058	3
222.8	12.8875	392.1386	5.1033	3
222.9	12.8804	391.327	5.0953	3
223	12.8731	390.6337	5.1002	3
223.1	12.8654	389.8035	5.1065	3
223.2	12.8577	388.8612	5.1015	3
223.3	12.85	388.1101	5.085	3
223.4	12.8421	387.3099	5.0704	3
223.5	12.834	386.5478	5.075	3
223.6	12.8261	385.7203	5.0865	3
223.7	12.818	384.8473	5.0881	3
223.8	12.8101	384.0246	5.0913	3
223.9	12.8022	383.0571	5.0946	3
224	12.7947	382.2652	5.0974	3
224.1	12.7869	381.5235	5.0962	3
224.2	12.7787	380.7756	5.0818	3
224.3	12.7704	379.9312	5.0794	3
224.4	12.762	379.0792	5.082	3
224.5	12.7534	378.3775	5.0967	3
224.6	12.745	377.4803	5.1083	3
224.7	12.7365	376.589	5.1013	3
224.8	12.7279	375.7951	5.0947	3
224.9	12.7193	374.9023	5.0992	3
225	12.7109	374.0987	5.0991	3
225.1	12.7025	373.2521	5.095	3
225.2	12.6941	372.4472	5.0948	3
225.3	12.6858	371.5799	5.0907	3
225.4	12.6778	370.6725	5.0809	3
225.5	12.6699	369.783	5.0861	3
225.6	12.6619	368.9918	5.0897	3
225.7	12.6542	368.1634	5.0823	3
225.8	12.646	367.439	5.074	3
225.9	12.638	366.456	5.0901	3
226	12.6304	365.4917	5.0871	3
226.1	12.6235	364.5832	5.0857	3
226.2	12.617	363.6879	5.0886	3
226.3	12.6107	362.7428	5.0829	3
226.4	12.6047	361.8841	5.0926	3
226.5	12.5986	361.1555	5.1044	3
226.6	12.5924	360.2965	5.1022	3
226.7	12.5859	359.5461	5.0919	3
226.8	12.5793	358.7221	5.0812	3
226.9	12.5722	358.0092	5.089	3
227	12.565	357.2408	5.1036	3
227.1	12.5574	356.4286	5.1128	3
227.2	12.5495	355.7079	5.1095	3
227.3	12.5414	354.8427	5.1098	3
227.4	12.5334	354.0134	5.1173	3
227.5	12.5255	353.2298	5.1214	3
227.6	12.5173	352.3831	5.1204	3
227.7	12.5091	351.5771	5.1274	3
227.8	12.5008	350.7235	5.1189	3
227.9	12.4929	349.8467	5.1061	3
228	12.4846	349.136	5.1015	3
228.1	12.4763	348.2134	5.1128	3
228.2	12.4682	347.3569	5.1135	3
228.3	12.46	346.6468	5.1123	3
228.4	12.4511	345.8812	5.1025	3
228.5	12.4417	345.1179	5.0954	3
228.6	12.4329	344.1968	5.0921	3
228.7	12.4241	343.2683	5.0892	3
228.8	12.4156	342.496	5.0886	3
228.9	12.407	341.6282	5.0808	3
229	12.3981	340.8862	5.0837	3
229.1	12.3892	340.0232	5.0877	3
229.2	12.3803	339.1447	5.0848	3
229.3	12.3718	338.2826	5.0853	3
229.4	12.3634	337.4552	5.0959	3
229.5	12.3547	336.6998	5.099	3
229.6	12.3457	335.9063	5.0887	3
229.7	12.3367	334.9716	5.0915	3
229.8	12.3278	334.2106	5.1103	3
229.9	12.319	333.2944	5.1202	3
230	12.3101	332.5235	5.1041	3
230.1	12.3016	331.5594	5.0884	3
230.2	12.2929	330.8476	5.0892	3
230.3	12.2841	330.0341	5.0931	3
230.4	12.2751	329.2113	5.0935	3
230.5	12.2664	328.2813	5.0935	3
230.6	12.2576	327.4716	5.0885	3
230.7	12.2488	326.7185	5.083	3
230.8	12.2397	325.925	5.0944	3
230.9	12.2305	325.0431	5.1024	3
231	12.2213	324.2069	5.0917	3
231.1	12.212	323.4515	5.0894	3
231.2	12.2026	322.6546	5.094	3
231.3	12.193	321.7577	5.0926	3
231.4	12.1837	320.9408	5.0859	3
231.5	12.1748	320.0574	5.0751	3
231.6	12.1657	319.2407	5.0698	3
231.7	12.1564	318.4158	5.0859	3
231.8	12.1468	317.6731	5.0815	3
231.9	12.1373	316.8494	5.0771	3
232	12.128	315.9074	5.0925	3
232.1	12.1189	315.0982	5.1006	3
232.2	12.1094	314.328	5.0944	3
232.3	12.0996	313.4885	5.0978	3
232.4	12.09	312.6569	5.1074	3
232.5	12.0805	311.767	5.0934	3
232.6	12.071	310.958	5.0814	3
232.7	12.0614	310.1487	5.0908	3
232.8	12.0521	309.2931	5.0852	3
232.9	12.0427	308.4252	5.0716	3
233	12.0334	307.599	5.0733	3
233.1	12.0241	306.717	5.0714	3
233.2	12.0152	305.7703	5.0707	3
233.3	12.0066	304.9591	5.0788	3
233.4	11.9978	304.1684	5.0695	3
233.5	11.9891	303.3079	5.0683	3
233.6	11.9803	302.5324	5.0592	3
233.7	11.9712	301.6612	5.0659	3
233.8	11.9622	300.8101	5.088	3
233.9	11.9536	299.9548	5.0923	3
234	11.9448	299.0843	5.09	3
234.1	11.9361	298.3148	5.0858	3
234.2	11.9275	297.4794	5.0916	3
234.3	11.9186	296.6531	5.0969	3
234.4	11.9096	295.8609	5.1016	3
234.5	11.9004	295.0621	5.1018	3
234.6	11.8915	294.21	5.1094	3
234.7	11.8824	293.3586	5.1085	3
234.8	11.8733	292.5207	5.0978	3
234.9	11.8643	291.8204	5.1002	3
235	11.8549	290.999	5.1074	3
235.1	11.8454	290.182	5.1093	3
235.2	11.8357	289.2986	5.0989	3
235.3	11.826	288.5423	5.0931	3
235.4	11.8162	287.686	5.1014	3
235.5	11.8065	286.9054	5.0952	3
235.6	11.7967	286.0506	5.0999	3
235.7	11.7863	285.3134	5.1035	3
235.8	11.7759	284.4917	5.0883	3
235.9	11.7657	283.6786	5.0917	3
236	11.7552	282.8534	5.1053	3
236.1	11.7446	282.0211	5.091	3
236.2	11.7339	281.1898	5.0908	3
236.3	11.7231	280.4172	5.1	3
236.4	11.7124	279.6355	5.1089	3
236.5	11.7014	278.7674	5.1047	3
236.6	11.6901	277.9325	5.1038	3
236.7	11.6792	276.9878	5.1063	3
236.8	11.6689	276.1488	5.1104	3
236.9	11.6584	275.3766	5.113	3
237	11.6478	274.5023	5.1025	3
237.1	11.637	273.7439	5.1143	3
237.2	11.6261	272.9033	5.1246	3
237.3	11.6152	272.0719	5.1294	3
237.4	11.6045	271.2486	5.1401	3
237.5	11.5937	270.4339	5.1318	3
237.6	11.5826	269.6181	5.1277	3
237.7	11.5717	268.7167	5.1352	3
237.8	11.5611	267.8332	5.1332	3
237.9	11.5502	267.009	5.1234	3
238	11.5394	266.2746	5.1295	3
238.1	11.5287	265.3724	5.1338	3
238.2	11.5177	264.5107	5.1257	3
238.3	11.507	263.7125	5.1137	3
238.4	11.496	262.9391	5.1148	3
238.5	11.4852	262.0369	5.1135	3
238.6	11.4747	261.1821	5.1205	3
238.7	11.4639	260.3407	5.1187	3
238.8	11.4533	259.5282	5.1175	3
238.9	11.4427	258.5732	5.1299	3
239	11.4324	257.8003	5.1244	3
239.1	11.4217	257.0459	5.113	3
239.2	11.4107	256.2454	5.1144	3
239.3	11.4	255.3359	5.1248	3
239.4	11.3896	254.4299	5.1141	3
239.5	11.3793	253.6625	5.1062	3
239.6	11.3684	252.9421	5.1098	3
239.7	11.3574	252.1441	5.1089	3
239.8	11.3463	251.2437	5.1179	3
239.9	11.3353	250.4241	5.1147	3
240	11.3246	249.5419	5.1164	3
240.1	11.3136	248.7258	5.115	3
240.2	11.3029	247.8596	5.1123	3
240.3	11.2921	246.9592	5.1192	3
240.4	11.2817	246.1486	5.1261	3
240.5	11.2711	245.3027	5.1092	3
240.6	11.2605	244.4902	5.0955	3
240.7	11.2501	243.6691	5.1045	3
240.8	11.2394	242.881	5.1122	3
240.9	11.2288	241.9672	5.1142	3
241	11.2182	241.1142	5.1161	3
241.1	11.2082	240.181	5.1006	3
241.2	11.1986	239.341	5.0954	3
241.3	11.1886	238.5703	5.1207	3
241.4	11.1786	237.695	5.1433	3
241.5	11.1685	236.9442	5.1371	3
241.6	11.1583	236.1303	5.1245	3
241.7	11.1477	235.3604	5.1268	3
241.8	11.1369	234.5607	5.136	3
241.9	11.1263	233.667	5.1329	3
242	11.1154	232.8534	5.1267	3
242.1	11.1045	232.1351	5.1222	3
242.2	11.0932	231.3222	5.1237	3
242.3	11.082	230.4445	5.1191	3
242.4	11.071	229.6213	5.1192	3
242.5	11.0596	228.8333	5.1211	3
242.6	11.0482	228.0015	5.136	3
242.7	11.0369	227.1789	5.1402	3
242.8	11.0255	226.3073	5.1261	3
242.9	11.014	225.5126	5.1123	3
243	11.0023	224.7628	5.1136	3
243.1	10.9905	223.9843	5.1248	3
243.2	10.9782	223.1484	5.1335	3
243.3	10.9662	222.301	5.1135	3
243.4	10.9538	221.6162	5.1127	3
243.5	10.9413	220.7475	5.1238	3
243.6	10.9287	219.7899	5.1194	3
243.7	10.9166	218.9805	5.1267	3
243.8	10.9046	217.9911	5.137	3
243.9	10.8928	217.2478	5.1413	3
244	10.8813	216.3247	5.1334	3
244.1	10.8697	215.5169	5.1276	3
244.2	10.8579	214.7903	5.122	3
244.3	10.8459	213.9166	5.1299	3
244.4	10.8338	213.1915	5.1286	3
244.5	10.8215	212.3278	5.1203	3
244.6	10.8089	211.593	5.1237	3
244.7	10.7966	210.6338	5.1274	3
244.8	10.7845	209.7235	5.1243	3
244.9	10.7725	209.0382	5.1244	3
245	10.7601	208.2537	5.1175	3
245.1	10.7472	207.4923	5.1236	3
245.2	10.7344	206.5816	5.1306	3
245.3	10.7219	205.7489	5.1322	3
245.4	10.7093	204.8843	5.1381	3
245.5	10.6969	203.9995	5.1448	3
245.6	10.6846	203.1876	5.1305	3
245.7	10.6717	202.3779	5.1174	3
245.8	10.659	201.5384	5.1036	3
245.9	10.6465	200.719	5.1071	3
246	10.6341	199.8585	5.1234	3
246.1	10.6213	199.144	5.1235	3
246.2	10.6081	198.3166	5.1217	3
246.3	10.595	197.4847	5.1259	3
246.4	10.5819	196.6483	5.1106	3
246.5	10.569	195.8303	5.1125	3
246.6	10.5559	194.9495	5.1294	3
246.7	10.5432	194.0386	5.1242	3
246.8	10.5305	193.3259	5.1171	3
246.9	10.5172	192.5576	5.1175	3
247	10.5037	191.7362	5.112	3
247.1	10.4904	190.8611	5.1136	3
247.2	10.4769	190.0971	5.1236	3
247.3	10.4633	189.24	5.1185	3
247.4	10.4497	188.3758	5.1311	3
247.5	10.4364	187.5245	5.1411	3
247.6	10.4229	186.7099	5.1287	3
247.7	10.4093	185.8492	5.1213	3
247.8	10.396	185.0393	5.1256	3
247.9	10.3825	184.2027	5.1158	3
248	10.3687	183.5512	5.1126	3
248.1	10.3545	182.7263	5.1281	3
248.2	10.3405	181.8104	5.1313	3
248.3	10.3267	180.9614	5.1194	3
248.4	10.3128	180.1707	5.1111	3
248.5	10.2984	179.33	5.0972	3
248.6	10.2843	178.5208	5.0971	3
248.7	10.2705	177.6936	5.1095	3
248.8	10.2562	176.9644	5.1102	3
248.9	10.2413	176.203	5.1003	3
249	10.2264	175.2724	5.099	3
249.1	10.2118	174.4407	5.1103	3
249.2	10.1972	173.6609	5.1169	3
249.3	10.1826	172.8787	5.1128	3
249.4	10.168	172.0135	5.0992	3
249.5	10.1532	171.105	5.0969	3
249.6	10.1385	170.3205	5.0999	3
249.7	10.1235	169.5307	5.1155	3
249.8	10.1086	168.6887	5.1333	3
249.9	10.0937	167.7677	5.1356	3
250	10.0788	166.9926	5.1286	3
250.1	10.0639	166.203	5.1197	3
250.2	10.0487	165.4195	5.1174	3
250.3	10.0333	164.5907	5.1216	3
250.4	10.0178	163.822	5.1164	3
250.5	10.0023	162.9855	5.1095	3
250.6	9.9868	162.1376	5.1178	3
250.7	9.9711	161.303	5.1147	3
250.8	9.9552	160.5479	5.107	3
250.9	9.9395	159.5631	5.1137	3
251	9.9245	158.6661	5.127	3
251.1	9.9091	157.9142	5.1276	3
251.2	9.8938	157.0447	5.131	3
251.3	9.8783	156.248	5.1278	3
251.4	9.8628	155.4615	5.1281	3
251.5	9.8474	154.5788	5.131	3
251.6	9.8318	153.7629	5.1295	3
251.7	9.8166	152.8258	5.1336	3
251.8	9.8015	151.9896	5.1377	3
251.9	9.7865	151.1721	5.1331	3
252	9.7715	150.2993	5.1199	3
252.1	9.7566	149.46	5.1171	3
252.2	9.7417	148.5787	5.1127	3
252.3	9.7267	147.7769	5.1207	3
252.4	9.712	146.9716	5.1206	3
252.5	9.697	146.1633	5.1283	3
252.6	9.682	145.354	5.1168	3
252.7	9.6667	144.4649	5.1092	3
252.8	9.6518	143.5776	5.116	3
252.9	9.6373	142.6802	5.119	3
253	9.6228	141.9028	5.112	3
253.1	9.6081	141.1328	5.113	3
253.2	9.5932	140.2703	5.1199	3
253.3	9.5786	139.4236	5.117	3
253.4	9.5641	138.5726	5.1306	3
253.5	9.5492	137.7485	5.1219	3
253.6	9.5343	136.9764	5.108	3
253.7	9.5193	136.2042	5.107	3
253.8	9.5041	135.378	5.1141	3
253.9	9.4888	134.5701	5.1232	3
254	9.4731	133.8239	5.1154	3
254.1	9.4573	132.9658	5.1122	3
254.2	9.4415	132.2031	5.1129	3
254.3	9.4254	131.3216	5.1107	3
254.4	9.4092	130.5317	5.1173	3
254.5	9.3934	129.6986	5.1164	3
254.6	9.3773	128.9308	5.1131	3
254.7	9.3609	128.1176	5.1234	3
254.8	9.3445	127.2601	5.1284	3
254.9	9.3278	126.5095	5.112	3
255	9.3111	125.7068	5.1047	3
255.1	9.2941	124.8822	5.126	3
255.2	9.2773	124.0367	5.1258	3
255.3	9.2601	123.2714	5.1168	3
255.4	9.243	122.4255	5.113	3
255.5	9.226	121.5904	5.1188	3
255.6	9.2088	120.7512	5.1281	3
255.7	9.1913	119.9587	5.1246	3
255.8	9.1738	119.1903	5.1241	3
255.9	9.156	118.4426	5.1201	3
256	9.1381	117.5074	5.1115	3
256.1	9.1204	116.6995	5.1102	3
256.2	9.1029	115.8973	5.114	3
256.3	9.0851	114.9828	5.1272	3
256.4	9.0676	114.0942	5.1252	3
256.5	9.05	113.267	5.1181	3
256.6	9.0327	112.4823	5.1162	3
256.7	9.0151	111.6511	5.1117	3
256.8	8.9974	110.8389	5.1216	3
256.9	8.9797	109.9611	5.1249	3
257	8.9621	109.1408	5.1313	3
257.1	8.9444	108.3561	5.1316	3
257.2	8.9268	107.5406	5.1334	3
257.3	8.9091	106.5728	5.142	3
257.4	8.892	105.7302	5.145	3
257.5	8.8743	105.1069	5.145	3
257.6	8.8559	104.3193	5.1479	3
257.7	8.8374	103.4379	5.1409	3
257.8	8.8192	102.4841	5.1314	3
257.9	8.8017	101.5662	5.1245	3
258	8.7844	100.6806	5.1302	3
258.1	8.7674	99.8829	5.1398	3
258.2	8.7501	99.0937	5.1328	3
258.3	8.7325	98.3286	5.1344	3
258.4	8.7146	97.5975	5.1318	3
258.5	8.6965	96.7324	5.1441	3
258.6	8.6784	95.9547	5.1456	3
258.7	8.6599	95.0732	5.1452	3
258.8	8.6415	94.2408	5.1542	3
258.9	8.6233	93.4052	5.1555	3
259	8.6052	92.5186	5.1398	3
259.1	8.5872	91.6892	5.1226	3
259.2	8.5688	90.9993	5.1188	3
259.3	8.5501	90.2206	5.1155	3
259.4	8.5311	89.4458	5.1265	3
259.5	8.5118	88.6657	5.1408	3
259.6	8.4922	87.9344	5.135	3
259.7	8.4723	87.1112	5.1146	3
259.8	8.4522	86.2216	5.1033	3
259.9	8.4326	85.4257	5.1108	3
260	8.4125	84.61	5.1088	3
260.1	8.3924	83.7595	5.1099	3
260.2	8.3724	82.9265	5.1249	3
260.3	8.3525	82.0742	5.1451	3
260.4	8.3325	81.2721	5.1465	3
260.5	8.3126	80.3944	5.1256	3
260.6	8.2927	79.5363	5.1154	3
260.7	8.2727	78.798	5.1099	3
260.8	8.2521	78.1373	5.1036	3
260.9	8.2308	77.3457	5.0978	3
261	8.2095	76.5622	5.0996	3
261.1	8.1878	75.8402	5.1154	3
261.2	8.1655	75.0167	5.125	3
261.3	8.1431	74.1344	5.1118	3
261.4	8.1211	73.3505	5.1001	3
261.5	8.0988	72.7171	5.1026	3
261.6	8.076	71.8906	5.0988	3
261.7	8.0529	70.9838	5.0898	3
261.8	8.0301	70.1202	5.0863	3
261.9	8.0072	69.353	5.0834	3
262	7.9843	68.5001	5.0939	3
262.1	7.9611	67.6524	5.1086	3
262.2	7.9381	66.7299	5.1066	3
262.3	7.9156	65.8435	5.107	3
262.4	7.8932	64.9417	5.101	3
262.5	7.8714	64.0295	5.093	3
262.6	7.8497	63.1283	5.0945	3
262.7	7.8283	62.3743	5.0978	3
262.8	7.8067	61.5822	5.0946	3
262.9	7.7848	60.7301	5.0999	3
263	7.7629	59.9553	5.1003	3
263.1	7.7409	59.0941	5.0822	3
263.2	7.7184	58.3129	5.0874	3
263.3	7.6954	57.597	5.0981	3
263.4	7.6722	56.8393	5.0973	3
263.5	7.6487	56.0626	5.0876	3
263.6	7.6253	55.1859	5.0778	3
263.7	7.6022	54.3484	5.0785	3
263.8	7.579	53.5631	5.082	3
263.9	7.5558	52.6453	5.0913	3
264	7.5327	51.7819	5.0981	3
264.1	7.5096	50.88	5.0991	3
264.2	7.4869	50.1325	5.0967	3
264.3	7.4639	49.2858	5.079	3
264.4	7.4404	48.6001	5.084	3
264.5	7.416	47.9279	5.0927	3
264.6	7.3913	47.2299	5.1073	3
264.7	7.3659	46.5242	5.114	3
264.8	7.3399	45.8009	5.1039	3
264.9	7.3137	45.0675	5.1067	3
265	7.2867	44.3027	5.0997	3
265.1	7.2598	43.281	5.0922	3
265.2	7.2331	42.5835	5.0892	3
265.3	7.2063	41.7518	5.1	3
265.4	7.1791	40.9837	5.1013	3
265.5	7.1517	40.2422	5.0918	3
265.6	7.1235	39.4621	5.091	3
265.7	7.0952	38.658	5.0923	3
265.8	7.0671	37.7946	5.1056	3
265.9	7.039	36.956	5.1121	3
266	7.0109	36.0801	5.1076	3
266.1	6.9827	35.3244	5.1044	3
266.2	6.9541	34.492	5.0941	3
266.3	6.9258	33.5357	5.0859	3
266.4	6.898	32.6253	5.1051	3
266.5	6.8704	31.789	5.1107	3
266.6	6.8427	30.997	5.1044	3
266.7	6.8146	30.2526	5.1032	3
266.8	6.7862	29.5909	5.1012	3
266.9	6.757	28.9009	5.096	3
267	6.7266	28.2545	5.0984	3
267.1	6.6956	27.5117	5.0956	3
267.2	6.6645	26.6865	5.109	3
267.3	6.6333	25.8322	5.1034	3
267.4	6.602	25.0648	5.0881	3
267.5	6.5707	24.2224	5.0929	3
267.6	6.5391	23.3983	5.1047	3
267.7	6.5074	22.7007	5.1093	3
267.8	6.4752	21.908	5.112	3
267.9	6.4428	21.079	5.1145	3
268	6.41	20.2583	5.1122	3
268.1	6.3772	19.4729	5.1102	3
268.2	6.3441	18.7117	5.1112	3
268.3	6.3105	17.9422	5.1142	3
268.4	6.2768	17.1724	5.1193	3
268.5	6.2425	16.4483	5.1174	3
268.6	6.2082	15.6028	5.1076	3
268.7	6.1746	14.7801	5.103	3
268.8	6.1404	14.1008	5.1116	3
268.9	6.1051	13.2942	5.1126	3
269	6.0696	12.5096	5.1175	3
269.1	6.0338	11.6987	5.1251	3
269.2	5.9978	10.8781	5.1189	3
269.3	5.9615	10.1162	5.1178	3
269.4	5.9249	9.2823	5.1235	4
269.5	5.8879	8.5687	5.1219	4
269.6	5.8503	7.9016	5.1132	4
269.7	5.8136	7.316	5.1173	4
269.8	5.7524	3.7227	5.1351	4
269.9	5.5301	-11.2635	5.1299	4
270	5.1277	-25.3961	5.121	4
270.1	4.6686	-29.7752	5.1207	4
270.2	4.1908	-29.3481	5.1128	4
270.3	3.7035	-28.3084	5.1195	4
270.4	3.2113	-27.8862	5.1172	4
270.5	2.7147	-26.9637	5.1134	4
270.6	2.2151	-25.7478	5.1049	4
270.7	1.7129	-24.052	5.1051	4
270.8	1.2091	-22.463	5.1021	4
270.9	0.7035	-21.07	5.105	4
271	0.1963	-19.9853	5.1037	4
271.1	-0.3118	-19.1061	5.1032	4
271.2	-0.8208	-18.0863	5.1078	4
271.3	-1.3309	-17.1473	5.1026	4
271.4	-1.8414	-16.2465	5.102	4
271.5	-2.3524	-15.7872	5.0948	4
271.6	-2.8643	-15.7344	5.0786	4
271.7	-3.377	-16.006	5.0938	4
271.8	-3.8904	-16.2797	5.0881	4
271.9	-4.4041	-16.7872	5.0898	4
272	-4.918	-17.2084	5.1037	4
272.1	-5.4321	-17.5978	5.0957	4
272.2	-5.9463	-17.8274	5.0907	4
272.3	-6.4613	-17.8173	5.1071	4
272.4	-6.9764	-17.8094	5.1252	4
272.5	-7.4919	-17.7827	5.1099	4
272.6	-8.0072	-17.4507	5.1007	4
272.7	-8.5224	-16.9709	5.1019	4
272.8	-9.0369	-16.9898	5.106	4
272.9	-9.5511	-17.238	5.1183	4
273	-10.0638	-17.486	5.1203	4
273.1	-10.5074	-17.4234	5.1154	4
273.2	-10.7852	-16.7292	5.1138	4
273.3	-10.9775	-16.1306	5.126	4
273.4	-11.1548	-15.8834	5.1176	4
273.5	-11.326	-15.6602	5.1102	4
273.6	-11.4931	-15.4895	5.1121	4
273.7	-11.6577	-15.317	5.1152	4
273.8	-11.8205	-15.148	5.1055	4
273.9	-11.9817	-15.1345	5.1151	4
274	-12.1423	-15.1573	5.116	4
274.1	-12.3026	-15.088	5.1168	4
274.2	-12.4623	-15.0965	5.1191	4
274.3	-12.6214	-15.2106	5.1267	4
274.4	-12.7802	-15.0703	5.1319	4
