Indentation

 + Advanced

+ Advanced
   Acquisition rate :	10.0 [Hz]
   Linear loading
   Max load :	1000.00 	µN
   Loading rate :	500.00 	µN/min
   Unloading rate :	500.00 	µN/min
   Pause :	30.0 s

+ TTX - UNHT Bio S/N: 1000136751 settings
   Fn contact : 25 µN
   Approach distance : 20 µm
   Approach speed : 100 µm/min
   Retract speed : 200 µm/min
   Retract time : 5 sec
   Dz sensor in large range
   Load in fine range
   FnRef in fine range
   FnRef contactload :500.000 µN
   Stiffness threshold : 1 µN/µm

   X Position :9771.87 µm
   Y Position :38493.87 µm
   Z Position :8243.32 µm

Date :6/9/2026
Time :4:37:49 PM

Analysis n # 1

   Method :	Hertz

 + Parameters

  Load Fit [10%,98%]

 + Main results

   EHz=	774.82 	kPa

 + Hypothesis


 + Additional results

   ErHz=	851.44 kPa
   h offset=	19.71 µm
   R2=	0.98

Analysis n # 2

   Method :	Oliver & Pharr

 + Parameters

  Unload Fit [40%,98%]

 + Main results

   HIT=	11.761 	kPa
   EIT=	637.97 	kPa
   E*=	701.06 	kPa

 + Hypothesis

   !!! Indenter not calibrated !!!
   m out of O&P hypothesis
   Poisson's ratio(nu)=	0.30 

 + Additional results

   HVIT=	0.0011989 	 Vickers
   CIT 0.001/120/30=	0.94 	%
   nIT=	73.78 %
   Fmax=	1003.33 	µN
   hmax=	31.09 	µm
   S=	231.0512 	µN/µm
   F/S²=	0.0188 	µm²/µN
   hc=	27.94 	µm
   hr=	26.75 	µm
   hp=	8.55 	µm
   m=	5.1909 
   Epsilon=	0.73 
   R2=	0.999
   Ap=	85309.07 	µm²
   Welast=	3338.63 pJ
   Wplast=	1186.79 pJ
   Wtotal=	4525.42 pJ
   Er=	701.06 	kPa

Measured values
Time (s)	Pd (µm)	Fn (µN)	FnRef (µN)	SegmentID

0	0	0	5.1223	0
0.1	0.1427	-0.0609	5.1287	0
0.2	0.2863	0.1714	5.14	0
0.3	0.4309	0.1596	5.1311	0
0.4	0.5765	0.1572	5.1155	0
0.5	0.7228	0.2281	5.1097	0
0.6	0.8699	0.2856	5.1116	0
0.7	1.0181	0.3758	5.1028	0
0.8	1.1668	0.4122	5.1095	0
0.9	1.3161	0.4749	5.1238	0
1	1.4658	0.4627	5.1197	0
1.1	1.6655	0.6005	5.1222	0
1.2	2.0254	0.651	5.1316	0
1.3	2.4791	0.7555	5.1257	0
1.4	2.9342	0.7132	5.1195	0
1.5	3.3776	0.8473	5.1138	0
1.6	3.808	0.9057	5.1214	0
1.7	4.2247	0.9869	5.1273	0
1.8	4.6288	1.0412	5.1406	0
1.9	5.0196	1.1784	5.1392	0
2	5.3974	1.192	5.1312	0
2.1	5.7631	1.2884	5.127	0
2.2	6.1174	1.4337	5.1228	0
2.3	6.4602	1.4529	5.1284	0
2.4	6.7931	1.5475	5.1246	0
2.5	7.1167	1.6337	5.1229	0
2.6	7.4307	1.7176	5.1296	0
2.7	7.7363	1.7452	5.126	0
2.8	8.0339	1.8385	5.1205	0
2.9	8.3238	1.8891	5.1377	0
3	8.6063	1.9145	5.1473	0
3.1	8.8812	2.0418	5.1478	0
3.2	9.1493	2.0911	5.1434	0
3.3	9.4111	2.1354	5.1411	0
3.4	9.6668	2.2561	5.141	0
3.5	9.9163	2.3472	5.1328	0
3.6	10.1614	2.3809	5.1443	0
3.7	10.4016	2.464	5.1503	0
3.8	10.6367	2.6168	5.147	0
3.9	10.8678	2.6144	5.1497	0
4	11.0946	2.6846	5.1508	0
4.1	11.3172	2.7204	5.141	0
4.2	11.5366	2.7436	5.1294	0
4.3	11.7525	2.7435	5.1178	0
4.4	11.9651	2.7787	5.1151	0
4.5	12.175	2.8796	5.135	0
4.6	12.3822	2.8897	5.1409	0
4.7	12.5863	2.941	5.1203	0
4.8	12.7882	3.0169	5.123	0
4.9	12.9874	3.2171	5.1328	0
5	13.1846	3.2138	5.1172	0
5.1	13.3799	3.3306	5.1117	0
5.2	13.5737	3.421	5.1262	0
5.3	13.7656	3.4863	5.1213	0
5.4	13.9556	3.5778	5.1173	0
5.5	14.1441	3.5506	5.1259	0
5.6	14.3317	3.5865	5.1326	0
5.7	14.5182	3.6496	5.1403	0
5.8	14.7029	3.7804	5.1402	0
5.9	14.8867	3.7925	5.1356	0
6	15.0693	4.0247	5.1402	0
6.1	15.2514	4.1501	5.1504	0
6.2	15.4323	4.4786	5.1309	1
6.3	15.6127	4.6899	5.1493	1
6.4	15.7921	5.0898	5.1635	1
6.5	15.97	5.7335	5.1481	1
6.6	16.1217	6.0678	5.1307	1
6.7	16.2093	6.3987	5.1245	1
6.8	16.2655	6.5674	5.1176	1
6.9	16.3186	6.6394	5.1272	1
7	16.3712	6.9485	5.119	1
7.1	16.4245	7.1164	5.1126	1
7.2	16.4789	7.4049	5.1137	1
7.3	16.5348	7.6407	5.1126	1
7.4	16.592	7.8407	5.1146	1
7.5	16.6518	8.1986	5.1139	1
7.6	16.7138	8.5244	5.1154	1
7.7	16.7779	8.8208	5.1222	1
7.8	16.8444	9.1921	5.1256	1
7.9	16.9126	9.567	5.1214	1
8	16.9831	9.936	5.1183	1
8.1	17.056	10.3533	5.1195	1
8.2	17.1311	10.781	5.1232	1
8.3	17.2082	11.254	5.127	1
8.4	17.2874	11.7002	5.1135	1
8.5	17.3687	12.2675	5.1091	1
8.6	17.4511	12.8954	5.1168	1
8.7	17.5354	13.5035	5.1272	1
8.8	17.6209	14.2028	5.1368	1
8.9	17.7069	14.9687	5.1192	1
9	17.7938	15.6689	5.1138	1
9.1	17.881	16.5184	5.1285	1
9.2	17.9684	17.4181	5.1288	1
9.3	18.0555	18.4365	5.1198	1
9.4	18.142	19.4143	5.115	1
9.5	18.2281	20.4442	5.1177	1
9.6	18.3129	21.5536	5.1177	1
9.7	18.3965	22.7817	5.1135	1
9.8	18.4781	23.9195	5.1056	1
9.9	18.5578	25.1736	5.1074	1
10	18.6358	26.4031	5.1034	1
10.1	18.7116	27.7389	5.1016	1
10.2	18.7844	29.1122	5.1067	1
10.3	18.8545	30.3858	5.1051	1
10.4	18.9221	31.691	5.1045	1
10.5	18.987	32.9794	5.1062	1
10.6	19.0499	34.2716	5.1096	1
10.7	19.1103	35.5725	5.128	1
10.8	19.1682	36.8912	5.1388	1
10.9	19.2236	38.109	5.1308	1
11	19.2766	39.2669	5.1157	1
11.1	19.3276	40.4881	5.1062	1
11.2	19.3768	41.6188	5.1079	1
11.3	19.4241	42.806	5.109	1
11.4	19.4693	43.9556	5.1255	1
11.5	19.5129	45.0053	5.1238	1
11.6	19.5549	46.1176	5.1151	1
11.7	19.5954	47.1897	5.1034	1
11.8	19.6346	48.2088	5.0898	1
11.9	19.6729	49.1631	5.1043	1
12	19.7101	50.1361	5.1007	1
12.1	19.7465	51.0619	5.0919	1
12.2	19.7824	51.9611	5.1086	1
12.3	19.8176	52.8825	5.1214	1
12.4	19.8523	53.8098	5.1165	1
12.5	19.8861	54.6185	5.1118	1
12.6	19.9198	55.5414	5.1273	1
12.7	19.9532	56.3879	5.1446	1
12.8	19.9861	57.2995	5.1382	1
12.9	20.0188	58.1707	5.141	1
13	20.051	59.0356	5.1392	1
13.1	20.0829	59.9124	5.1279	1
13.2	20.1145	60.8365	5.1328	1
13.3	20.1454	61.7734	5.1369	1
13.4	20.1756	62.6987	5.1315	1
13.5	20.2052	63.6015	5.1223	1
13.6	20.2346	64.5239	5.1198	1
13.7	20.2636	65.3541	5.1381	1
13.8	20.2926	66.2308	5.1578	1
13.9	20.3213	67.0546	5.141	1
14	20.3498	67.8939	5.1356	1
14.1	20.3784	68.6804	5.1287	1
14.2	20.4066	69.6007	5.1402	1
14.3	20.4348	70.3856	5.1525	1
14.4	20.4624	71.2774	5.1415	1
14.5	20.4905	72.0545	5.1403	1
14.6	20.5186	72.9557	5.152	1
14.7	20.5462	73.8775	5.1477	1
14.8	20.5732	74.7775	5.1337	1
14.9	20.6002	75.6551	5.1367	1
15	20.6268	76.5356	5.127	1
15.1	20.6528	77.475	5.1208	1
15.2	20.6786	78.2891	5.1296	1
15.3	20.7041	79.1542	5.1247	1
15.4	20.7293	80.0799	5.1222	1
15.5	20.7543	80.9961	5.1185	1
15.6	20.7787	81.8956	5.1196	1
15.7	20.803	82.6756	5.1211	1
15.8	20.827	83.566	5.1061	1
15.9	20.8509	84.4196	5.1085	1
16	20.8748	85.2766	5.1187	1
16.1	20.8985	86.2196	5.1136	1
16.2	20.9216	86.9927	5.1198	1
16.3	20.945	87.7698	5.1331	1
16.4	20.9685	88.6091	5.1415	1
16.5	20.9919	89.5106	5.1355	1
16.6	21.015	90.4506	5.1387	1
16.7	21.0375	91.2912	5.1525	1
16.8	21.06	92.1294	5.1398	1
16.9	21.0825	92.8815	5.1227	1
17	21.1054	93.7477	5.1225	1
17.1	21.1278	94.6656	5.1443	1
17.2	21.1499	95.4822	5.1446	1
17.3	21.1721	96.2933	5.1365	1
17.4	21.1942	97.2081	5.1482	1
17.5	21.2163	97.9982	5.1496	1
17.6	21.2382	98.8935	5.1584	1
17.7	21.2601	99.7366	5.1589	1
17.8	21.2817	100.5791	5.1494	1
17.9	21.3029	101.4284	5.15	1
18	21.3247	102.1979	5.1377	1
18.1	21.3462	103.11	5.1299	1
18.2	21.368	103.8722	5.1455	1
18.3	21.3895	104.8085	5.1573	1
18.4	21.4104	105.6959	5.1495	1
18.5	21.4313	106.5453	5.1517	1
18.6	21.4518	107.3718	5.1564	1
18.7	21.4724	108.1733	5.1498	1
18.8	21.4932	108.983	5.1517	1
18.9	21.5141	109.8714	5.1512	1
19	21.5346	110.763	5.1438	1
19.1	21.5554	111.5038	5.1432	1
19.2	21.5765	112.2517	5.1439	1
19.3	21.5973	113.2415	5.1316	1
19.4	21.6179	113.9801	5.1275	1
19.5	21.6384	114.9243	5.1238	1
19.6	21.6591	115.6607	5.1287	1
19.7	21.6795	116.5876	5.1516	1
19.8	21.6997	117.3911	5.1438	1
19.9	21.7202	118.2243	5.1357	1
20	21.7407	119.0694	5.1412	1
20.1	21.7611	119.9171	5.1359	1
20.2	21.7811	120.8213	5.1493	1
20.3	21.8004	121.601	5.1442	1
20.4	21.8199	122.3828	5.1224	1
20.5	21.8398	123.3701	5.1315	1
20.6	21.8595	124.1189	5.1379	1
20.7	21.8794	124.9789	5.1353	1
20.8	21.8994	125.7693	5.1317	1
20.9	21.9192	126.6657	5.126	1
21	21.9387	127.5777	5.1284	1
21.1	21.9583	128.367	5.1242	1
21.2	21.9778	129.2595	5.1225	1
21.3	21.9971	130.0596	5.1303	1
21.4	22.0162	131.015	5.1333	1
21.5	22.0352	131.7773	5.1199	1
21.6	22.0545	132.5783	5.1159	1
21.7	22.0738	133.456	5.1275	1
21.8	22.0927	134.3091	5.1299	1
21.9	22.1116	135.0518	5.1298	1
22	22.1309	135.9094	5.1397	1
22.1	22.1502	136.7237	5.1465	1
22.2	22.1694	137.6033	5.1425	1
22.3	22.1889	138.3859	5.1303	1
22.4	22.2081	139.161	5.1288	1
22.5	22.2275	140.004	5.1357	1
22.6	22.2472	140.8432	5.1349	1
22.7	22.2665	141.7738	5.1313	1
22.8	22.2855	142.5433	5.1378	1
22.9	22.3048	143.4314	5.1376	1
23	22.3241	144.2396	5.1244	1
23.1	22.3434	145.0019	5.1227	1
23.2	22.3629	145.8284	5.1174	1
23.3	22.382	146.6722	5.1209	1
23.4	22.4014	147.6034	5.1269	1
23.5	22.4203	148.4388	5.1275	1
23.6	22.4392	149.2946	5.1188	1
23.7	22.4583	150.0985	5.11	1
23.8	22.4772	150.9778	5.1005	1
23.9	22.4962	151.8143	5.1062	1
24	22.5151	152.6086	5.1136	1
24.1	22.5339	153.4693	5.1125	1
24.2	22.553	154.2687	5.12	1
24.3	22.5724	155.0749	5.1199	1
24.4	22.5914	155.9165	5.114	1
24.5	22.6103	156.7054	5.1292	1
24.6	22.6295	157.5151	5.1324	1
24.7	22.6484	158.4057	5.128	1
24.8	22.6674	159.2394	5.1211	1
24.9	22.6863	160.0883	5.115	1
25	22.7052	160.907	5.121	1
25.1	22.7241	161.7627	5.1323	1
25.2	22.743	162.5937	5.1277	1
25.3	22.7619	163.4585	5.1272	1
25.4	22.7808	164.2877	5.1362	1
25.5	22.7996	165.1432	5.1469	1
25.6	22.8183	166.0277	5.1553	1
25.7	22.8366	166.908	5.1437	1
25.8	22.855	167.7032	5.1285	1
25.9	22.8734	168.493	5.128	1
26	22.8918	169.3641	5.1184	1
26.1	22.9101	170.256	5.1112	1
26.2	22.9283	170.9937	5.1065	1
26.3	22.947	171.8105	5.1187	1
26.4	22.9655	172.6734	5.1315	1
26.5	22.9838	173.5691	5.135	1
26.6	23.002	174.4333	5.1322	1
26.7	23.0202	175.2484	5.1259	1
26.8	23.0381	176.12	5.1392	1
26.9	23.0562	176.9472	5.1348	1
27	23.0741	177.862	5.1316	1
27.1	23.0921	178.6306	5.1393	1
27.2	23.1099	179.4482	5.1414	1
27.3	23.128	180.2785	5.1367	1
27.4	23.146	181.1027	5.1196	1
27.5	23.1637	181.9905	5.1149	1
27.6	23.1814	182.7476	5.1123	1
27.7	23.1992	183.6279	5.1085	1
27.8	23.2174	184.4337	5.1045	1
27.9	23.2352	185.276	5.1151	1
28	23.253	186.088	5.1314	1
28.1	23.2709	186.9815	5.1223	1
28.2	23.2885	187.8949	5.1253	1
28.3	23.3062	188.7017	5.1357	1
28.4	23.3237	189.5533	5.1314	1
28.5	23.3407	190.4305	5.1273	1
28.6	23.3578	191.2431	5.1282	1
28.7	23.3747	192.1991	5.1231	1
28.8	23.3917	192.9755	5.1227	1
28.9	23.4087	193.7632	5.1218	1
29	23.4256	194.66	5.1326	1
29.1	23.4425	195.4313	5.144	1
29.2	23.4594	196.2465	5.1283	1
29.3	23.4764	197.1402	5.1179	1
29.4	23.4933	197.9862	5.1192	1
29.5	23.5101	198.8191	5.114	1
29.6	23.5267	199.6836	5.1255	1
29.7	23.5435	200.437	5.1292	1
29.8	23.5605	201.2373	5.1252	1
29.9	23.5776	202.1575	5.1235	1
30	23.5942	203.0208	5.117	1
30.1	23.6108	203.8814	5.1136	1
30.2	23.6273	204.718	5.1228	1
30.3	23.6437	205.5417	5.1215	1
30.4	23.6599	206.4427	5.1307	1
30.5	23.6759	207.2636	5.1401	1
30.6	23.692	208.0794	5.1504	1
30.7	23.7083	208.9265	5.1632	1
30.8	23.7246	209.7506	5.1548	1
30.9	23.7407	210.5767	5.1449	1
31	23.7566	211.3753	5.1437	1
31.1	23.7727	212.292	5.1402	1
31.2	23.7889	213.1102	5.1364	1
31.3	23.8054	213.9042	5.1471	1
31.4	23.8219	214.7169	5.1476	1
31.5	23.838	215.5593	5.1357	1
31.6	23.8543	216.3584	5.1255	1
31.7	23.871	217.134	5.1363	1
31.8	23.8877	217.9574	5.1257	1
31.9	23.9048	218.7	5.1301	1
32	23.9218	219.6542	5.1376	1
32.1	23.9381	220.4975	5.1261	1
32.2	23.9542	221.4644	5.1328	1
32.3	23.9701	222.3471	5.1339	1
32.4	23.9863	223.0797	5.1251	1
32.5	24.0022	223.9834	5.1258	1
32.6	24.0181	224.7559	5.126	1
32.7	24.0342	225.6119	5.1215	1
32.8	24.05	226.4991	5.1185	1
32.9	24.0661	227.2286	5.1087	1
33	24.0822	228.0783	5.1309	1
33.1	24.098	229.0506	5.1543	1
33.2	24.1134	229.8761	5.1426	1
33.3	24.1286	230.7492	5.1271	1
33.4	24.1442	231.6	5.1423	1
33.5	24.1592	232.4567	5.1307	1
33.6	24.1743	233.1752	5.1195	1
33.7	24.1895	234.1521	5.129	1
33.8	24.2041	235.0177	5.14	1
33.9	24.2188	235.829	5.1472	1
34	24.2333	236.7368	5.1457	1
34.1	24.2478	237.577	5.1343	1
34.2	24.2623	238.4031	5.1235	1
34.3	24.2764	239.3202	5.1341	1
34.4	24.2903	240.201	5.1293	1
34.5	24.3039	241.0459	5.118	1
34.6	24.3177	241.8252	5.1115	1
34.7	24.3317	242.689	5.1094	1
34.8	24.3457	243.4871	5.119	1
34.9	24.3593	244.3217	5.1204	1
35	24.3729	245.2536	5.1219	1
35.1	24.3864	246.032	5.1218	1
35.2	24.4004	246.8103	5.1326	1
35.3	24.4143	247.6964	5.1355	1
35.4	24.4278	248.5022	5.1293	1
35.5	24.4415	249.3208	5.1251	1
35.6	24.4552	250.1799	5.1225	1
35.7	24.4689	251.021	5.126	1
35.8	24.4824	251.823	5.124	1
35.9	24.4962	252.6696	5.1179	1
36	24.5101	253.4942	5.121	1
36.1	24.5238	254.3672	5.1315	1
36.2	24.537	255.2206	5.1264	1
36.3	24.5505	255.975	5.1168	1
36.4	24.5639	257.0293	5.1201	1
36.5	24.5772	257.5872	5.111	1
36.6	24.5904	258.6437	5.1076	1
36.7	24.6036	259.2943	5.1293	1
36.8	24.617	260.2285	5.1305	1
36.9	24.6304	261.0371	5.1142	1
37	24.6436	261.877	5.1106	1
37.1	24.657	262.704	5.1261	1
37.2	24.6702	263.585	5.1391	1
37.3	24.6836	264.4143	5.1331	1
37.4	24.6965	265.3044	5.1246	1
37.5	24.709	266.1701	5.1361	1
37.6	24.7221	266.8637	5.1405	1
37.7	24.735	267.8312	5.1253	1
37.8	24.7479	268.5702	5.1176	1
37.9	24.7607	269.4986	5.1296	1
38	24.7734	270.3382	5.1324	1
38.1	24.786	271.142	5.135	1
38.2	24.7986	272.032	5.129	1
38.3	24.8108	272.846	5.122	1
38.4	24.8233	273.7288	5.122	1
38.5	24.8357	274.5407	5.1155	1
38.6	24.848	275.4141	5.115	1
38.7	24.8601	276.292	5.1199	1
38.8	24.872	277.0771	5.1296	1
38.9	24.884	277.9307	5.1353	1
39	24.8961	278.791	5.1366	1
39.1	24.9078	279.6534	5.1281	1
39.2	24.9198	280.4405	5.1186	1
39.3	24.9316	281.3546	5.1195	1
39.4	24.9435	282.0669	5.1277	1
39.5	24.9551	283.091	5.1325	1
39.6	24.9669	283.7144	5.1142	1
39.7	24.9785	284.7942	5.107	1
39.8	24.9901	285.4524	5.1149	1
39.9	25.0015	286.437	5.108	1
40	25.0128	287.1942	5.1081	1
40.1	25.0239	288.0843	5.1144	1
40.2	25.0353	288.9032	5.1082	1
40.3	25.0466	289.7544	5.1014	1
40.4	25.0579	290.5734	5.1053	1
40.5	25.0691	291.4283	5.1097	1
40.6	25.0803	292.2771	5.1094	1
40.7	25.0915	293.0218	5.1047	1
40.8	25.1029	293.8527	5.0987	1
40.9	25.1143	294.6348	5.0886	1
41	25.1256	295.5173	5.091	1
41.1	25.137	296.3216	5.1054	1
41.2	25.1486	297.1345	5.1074	1
41.3	25.1602	297.988	5.1048	1
41.4	25.1714	298.8572	5.1096	1
41.5	25.1827	299.6755	5.114	1
41.6	25.1942	300.5086	5.1088	1
41.7	25.2055	301.3229	5.0981	1
41.8	25.2168	302.175	5.0967	1
41.9	25.2283	303.066	5.0895	1
42	25.2397	303.792	5.0923	1
42.1	25.2512	304.6188	5.104	1
42.2	25.2629	305.4238	5.1064	1
42.3	25.2747	306.2628	5.1091	1
42.4	25.2867	307.1083	5.1108	1
42.5	25.2984	307.864	5.1103	1
42.6	25.3103	308.6596	5.1072	1
42.7	25.3223	309.6277	5.1089	1
42.8	25.3341	310.3954	5.0962	1
42.9	25.3456	311.256	5.083	1
43	25.3574	312.0844	5.0715	1
43.1	25.3691	312.9486	5.0687	1
43.2	25.3809	313.8074	5.0885	1
43.3	25.3928	314.5449	5.0894	1
43.4	25.4045	315.4531	5.0859	1
43.5	25.4162	316.2967	5.0931	1
43.6	25.4274	317.178	5.0986	1
43.7	25.4388	318.0077	5.1062	1
43.8	25.4502	318.8329	5.1096	1
43.9	25.4614	319.7678	5.1032	1
44	25.4724	320.6296	5.0833	1
44.1	25.483	321.4935	5.0793	1
44.2	25.4938	322.3675	5.1018	1
44.3	25.5041	323.2438	5.1074	1
44.4	25.5143	323.999	5.1049	1
44.5	25.5247	324.8755	5.1108	1
44.6	25.5345	325.8704	5.1134	1
44.7	25.5445	326.5622	5.1152	1
44.8	25.5539	327.6328	5.1161	1
44.9	25.5636	328.2079	5.1134	1
45	25.5735	329.2013	5.1069	1
45.1	25.5833	329.9529	5.1109	1
45.2	25.5933	330.7301	5.1065	1
45.3	25.6035	331.5177	5.1041	1
45.4	25.6138	332.3909	5.0994	1
45.5	25.624	333.2216	5.0898	1
45.6	25.6341	334.0503	5.0948	1
45.7	25.6444	334.8159	5.0944	1
45.8	25.6546	335.7513	5.0909	1
45.9	25.6646	336.6093	5.0928	1
46	25.6745	337.3768	5.0942	1
46.1	25.6843	338.306	5.0995	1
46.2	25.6941	339.0908	5.1071	1
46.3	25.7039	339.924	5.1049	1
46.4	25.7137	340.7582	5.1065	1
46.5	25.7234	341.6667	5.1048	1
46.6	25.7327	342.532	5.092	1
46.7	25.7421	343.3416	5.0805	1
46.8	25.7514	344.2556	5.072	1
46.9	25.7604	345.099	5.0714	1
47	25.7694	345.9326	5.0837	1
47.1	25.7786	346.6684	5.079	1
47.2	25.788	347.484	5.0842	1
47.3	25.7977	348.2657	5.0881	1
47.4	25.8074	349.1313	5.0982	1
47.5	25.8167	349.947	5.1045	1
47.6	25.8261	350.7735	5.1109	1
47.7	25.8356	351.6982	5.1113	1
47.8	25.8446	352.5803	5.1015	1
47.9	25.8539	353.3541	5.1128	1
48	25.8629	354.2367	5.1106	1
48.1	25.8718	355.0971	5.0947	1
48.2	25.8807	355.9758	5.0961	1
48.3	25.8895	356.7236	5.0974	1
48.4	25.8986	357.5831	5.1142	1
48.5	25.9071	358.5117	5.111	1
48.6	25.9155	359.3253	5.1032	1
48.7	25.9244	360.0743	5.1103	1
48.8	25.9333	360.9233	5.1159	1
48.9	25.9422	361.7099	5.1131	1
49	25.9513	362.5155	5.1069	1
49.1	25.9608	363.2126	5.117	1
49.2	25.9703	364.1149	5.1263	1
49.3	25.9798	364.9537	5.1188	1
49.4	25.9891	365.807	5.1142	1
49.5	25.9987	366.6338	5.108	1
49.6	26.0083	367.3172	5.1037	1
49.7	26.018	368.3073	5.1033	1
49.8	26.0279	368.9798	5.1064	1
49.9	26.0377	369.8828	5.1145	1
50	26.0476	370.775	5.104	1
50.1	26.0566	371.6629	5.0958	1
50.2	26.0657	372.5779	5.1083	1
50.3	26.0749	373.3193	5.1077	1
50.4	26.084	374.2686	5.1098	1
50.5	26.093	375.0212	5.1042	1
50.6	26.1021	375.8674	5.1026	1
50.7	26.1113	376.6405	5.1116	1
50.8	26.1206	377.5127	5.1073	1
50.9	26.1299	378.2894	5.1057	1
51	26.1394	379.0434	5.0964	1
51.1	26.1489	379.9521	5.0858	1
51.2	26.1583	380.84	5.0939	1
51.3	26.1676	381.6399	5.0934	1
51.4	26.1765	382.5582	5.0953	1
51.5	26.1853	383.4367	5.0977	1
51.6	26.1941	384.218	5.096	1
51.7	26.2028	385.1523	5.0879	1
51.8	26.2113	385.8571	5.0896	1
51.9	26.2199	386.8052	5.1035	1
52	26.2287	387.6174	5.1006	1
52.1	26.2375	388.417	5.0994	1
52.2	26.2462	389.2994	5.1073	1
52.3	26.2547	390.1006	5.1125	1
52.4	26.2631	390.9714	5.1094	1
52.5	26.2715	391.797	5.1092	1
52.6	26.2801	392.58	5.1103	1
52.7	26.2887	393.4402	5.1026	1
52.8	26.2975	394.2873	5.0889	1
52.9	26.306	395.0317	5.0886	1
53	26.3151	395.897	5.0994	1
53.1	26.3241	396.7907	5.1009	1
53.2	26.3325	397.6302	5.0933	1
53.3	26.341	398.4252	5.0967	1
53.4	26.3495	399.2917	5.1017	1
53.5	26.3583	400.0931	5.1094	1
53.6	26.3669	400.92	5.1153	1
53.7	26.3752	401.6486	5.1127	1
53.8	26.384	402.5938	5.1029	1
53.9	26.3927	403.3708	5.1075	1
54	26.4016	404.3161	5.1139	1
54.1	26.4101	404.9978	5.1122	1
54.2	26.419	405.9833	5.108	1
54.3	26.4276	406.6961	5.1049	1
54.4	26.436	407.7111	5.1024	1
54.5	26.4443	408.4651	5.1159	1
54.6	26.4527	409.3059	5.1139	1
54.7	26.4611	410.1224	5.117	1
54.8	26.4695	410.9754	5.1126	1
54.9	26.4775	411.8506	5.0851	1
55	26.4858	412.6599	5.0676	1
55.1	26.4942	413.5041	5.0749	1
55.2	26.5026	414.3263	5.085	1
55.3	26.5107	415.0944	5.0858	1
55.4	26.5188	416.0664	5.0845	1
55.5	26.527	416.8507	5.0776	1
55.6	26.5351	417.7066	5.0703	1
55.7	26.5434	418.5389	5.0604	1
55.8	26.5513	419.3559	5.076	1
55.9	26.5593	420.263	5.0865	1
56	26.567	421.0209	5.0745	1
56.1	26.5752	421.8665	5.072	1
56.2	26.5831	422.6964	5.0715	1
56.3	26.5908	423.6213	5.0841	1
56.4	26.5984	424.4592	5.0989	1
56.5	26.606	425.2301	5.0891	1
56.6	26.6135	426.1992	5.0914	1
56.7	26.6213	426.9568	5.1044	1
56.8	26.6289	427.808	5.1221	1
56.9	26.6369	428.4698	5.1354	1
57	26.6446	429.4123	5.1145	1
57.1	26.652	430.3223	5.1009	1
57.2	26.6595	431.122	5.1103	1
57.3	26.6673	431.8671	5.103	1
57.4	26.6751	432.6916	5.0954	1
57.5	26.6829	433.4782	5.0894	1
57.6	26.6907	434.3482	5.0961	1
57.7	26.6988	435.1909	5.1033	1
57.8	26.7069	436.0703	5.1055	1
57.9	26.7143	436.9285	5.0961	1
58	26.7219	437.7472	5.0907	1
58.1	26.7295	438.5507	5.0972	1
58.2	26.7376	439.2816	5.1009	1
58.3	26.7458	440.1584	5.1033	1
58.4	26.7543	440.9535	5.1153	1
58.5	26.7627	441.7111	5.1115	1
58.6	26.7708	442.5255	5.103	1
58.7	26.7794	443.3452	5.0971	1
58.8	26.7882	444.1772	5.092	1
58.9	26.7973	444.9752	5.0947	1
59	26.8061	445.8643	5.0956	1
59.1	26.8149	446.6587	5.097	1
59.2	26.824	447.4395	5.0945	1
59.3	26.8331	448.2908	5.0815	1
59.4	26.8419	449.1519	5.0924	1
59.5	26.8507	450.022	5.1083	1
59.6	26.8598	450.8317	5.0979	1
59.7	26.8686	451.7348	5.0843	1
59.8	26.8769	452.6569	5.0861	1
59.9	26.885	453.4582	5.1019	1
60	26.893	454.3608	5.1109	1
60.1	26.9007	455.3091	5.1021	1
60.2	26.9082	456.0941	5.0907	1
60.3	26.9156	456.957	5.0855	1
60.4	26.9232	457.8	5.0829	1
60.5	26.9305	458.6749	5.0829	1
60.6	26.9377	459.5932	5.0889	1
60.7	26.9446	460.4164	5.0792	1
60.8	26.9514	461.2632	5.0826	1
60.9	26.9582	462.1554	5.0998	1
61	26.965	462.9167	5.0951	1
61.1	26.9716	463.7341	5.0673	1
61.2	26.9784	464.5989	5.0684	1
61.3	26.9855	465.3514	5.0795	1
61.4	26.9927	466.1471	5.0833	1
61.5	26.9999	466.8917	5.0834	1
61.6	27.0073	467.7509	5.0755	1
61.7	27.0146	468.616	5.0781	1
61.8	27.0225	469.2845	5.0867	1
61.9	27.0307	470.1403	5.0821	1
62	27.0387	471.0694	5.0709	1
62.1	27.046	471.8833	5.0704	1
62.2	27.0537	472.7856	5.0709	1
62.3	27.0612	473.5812	5.0752	1
62.4	27.0687	474.4915	5.079	1
62.5	27.0758	475.2632	5.0808	1
62.6	27.0831	476.2539	5.0855	1
62.7	27.0903	476.9333	5.0938	1
62.8	27.0974	477.7829	5.091	1
62.9	27.1049	478.6245	5.0872	1
63	27.1124	479.4222	5.0898	1
63.1	27.1198	480.2406	5.1	1
63.2	27.1273	481.0728	5.1028	1
63.3	27.1346	482.0189	5.0943	1
63.4	27.1418	482.8361	5.0909	1
63.5	27.1491	483.5547	5.0951	1
63.6	27.1565	484.4215	5.092	1
63.7	27.1641	485.2395	5.0938	1
63.8	27.1717	486.0279	5.0992	1
63.9	27.18	486.7528	5.1024	1
64	27.1884	487.5508	5.096	1
64.1	27.1969	488.2911	5.1002	1
64.2	27.2055	489.1505	5.1026	1
64.3	27.2142	489.9727	5.0866	1
64.4	27.2229	490.7391	5.0767	1
64.5	27.2317	491.6541	5.0795	1
64.6	27.2404	492.4983	5.0886	1
64.7	27.2492	493.3667	5.0935	1
64.8	27.2577	494.2975	5.0848	1
64.9	27.2656	495.1889	5.0808	1
65	27.2732	496.0473	5.0758	1
65.1	27.2812	496.7955	5.075	1
65.2	27.2895	497.5551	5.0712	1
65.3	27.2981	498.3623	5.0747	1
65.4	27.3066	499.2458	5.0904	1
65.5	27.315	500.0785	5.0917	1
65.6	27.3233	500.9265	5.0772	1
65.7	27.3316	501.8809	5.0689	1
65.8	27.3395	502.7176	5.0679	1
65.9	27.3473	503.481	5.0829	1
66	27.3553	504.3582	5.0953	1
66.1	27.3629	505.2864	5.0903	1
66.2	27.371	505.9488	5.0846	1
66.3	27.3789	506.7962	5.0861	1
66.4	27.3871	507.634	5.0919	1
66.5	27.3952	508.4609	5.097	1
66.6	27.403	509.3864	5.102	1
66.7	27.411	510.1018	5.1024	1
66.8	27.4193	510.9328	5.1112	1
66.9	27.4274	511.8441	5.1186	1
67	27.4354	512.7331	5.1008	1
67.1	27.443	513.4785	5.0878	1
67.2	27.4506	514.4128	5.0808	1
67.3	27.4582	515.2578	5.088	1
67.4	27.4659	516.0605	5.0821	1
67.5	27.4735	516.9633	5.0823	1
67.6	27.4808	517.7787	5.0974	1
67.7	27.4881	518.6296	5.1053	1
67.8	27.4953	519.4668	5.1057	1
67.9	27.5025	520.1796	5.1017	1
68	27.5096	521.1674	5.0943	1
68.1	27.5171	522.0336	5.0927	1
68.2	27.5245	522.7817	5.0926	1
68.3	27.5321	523.6014	5.09	1
68.4	27.5397	524.4626	5.0988	1
68.5	27.547	525.2714	5.0937	1
68.6	27.5544	526.0976	5.0879	1
68.7	27.5615	527.0268	5.0916	1
68.8	27.5681	527.9579	5.0895	1
68.9	27.5749	528.7167	5.0962	1
69	27.5821	529.4503	5.1055	1
69.1	27.5896	530.3217	5.0964	1
69.2	27.5966	531.2532	5.0994	1
69.3	27.6031	532.1128	5.0869	1
69.4	27.6096	532.9261	5.0992	1
69.5	27.6162	533.7814	5.1035	1
69.6	27.6228	534.5746	5.0893	1
69.7	27.6294	535.4673	5.0906	1
69.8	27.6362	536.2451	5.0874	1
69.9	27.6427	537.0703	5.0956	1
70	27.6494	537.9078	5.1019	1
70.1	27.6563	538.6057	5.089	1
70.2	27.6637	539.4058	5.088	1
70.3	27.6712	540.2509	5.0963	1
70.4	27.6786	541.0986	5.1072	1
70.5	27.6859	541.895	5.1006	1
70.6	27.6934	542.7354	5.0894	1
70.7	27.7006	543.5904	5.081	1
70.8	27.7078	544.4165	5.0851	1
70.9	27.7153	545.1837	5.084	1
71	27.7227	546.0881	5.0766	1
71.1	27.7303	546.8832	5.0739	1
71.2	27.7378	547.657	5.0696	1
71.3	27.7459	548.4328	5.0878	1
71.4	27.7542	549.1019	5.1041	1
71.5	27.7629	549.9286	5.0796	1
71.6	27.7718	550.823	5.0735	1
71.7	27.7803	551.7517	5.0848	1
71.8	27.7887	552.5385	5.099	1
71.9	27.7971	553.3646	5.1071	1
72	27.8054	554.1573	5.101	1
72.1	27.8137	555.0198	5.0962	1
72.2	27.8219	555.9758	5.1039	1
72.3	27.83	556.8044	5.0991	1
72.4	27.8385	557.5684	5.0967	1
72.5	27.8465	558.5234	5.1089	1
72.6	27.8541	559.4211	5.112	1
72.7	27.8616	560.2519	5.1054	1
72.8	27.869	561.1038	5.0935	1
72.9	27.8763	562.0108	5.0991	1
73	27.8833	562.8648	5.104	1
73.1	27.89	563.7639	5.1185	1
73.2	27.8969	564.5455	5.1244	1
73.3	27.9037	565.3072	5.119	1
73.4	27.9107	566.1989	5.1308	1
73.5	27.9175	567.0916	5.1351	1
73.6	27.9239	568.0066	5.1374	1
73.7	27.93	568.8957	5.1295	1
73.8	27.9359	569.7573	5.1176	1
73.9	27.9418	570.5624	5.1136	1
74	27.9476	571.4357	5.1203	1
74.1	27.9533	572.3523	5.1333	1
74.2	27.9586	573.185	5.1319	1
74.3	27.9639	573.9726	5.1222	1
74.4	27.9695	574.7884	5.1155	1
74.5	27.975	575.7147	5.1223	1
74.6	27.9804	576.4375	5.115	1
74.7	27.986	577.1535	5.1104	1
74.8	27.992	578.0619	5.1091	1
74.9	27.9982	578.7492	5.1215	1
75	28.0049	579.5491	5.129	1
75.1	28.0119	580.1934	5.1236	1
75.2	28.0191	581.0937	5.121	1
75.3	28.0262	581.9714	5.1039	1
75.4	28.0331	582.7829	5.1113	1
75.5	28.0403	583.5607	5.1113	1
75.6	28.0474	584.4531	5.1159	1
75.7	28.0544	585.3166	5.1077	1
75.8	28.0613	586.1364	5.1022	1
75.9	28.0681	586.9968	5.0987	1
76	28.0745	587.9025	5.1034	1
76.1	28.081	588.7371	5.1132	1
76.2	28.0876	589.5654	5.1119	1
76.3	28.0947	590.3301	5.1069	1
76.4	28.1016	591.1012	5.1155	1
76.5	28.1085	592.0435	5.1181	1
76.6	28.115	592.8723	5.119	1
76.7	28.1213	593.7855	5.1161	1
76.8	28.1279	594.6021	5.116	1
76.9	28.1343	595.4589	5.0961	1
77	28.1403	596.2877	5.103	1
77.1	28.1463	597.1138	5.1076	1
77.2	28.1527	597.9086	5.1128	1
77.3	28.1594	598.7387	5.1135	1
77.4	28.1657	599.6321	5.1122	1
77.5	28.1718	600.4638	5.1118	1
77.6	28.1779	601.2924	5.1197	1
77.7	28.1845	602.0169	5.1153	1
77.8	28.1911	602.8922	5.1097	1
77.9	28.1974	603.7505	5.1069	1
78	28.2037	604.6344	5.0963	1
78.1	28.2099	605.4706	5.1063	1
78.2	28.2157	606.3774	5.1037	1
78.3	28.2212	607.2805	5.1033	1
78.4	28.2265	608.0371	5.1016	1
78.5	28.2321	609.0178	5.0916	1
78.6	28.2376	609.7946	5.0934	1
78.7	28.2431	610.6167	5.0974	1
78.8	28.2484	611.4678	5.1062	1
78.9	28.2538	612.2571	5.0877	1
79	28.2592	613.1213	5.0812	1
79.1	28.2648	613.8959	5.0924	1
79.2	28.2705	614.6941	5.0914	1
79.3	28.2761	615.5426	5.0961	1
79.4	28.2817	616.3552	5.0908	1
79.5	28.2874	617.2244	5.093	1
79.6	28.2933	618.073	5.1053	1
79.7	28.2992	618.8327	5.1197	1
79.8	28.3053	619.5747	5.1106	1
79.9	28.3117	620.3123	5.1173	1
80	28.318	621.2139	5.1244	1
80.1	28.324	622.1297	5.112	1
80.2	28.3298	622.9697	5.1028	1
80.3	28.3358	623.8297	5.1003	1
80.4	28.3418	624.6782	5.0935	1
80.5	28.3478	625.4392	5.1017	1
80.6	28.3542	626.2574	5.1105	1
80.7	28.3604	627.1153	5.1077	1
80.8	28.3665	627.9505	5.1052	1
80.9	28.3726	628.7612	5.1008	1
81	28.3787	629.6058	5.102	1
81.1	28.3846	630.4706	5.0959	1
81.2	28.3908	631.3336	5.0918	1
81.3	28.397	632.1201	5.09	1
81.4	28.4031	632.9263	5.0958	1
81.5	28.4095	633.6802	5.1011	1
81.6	28.416	634.4553	5.0804	1
81.7	28.4225	635.3324	5.0897	1
81.8	28.4288	636.1782	5.0871	1
81.9	28.4354	637.0001	5.0804	1
82	28.4421	637.9222	5.0886	1
82.1	28.4488	638.6556	5.0971	1
82.2	28.4556	639.4447	5.0921	1
82.3	28.4625	640.277	5.0896	1
82.4	28.4691	641.12	5.0925	1
82.5	28.4757	641.964	5.0976	1
82.6	28.4821	642.9128	5.0874	1
82.7	28.4884	643.7827	5.0802	1
82.8	28.4946	644.5745	5.0903	1
82.9	28.501	645.4037	5.0992	1
83	28.5073	646.2252	5.0948	1
83.1	28.5137	647.0343	5.1049	1
83.2	28.5201	647.831	5.1026	1
83.3	28.527	648.5818	5.0915	1
83.4	28.5339	649.4551	5.0826	1
83.5	28.5407	650.4275	5.0895	1
83.6	28.5474	651.1978	5.0862	1
83.7	28.554	651.9985	5.0837	1
83.8	28.5604	652.8783	5.0962	1
83.9	28.5665	653.8156	5.0865	1
84	28.5726	654.5882	5.0734	1
84.1	28.5787	655.3972	5.0723	1
84.2	28.585	656.2358	5.0782	1
84.3	28.5914	657.0796	5.0767	1
84.4	28.5978	657.9366	5.0801	1
84.5	28.6044	658.6907	5.0891	1
84.6	28.6109	659.4853	5.0901	1
84.7	28.6174	660.3087	5.0835	1
84.8	28.6242	661.0915	5.0787	1
84.9	28.631	661.9424	5.0862	1
85	28.6377	662.8813	5.0843	1
85.1	28.6443	663.6929	5.0759	1
85.2	28.6509	664.4845	5.0736	1
85.3	28.6576	665.3269	5.077	1
85.4	28.6646	666.1363	5.0873	1
85.5	28.6712	666.9834	5.0898	1
85.6	28.6774	667.9171	5.08	1
85.7	28.6837	668.7882	5.0812	1
85.8	28.6898	669.6672	5.0828	1
85.9	28.696	670.4329	5.0798	1
86	28.7021	671.2021	5.0963	1
86.1	28.7085	672.0232	5.1094	1
86.2	28.715	672.8612	5.1037	1
86.3	28.7214	673.7147	5.0889	1
86.4	28.7278	674.5578	5.0898	1
86.5	28.734	675.4205	5.0884	1
86.6	28.7401	676.3141	5.0846	1
86.7	28.7462	677.1658	5.0772	1
86.8	28.7522	677.9715	5.0776	1
86.9	28.7583	678.8098	5.0717	1
87	28.7643	679.6593	5.059	1
87.1	28.7701	680.5512	5.0598	1
87.2	28.7759	681.3721	5.069	1
87.3	28.7816	682.1619	5.0577	1
87.4	28.7873	683.0458	5.0627	1
87.5	28.793	683.8405	5.0683	1
87.6	28.7987	684.7701	5.0651	1
87.7	28.8043	685.5647	5.0719	1
87.8	28.8097	686.3701	5.0889	1
87.9	28.8155	687.2062	5.0938	1
88	28.8211	687.9807	5.0936	1
88.1	28.8269	688.8511	5.0742	1
88.2	28.833	689.6039	5.068	1
88.3	28.8391	690.3869	5.0778	1
88.4	28.8454	691.2151	5.0854	1
88.5	28.8516	692.0645	5.08	1
88.6	28.8576	692.9514	5.0713	1
88.7	28.8636	693.7348	5.0604	1
88.8	28.8698	694.6052	5.0665	1
88.9	28.876	695.412	5.075	1
89	28.8819	696.2882	5.0881	1
89.1	28.8876	697.239	5.089	1
89.2	28.8931	698.0841	5.0835	1
89.3	28.8986	698.9785	5.0704	1
89.4	28.9041	699.7527	5.0555	1
89.5	28.9092	700.6029	5.0617	1
89.6	28.9147	701.3896	5.0683	1
89.7	28.9203	702.1505	5.0693	1
89.8	28.9261	703.0302	5.0664	1
89.9	28.9316	703.8129	5.0511	1
90	28.9372	704.6475	5.0447	1
90.1	28.9429	705.4936	5.0551	1
90.2	28.9488	706.3256	5.0685	1
90.3	28.9545	707.1826	5.0832	1
90.4	28.9603	707.9676	5.0865	1
90.5	28.966	708.8411	5.0746	1
90.6	28.9717	709.6599	5.0706	1
90.7	28.9776	710.4305	5.0972	1
90.8	28.9836	711.2689	5.1061	1
90.9	28.9895	712.1691	5.1176	1
91	28.995	713.0203	5.1116	1
91.1	29.0007	713.816	5.1036	1
91.2	29.0068	714.6365	5.1044	1
91.3	29.0124	715.5298	5.1053	1
91.4	29.0181	716.3264	5.1087	1
91.5	29.0237	717.1118	5.1092	1
91.6	29.0296	717.9847	5.1019	1
91.7	29.0353	718.8784	5.0907	1
91.8	29.0404	719.7663	5.0888	1
91.9	29.0455	720.6228	5.0849	1
92	29.0507	721.494	5.0787	1
92.1	29.0557	722.2884	5.0779	1
92.2	29.061	723.0446	5.0816	1
92.3	29.0665	723.8191	5.09	1
92.4	29.0723	724.6684	5.0914	1
92.5	29.078	725.4935	5.0812	1
92.6	29.0837	726.3229	5.0727	1
92.7	29.0894	727.1568	5.069	1
92.8	29.095	728.0401	5.0658	1
92.9	29.1002	728.9829	5.0705	1
93	29.1052	729.8545	5.0714	1
93.1	29.1103	730.5929	5.072	1
93.2	29.1154	731.4666	5.0828	1
93.3	29.1206	732.248	5.0867	1
93.4	29.126	733.125	5.0952	1
93.5	29.131	734.0088	5.1068	1
93.6	29.1358	734.7837	5.0928	1
93.7	29.1408	735.6087	5.0822	1
93.8	29.1458	736.5223	5.0933	1
93.9	29.1505	737.3156	5.1016	1
94	29.1552	738.1404	5.099	1
94.1	29.1606	738.8786	5.091	1
94.2	29.1655	739.8244	5.0831	1
94.3	29.1702	740.7242	5.0826	1
94.4	29.1749	741.4486	5.081	1
94.5	29.1798	742.3349	5.0847	1
94.6	29.1849	743.1076	5.0829	1
94.7	29.1898	743.9042	5.0852	1
94.8	29.195	744.7639	5.086	1
94.9	29.2003	745.5361	5.082	1
95	29.2054	746.5217	5.0785	1
95.1	29.2103	747.3245	5.0846	1
95.2	29.2151	748.1109	5.077	1
95.3	29.2203	748.8789	5.0788	1
95.4	29.2258	749.6281	5.081	1
95.5	29.2311	750.5994	5.0671	1
95.6	29.2361	751.4287	5.0669	1
95.7	29.241	752.2304	5.069	1
95.8	29.2462	753.0223	5.0754	1
95.9	29.2517	753.8471	5.0778	1
96	29.257	754.7183	5.0698	1
96.1	29.2623	755.5884	5.0685	1
96.2	29.2678	756.3871	5.0837	1
96.3	29.273	757.2678	5.0921	1
96.4	29.2781	758.0807	5.0912	1
96.5	29.2833	758.8374	5.0888	1
96.6	29.2892	759.5113	5.0989	1
96.7	29.2955	760.2998	5.1091	1
96.8	29.3018	761.1709	5.0998	1
96.9	29.3076	762.1005	5.0831	1
97	29.3133	763.0265	5.092	1
97.1	29.319	763.7569	5.0958	1
97.2	29.3247	764.5988	5.0898	1
97.3	29.3304	765.5457	5.086	1
97.4	29.3363	766.271	5.081	1
97.5	29.3425	766.9343	5.0887	1
97.6	29.3492	767.7201	5.0966	1
97.7	29.3558	768.7293	5.1039	1
97.8	29.3619	769.628	5.1049	1
97.9	29.3675	770.4052	5.0939	1
98	29.3732	771.36	5.0839	1
98.1	29.3788	772.227	5.0696	1
98.2	29.3845	772.9758	5.0717	1
98.3	29.3903	773.7603	5.0809	1
98.4	29.3964	774.6045	5.0754	1
98.5	29.4021	775.4571	5.0796	1
98.6	29.4075	776.4076	5.0838	1
98.7	29.4129	777.2452	5.0879	1
98.8	29.4181	778.0333	5.0944	1
98.9	29.4234	778.9535	5.1065	1
99	29.4284	779.7783	5.1063	1
99.1	29.4334	780.6401	5.1048	1
99.2	29.4384	781.3312	5.094	1
99.3	29.4455	781.2946	5.0863	1
99.4	29.458	780.9696	5.0797	1
99.5	29.4711	783.0278	5.0793	1
99.6	29.473	786.5276	5.0842	1
99.7	29.4708	786.693	5.0761	1
99.8	29.474	786.7992	5.0664	1
99.9	29.4765	787.9024	5.0719	1
100	29.4795	788.3935	5.0882	1
100.1	29.4832	789.2219	5.0923	1
100.2	29.4871	790.0572	5.0916	1
100.3	29.4908	790.8668	5.0975	1
100.4	29.4945	791.6417	5.1007	1
100.5	29.4987	792.3864	5.0975	1
100.6	29.5032	793.1673	5.0915	1
100.7	29.5078	794.036	5.087	1
100.8	29.5122	794.8489	5.0895	1
100.9	29.5163	795.8514	5.0979	1
101	29.5207	796.5724	5.1109	1
101.1	29.5254	797.2576	5.1153	1
101.2	29.5302	798.1464	5.1268	1
101.3	29.535	798.9284	5.1319	1
101.4	29.54	799.7831	5.1221	1
101.5	29.545	800.5446	5.1061	1
101.6	29.5498	801.4114	5.0978	1
101.7	29.5546	802.368	5.1035	1
101.8	29.5591	803.1278	5.1086	1
101.9	29.564	803.9213	5.1111	1
102	29.569	804.7475	5.0998	1
102.1	29.574	805.645	5.0912	1
102.2	29.5788	806.4411	5.0953	1
102.3	29.5836	807.262	5.1066	1
102.4	29.5886	808.0757	5.1126	1
102.5	29.5937	808.8443	5.0966	1
102.6	29.5989	809.7056	5.0822	1
102.7	29.6041	810.5841	5.0781	1
102.8	29.6091	811.5017	5.0772	1
102.9	29.6141	812.272	5.078	1
103	29.619	813.1128	5.0765	1
103.1	29.6237	813.9913	5.0913	1
103.2	29.6286	814.7415	5.0968	1
103.3	29.6336	815.6035	5.1053	1
103.4	29.6386	816.4495	5.1087	1
103.5	29.6432	817.2987	5.1117	1
103.6	29.6477	818.1648	5.1106	1
103.7	29.6524	818.9032	5.1119	1
103.8	29.6571	819.9168	5.1266	1
103.9	29.6616	820.6763	5.1147	1
104	29.666	821.493	5.1085	1
104.1	29.6708	822.3342	5.1151	1
104.2	29.6754	823.1283	5.1239	1
104.3	29.68	824.0644	5.1118	1
104.4	29.6844	824.8281	5.098	1
104.5	29.6888	825.7402	5.0986	1
104.6	29.6936	826.4889	5.1048	1
104.7	29.6981	827.2986	5.0936	1
104.8	29.7028	828.1182	5.1042	1
104.9	29.7075	828.9656	5.1168	1
105	29.7123	829.7961	5.1141	1
105.1	29.717	830.5808	5.1098	1
105.2	29.7217	831.5058	5.1045	1
105.3	29.7261	832.358	5.1032	1
105.4	29.7304	833.2155	5.0976	1
105.5	29.7345	834.159	5.1004	1
105.6	29.7386	834.9195	5.1016	1
105.7	29.7428	835.7445	5.0957	1
105.8	29.747	836.5586	5.1011	1
105.9	29.7511	837.3473	5.1054	1
106	29.7555	838.2257	5.1041	1
106.1	29.7598	839.0082	5.1044	1
106.2	29.764	839.934	5.108	1
106.3	29.7684	840.6834	5.1196	1
106.4	29.7729	841.4825	5.1149	1
106.5	29.7779	842.2332	5.1136	1
106.6	29.7827	843.1742	5.1093	1
106.7	29.7872	844.0142	5.1148	1
106.8	29.7916	844.7971	5.134	1
106.9	29.7962	845.6621	5.1463	1
107	29.8006	846.5226	5.1586	1
107.1	29.8048	847.3549	5.1417	1
107.2	29.8093	848.162	5.1198	1
107.3	29.8143	848.9135	5.1285	1
107.4	29.8193	849.7461	5.1457	1
107.5	29.8239	850.625	5.1425	1
107.6	29.8284	851.3787	5.1281	1
107.7	29.8334	852.252	5.1208	1
107.8	29.8387	853.0223	5.1316	1
107.9	29.8439	853.9085	5.1406	1
108	29.8486	854.7552	5.1296	1
108.1	29.853	855.7099	5.1189	1
108.2	29.8572	856.5846	5.1244	1
108.3	29.8613	857.4175	5.121	1
108.4	29.8654	858.2391	5.1124	1
108.5	29.8692	859.0135	5.1104	1
108.6	29.8728	859.9223	5.1113	1
108.7	29.8764	860.8448	5.1074	1
108.8	29.8803	861.6219	5.1043	1
108.9	29.8842	862.4276	5.1007	1
109	29.8884	863.2111	5.1063	1
109.1	29.8927	864.0109	5.1074	1
109.2	29.897	864.87	5.1161	1
109.3	29.9015	865.6275	5.109	1
109.4	29.9062	866.451	5.1118	1
109.5	29.9108	867.3179	5.1187	1
109.6	29.9154	868.1534	5.1031	1
109.7	29.9196	868.9858	5.0954	1
109.8	29.9238	869.8331	5.1031	1
109.9	29.9281	870.7005	5.1039	1
110	29.9325	871.5672	5.1131	1
110.1	29.937	872.2723	5.124	1
110.2	29.9415	873.1345	5.1213	1
110.3	29.946	874.0061	5.1129	1
110.4	29.9501	874.8206	5.105	1
110.5	29.9546	875.6691	5.0995	1
110.6	29.9589	876.5377	5.1037	1
110.7	29.9632	877.4757	5.1251	1
110.8	29.9674	878.1896	5.1196	1
110.9	29.9716	879.0429	5.1172	1
111	29.976	879.8465	5.1135	1
111.1	29.9805	880.6026	5.0941	1
111.2	29.9851	881.4933	5.0913	1
111.3	29.9897	882.2862	5.1099	1
111.4	29.994	883.1965	5.1116	1
111.5	29.9984	883.9956	5.1149	1
111.6	30.0028	884.8187	5.12	1
111.7	30.0075	885.719	5.1226	1
111.8	30.012	886.4805	5.1265	1
111.9	30.0166	887.2567	5.1122	1
112	30.0212	888.0168	5.1012	1
112.1	30.0259	889.0224	5.1036	1
112.2	30.0303	889.8685	5.1063	1
112.3	30.0345	890.7137	5.115	1
112.4	30.0387	891.5492	5.1237	1
112.5	30.0428	892.3729	5.1166	1
112.6	30.0468	893.2855	5.1187	1
112.7	30.0507	894.0687	5.1217	1
112.8	30.0548	894.8714	5.1109	1
112.9	30.0592	895.7331	5.1106	1
113	30.0635	896.4477	5.1177	1
113.1	30.0679	897.3563	5.1289	1
113.2	30.0725	898.1591	5.1276	1
113.3	30.0766	899.0427	5.1089	1
113.4	30.0806	899.9296	5.1085	1
113.5	30.0848	900.6732	5.1162	1
113.6	30.0891	901.5024	5.1118	1
113.7	30.0935	902.2555	5.1104	1
113.8	30.0979	903.1478	5.1273	1
113.9	30.1024	903.936	5.1242	1
114	30.1068	904.8586	5.1221	1
114.1	30.1115	905.627	5.1311	1
114.2	30.1161	906.4035	5.1311	1
114.3	30.1209	907.2185	5.1208	1
114.4	30.1261	908.0464	5.1078	1
114.5	30.1311	908.8958	5.1091	1
114.6	30.1361	909.7068	5.1279	1
114.7	30.141	910.4948	5.1398	1
114.8	30.1459	911.3858	5.1402	1
114.9	30.1509	912.2121	5.1337	1
115	30.1558	913.1458	5.1164	1
115.1	30.1605	913.9468	5.1091	1
115.2	30.1652	914.7406	5.1168	1
115.3	30.1702	915.515	5.1374	1
115.4	30.1754	916.3463	5.1325	1
115.5	30.1807	917.1416	5.1256	1
115.6	30.1861	917.9187	5.1352	1
115.7	30.1914	918.7879	5.1346	1
115.8	30.1971	919.4931	5.1414	1
115.9	30.2033	920.2926	5.133	1
116	30.2097	920.9997	5.125	1
116.1	30.2164	921.7716	5.126	1
116.2	30.2234	922.6661	5.1205	1
116.3	30.2304	923.4505	5.1178	1
116.4	30.2375	924.2304	5.1252	1
116.5	30.2446	925.122	5.1284	1
116.6	30.2513	926.1222	5.1336	1
116.7	30.2578	926.9904	5.1382	1
116.8	30.2643	927.6878	5.1344	1
116.9	30.2709	928.4956	5.13	1
117	30.2776	929.3904	5.1434	1
117.1	30.2842	930.2825	5.143	1
117.2	30.2905	931.1505	5.1433	1
117.3	30.2968	931.9596	5.1441	1
117.4	30.3032	932.7836	5.1193	1
117.5	30.3096	933.64	5.1138	1
117.6	30.3158	934.4858	5.1317	1
117.7	30.3218	935.3951	5.1365	1
117.8	30.3276	936.2682	5.1472	1
117.9	30.3333	937.1039	5.1627	1
118	30.339	937.9713	5.1682	1
118.1	30.3444	938.8803	5.1732	1
118.2	30.3497	939.6692	5.1648	1
118.3	30.3552	940.4766	5.1564	1
118.4	30.3605	941.3374	5.1457	1
118.5	30.3661	942.171	5.152	1
118.6	30.3716	943.0203	5.1513	1
118.7	30.3773	943.6968	5.1397	1
118.8	30.383	944.5552	5.1437	1
118.9	30.3888	945.4624	5.1418	1
119	30.3944	946.3254	5.1425	1
119.1	30.4001	947.1792	5.1449	1
119.2	30.4055	948.0325	5.1473	1
119.3	30.4106	948.907	5.1486	1
119.4	30.4157	949.6691	5.1397	1
119.5	30.4207	950.6992	5.1396	1
119.6	30.4251	951.5068	5.1365	1
119.7	30.4293	952.4517	5.1453	1
119.8	30.4334	953.3686	5.1542	1
119.9	30.4372	954.161	5.1544	1
120	30.4408	955.0526	5.16	1
120.1	30.4445	955.8512	5.1671	1
120.2	30.448	956.7969	5.1732	1
120.3	30.4514	957.5945	5.1614	1
120.4	30.4547	958.3879	5.1461	1
120.5	30.4584	959.1682	5.1531	1
120.6	30.4623	959.8713	5.1511	1
120.7	30.4664	960.7624	5.1521	1
120.8	30.4704	961.6634	5.1556	1
120.9	30.4742	962.5033	5.149	1
121	30.478	963.2586	5.1343	1
121.1	30.482	964.0351	5.1246	1
121.2	30.4865	964.9133	5.1361	1
121.3	30.4909	965.5667	5.1382	1
121.4	30.4954	966.4306	5.1394	1
121.5	30.5	967.3733	5.1523	1
121.6	30.5042	968.1775	5.1431	1
121.7	30.5085	969.0686	5.1399	1
121.8	30.5127	969.9117	5.1398	1
121.9	30.5165	970.7906	5.137	1
122	30.5206	971.5922	5.1402	1
122.1	30.5248	972.3411	5.1539	1
122.2	30.5294	973.1107	5.1441	1
122.3	30.5343	973.8945	5.1427	1
122.4	30.5393	974.6731	5.1415	1
122.5	30.5445	975.3838	5.1365	1
122.6	30.5503	976.1631	5.1334	1
122.7	30.5563	977.0078	5.1252	1
122.8	30.5625	977.844	5.111	1
122.9	30.5682	978.7356	5.1054	1
123	30.5737	979.6585	5.1171	1
123.1	30.5791	980.4514	5.1166	1
123.2	30.5844	981.3153	5.1048	1
123.3	30.5895	982.2211	5.1082	1
123.4	30.5945	983.0573	5.1156	1
123.5	30.5999	983.7823	5.115	1
123.6	30.6054	984.6117	5.099	1
123.7	30.6107	985.5222	5.0971	1
123.8	30.6156	986.3644	5.119	1
123.9	30.6206	987.1913	5.1236	1
124	30.6257	988.027	5.1066	1
124.1	30.631	988.9026	5.0919	1
124.2	30.6361	989.7024	5.0997	1
124.3	30.6412	990.5061	5.105	1
124.4	30.6461	991.4422	5.0973	1
124.5	30.6509	992.2334	5.107	1
124.6	30.6559	993.048	5.1199	1
124.7	30.6607	993.9843	5.1242	1
124.8	30.6652	994.8656	5.1255	1
124.9	30.6697	995.6242	5.1366	1
125	30.6745	996.4923	5.1443	1
125.1	30.6791	997.2994	5.1291	1
125.2	30.6837	998.1383	5.1225	1
125.3	30.6882	999.001	5.1388	1
125.4	30.6928	999.7544	5.1377	2
125.5	30.6976	1000.5842	5.1287	2
125.6	30.7025	1001.3781	5.1327	2
125.7	30.7077	1002.0417	5.1487	2
125.8	30.7125	1002.6632	5.151	2
125.9	30.7167	1002.9903	5.1502	2
126	30.7204	1002.9789	5.1589	2
126.1	30.7241	1002.9287	5.162	2
126.2	30.7279	1002.9776	5.1557	2
126.3	30.7314	1003.078	5.1445	2
126.4	30.7345	1002.9807	5.1427	2
126.5	30.7375	1003.0881	5.1253	2
126.6	30.7405	1003.1357	5.1187	2
126.7	30.7432	1003.1564	5.1255	2
126.8	30.7459	1003.1925	5.1108	2
126.9	30.7485	1003.16	5.1117	2
127	30.751	1003.2175	5.1111	2
127.1	30.7533	1003.2408	5.1139	2
127.2	30.7555	1003.1879	5.1056	2
127.3	30.758	1003.1747	5.0909	2
127.4	30.7605	1003.1057	5.098	2
127.5	30.7632	1003.1553	5.1176	2
127.6	30.766	1003.0875	5.1118	2
127.7	30.7686	1003.1108	5.1116	2
127.8	30.7712	1003.2194	5.1174	2
127.9	30.7736	1003.0743	5.1207	2
128	30.7761	1003.1424	5.111	2
128.1	30.7788	1003.111	5.1118	2
128.2	30.7815	1003.1223	5.1253	2
128.3	30.7843	1003.1428	5.1187	2
128.4	30.787	1003.1228	5.1097	2
128.5	30.7895	1003.1563	5.1076	2
128.6	30.7919	1003.1097	5.1222	2
128.7	30.7946	1003.092	5.1125	2
128.8	30.7973	1003.1149	5.1061	2
128.9	30.8	1003.1513	5.1208	2
129	30.8025	1003.0181	5.1257	2
129.1	30.8054	1003.0787	5.1271	2
129.2	30.8083	1003.0179	5.1377	2
129.3	30.811	1003.0565	5.1399	2
129.4	30.8135	1003.1651	5.129	2
129.5	30.816	1003.1509	5.1248	2
129.6	30.8183	1003.1313	5.1147	2
129.7	30.8206	1003.1418	5.1174	2
129.8	30.8227	1003.2238	5.1166	2
129.9	30.8249	1003.2237	5.116	2
130	30.8272	1003.1355	5.1206	2
130.1	30.8297	1003.0525	5.1343	2
130.2	30.8325	1003.0034	5.1302	2
130.3	30.8354	1003.0876	5.126	2
130.4	30.8381	1003.1206	5.1203	2
130.5	30.8404	1003.0929	5.1165	2
130.6	30.843	1003.0184	5.1262	2
130.7	30.8456	1003.1083	5.1452	2
130.8	30.8481	1003.1245	5.1485	2
130.9	30.8504	1003.1621	5.1364	2
131	30.8528	1003.1717	5.1304	2
131.1	30.8549	1003.1543	5.1237	2
131.2	30.857	1003.1693	5.1311	2
131.3	30.8592	1003.1487	5.1346	2
131.4	30.8612	1003.1875	5.1335	2
131.5	30.8631	1003.22	5.1273	2
131.6	30.865	1003.2642	5.1204	2
131.7	30.8665	1003.3343	5.114	2
131.8	30.8679	1003.3	5.1159	2
131.9	30.8693	1003.2731	5.1183	2
132	30.8711	1003.2869	5.1127	2
132.1	30.8728	1003.1946	5.1002	2
132.2	30.8745	1003.195	5.0933	2
132.3	30.8765	1003.238	5.1127	2
132.4	30.8783	1003.1638	5.1184	2
132.5	30.8801	1003.3206	5.1192	2
132.6	30.8816	1003.3526	5.1277	2
132.7	30.8828	1003.3912	5.1291	2
132.8	30.884	1003.3591	5.1213	2
132.9	30.8852	1003.2686	5.1257	2
133	30.8866	1003.3516	5.1294	2
133.1	30.8878	1003.2923	5.1156	2
133.2	30.8889	1003.3741	5.1137	2
133.3	30.8902	1003.37	5.1132	2
133.4	30.8913	1003.3419	5.1093	2
133.5	30.8925	1003.3604	5.0951	2
133.6	30.8937	1003.3012	5.0974	2
133.7	30.895	1003.3466	5.1175	2
133.8	30.8961	1003.3516	5.1131	2
133.9	30.8971	1003.3253	5.1065	2
134	30.898	1003.3698	5.1124	2
134.1	30.899	1003.3206	5.1072	2
134.2	30.8999	1003.4564	5.1061	2
134.3	30.9006	1003.5042	5.121	2
134.4	30.9012	1003.4667	5.127	2
134.5	30.9018	1003.4449	5.1319	2
134.6	30.9024	1003.4629	5.1363	2
134.7	30.903	1003.4173	5.1285	2
134.8	30.9034	1003.5709	5.1302	2
134.9	30.9036	1003.5532	5.1364	2
135	30.9034	1003.492	5.1338	2
135.1	30.9035	1003.5386	5.1262	2
135.2	30.9037	1003.5081	5.1214	2
135.3	30.9039	1003.6465	5.1255	2
135.4	30.9038	1003.5854	5.1216	2
135.5	30.9035	1003.5555	5.1116	2
135.6	30.9031	1003.6826	5.1233	2
135.7	30.9026	1003.6378	5.1349	2
135.8	30.9022	1003.5881	5.1256	2
135.9	30.9019	1003.6449	5.1136	2
136	30.9017	1003.645	5.1128	2
136.1	30.9013	1003.5418	5.1124	2
136.2	30.9012	1003.608	5.1192	2
136.3	30.9011	1003.594	5.1147	2
136.4	30.9007	1003.6643	5.1093	2
136.5	30.9004	1003.6535	5.1121	2
136.6	30.8998	1003.6896	5.1099	2
136.7	30.8993	1003.6809	5.0997	2
136.8	30.8987	1003.6649	5.0968	2
136.9	30.8983	1003.6024	5.1056	2
137	30.8981	1003.6427	5.1101	2
137.1	30.8977	1003.5866	5.1176	2
137.2	30.8977	1003.5253	5.1252	2
137.3	30.8978	1003.545	5.1194	2
137.4	30.8976	1003.5126	5.1078	2
137.5	30.8973	1003.5627	5.1085	2
137.6	30.8973	1003.545	5.1132	2
137.7	30.8973	1003.5618	5.1148	2
137.8	30.8975	1003.4868	5.1141	2
137.9	30.8976	1003.46	5.0905	2
138	30.8977	1003.4831	5.084	2
138.1	30.8978	1003.497	5.0941	2
138.2	30.898	1003.4697	5.1008	2
138.3	30.8983	1003.4312	5.1095	2
138.4	30.8987	1003.4137	5.1147	2
138.5	30.899	1003.4596	5.1067	2
138.6	30.8991	1003.4938	5.0961	2
138.7	30.8994	1003.4761	5.0982	2
138.8	30.8999	1003.4061	5.1156	2
138.9	30.9005	1003.3777	5.1221	2
139	30.901	1003.4109	5.1157	2
139.1	30.9015	1003.455	5.1019	2
139.2	30.9019	1003.3948	5.1106	2
139.3	30.9024	1003.3955	5.1175	2
139.4	30.903	1003.3993	5.1048	2
139.5	30.9036	1003.3605	5.0969	2
139.6	30.9044	1003.2958	5.0992	2
139.7	30.9055	1003.2874	5.1122	2
139.8	30.9066	1003.2725	5.1172	2
139.9	30.9078	1003.1947	5.1217	2
140	30.9089	1003.2461	5.1256	2
140.1	30.91	1003.308	5.1336	2
140.2	30.911	1003.2908	5.1283	2
140.3	30.912	1003.3286	5.1233	2
140.4	30.913	1003.3109	5.1205	2
140.5	30.9139	1003.3121	5.1148	2
140.6	30.9149	1003.3353	5.1108	2
140.7	30.9154	1003.4017	5.115	2
140.8	30.9156	1003.5386	5.1099	2
140.9	30.9156	1003.5534	5.1094	2
141	30.9153	1003.5945	5.1041	2
141.1	30.9149	1003.6093	5.1057	2
141.2	30.9147	1003.4902	5.1097	2
141.3	30.915	1003.3688	5.1267	2
141.4	30.9159	1003.397	5.1239	2
141.5	30.9164	1003.3833	5.1053	2
141.6	30.9167	1003.4121	5.1065	2
141.7	30.9171	1003.4193	5.1181	2
141.8	30.9174	1003.4534	5.1206	2
141.9	30.9175	1003.464	5.1254	2
142	30.9175	1003.5057	5.1231	2
142.1	30.9177	1003.3808	5.1169	2
142.2	30.9179	1003.418	5.1136	2
142.3	30.9182	1003.4903	5.1168	2
142.4	30.9182	1003.4714	5.1185	2
142.5	30.9183	1003.4562	5.1087	2
142.6	30.9187	1003.422	5.1043	2
142.7	30.9188	1003.4938	5.1089	2
142.8	30.919	1003.4773	5.1153	2
142.9	30.9191	1003.4462	5.1188	2
143	30.9194	1003.4431	5.1135	2
143.1	30.9193	1003.5335	5.1009	2
143.2	30.9193	1003.4974	5.1006	2
143.3	30.9196	1003.3782	5.0994	2
143.4	30.9203	1003.3509	5.0971	2
143.5	30.9209	1003.3218	5.0977	2
143.6	30.9215	1003.3621	5.0899	2
143.7	30.922	1003.3974	5.0988	2
143.8	30.9224	1003.4128	5.1057	2
143.9	30.9226	1003.4697	5.0991	2
144	30.9227	1003.4457	5.0949	2
144.1	30.9229	1003.4192	5.0949	2
144.2	30.9232	1003.3782	5.0852	2
144.3	30.9237	1003.4017	5.0777	2
144.4	30.9243	1003.45	5.0693	2
144.5	30.9249	1003.3319	5.0649	2
144.6	30.9257	1003.2991	5.0505	2
144.7	30.9267	1003.1975	5.0532	2
144.8	30.9283	1003.1255	5.0709	2
144.9	30.9301	1003.1181	5.0826	2
145	30.9318	1003.0925	5.0787	2
145.1	30.9335	1003.1065	5.0728	2
145.2	30.9353	1003.1019	5.0762	2
145.3	30.9369	1003.0771	5.0742	2
145.4	30.9384	1003.1465	5.0877	2
145.5	30.9402	1003.1299	5.0897	2
145.6	30.9418	1003.1059	5.0784	2
145.7	30.9431	1003.1657	5.0913	2
145.8	30.9444	1003.1845	5.0943	2
145.9	30.946	1003.2791	5.0896	2
146	30.9476	1003.2532	5.0942	2
146.1	30.949	1003.1584	5.0959	2
146.2	30.9505	1003.1189	5.1063	2
146.3	30.9521	1003.1386	5.1011	2
146.4	30.9535	1003.1804	5.0827	2
146.5	30.9548	1003.1326	5.0794	2
146.6	30.9559	1003.2801	5.0887	2
146.7	30.9567	1003.369	5.0954	2
146.8	30.9574	1003.3872	5.0985	2
146.9	30.9578	1003.439	5.0905	2
147	30.9582	1003.3493	5.0816	2
147.1	30.9587	1003.3165	5.0852	2
147.2	30.9594	1003.3509	5.0917	2
147.3	30.9599	1003.2915	5.0943	2
147.4	30.9606	1003.4267	5.0888	2
147.5	30.961	1003.4146	5.0909	2
147.6	30.9615	1003.3889	5.0805	2
147.7	30.9619	1003.3798	5.073	2
147.8	30.9621	1003.4221	5.0714	2
147.9	30.9624	1003.3709	5.0843	2
148	30.9628	1003.4259	5.0981	2
148.1	30.9633	1003.4032	5.0939	2
148.2	30.9636	1003.3987	5.0821	2
148.3	30.9637	1003.4398	5.0821	2
148.4	30.9635	1003.5604	5.0881	2
148.5	30.9629	1003.647	5.0912	2
148.6	30.9621	1003.7239	5.0898	2
148.7	30.9611	1003.7058	5.0892	2
148.8	30.9601	1003.6915	5.0879	2
148.9	30.9592	1003.653	5.088	2
149	30.9589	1003.5079	5.0815	2
149.1	30.9588	1003.5187	5.0871	2
149.2	30.9586	1003.5244	5.0909	2
149.3	30.9581	1003.5271	5.0901	2
149.4	30.9579	1003.5345	5.0899	2
149.5	30.9578	1003.5489	5.0959	2
149.6	30.9576	1003.5472	5.1105	2
149.7	30.9573	1003.433	5.1134	2
149.8	30.9572	1003.4959	5.1013	2
149.9	30.9569	1003.5826	5.1002	2
150	30.9564	1003.5613	5.1065	2
150.1	30.9561	1003.4695	5.1027	2
150.2	30.9558	1003.4774	5.0903	2
150.3	30.9557	1003.5401	5.0774	2
150.4	30.9555	1003.4682	5.0681	2
150.5	30.9554	1003.553	5.0783	2
150.6	30.9554	1003.467	5.1004	2
150.7	30.9552	1003.4721	5.1017	2
150.8	30.9555	1003.4149	5.1099	2
150.9	30.9561	1003.3288	5.1152	2
151	30.9566	1003.3284	5.1073	2
151.1	30.9571	1003.3938	5.1054	2
151.2	30.9576	1003.3596	5.1058	2
151.3	30.9581	1003.3177	5.1037	2
151.4	30.9586	1003.3175	5.1098	2
151.5	30.9593	1003.3242	5.1068	2
151.6	30.9602	1003.2504	5.1123	2
151.7	30.9611	1003.2168	5.1212	2
151.8	30.9622	1003.2542	5.1168	2
151.9	30.9634	1003.1576	5.1108	2
152	30.9648	1003.1713	5.0975	2
152.1	30.9662	1003.1437	5.0931	2
152.2	30.9675	1003.2934	5.0991	2
152.3	30.9686	1003.196	5.0972	2
152.4	30.9696	1003.2173	5.0998	2
152.5	30.9705	1003.3514	5.0975	2
152.6	30.9709	1003.3282	5.0866	2
152.7	30.9716	1003.3922	5.1023	2
152.8	30.9723	1003.3351	5.1063	2
152.9	30.973	1003.3178	5.1036	2
153	30.9737	1003.3206	5.1042	2
153.1	30.9742	1003.3344	5.1191	2
153.2	30.975	1003.2903	5.1225	2
153.3	30.9756	1003.3447	5.1049	2
153.4	30.976	1003.3458	5.1056	2
153.5	30.9764	1003.3979	5.0989	2
153.6	30.9764	1003.5801	5.0952	2
153.7	30.9754	1003.8076	5.0872	2
153.8	30.9742	1003.5927	5.0921	2
153.9	30.9748	1003.1601	5.118	2
154	30.9764	1003.094	5.1323	2
154.1	30.9784	1002.7516	5.1243	2
154.2	30.9822	1002.6944	5.0994	2
154.3	30.984	1003.3791	5.104	2
154.4	30.9836	1003.5334	5.111	2
154.5	30.9834	1003.5046	5.1042	2
154.6	30.9832	1003.4959	5.1138	2
154.7	30.9831	1003.5053	5.1242	2
154.8	30.9829	1003.5051	5.1223	2
154.9	30.9827	1003.4965	5.118	2
155	30.9826	1003.4898	5.1144	2
155.1	30.9826	1003.4157	5.1037	2
155.2	30.9829	1003.3115	5.1032	2
155.3	30.9836	1003.3021	5.1099	2
155.4	30.9842	1003.3273	5.1226	3
155.5	30.985	1003.3264	5.1083	3
155.6	30.9854	1003.3015	5.0996	3
155.7	30.9857	1003.3748	5.1024	3
155.8	30.986	1003.0575	5.0931	3
155.9	30.9857	1002.3819	5.0834	3
156	30.9849	1001.7412	5.0922	3
156.1	30.9837	1000.9547	5.0953	3
156.2	30.982	1000.0786	5.0978	3
156.3	30.9807	999.2227	5.0999	3
156.4	30.9794	998.3993	5.0902	3
156.5	30.9781	997.6085	5.0958	3
156.6	30.9767	996.7731	5.1079	3
156.7	30.9749	995.9731	5.1015	3
156.8	30.9735	995.1482	5.0889	3
156.9	30.972	994.2394	5.0924	3
157	30.9707	993.4651	5.0978	3
157.1	30.9694	992.6083	5.0993	3
157.2	30.9676	991.8408	5.1148	3
157.3	30.9659	991.0135	5.1142	3
157.4	30.964	990.1614	5.0917	3
157.5	30.9622	989.4333	5.0851	3
157.6	30.9602	988.5757	5.0964	3
157.7	30.9579	987.7288	5.1026	3
157.8	30.9559	986.9194	5.0928	3
157.9	30.9543	985.9959	5.09	3
158	30.953	985.0166	5.096	3
158.1	30.9519	984.1529	5.0964	3
158.2	30.9506	983.4402	5.0897	3
158.3	30.949	982.7004	5.0879	3
158.4	30.947	981.9246	5.0962	3
158.5	30.9449	981.0922	5.1108	3
158.6	30.9426	980.288	5.1101	3
158.7	30.9402	979.487	5.0987	3
158.8	30.9377	978.6661	5.0793	3
158.9	30.9353	977.7823	5.0762	3
159	30.9329	977.0024	5.0935	3
159.1	30.9305	976.1487	5.0993	3
159.2	30.928	975.2986	5.1018	3
159.3	30.9255	974.5063	5.0902	3
159.4	30.9228	973.7634	5.0864	3
159.5	30.9198	972.9725	5.0954	3
159.6	30.917	972.0699	5.0984	3
159.7	30.9141	971.1567	5.1146	3
159.8	30.9114	970.3515	5.1165	3
159.9	30.9087	969.5255	5.115	3
160	30.9062	968.6845	5.116	3
160.1	30.9037	967.7577	5.1196	3
160.2	30.9012	966.9722	5.1172	3
160.3	30.8986	966.2137	5.1018	3
160.4	30.8958	965.248	5.1001	3
160.5	30.8934	964.4653	5.1046	3
160.6	30.8908	963.6829	5.1013	3
160.7	30.8881	962.922	5.0978	3
160.8	30.8854	962.032	5.1027	3
160.9	30.8825	961.2495	5.1072	3
161	30.8795	960.442	5.0993	3
161.1	30.8763	959.5786	5.0906	3
161.2	30.873	958.8047	5.0978	3
161.3	30.8697	957.9507	5.0934	3
161.4	30.8667	957.0787	5.0952	3
161.5	30.864	956.268	5.1031	3
161.6	30.8608	955.4158	5.0931	3
161.7	30.8578	954.6325	5.0798	3
161.8	30.855	953.6909	5.0837	3
161.9	30.8524	952.8772	5.0934	3
162	30.8497	951.9442	5.0897	3
162.1	30.8472	951.2134	5.0822	3
162.2	30.845	950.2051	5.0875	3
162.3	30.8429	949.3629	5.0898	3
162.4	30.8407	948.6085	5.0929	3
162.5	30.8384	947.6697	5.1016	3
162.6	30.8363	946.9445	5.0935	3
162.7	30.8338	946.0786	5.0901	3
162.8	30.8311	945.3727	5.0997	3
162.9	30.8284	944.5929	5.1005	3
163	30.8255	943.6907	5.1033	3
163.1	30.8226	942.9274	5.0969	3
163.2	30.8194	942.1977	5.088	3
163.3	30.8161	941.347	5.0969	3
163.4	30.8127	940.3838	5.0961	3
163.5	30.8098	939.519	5.0857	3
163.6	30.8071	938.7202	5.1052	3
163.7	30.8042	937.9388	5.1097	3
163.8	30.8011	937.0981	5.0983	3
163.9	30.798	936.3017	5.0971	3
164	30.7947	935.5195	5.0936	3
164.1	30.7911	934.7285	5.0878	3
164.2	30.7874	933.868	5.083	3
164.3	30.784	932.9465	5.0812	3
164.4	30.7808	932.1386	5.0902	3
164.5	30.7776	931.373	5.0966	3
164.6	30.774	930.5053	5.0901	3
164.7	30.7703	929.7419	5.0998	3
164.8	30.7665	928.864	5.1058	3
164.9	30.7629	928.076	5.0958	3
165	30.7595	927.2002	5.0922	3
165.1	30.7558	926.4001	5.1049	3
165.2	30.7517	925.6589	5.1033	3
165.3	30.7479	924.7125	5.0887	3
165.4	30.7442	923.8603	5.0939	3
165.5	30.7409	923.1031	5.079	3
165.6	30.7371	922.2113	5.0742	3
165.7	30.7334	921.4154	5.0848	3
165.8	30.7299	920.5149	5.0943	3
165.9	30.7262	919.7089	5.1008	3
166	30.7225	918.8721	5.0884	3
166.1	30.7189	917.9497	5.0913	3
166.2	30.7152	917.2639	5.101	3
166.3	30.7114	916.4248	5.0924	3
166.4	30.7075	915.5941	5.082	3
166.5	30.7038	914.7073	5.0704	3
166.6	30.7	913.8951	5.0753	3
166.7	30.6963	913.0458	5.0835	3
166.8	30.6928	912.1817	5.0816	3
166.9	30.6893	911.3701	5.0805	3
167	30.686	910.3882	5.073	3
167.1	30.6832	909.4634	5.0746	3
167.2	30.6807	908.6086	5.0738	3
167.3	30.6781	907.8294	5.0659	3
167.4	30.6751	907.1067	5.052	3
167.5	30.6719	906.2667	5.0596	3
167.6	30.6687	905.3556	5.0661	3
167.7	30.6659	904.5702	5.0758	3
167.8	30.6629	903.7433	5.0829	3
167.9	30.6596	903.0408	5.085	3
168	30.6562	902.1959	5.082	3
168.1	30.6524	901.4208	5.0774	3
168.2	30.6489	900.5792	5.0739	3
168.3	30.6452	899.6619	5.0832	3
168.4	30.6416	898.918	5.0872	3
168.5	30.638	898.0097	5.0793	3
168.6	30.634	897.2493	5.0686	3
168.7	30.63	896.4064	5.0655	3
168.8	30.6261	895.4533	5.0673	3
168.9	30.6228	894.6992	5.0577	3
169	30.6193	893.8481	5.0562	3
169.1	30.6158	893.1232	5.0608	3
169.2	30.6123	892.153	5.0776	3
169.3	30.6086	891.3555	5.068	3
169.4	30.605	890.6347	5.0679	3
169.5	30.601	889.8012	5.083	3
169.6	30.5969	889.0341	5.0881	3
169.7	30.5924	888.1704	5.0914	3
169.8	30.5879	887.4172	5.098	3
169.9	30.5832	886.5981	5.0892	3
170	30.5787	885.6635	5.0971	3
170.1	30.5745	884.8738	5.0999	3
170.2	30.5704	884.0219	5.1032	3
170.3	30.5661	883.1219	5.1172	3
170.4	30.5621	882.1552	5.1108	3
170.5	30.5584	881.3513	5.0982	3
170.6	30.5548	880.6114	5.0877	3
170.7	30.551	879.731	5.0776	3
170.8	30.5474	878.8622	5.0675	3
170.9	30.5439	878.0056	5.0756	3
171	30.5404	877.1881	5.0818	3
171.1	30.5366	876.3761	5.0786	3
171.2	30.5326	875.6164	5.0739	3
171.3	30.5287	874.7164	5.0782	3
171.4	30.5247	873.9252	5.0812	3
171.5	30.5206	873.1381	5.0886	3
171.6	30.5164	872.3593	5.0976	3
171.7	30.5125	871.4803	5.1122	3
171.8	30.5085	870.6349	5.118	3
171.9	30.5045	869.7377	5.1066	3
172	30.5004	868.9811	5.0918	3
172.1	30.496	868.2207	5.0996	3
172.2	30.4914	867.3753	5.1119	3
172.3	30.4869	866.627	5.1019	3
172.4	30.4824	865.7661	5.0979	3
172.5	30.4777	864.8552	5.1073	3
172.6	30.4732	864.0886	5.1068	3
172.7	30.4688	863.211	5.1156	3
172.8	30.4641	862.4343	5.1196	3
172.9	30.4594	861.5642	5.0991	3
173	30.4547	860.7953	5.0851	3
173.1	30.45	859.9292	5.0692	3
173.2	30.4452	859.0732	5.0705	3
173.3	30.4404	858.2878	5.0737	3
173.4	30.4355	857.4233	5.0764	3
173.5	30.4308	856.6391	5.0833	3
173.6	30.4261	855.7085	5.0869	3
173.7	30.4217	854.8297	5.0957	3
173.8	30.4175	854.0199	5.1034	3
173.9	30.4132	853.1781	5.1067	3
174	30.409	852.3311	5.0994	3
174.1	30.405	851.3842	5.0978	3
174.2	30.4009	850.6351	5.1099	3
174.3	30.3968	849.7833	5.1194	3
174.4	30.3926	848.9284	5.1244	3
174.5	30.3884	848.1109	5.1256	3
174.6	30.3843	847.2846	5.1139	3
174.7	30.3799	846.5461	5.1002	3
174.8	30.3753	845.7257	5.0901	3
174.9	30.3706	844.911	5.0996	3
175	30.3661	844.0547	5.0942	3
175.1	30.3615	843.1264	5.0886	3
175.2	30.3571	842.4142	5.0911	3
175.3	30.3527	841.5512	5.0975	3
175.4	30.3483	840.698	5.1001	3
175.5	30.3439	839.7918	5.1019	3
175.6	30.3395	839.0689	5.1096	3
175.7	30.335	838.216	5.111	3
175.8	30.3305	837.294	5.1111	3
175.9	30.3263	836.5534	5.1076	3
176	30.3217	835.7483	5.1038	3
176.1	30.3169	834.923	5.1108	3
176.2	30.3122	834.0593	5.1149	3
176.3	30.3078	833.1331	5.1147	3
176.4	30.3037	832.2764	5.0978	3
176.5	30.2994	831.5383	5.0929	3
176.6	30.295	830.7503	5.0978	3
176.7	30.2903	829.8309	5.1043	3
176.8	30.2859	828.9579	5.1055	3
176.9	30.2817	828.1889	5.0948	3
177	30.2772	827.4164	5.0996	3
177.1	30.2728	826.5362	5.1021	3
177.2	30.2687	825.5894	5.0981	3
177.3	30.2651	824.667	5.1035	3
177.4	30.2617	823.7932	5.1143	3
177.5	30.2585	822.862	5.1079	3
177.6	30.2552	822.046	5.1034	3
177.7	30.252	821.3275	5.1144	3
177.8	30.2488	820.4013	5.1228	3
177.9	30.2458	819.5955	5.1085	3
178	30.2427	818.7257	5.1016	3
178.1	30.2394	817.9681	5.1173	3
178.2	30.2359	817.2017	5.1188	3
178.3	30.232	816.3766	5.1176	3
178.4	30.2281	815.5897	5.1156	3
178.5	30.2244	814.6718	5.1076	3
178.6	30.2209	813.9096	5.1037	3
178.7	30.217	813.0952	5.1069	3
178.8	30.2131	812.2937	5.1063	3
178.9	30.2092	811.427	5.1188	3
179	30.205	810.6218	5.1238	3
179.1	30.2008	809.8793	5.1323	3
179.2	30.1965	808.9574	5.1391	3
179.3	30.1922	808.1172	5.1305	3
179.4	30.1876	807.3607	5.1256	3
179.5	30.1828	806.696	5.1287	3
179.6	30.1779	805.8621	5.1212	3
179.7	30.173	804.9641	5.1223	3
179.8	30.168	804.1223	5.1354	3
179.9	30.1631	803.3483	5.1212	3
180	30.1578	802.4914	5.1129	3
180.1	30.1528	801.6196	5.11	3
180.2	30.1478	800.814	5.1057	3
180.3	30.143	800.0003	5.0943	3
180.4	30.138	799.1886	5.0843	3
180.5	30.1329	798.4175	5.0828	3
180.6	30.1274	797.5872	5.0973	3
180.7	30.1217	796.6802	5.101	3
180.8	30.1162	795.9435	5.1147	3
180.9	30.1106	795.1463	5.1192	3
181	30.1051	794.1995	5.1057	3
181.1	30.1004	793.0778	5.0842	3
181.2	30.0965	792.2025	5.0772	3
181.3	30.0929	791.398	5.0773	3
181.4	30.0892	790.5571	5.0808	3
181.5	30.0852	789.7444	5.0905	3
181.6	30.0811	789.0181	5.1001	3
181.7	30.0766	788.2338	5.1046	3
181.8	30.0718	787.5033	5.1028	3
181.9	30.0667	786.6867	5.11	3
182	30.0619	785.7128	5.1241	3
182.1	30.0575	784.8225	5.1232	3
182.2	30.0532	784.0031	5.1163	3
182.3	30.0486	783.2034	5.1178	3
182.4	30.044	782.42	5.1169	3
182.5	30.0396	781.4712	5.1085	3
182.6	30.0353	780.6551	5.1035	3
182.7	30.0309	779.8536	5.106	3
182.8	30.0264	778.9588	5.1045	3
182.9	30.0221	778.1534	5.1174	3
183	30.0178	777.3694	5.1319	3
183.1	30.0133	776.5621	5.1232	3
183.2	30.0088	775.71	5.12	3
183.3	30.0043	774.9323	5.1308	3
183.4	29.9998	774.0594	5.1324	3
183.5	29.995	773.1961	5.1206	3
183.6	29.9905	772.3497	5.1084	3
183.7	29.9861	771.5516	5.1078	3
183.8	29.9812	770.7612	5.1099	3
183.9	29.9763	769.9716	5.1002	3
184	29.9713	769.1887	5.0937	3
184.1	29.9663	768.3128	5.093	3
184.2	29.9613	767.5248	5.0889	3
184.3	29.9562	766.6253	5.0977	3
184.4	29.9509	765.8257	5.1012	3
184.5	29.9457	765.0878	5.0961	3
184.6	29.9404	764.2095	5.0972	3
184.7	29.9353	763.3129	5.098	3
184.8	29.9304	762.4953	5.1008	3
184.9	29.9253	761.7258	5.0972	3
185	29.9199	760.9309	5.0768	3
185.1	29.9143	760.1187	5.0684	3
185.2	29.9085	759.3511	5.0849	3
185.3	29.9028	758.4253	5.0872	3
185.4	29.8971	757.5037	5.093	3
185.5	29.892	756.7434	5.1024	3
185.6	29.8866	755.8988	5.1136	3
185.7	29.8809	755.1134	5.1161	3
185.8	29.8752	754.3952	5.1073	3
185.9	29.8701	753.4437	5.0975	3
186	29.8652	752.5679	5.1032	3
186.1	29.8597	751.8108	5.1053	3
186.2	29.8537	751.0557	5.1069	3
186.3	29.8475	750.1731	5.0989	3
186.4	29.8416	749.2877	5.1009	3
186.5	29.836	748.4276	5.1157	3
186.6	29.8305	747.5897	5.1057	3
186.7	29.8252	746.6524	5.0892	3
186.8	29.8203	745.7602	5.0816	3
186.9	29.8157	744.8682	5.085	3
187	29.811	743.9848	5.1084	3
187.1	29.8065	743.1692	5.1217	3
187.2	29.8022	742.3182	5.104	3
187.3	29.7979	741.551	5.1043	3
187.4	29.7936	740.6059	5.1185	3
187.5	29.7897	739.7988	5.1133	3
187.6	29.7858	738.9451	5.109	3
187.7	29.7819	738.0398	5.1065	3
187.8	29.7778	737.2446	5.0988	3
187.9	29.7738	736.4292	5.1033	3
188	29.7698	735.5683	5.1119	3
188.1	29.7657	734.7432	5.1137	3
188.2	29.7615	733.8798	5.1123	3
188.3	29.7574	733.1602	5.1109	3
188.4	29.7536	732.2229	5.1114	3
188.5	29.7499	731.3212	5.1092	3
188.6	29.7461	730.602	5.1246	3
188.7	29.742	729.7768	5.1238	3
188.8	29.7378	728.9218	5.1166	3
188.9	29.7338	728.1064	5.1278	3
189	29.7297	727.2586	5.1148	3
189.1	29.7254	726.4797	5.0998	3
189.2	29.7214	725.613	5.1079	3
189.3	29.7174	724.8198	5.1135	3
189.4	29.7132	724.0105	5.0993	3
189.5	29.7087	723.1478	5.1061	3
189.6	29.7044	722.3092	5.0983	3
189.7	29.7002	721.4306	5.0873	3
189.8	29.696	720.5702	5.0847	3
189.9	29.6923	719.729	5.0827	3
190	29.6883	718.8951	5.0909	3
190.1	29.6842	718.141	5.0909	3
190.2	29.68	717.2654	5.0905	3
190.3	29.6756	716.552	5.1004	3
190.4	29.6709	715.7468	5.096	3
190.5	29.6662	714.9251	5.0832	3
190.6	29.6616	714.0732	5.0874	3
190.7	29.6569	713.2484	5.0966	3
190.8	29.6522	712.5029	5.0928	3
190.9	29.6472	711.6135	5.0839	3
191	29.6423	710.7856	5.0895	3
191.1	29.6374	709.9393	5.0923	3
191.2	29.6326	709.1177	5.0968	3
191.3	29.6278	708.3174	5.1133	3
191.4	29.6228	707.4573	5.1132	3
191.5	29.6177	706.5744	5.1104	3
191.6	29.6129	705.6998	5.1131	3
191.7	29.6083	704.8678	5.1242	3
191.8	29.6037	704.105	5.1207	3
191.9	29.5986	703.2755	5.1149	3
192	29.5937	702.4984	5.1258	3
192.1	29.589	701.5785	5.1304	3
192.2	29.5842	700.772	5.1326	3
192.3	29.5794	699.9585	5.1285	3
192.4	29.5744	699.1028	5.1117	3
192.5	29.5692	698.3036	5.1031	3
192.6	29.5641	697.4961	5.1066	3
192.7	29.5591	696.6788	5.111	3
192.8	29.554	695.8182	5.1111	3
192.9	29.5488	694.9229	5.1103	3
193	29.5436	694.1836	5.1109	3
193.1	29.5386	693.3343	5.093	3
193.2	29.5335	692.4366	5.0802	3
193.3	29.5285	691.6263	5.0851	3
193.4	29.5236	690.8522	5.0874	3
193.5	29.5183	690.0808	5.0941	3
193.6	29.5127	689.2842	5.0935	3
193.7	29.5069	688.4811	5.0733	3
193.8	29.5012	687.6246	5.0657	3
193.9	29.4956	686.7139	5.0699	3
194	29.4902	685.9453	5.0798	3
194.1	29.4851	684.9426	5.0954	3
194.2	29.4803	684.0132	5.0996	3
194.3	29.4758	683.269	5.0996	3
194.4	29.4713	682.4448	5.1211	3
194.5	29.4665	681.5203	5.1258	3
194.6	29.462	680.6686	5.1152	3
194.7	29.4573	679.9757	5.104	3
194.8	29.4526	679.0932	5.1011	3
194.9	29.4479	678.1578	5.0949	3
195	29.4433	677.3754	5.0934	3
195.1	29.4388	676.5806	5.0974	3
195.2	29.434	675.8684	5.101	3
195.3	29.4288	675.0088	5.0899	3
195.4	29.4232	674.2358	5.1	3
195.5	29.4177	673.3958	5.1051	3
195.6	29.4125	672.4332	5.1003	3
195.7	29.4076	671.6631	5.0893	3
195.8	29.4025	670.8644	5.0928	3
195.9	29.3968	670.1086	5.1079	3
196	29.391	669.2374	5.1042	3
196.1	29.3853	668.4448	5.0936	3
196.2	29.3796	667.7049	5.0905	3
196.3	29.3739	666.7954	5.1028	3
196.4	29.368	665.9168	5.1107	3
196.5	29.3623	665.1237	5.1029	3
196.6	29.3563	664.2934	5.098	3
196.7	29.3504	663.4693	5.098	3
196.8	29.3447	662.6524	5.1003	3
196.9	29.3391	661.7837	5.1012	3
197	29.3335	660.9798	5.0993	3
197.1	29.3274	660.2332	5.0997	3
197.2	29.3209	659.4547	5.0947	3
197.3	29.3145	658.6413	5.0936	3
197.4	29.3078	657.8772	5.0936	3
197.5	29.3009	657.0712	5.0964	3
197.6	29.2938	656.324	5.1012	3
197.7	29.2865	655.4417	5.1065	3
197.8	29.2797	654.5084	5.1117	3
197.9	29.273	653.6787	5.1156	3
198	29.266	652.8599	5.1233	3
198.1	29.2594	652.0548	5.1273	3
198.2	29.2528	651.0695	5.1201	3
198.3	29.2466	650.2187	5.1079	3
198.4	29.2406	649.3476	5.1192	3
198.5	29.2347	648.4631	5.1279	3
198.6	29.2287	647.6392	5.1266	3
198.7	29.2227	646.8233	5.1243	3
198.8	29.217	645.9889	5.1104	3
198.9	29.2114	645.0209	5.118	3
199	29.2059	644.2263	5.1311	3
199.1	29.2006	643.3536	5.1235	3
199.2	29.1953	642.464	5.1194	3
199.3	29.1901	641.6864	5.1138	3
199.4	29.185	640.8031	5.1047	3
199.5	29.18	639.9595	5.1033	3
199.6	29.175	639.0457	5.1112	3
199.7	29.1702	638.2572	5.1078	3
199.8	29.1657	637.4152	5.1131	3
199.9	29.1611	636.5096	5.1168	3
200	29.1565	635.6934	5.1128	3
200.1	29.1518	634.8701	5.1138	3
200.2	29.1472	633.9708	5.1085	3
200.3	29.1426	633.2505	5.0945	3
200.4	29.1377	632.4606	5.0882	3
200.5	29.1327	631.6761	5.0957	3
200.6	29.1276	630.7633	5.1008	3
200.7	29.1229	629.9162	5.1008	3
200.8	29.1179	629.0946	5.1043	3
200.9	29.1129	628.2968	5.1057	3
201	29.1075	627.4954	5.1041	3
201.1	29.1022	626.6653	5.1076	3
201.2	29.097	625.9034	5.1112	3
201.3	29.0917	625.0393	5.113	3
201.4	29.0867	624.1183	5.1083	3
201.5	29.0819	623.2802	5.0994	3
201.6	29.0768	622.4996	5.0861	3
201.7	29.0717	621.5936	5.079	3
201.8	29.0669	620.738	5.0881	3
201.9	29.0623	619.9464	5.0986	3
202	29.0577	619.0809	5.103	3
202.1	29.0533	618.0785	5.1097	3
202.2	29.0498	616.9518	5.1226	3
202.3	29.0473	616.1088	5.1164	3
202.4	29.0437	615.6618	5.1011	3
202.5	29.0382	615.2989	5.106	3
202.6	29.0312	614.6415	5.1135	3
202.7	29.0241	613.7015	5.1087	3
202.8	29.0178	612.714	5.1018	3
202.9	29.0121	611.7054	5.0974	3
203	29.007	610.7632	5.0871	3
203.1	29.0021	609.9078	5.0916	3
203.2	28.997	609.1917	5.088	3
203.3	28.9918	608.4078	5.0965	3
203.4	28.9863	607.5399	5.0892	3
203.5	28.9807	606.7944	5.0753	3
203.6	28.9751	605.8799	5.0874	3
203.7	28.9698	605.0192	5.109	3
203.8	28.9645	604.171	5.1288	3
203.9	28.9594	603.2328	5.1328	3
204	28.9548	602.45	5.1347	3
204.1	28.9503	601.5365	5.1326	3
204.2	28.9461	600.6997	5.1263	3
204.3	28.9417	599.7724	5.1255	3
204.4	28.9375	598.9581	5.1198	3
204.5	28.9333	598.1717	5.1189	3
204.6	28.9289	597.3736	5.1128	3
204.7	28.9244	596.4814	5.1161	3
204.8	28.9197	595.7169	5.1113	3
204.9	28.915	594.9804	5.1129	3
205	28.9101	594.1367	5.111	3
205.1	28.9049	593.3314	5.0967	3
205.2	28.8997	592.5379	5.1013	3
205.3	28.8941	591.7065	5.1103	3
205.4	28.8889	590.8725	5.1038	3
205.5	28.8837	590.0235	5.0924	3
205.6	28.8783	589.2697	5.0902	3
205.7	28.8728	588.3864	5.0916	3
205.8	28.8674	587.561	5.1043	3
205.9	28.862	586.6999	5.1029	3
206	28.8566	585.8797	5.102	3
206.1	28.8511	585.1493	5.0979	3
206.2	28.8453	584.3648	5.0969	3
206.3	28.8391	583.5028	5.086	3
206.4	28.8333	582.5746	5.0846	3
206.5	28.8283	581.5729	5.0906	3
206.6	28.8239	580.6398	5.0907	3
206.7	28.8194	579.8669	5.0831	3
206.8	28.8147	579.1311	5.0708	3
206.9	28.8099	578.2461	5.0624	3
207	28.8051	577.392	5.0746	3
207.1	28.8005	576.5714	5.084	3
207.2	28.7958	575.7805	5.0983	3
207.3	28.791	574.8816	5.1092	3
207.4	28.7865	573.9988	5.101	3
207.5	28.7821	573.1912	5.0983	3
207.6	28.7775	572.3622	5.0895	3
207.7	28.7726	571.6729	5.091	3
207.8	28.7672	571.0006	5.0965	3
207.9	28.7603	570.4947	5.1046	3
208	28.7522	569.9135	5.114	3
208.1	28.7439	568.9672	5.1099	3
208.2	28.7374	567.5782	5.1185	3
208.3	28.7334	566.2058	5.1119	3
208.4	28.7313	565.0436	5.1014	3
208.5	28.7294	564.2743	5.0799	3
208.6	28.7272	563.5184	5.0735	3
208.7	28.7242	562.934	5.0696	3
208.8	28.7206	562.271	5.067	3
208.9	28.7165	561.5136	5.0788	3
209	28.7121	560.6546	5.0804	3
209.1	28.7076	559.8024	5.0905	3
209.2	28.7035	559.0324	5.1001	3
209.3	28.6989	558.2168	5.1048	3
209.4	28.694	557.5008	5.1117	3
209.5	28.6887	556.7745	5.1137	3
209.6	28.6829	555.9882	5.1156	3
209.7	28.6771	555.0948	5.0996	3
209.8	28.6716	554.2238	5.094	3
209.9	28.6663	553.4347	5.0996	3
210	28.6611	552.5718	5.0989	3
210.1	28.6555	551.7106	5.0864	3
210.2	28.6503	550.8586	5.0646	3
210.3	28.645	550.074	5.0562	3
210.4	28.6396	549.2364	5.0484	3
210.5	28.6341	548.4437	5.0643	3
210.6	28.6285	547.6025	5.0783	3
210.7	28.6228	546.8186	5.0701	3
210.8	28.617	545.9386	5.0656	3
210.9	28.6113	545.0784	5.0731	3
211	28.6058	544.2238	5.0837	3
211.1	28.6	543.4256	5.0959	3
211.2	28.5941	542.654	5.1032	3
211.3	28.5887	541.7179	5.1013	3
211.4	28.5837	540.8203	5.0927	3
211.5	28.5785	539.9709	5.0832	3
211.6	28.5733	539.1241	5.0847	3
211.7	28.5682	538.2635	5.0877	3
211.8	28.5632	537.5041	5.0914	3
211.9	28.5586	536.554	5.0909	3
212	28.5541	535.6247	5.1016	3
212.1	28.5501	534.7827	5.1037	3
212.2	28.5455	534.0067	5.101	3
212.3	28.5402	533.4608	5.0936	3
212.4	28.5343	532.752	5.0983	3
212.5	28.5278	531.9332	5.0987	3
212.6	28.5217	531.1194	5.0857	3
212.7	28.5152	530.2617	5.0863	3
212.8	28.5089	529.3781	5.0954	3
212.9	28.5029	528.4705	5.0866	3
213	28.4971	527.6928	5.0815	3
213.1	28.4911	526.9033	5.0954	3
213.2	28.4851	525.9757	5.1066	3
213.3	28.4793	525.0619	5.1161	3
213.4	28.4744	524.1679	5.1161	3
213.5	28.4693	523.2327	5.1148	3
213.6	28.4644	522.4102	5.1034	3
213.7	28.4594	521.707	5.1025	3
213.8	28.4538	520.9642	5.1094	3
213.9	28.4478	520.2659	5.1105	3
214	28.4416	519.3332	5.107	3
214.1	28.4357	518.4888	5.1054	3
214.2	28.4299	517.7139	5.0959	3
214.3	28.4237	516.9049	5.0908	3
214.4	28.4173	516.0017	5.0961	3
214.5	28.4114	515.0933	5.0861	3
214.6	28.4057	514.2131	5.0825	3
214.7	28.4003	513.3412	5.085	3
214.8	28.3951	512.4574	5.0905	3
214.9	28.3899	511.6672	5.0861	3
215	28.3847	510.9279	5.0844	3
215.1	28.3787	510.3077	5.0898	3
215.2	28.3715	509.745	5.1098	3
215.3	28.3628	509.0738	5.1007	3
215.4	28.3545	508.1089	5.0955	3
215.5	28.3471	507.0996	5.1022	3
215.6	28.34	506.2403	5.1009	3
215.7	28.3336	505.208	5.1091	3
215.8	28.3275	504.307	5.1173	3
215.9	28.3214	503.4967	5.1155	3
216	28.3151	502.7041	5.1041	3
216.1	28.3087	501.9024	5.0947	3
216.2	28.3027	500.9958	5.0862	3
216.3	28.2969	500.1862	5.0939	3
216.4	28.2908	499.3302	5.1078	3
216.5	28.2849	498.5044	5.1083	3
216.6	28.2791	497.6637	5.1171	3
216.7	28.273	496.8214	5.1176	3
216.8	28.2668	496.0389	5.1194	3
216.9	28.2605	495.2443	5.1161	3
217	28.2543	494.3553	5.1151	3
217.1	28.2484	493.5122	5.1096	3
217.2	28.2425	492.5925	5.1046	3
217.3	28.2366	491.7887	5.117	3
217.4	28.2305	491.0741	5.117	3
217.5	28.2242	490.2721	5.1009	3
217.6	28.2177	489.3771	5.103	3
217.7	28.2116	488.5281	5.1017	3
217.8	28.2053	487.7982	5.1051	3
217.9	28.1987	486.9629	5.1039	3
218	28.1921	486.0959	5.1011	3
218.1	28.1857	485.2702	5.0793	3
218.2	28.1792	484.4545	5.0761	3
218.3	28.1725	483.6503	5.0822	3
218.4	28.1659	482.7648	5.0885	3
218.5	28.1597	481.935	5.0967	3
218.6	28.1528	481.1827	5.0964	3
218.7	28.146	480.3237	5.097	3
218.8	28.1393	479.5223	5.0881	3
218.9	28.1324	478.8174	5.0786	3
219	28.125	477.9015	5.0731	3
219.1	28.118	476.9857	5.0805	3
219.2	28.1114	476.1336	5.0804	3
219.3	28.1047	475.3091	5.0776	3
219.4	28.0978	474.5239	5.0933	3
219.5	28.0904	473.8208	5.0968	3
219.6	28.0832	472.9287	5.0801	3
219.7	28.0759	472.121	5.0852	3
219.8	28.069	471.139	5.0918	3
219.9	28.0622	470.3113	5.0763	3
220	28.0555	469.5923	5.0791	3
220.1	28.0482	468.717	5.0898	3
220.2	28.0407	467.9681	5.0871	3
220.3	28.0333	467.1352	5.0841	3
220.4	28.0258	466.2806	5.0796	3
220.5	28.0183	465.5316	5.0779	3
220.6	28.011	464.5958	5.0917	3
220.7	28.0037	463.7955	5.0879	3
220.8	27.9964	462.9229	5.082	3
220.9	27.989	462.1729	5.0912	3
221	27.9817	461.2483	5.0947	3
221.1	27.9743	460.4077	5.0812	3
221.2	27.9668	459.6721	5.076	3
221.3	27.959	458.948	5.0661	3
221.4	27.9512	458.0337	5.058	3
221.5	27.9432	457.2538	5.0474	3
221.6	27.9348	456.5452	5.0478	3
221.7	27.9262	455.6779	5.0597	3
221.8	27.918	454.7625	5.0716	3
221.9	27.9102	453.9187	5.0798	3
222	27.9021	453.1626	5.0749	3
222.1	27.8935	452.3885	5.0735	3
222.2	27.885	451.561	5.0777	3
222.3	27.8762	450.7109	5.0813	3
222.4	27.8677	449.8612	5.082	3
222.5	27.8592	448.9002	5.0782	3
222.6	27.8509	448.1676	5.0924	3
222.7	27.8427	447.2305	5.1013	3
222.8	27.8344	446.4299	5.0915	3
222.9	27.8264	445.5354	5.0916	3
223	27.8189	444.6281	5.0911	3
223.1	27.8112	443.8574	5.0865	3
223.2	27.8035	443.0334	5.0968	3
223.3	27.7956	442.2108	5.0987	3
223.4	27.7876	441.4048	5.106	3
223.5	27.7795	440.6085	5.1159	3
223.6	27.7713	439.8354	5.1205	3
223.7	27.7627	439.1234	5.123	3
223.8	27.7538	438.3177	5.1144	3
223.9	27.7448	437.4698	5.0996	3
224	27.7356	436.686	5.0946	3
224.1	27.7267	435.6676	5.0798	3
224.2	27.7182	434.8485	5.0742	3
224.3	27.7101	433.9189	5.08	3
224.4	27.7021	433.0738	5.0904	3
224.5	27.694	432.2893	5.1005	3
224.6	27.6856	431.5205	5.1163	3
224.7	27.6764	430.8462	5.1103	3
224.8	27.667	430.1046	5.0969	3
224.9	27.6577	429.1176	5.0997	3
225	27.6487	428.2765	5.0956	3
225.1	27.6398	427.4409	5.091	3
225.2	27.6311	426.4234	5.0871	3
225.3	27.6232	425.5817	5.0986	3
225.4	27.6157	424.5664	5.1129	3
225.5	27.6084	423.7228	5.1069	3
225.6	27.6015	422.8325	5.1038	3
225.7	27.5951	421.7861	5.1134	3
225.8	27.5887	421.1334	5.1234	3
225.9	27.5816	420.3275	5.1249	3
226	27.5746	419.465	5.1043	3
226.1	27.568	418.608	5.1039	3
226.2	27.561	417.8249	5.098	3
226.3	27.554	417.0626	5.0998	3
226.4	27.5469	416.2338	5.1141	3
226.5	27.5399	415.3824	5.1184	3
226.6	27.5329	414.493	5.1144	3
226.7	27.5258	413.6632	5.1093	3
226.8	27.5187	412.8393	5.0964	3
226.9	27.5118	412.067	5.0998	3
227	27.5047	411.2683	5.1032	3
227.1	27.4975	410.3541	5.1036	3
227.2	27.4905	409.6006	5.1106	3
227.3	27.4831	408.7586	5.1135	3
227.4	27.4755	407.9758	5.1147	3
227.5	27.4681	407.1433	5.1077	3
227.6	27.4607	406.2636	5.1026	3
227.7	27.4536	405.4748	5.108	3
227.8	27.4463	404.5018	5.1042	3
227.9	27.4389	403.7233	5.1085	3
228	27.432	402.8723	5.1131	3
228.1	27.4248	402.0389	5.111	3
228.2	27.4178	401.2234	5.0965	3
228.3	27.4107	400.3316	5.0906	3
228.4	27.4036	399.5334	5.0933	3
228.5	27.3964	398.7485	5.0922	3
228.6	27.3893	397.8773	5.0994	3
228.7	27.3822	397.0419	5.1066	3
228.8	27.3755	396.0946	5.1121	3
228.9	27.3686	395.4503	5.1171	3
229	27.3616	394.5058	5.0997	3
229.1	27.3541	393.8467	5.0986	3
229.2	27.3465	392.9385	5.1054	3
229.3	27.3392	391.9798	5.1084	3
229.4	27.3321	391.2481	5.1124	3
229.5	27.3247	390.3533	5.109	3
229.6	27.3178	389.6319	5.1081	3
229.7	27.3102	388.8532	5.1152	3
229.8	27.3027	387.957	5.1243	3
229.9	27.2955	387.0926	5.1291	3
230	27.2881	386.3258	5.1312	3
230.1	27.2807	385.3962	5.1298	3
230.2	27.2735	384.5783	5.1425	3
230.3	27.2664	383.72	5.1425	3
230.4	27.259	382.8895	5.1149	3
230.5	27.2515	382.1307	5.1169	3
230.6	27.2442	381.1973	5.117	3
230.7	27.2372	380.3604	5.1148	3
230.8	27.2302	379.5645	5.109	3
230.9	27.223	378.7817	5.1026	3
231	27.2157	377.8644	5.1094	3
231.1	27.2087	377.0786	5.1186	3
231.2	27.2016	376.2426	5.1167	3
231.3	27.1943	375.4234	5.1064	3
231.4	27.1871	374.5486	5.1077	3
231.5	27.18	373.7119	5.1266	3
231.6	27.1729	372.8525	5.1488	3
231.7	27.1659	372.0383	5.1402	3
231.8	27.1588	371.2297	5.1215	3
231.9	27.1516	370.4006	5.109	3
232	27.144	369.6763	5.1201	3
232.1	27.1364	368.8241	5.1274	3
232.2	27.1287	367.9531	5.1282	3
232.3	27.1212	367.1405	5.1356	3
232.4	27.1136	366.3512	5.1446	3
232.5	27.106	365.5032	5.1427	3
232.6	27.0985	364.6519	5.1259	3
232.7	27.091	363.7858	5.1179	3
232.8	27.0834	362.9813	5.1167	3
232.9	27.0759	362.1272	5.1167	3
233	27.0685	361.3052	5.113	3
233.1	27.0609	360.4433	5.1229	3
233.2	27.0537	359.5195	5.1279	3
233.3	27.0468	358.6833	5.1241	3
233.4	27.0403	357.7358	5.1244	3
233.5	27.0332	357.0645	5.1201	3
233.6	27.0262	356.1883	5.1217	3
233.7	27.019	355.33	5.1299	3
233.8	27.012	354.5509	5.1364	3
233.9	27.005	353.703	5.1332	3
234	26.9983	352.8405	5.1305	3
234.1	26.9914	352.0539	5.1136	3
234.2	26.9846	351.1603	5.1095	3
234.3	26.9775	350.4367	5.1146	3
234.4	26.9701	349.5681	5.1062	3
234.5	26.9629	348.6784	5.1201	3
234.6	26.9561	347.8805	5.1214	3
234.7	26.949	347.1027	5.117	3
234.8	26.9414	346.2441	5.1179	3
234.9	26.9338	345.3531	5.1116	3
235	26.9269	344.5682	5.1098	3
235.1	26.92	343.7791	5.1081	3
235.2	26.9123	342.9661	5.1102	3
235.3	26.9048	342.1724	5.1156	3
235.4	26.8971	341.3045	5.1083	3
235.5	26.8893	340.53	5.1182	3
235.6	26.8817	339.6334	5.1341	3
235.7	26.8741	338.8424	5.1268	3
235.8	26.8666	337.9288	5.1184	3
235.9	26.8591	337.1607	5.1267	3
236	26.8512	336.458	5.1386	3
236.1	26.8433	335.5134	5.1352	3
236.2	26.8354	334.7563	5.1296	3
236.3	26.8275	333.855	5.1204	3
236.4	26.8196	333.0592	5.1086	3
236.5	26.8118	332.2384	5.1064	3
236.6	26.8038	331.3754	5.1231	3
236.7	26.7956	330.6773	5.1258	3
236.8	26.7874	329.7176	5.1288	3
236.9	26.7792	328.9339	5.1113	3
237	26.7712	328.1341	5.1142	3
237.1	26.763	327.287	5.1185	3
237.2	26.755	326.3972	5.1107	3
237.3	26.7471	325.5414	5.1058	3
237.4	26.7389	324.8169	5.0975	3
237.5	26.7306	323.9115	5.087	3
237.6	26.722	323.1964	5.0783	3
237.7	26.7138	322.2736	5.0737	3
237.8	26.7057	321.4305	5.0736	3
237.9	26.6969	320.7639	5.0848	3
238	26.6881	319.8942	5.0964	3
238.1	26.6796	319.1317	5.0939	3
238.2	26.6708	318.1404	5.1046	3
238.3	26.6625	317.2581	5.1099	3
238.4	26.6542	316.445	5.1073	3
238.5	26.6458	315.5988	5.1155	3
238.6	26.6378	314.6927	5.1071	3
238.7	26.6297	313.9842	5.0922	3
238.8	26.6216	312.9765	5.0847	3
238.9	26.6136	312.252	5.0962	3
239	26.6059	311.3768	5.1083	3
239.1	26.5978	310.6008	5.0945	3
239.2	26.5894	309.8495	5.0971	3
239.3	26.5809	308.9593	5.106	3
239.4	26.5725	308.0852	5.0998	3
239.5	26.5644	307.2164	5.1031	3
239.6	26.5562	306.3437	5.0965	3
239.7	26.5482	305.5702	5.0815	3
239.8	26.54	304.7797	5.0788	3
239.9	26.5317	303.9601	5.0796	3
240	26.5235	303.1849	5.0851	3
240.1	26.5149	302.3708	5.0888	3
240.2	26.5063	301.4083	5.0828	3
240.3	26.4982	300.5921	5.0747	3
240.4	26.4897	299.863	5.0834	3
240.5	26.4812	299.0525	5.0938	3
240.6	26.4724	298.1732	5.0986	3
240.7	26.4636	297.449	5.1057	3
240.8	26.455	296.5388	5.1119	3
240.9	26.446	295.7341	5.081	3
241	26.4369	294.9741	5.0749	3
241.1	26.428	294.0726	5.0969	3
241.2	26.4188	293.3408	5.1061	3
241.3	26.4099	292.381	5.108	3
241.4	26.4012	291.4555	5.1044	3
241.5	26.3927	290.7191	5.1095	3
241.6	26.3839	289.9988	5.1116	3
241.7	26.3748	289.2062	5.1101	3
241.8	26.3656	288.2908	5.1176	3
241.9	26.3564	287.4591	5.1185	3
242	26.3476	286.5663	5.107	3
242.1	26.3385	285.7823	5.1235	3
242.2	26.3294	284.9517	5.1314	3
242.3	26.3199	284.1395	5.1195	3
242.4	26.3104	283.3616	5.1187	3
242.5	26.3014	282.459	5.1309	3
242.6	26.2925	281.6083	5.1267	3
242.7	26.283	280.8356	5.1158	3
242.8	26.2735	280.0797	5.1094	3
242.9	26.2641	279.1284	5.1189	3
243	26.2548	278.3103	5.1312	3
243.1	26.2455	277.3978	5.1331	3
243.2	26.2362	276.6947	5.1279	3
243.3	26.2267	275.95	5.1305	3
243.4	26.2169	275.0787	5.1319	3
243.5	26.2076	274.1667	5.1225	3
243.6	26.1981	273.32	5.1251	3
243.7	26.1889	272.482	5.1272	3
243.8	26.1797	271.5669	5.1244	3
243.9	26.1707	270.7403	5.1131	3
244	26.1613	270.0031	5.1044	3
244.1	26.1518	269.1911	5.1213	3
244.2	26.1426	268.3685	5.1205	3
244.3	26.1334	267.5169	5.1177	3
244.4	26.1238	266.6602	5.127	3
244.5	26.1146	265.7287	5.1377	3
244.6	26.1055	264.9827	5.1309	3
244.7	26.0959	264.266	5.1282	3
244.8	26.0859	263.4535	5.1141	3
244.9	26.076	262.5914	5.1158	3
245	26.0661	261.7376	5.1197	3
245.1	26.056	261.0252	5.1238	3
245.2	26.0455	260.2461	5.1184	3
245.3	26.0352	259.3725	5.1174	3
245.4	26.0251	258.5069	5.1109	3
245.5	26.0149	257.6677	5.1211	3
245.6	26.0047	256.8069	5.1332	3
245.7	25.9949	255.8964	5.1285	3
245.8	25.9851	255.0922	5.1248	3
245.9	25.9755	254.2452	5.1319	3
246	25.9658	253.4142	5.1429	3
246.1	25.9561	252.5567	5.1286	3
246.2	25.9462	251.7084	5.1235	3
246.3	25.9363	250.9508	5.1201	3
246.4	25.9263	250.056	5.1158	3
246.5	25.9166	249.2256	5.1156	3
246.6	25.9069	248.4274	5.1051	3
246.7	25.897	247.5469	5.1055	3
246.8	25.8874	246.7259	5.1005	3
246.9	25.8777	245.8584	5.106	3
247	25.8681	245.0086	5.1023	3
247.1	25.8586	244.185	5.0923	3
247.2	25.8489	243.4586	5.094	3
247.3	25.8391	242.5778	5.0903	3
247.4	25.8294	241.7268	5.0949	3
247.5	25.82	240.9138	5.0974	3
247.6	25.8105	240.0765	5.1037	3
247.7	25.8007	239.3433	5.1076	3
247.8	25.7908	238.4264	5.1005	3
247.9	25.7807	237.594	5.0989	3
248	25.7706	236.7881	5.1053	3
248.1	25.7605	235.9385	5.1042	3
248.2	25.7507	235.1349	5.1041	3
248.3	25.7406	234.27	5.1033	3
248.4	25.7305	233.4694	5.0947	3
248.5	25.7202	232.6644	5.0959	3
248.6	25.71	231.8117	5.1055	3
248.7	25.6999	230.9942	5.1001	3
248.8	25.6896	230.2088	5.092	3
248.9	25.6793	229.3823	5.0946	3
249	25.6689	228.5349	5.0858	3
249.1	25.6585	227.6693	5.0847	3
249.2	25.6482	226.8381	5.0909	3
249.3	25.6378	226.0044	5.1023	3
249.4	25.6274	225.2127	5.1079	3
249.5	25.6169	224.416	5.104	3
249.6	25.6065	223.5567	5.1081	3
249.7	25.5957	222.7865	5.1063	3
249.8	25.5847	221.9457	5.107	3
249.9	25.5742	221.0518	5.1105	3
250	25.5635	220.209	5.1138	3
250.1	25.5531	219.4004	5.1196	3
250.2	25.5423	218.6255	5.1185	3
250.3	25.5314	217.8129	5.1052	3
250.4	25.5205	216.8994	5.1124	3
250.5	25.5098	216.1082	5.1165	3
250.6	25.4994	215.1895	5.1163	3
250.7	25.4893	214.236	5.1181	3
250.8	25.4792	213.4465	5.1164	3
250.9	25.4688	212.6471	5.1083	3
251	25.4587	211.794	5.0922	3
251.1	25.4486	210.94	5.0849	3
251.2	25.4385	210.0868	5.0916	3
251.3	25.4284	209.2992	5.1013	3
251.4	25.4184	208.5208	5.096	3
251.5	25.4079	207.7205	5.0923	3
251.6	25.3972	206.9654	5.1041	3
251.7	25.386	206.2378	5.1044	3
251.8	25.3745	205.3884	5.0896	3
251.9	25.3634	204.4675	5.0947	3
252	25.3527	203.6188	5.1023	3
252.1	25.3421	202.7405	5.1064	3
252.2	25.3316	201.8544	5.1039	3
252.3	25.321	201.0458	5.1087	3
252.4	25.3103	200.1782	5.0999	3
252.5	25.2998	199.3158	5.0974	3
252.6	25.2894	198.5218	5.0903	3
252.7	25.2789	197.7184	5.0782	3
252.8	25.2683	196.9168	5.0721	3
252.9	25.2576	196.1285	5.0739	3
253	25.2466	195.2765	5.0781	3
253.1	25.2357	194.4693	5.088	3
253.2	25.2249	193.598	5.0876	3
253.3	25.2142	192.6945	5.0696	3
253.4	25.2038	191.8916	5.067	3
253.5	25.1932	191.1204	5.0639	3
253.6	25.1823	190.308	5.0733	3
253.7	25.1711	189.5655	5.0717	3
253.8	25.1595	188.7806	5.0647	3
253.9	25.1476	188.0238	5.0723	3
254	25.1356	187.1885	5.0748	3
254.1	25.1237	186.3579	5.0711	3
254.2	25.1116	185.5823	5.0699	3
254.3	25.0993	184.7279	5.0768	3
254.4	25.0871	183.8523	5.0759	3
254.5	25.0753	182.9988	5.0811	3
254.6	25.0631	182.1445	5.0736	3
254.7	25.0507	181.399	5.0763	3
254.8	25.0387	180.4848	5.0776	3
254.9	25.0269	179.6658	5.0675	3
255	25.0151	178.7866	5.0647	3
255.1	25.0032	177.9756	5.08	3
255.2	24.9914	177.1121	5.1026	3
255.3	24.9798	176.2454	5.1051	3
255.4	24.968	175.4362	5.0971	3
255.5	24.9565	174.5484	5.0921	3
255.6	24.9453	173.7158	5.0971	3
255.7	24.9338	172.901	5.0906	3
255.8	24.9221	172.0818	5.0813	3
255.9	24.9106	171.2819	5.0848	3
256	24.8988	170.4729	5.0816	3
256.1	24.8868	169.7181	5.0904	3
256.2	24.8744	168.9625	5.0918	3
256.3	24.8617	168.1698	5.0893	3
256.4	24.8492	167.3089	5.0812	3
256.5	24.8366	166.4649	5.0917	3
256.6	24.8239	165.6901	5.0806	3
256.7	24.8107	164.9094	5.0785	3
256.8	24.7976	164.0742	5.0817	3
256.9	24.7848	163.23	5.0905	3
257	24.7716	162.4651	5.0783	3
257.1	24.758	161.6728	5.0866	3
257.2	24.7442	160.8751	5.093	3
257.3	24.7302	160.09	5.081	3
257.4	24.7163	159.2132	5.0801	3
257.5	24.7023	158.437	5.098	3
257.6	24.6881	157.6287	5.0937	3
257.7	24.674	156.7608	5.0886	3
257.8	24.6597	155.9635	5.0939	3
257.9	24.6453	155.1253	5.0998	3
258	24.631	154.3083	5.1025	3
258.1	24.6168	153.4182	5.1021	3
258.2	24.6027	152.5174	5.0867	3
258.3	24.5886	151.7091	5.0819	3
258.4	24.575	150.8409	5.0844	3
258.5	24.5611	150.0616	5.0742	3
258.6	24.5466	149.338	5.0766	3
258.7	24.5321	148.4766	5.0877	3
258.8	24.5176	147.646	5.0752	3
258.9	24.503	146.8205	5.0626	3
259	24.4885	145.9369	5.0647	3
259.1	24.4741	145.0941	5.0787	3
259.2	24.4597	144.2939	5.0869	3
259.3	24.4452	143.4837	5.0872	3
259.4	24.4309	142.6195	5.092	3
259.5	24.4163	141.8061	5.1039	3
259.6	24.4018	140.9769	5.0955	3
259.7	24.3876	140.0818	5.0941	3
259.8	24.3736	139.2088	5.0831	3
259.9	24.3598	138.3226	5.0848	3
260	24.3459	137.4805	5.092	3
260.1	24.3319	136.6999	5.0718	3
260.2	24.3179	135.798	5.0583	3
260.3	24.304	134.9706	5.0664	3
260.4	24.2908	134.1389	5.0754	3
260.5	24.2773	133.2605	5.0616	3
260.6	24.2637	132.4517	5.0706	3
260.7	24.25	131.6555	5.0941	3
260.8	24.236	130.8845	5.0942	3
260.9	24.2219	130.0759	5.091	3
261	24.2078	129.1824	5.089	3
261.1	24.1935	128.457	5.0853	3
261.2	24.1788	127.6926	5.078	3
261.3	24.1639	126.879	5.063	3
261.4	24.1491	126.0526	5.0651	3
261.5	24.1341	125.3101	5.0788	3
261.6	24.1189	124.5005	5.0795	3
261.7	24.1036	123.6258	5.0882	3
261.8	24.0882	122.8371	5.0865	3
261.9	24.0728	122.0061	5.076	3
262	24.0572	121.1633	5.0826	3
262.1	24.0415	120.3926	5.0759	3
262.2	24.026	119.536	5.0521	3
262.3	24.01	118.7768	5.0457	3
262.4	23.9937	117.9565	5.0648	3
262.5	23.9776	117.1365	5.0706	3
262.6	23.9616	116.2995	5.0633	3
262.7	23.9454	115.4493	5.0585	3
262.8	23.9292	114.6942	5.0573	3
262.9	23.9126	113.929	5.0612	3
263	23.8961	113.0863	5.0688	3
263.1	23.8795	112.249	5.0656	3
263.2	23.8626	111.4702	5.058	3
263.3	23.8454	110.6787	5.0479	3
263.4	23.8277	109.9619	5.0542	3
263.5	23.8098	109.0942	5.0656	3
263.6	23.7919	108.2925	5.0754	3
263.7	23.7741	107.5174	5.0665	3
263.8	23.7561	106.7119	5.0691	3
263.9	23.7379	105.8801	5.074	3
264	23.7196	105.0742	5.0728	3
264.1	23.7014	104.2317	5.0669	3
264.2	23.6831	103.4048	5.0661	3
264.3	23.6646	102.5652	5.0738	3
264.4	23.646	101.7486	5.0815	3
264.5	23.6276	100.928	5.0779	3
264.6	23.6091	100.1719	5.0841	3
264.7	23.59	99.3836	5.0843	3
264.8	23.5707	98.5389	5.0738	3
264.9	23.5513	97.6842	5.0696	3
265	23.532	96.8918	5.0821	3
265.1	23.5128	96.0206	5.0825	3
265.2	23.4936	95.1699	5.0874	3
265.3	23.4745	94.3742	5.0857	3
265.4	23.4553	93.6721	5.0749	3
265.5	23.4357	92.8366	5.0688	3
265.6	23.4159	91.9374	5.067	3
265.7	23.3962	91.0679	5.0744	3
265.8	23.3768	90.3376	5.0848	3
265.9	23.3571	89.5501	5.0824	3
266	23.337	88.6673	5.0782	3
266.1	23.3169	87.8216	5.0929	3
266.2	23.2967	86.997	5.0864	3
266.3	23.2767	86.1276	5.0758	3
266.4	23.257	85.2392	5.0762	3
266.5	23.2373	84.4933	5.0753	3
266.6	23.2172	83.6806	5.0845	3
266.7	23.1972	82.8926	5.089	3
266.8	23.177	82.1051	5.081	3
266.9	23.1563	81.3111	5.0823	3
267	23.1358	80.3976	5.0875	3
267.1	23.1154	79.6057	5.0793	3
267.2	23.0946	78.8368	5.0679	3
267.3	23.0736	77.9953	5.0574	3
267.4	23.0525	77.2264	5.068	3
267.5	23.0313	76.4064	5.0692	3
267.6	23.0099	75.6076	5.0651	3
267.7	22.9886	74.8221	5.0708	3
267.8	22.9673	73.8972	5.0736	3
267.9	22.9464	73.0014	5.0751	3
268	22.9251	72.2738	5.0652	3
268.1	22.9034	71.5091	5.0569	3
268.2	22.8817	70.623	5.0568	3
268.3	22.86	69.8092	5.0681	3
268.4	22.8382	68.9893	5.0776	3
268.5	22.8162	68.202	5.0702	3
268.6	22.7942	67.4488	5.0655	3
268.7	22.7721	66.565	5.0654	3
268.8	22.7499	65.786	5.0787	3
268.9	22.7271	65.1523	5.0787	3
269	22.7037	64.3749	5.0794	3
269.1	22.6803	63.5709	5.0745	3
269.2	22.6564	62.7394	5.0659	3
269.3	22.6327	61.9083	5.0715	3
269.4	22.6091	61.0771	5.0658	3
269.5	22.5851	60.2614	5.0607	3
269.6	22.5607	59.4734	5.061	3
269.7	22.5365	58.6194	5.0613	3
269.8	22.5123	57.8483	5.0567	3
269.9	22.4878	56.9917	5.0548	3
270	22.4631	56.1835	5.0565	3
270.1	22.4385	55.4055	5.0621	3
270.2	22.4144	54.5025	5.0686	3
270.3	22.39	53.645	5.0718	3
270.4	22.3656	52.8656	5.0822	3
270.5	22.341	51.9641	5.0825	3
270.6	22.3166	51.1766	5.0921	3
270.7	22.2917	50.3979	5.0902	3
270.8	22.2667	49.5644	5.0852	3
270.9	22.2417	48.7821	5.0818	3
271	22.2165	47.9635	5.087	3
271.1	22.1907	47.2901	5.0845	3
271.2	22.1646	46.5404	5.0826	3
271.3	22.1384	45.6436	5.0888	3
271.4	22.1124	44.8377	5.0997	3
271.5	22.0864	43.9794	5.0967	3
271.6	22.06	43.1271	5.0755	3
271.7	22.0338	42.2974	5.0564	3
271.8	22.0078	41.4665	5.049	3
271.9	21.9816	40.6847	5.0671	3
272	21.9552	39.8663	5.0805	3
272.1	21.9286	39.068	5.075	3
272.2	21.9019	38.2764	5.0723	3
272.3	21.8751	37.449	5.0669	3
272.4	21.8481	36.6445	5.0607	3
272.5	21.8211	35.9504	5.0721	3
272.6	21.7942	35.1272	5.0748	3
272.7	21.7668	34.2707	5.0902	3
272.8	21.7389	33.5711	5.0866	3
272.9	21.7103	32.7864	5.0818	3
273	21.6815	32.0278	5.0864	3
273.1	21.6523	31.252	5.0789	3
273.2	21.6227	30.4842	5.08	3
273.3	21.5927	29.7766	5.0834	3
273.4	21.5623	28.9944	5.078	3
273.5	21.5317	28.1494	5.0814	3
273.6	21.5011	27.409	5.0712	3
273.7	21.4697	26.7451	5.0746	3
273.8	21.4377	25.9333	5.0956	3
273.9	21.4056	25.1325	5.087	3
274	21.3733	24.3495	5.0818	3
274.1	21.3407	23.5363	5.0872	3
274.2	21.3077	22.7811	5.1012	3
274.3	21.2746	21.9498	5.1148	3
274.4	21.2414	21.2181	5.1007	3
274.5	21.2079	20.4254	5.0914	3
274.6	21.1738	19.7065	5.0972	3
274.7	21.1393	18.9013	5.1008	3
274.8	21.1043	18.076	5.1032	3
274.9	21.0696	17.2564	5.0924	3
275	21.0349	16.4453	5.0869	3
275.1	21	15.6969	5.0894	3
275.2	20.9645	14.9443	5.0931	3
275.3	20.9287	14.0823	5.1034	3
275.4	20.8929	13.3101	5.1005	4
275.5	20.8569	12.5334	5.1046	4
275.6	20.8211	11.8433	5.1235	4
275.7	20.7822	10.4888	5.1298	4
275.8	20.6523	0.7768	5.1279	4
275.9	20.316	-15.2501	5.1195	4
276	19.8738	-22.1636	5.1205	4
276.1	19.4065	-22.9608	5.1236	4
276.2	18.9276	-22.6002	5.1152	4
276.3	18.4416	-21.5871	5.1266	4
276.4	17.9501	-19.9034	5.1324	4
276.5	17.4559	-18.524	5.1282	4
276.6	16.9597	-17.2718	5.1281	4
276.7	16.4615	-16.2052	5.1266	4
276.8	15.9612	-15.1541	5.1145	4
276.9	15.459	-14.0552	5.1217	4
277	14.9562	-13.3705	5.1239	4
277.1	14.4527	-13.1028	5.1115	4
277.2	13.9486	-13.0793	5.1163	4
277.3	13.443	-12.7666	5.1212	4
277.4	12.9357	-11.9397	5.1252	4
277.5	12.4275	-11.502	5.1363	4
277.6	11.9184	-11.4147	5.1384	4
277.7	11.4092	-11.3486	5.1272	4
277.8	10.8999	-11.5311	5.1404	4
277.9	10.3901	-11.7911	5.1429	4
278	9.88	-12.0711	5.1249	4
278.1	9.3694	-12.2736	5.1163	4
278.2	8.8583	-12.1229	5.1236	4
278.3	8.3465	-11.6943	5.1355	4
278.4	7.8342	-10.972	5.1319	4
278.5	7.3228	-10.8722	5.1181	4
278.6	6.8119	-11.1434	5.1077	4
278.7	6.301	-11.3471	5.0987	4
278.8	5.7888	-11.2539	5.0878	4
278.9	5.2928	-10.885	5.0859	4
279	4.9207	-10.6234	5.0839	4
279.1	4.6973	-10.4679	5.0811	4
279.2	4.516	-10.4868	5.0978	4
279.3	4.3433	-10.4246	5.1063	4
279.4	4.1758	-10.4469	5.101	4
279.5	4.0111	-10.3189	5.094	4
279.6	3.8487	-10.2345	5.0966	4
279.7	3.6877	-10.0777	5.1013	4
279.8	3.5274	-9.7201	5.1144	4
279.9	3.3678	-9.7452	5.1158	4
280	3.2087	-9.7072	5.097	4
280.1	3.0502	-9.8358	5.0958	4
280.2	2.8921	-9.9223	5.1004	4
280.3	2.7345	-9.8756	5.1091	4
