Indentation

 + Advanced

+ Advanced
   Acquisition rate :	10.0 [Hz]
   Linear loading
   Max load :	1000.00 	µN
   Loading rate :	500.00 	µN/min
   Unloading rate :	500.00 	µN/min
   Pause :	30.0 s

+ TTX - UNHT Bio S/N: 1000136751 settings
   Fn contact : 25 µN
   Approach distance : 20 µm
   Approach speed : 100 µm/min
   Retract speed : 200 µm/min
   Retract time : 5 sec
   Dz sensor in large range
   Load in fine range
   FnRef in fine range
   FnRef contactload :500.000 µN
   Stiffness threshold : 1 µN/µm

   X Position :9771.84 µm
   Y Position :38593.90 µm
   Z Position :8239.60 µm

Date :6/9/2026
Time :4:11:55 PM

Analysis n # 1

   Method :	Hertz

 + Parameters

  Load Fit [10%,98%]

 + Main results

   EHz=	622.45 	kPa

 + Hypothesis


 + Additional results

   ErHz=	684.01 kPa
   h offset=	4.71 µm
   R2=	0.99

Analysis n # 2

   Method :	Oliver & Pharr

 + Parameters

  Unload Fit [40%,98%]

 + Main results

   HIT=	22.155 	kPa
   EIT=	796.97 	kPa
   E*=	875.79 	kPa

 + Hypothesis

   !!! Indenter not calibrated !!!
   m out of O&P hypothesis
   Poisson's ratio(nu)=	0.30 

 + Additional results

   HVIT=	0.0022584 	 Vickers
   CIT 0.001/120/30=	2.20 	%
   nIT=	69.35 %
   Fmax=	996.72 	µN
   hmax=	17.99 	µm
   S=	209.6069 	µN/µm
   F/S²=	0.0227 	µm²/µN
   hc=	14.53 	µm
   hr=	13.23 	µm
   hp=	-43.70 	µm
   m=	12.9719 
   Epsilon=	0.73 
   R2=	1.000
   Ap=	44988.33 	µm²
   Welast=	3692.14 pJ
   Wplast=	1631.42 pJ
   Wtotal=	5323.56 pJ
   Er=	875.79 	kPa

Measured values
Time (s)	Pd (µm)	Fn (µN)	FnRef (µN)	SegmentID

0	0	0	5.0921	1
0.1	0.1811	0.3909	5.0921	1
0.2	0.3614	1.041	5.1058	1
0.3	0.5344	1.6644	5.1155	1
0.4	0.6635	1.9902	5.1135	1
0.5	0.7457	2.2473	5.104	1
0.6	0.8173	2.5341	5.0985	1
0.7	0.888	2.7129	5.091	1
0.8	0.9587	2.9954	5.0888	1
0.9	1.03	3.2855	5.0918	1
1	1.1031	3.5731	5.0965	1
1.1	1.1779	3.9014	5.098	1
1.2	1.2544	4.2977	5.0947	1
1.3	1.3325	4.6659	5.1011	1
1.4	1.4127	5.0856	5.1028	1
1.5	1.4945	5.5723	5.0907	1
1.6	1.5779	6.1135	5.0971	1
1.7	1.6629	6.6127	5.0887	1
1.8	1.749	7.1895	5.0908	1
1.9	1.8371	7.7877	5.0898	1
2	1.9266	8.4233	5.0984	1
2.1	2.0167	9.1148	5.1009	1
2.2	2.1082	9.765	5.0939	1
2.3	2.2001	10.5525	5.0943	1
2.4	2.2926	11.2891	5.0797	1
2.5	2.3861	11.9699	5.0848	1
2.6	2.4799	12.9658	5.0977	1
2.7	2.5737	13.8051	5.1062	1
2.8	2.6671	14.6909	5.1044	1
2.9	2.7599	15.7619	5.0947	1
3	2.852	16.6656	5.1077	1
3.1	2.944	17.7245	5.1185	1
3.2	3.0347	18.8742	5.1105	1
3.3	3.1243	19.8807	5.0965	1
3.4	3.212	21.0861	5.0871	1
3.5	3.2985	22.1597	5.0789	1
3.6	3.3836	23.2573	5.0826	1
3.7	3.4672	24.4193	5.0773	1
3.8	3.5492	25.725	5.0818	1
3.9	3.6289	26.7797	5.0868	1
4	3.7068	27.9506	5.084	1
4.1	3.7829	29.2445	5.0849	1
4.2	3.8566	30.4606	5.0836	1
4.3	3.9284	31.6955	5.0793	1
4.4	3.9984	32.7606	5.0851	1
4.5	4.0665	33.9263	5.0978	1
4.6	4.1326	35.1153	5.1069	1
4.7	4.1971	36.2657	5.1043	1
4.8	4.2599	37.3996	5.1025	1
4.9	4.3209	38.498	5.1112	1
5	4.3805	39.5755	5.114	1
5.1	4.4383	40.6925	5.0964	1
5.2	4.4947	41.7532	5.0917	1
5.3	4.5497	42.7965	5.1059	1
5.4	4.6033	43.9029	5.1034	1
5.5	4.656	44.8896	5.1003	1
5.6	4.7077	45.8767	5.0919	1
5.7	4.758	46.8916	5.0892	1
5.8	4.8071	47.8666	5.0939	1
5.9	4.8552	48.8943	5.087	1
6	4.9026	49.8328	5.0912	1
6.1	4.9492	50.8382	5.0961	1
6.2	4.9941	52.1087	5.0813	1
6.3	5.037	53.1993	5.0815	1
6.4	5.0787	54.1362	5.0875	1
6.5	5.1196	55.125	5.0836	1
6.6	5.1599	55.9201	5.0734	1
6.7	5.1997	56.964	5.0726	1
6.8	5.2388	57.91	5.0801	1
6.9	5.2768	58.8171	5.084	1
7	5.3143	59.7599	5.0976	1
7.1	5.351	60.7394	5.0838	1
7.2	5.3872	61.6635	5.0804	1
7.3	5.4227	62.5719	5.0846	1
7.4	5.458	63.4655	5.0901	1
7.5	5.4926	64.3885	5.0925	1
7.6	5.5267	65.2864	5.093	1
7.7	5.5601	66.1787	5.1044	1
7.8	5.5928	67.077	5.0997	1
7.9	5.6251	67.9642	5.0992	1
8	5.6573	68.8913	5.0981	1
8.1	5.6888	69.8174	5.0905	1
8.2	5.72	70.6468	5.0856	1
8.3	5.751	71.4592	5.0943	1
8.4	5.7818	72.4445	5.1024	1
8.5	5.8122	73.2597	5.0948	1
8.6	5.8424	74.139	5.0886	1
8.7	5.8721	75.0274	5.0885	1
8.8	5.9014	75.9696	5.0855	1
8.9	5.9305	76.7955	5.0798	1
9	5.9596	77.7105	5.0764	1
9.1	5.9883	78.5389	5.084	1
9.2	6.0168	79.4186	5.1006	1
9.3	6.0451	80.2262	5.0906	1
9.4	6.0731	81.0736	5.0869	1
9.5	6.1011	81.9217	5.0889	1
9.6	6.1292	82.7411	5.0893	1
9.7	6.1569	83.6578	5.0965	1
9.8	6.1846	84.4557	5.0898	1
9.9	6.2123	85.3124	5.0823	1
10	6.2398	86.1767	5.0875	1
10.1	6.2671	86.9937	5.097	1
10.2	6.2945	87.816	5.1018	1
10.3	6.3217	88.6951	5.1024	1
10.4	6.3489	89.5075	5.1007	1
10.5	6.3758	90.3155	5.0956	1
10.6	6.4029	91.1628	5.086	1
10.7	6.43	91.9817	5.0819	1
10.8	6.457	92.9179	5.0934	1
10.9	6.4836	93.767	5.0982	1
11	6.51	94.6505	5.0946	1
11.1	6.5365	95.4437	5.1035	1
11.2	6.5626	96.3356	5.0888	1
11.3	6.5887	97.1287	5.066	1
11.4	6.615	97.9614	5.0624	1
11.5	6.6411	98.9002	5.0734	1
11.6	6.6666	99.7595	5.0745	1
11.7	6.6915	100.5234	5.0729	1
11.8	6.7161	101.4661	5.0793	1
11.9	6.7412	102.3112	5.0757	1
12	6.7663	103.1278	5.0716	1
12.1	6.7915	103.9329	5.0721	1
12.2	6.8164	104.8953	5.0861	1
12.3	6.8413	105.7462	5.097	1
12.4	6.866	106.581	5.1052	1
12.5	6.8904	107.4513	5.116	1
12.6	6.9149	108.2864	5.1024	1
12.7	6.9393	109.1702	5.088	1
12.8	6.9636	110.0376	5.0908	1
12.9	6.9875	110.8835	5.0972	1
13	7.0112	111.6658	5.0983	1
13.1	7.0351	112.4973	5.0932	1
13.2	7.0591	113.2826	5.0917	1
13.3	7.0831	114.1558	5.0862	1
13.4	7.1071	114.9603	5.0813	1
13.5	7.1311	115.8159	5.0894	1
13.6	7.1551	116.6659	5.0864	1
13.7	7.179	117.5445	5.0784	1
13.8	7.2026	118.4004	5.0816	1
13.9	7.2258	119.2643	5.0915	1
14	7.249	120.1437	5.1068	1
14.1	7.2719	121.032	5.1067	1
14.2	7.2949	121.8114	5.1077	1
14.3	7.318	122.6114	5.1001	1
14.4	7.3412	123.3941	5.0986	1
14.5	7.3646	124.2377	5.1055	1
14.6	7.3877	125.1579	5.0997	1
14.7	7.4106	125.9695	5.0997	1
14.8	7.4337	126.7829	5.1036	1
14.9	7.4567	127.7145	5.1101	1
15	7.4795	128.4805	5.0966	1
15.1	7.5024	129.3676	5.0944	1
15.2	7.5246	130.2869	5.1031	1
15.3	7.5465	131.1783	5.0928	1
15.4	7.5683	132.1386	5.0972	1
15.5	7.5896	132.9583	5.0877	1
15.6	7.611	133.7839	5.0678	1
15.7	7.632	134.6661	5.061	1
15.8	7.6527	135.5439	5.0393	1
15.9	7.6736	136.3751	5.0436	1
16	7.6945	137.1954	5.0632	1
16.1	7.7149	138.0909	5.0727	1
16.2	7.7354	138.8877	5.0757	1
16.3	7.7562	139.7602	5.0682	1
16.4	7.7767	140.5522	5.0624	1
16.5	7.7973	141.3882	5.0672	1
16.6	7.8177	142.2174	5.0701	1
16.7	7.838	143.0705	5.0739	1
16.8	7.8582	143.9315	5.0731	1
16.9	7.8784	144.8063	5.0674	1
17	7.8987	145.6051	5.0798	1
17.1	7.9189	146.4851	5.0923	1
17.2	7.9389	147.2662	5.0925	1
17.3	7.9594	148.103	5.0899	1
17.4	7.9796	148.9338	5.0764	1
17.5	8	149.7202	5.0643	1
17.6	8.0202	150.5909	5.0678	1
17.7	8.0403	151.3811	5.0687	1
17.8	8.0608	152.0979	5.066	1
17.9	8.0815	153.0648	5.0638	1
18	8.1013	154.0281	5.0661	1
18.1	8.1213	154.6743	5.0762	1
18.2	8.1422	155.3498	5.0659	1
18.3	8.1633	156.1662	5.0673	1
18.4	8.1847	157.0094	5.0739	1
18.5	8.2062	157.8827	5.0823	1
18.6	8.2272	158.7528	5.0826	1
18.7	8.2481	159.5666	5.0783	1
18.8	8.269	160.4537	5.0815	1
18.9	8.2895	161.3528	5.0846	1
19	8.31	162.1668	5.0727	1
19.1	8.3308	163.003	5.0671	1
19.2	8.3509	163.9545	5.0782	1
19.3	8.3707	164.7451	5.0882	1
19.4	8.391	165.6392	5.0784	1
19.5	8.4108	166.5644	5.0723	1
19.6	8.4302	167.3871	5.0736	1
19.7	8.45	168.1766	5.0741	1
19.8	8.4697	169.0428	5.0748	1
19.9	8.4892	169.9037	5.0732	1
20	8.5088	170.6857	5.0773	1
20.1	8.5279	171.5728	5.0628	1
20.2	8.5471	172.4463	5.0608	1
20.3	8.5664	173.241	5.0739	1
20.4	8.5853	174.1645	5.0788	1
20.5	8.6042	174.9595	5.0747	1
20.6	8.6234	175.7903	5.0697	1
20.7	8.6424	176.6966	5.0673	1
20.8	8.6609	177.463	5.0622	1
20.9	8.6799	178.2891	5.0526	1
21	8.6991	179.2309	5.0487	1
21.1	8.7177	180.0243	5.054	1
21.2	8.7361	180.8712	5.0717	1
21.3	8.7545	181.7058	5.0779	1
21.4	8.7728	182.5481	5.0824	1
21.5	8.7913	183.3576	5.0888	1
21.6	8.8098	184.1505	5.0769	1
21.7	8.8284	184.9803	5.0671	1
21.8	8.8475	185.7462	5.0688	1
21.9	8.8663	186.6653	5.0666	1
22	8.8848	187.5059	5.0704	1
22.1	8.9035	188.2199	5.0692	1
22.2	8.9225	189.1784	5.0749	1
22.3	8.9409	190.0963	5.0756	1
22.4	8.9593	190.8359	5.0629	1
22.5	8.9779	191.6576	5.0705	1
22.6	8.9965	192.4877	5.0717	1
22.7	9.0149	193.3699	5.0669	1
22.8	9.0332	194.2425	5.0786	1
22.9	9.0516	195.135	5.0864	1
23	9.0693	195.981	5.0826	1
23.1	9.0872	196.7857	5.0882	1
23.2	9.1053	197.569	5.0947	1
23.3	9.1236	198.3604	5.0966	1
23.4	9.1418	199.2367	5.0994	1
23.5	9.16	200.0777	5.0982	1
23.6	9.1784	200.872	5.0858	1
23.7	9.1964	201.7961	5.0829	1
23.8	9.2141	202.6756	5.1019	1
23.9	9.2318	203.43	5.0926	1
24	9.2501	204.2494	5.0881	1
24.1	9.2681	205.1211	5.0918	1
24.2	9.2856	206.0372	5.0826	1
24.3	9.3029	206.8206	5.072	1
24.4	9.3204	207.6465	5.0649	1
24.5	9.3382	208.48	5.07	1
24.6	9.3558	209.3394	5.079	1
24.7	9.3734	210.2156	5.089	1
24.8	9.3907	211.062	5.0869	1
24.9	9.4079	211.9397	5.0729	1
25	9.4252	212.6718	5.0713	1
25.1	9.4432	213.3591	5.0839	1
25.2	9.4618	214.0833	5.0871	1
25.3	9.4803	215.0862	5.0913	1
25.4	9.4974	216.1919	5.0944	1
25.5	9.5133	217.1713	5.0865	1
25.6	9.5291	218.0797	5.0751	1
25.7	9.5449	218.8838	5.0772	1
25.8	9.5608	219.6715	5.0918	1
25.9	9.5769	220.4278	5.0989	1
26	9.593	221.2492	5.1003	1
26.1	9.609	222.1319	5.0883	1
26.2	9.625	222.9401	5.094	1
26.3	9.6412	223.8036	5.0993	1
26.4	9.657	224.6925	5.0882	1
26.5	9.6727	225.4687	5.0993	1
26.6	9.6885	226.3186	5.098	1
26.7	9.7043	227.0838	5.0908	1
26.8	9.7202	227.897	5.0952	1
26.9	9.7363	228.7931	5.0978	1
27	9.7521	229.6169	5.0956	1
27.1	9.7678	230.504	5.0988	1
27.2	9.7835	231.3243	5.0922	1
27.3	9.7992	232.1821	5.069	1
27.4	9.8148	232.9893	5.0668	1
27.5	9.8305	233.8432	5.0702	1
27.6	9.8461	234.7261	5.0596	1
27.7	9.861	235.7475	5.0571	1
27.8	9.8752	236.6698	5.0668	1
27.9	9.889	237.522	5.0751	1
28	9.9034	238.2091	5.0812	1
28.1	9.9183	238.8173	5.0667	1
28.2	9.9344	239.4543	5.0534	1
28.3	9.9512	240.2189	5.0662	1
28.4	9.9682	241.0722	5.0766	1
28.5	9.9848	241.9102	5.0812	1
28.6	10.0014	242.8156	5.0873	1
28.7	10.0176	243.7164	5.0822	1
28.8	10.0335	244.6079	5.0759	1
28.9	10.049	245.4248	5.0639	1
29	10.0646	246.3396	5.0707	1
29.1	10.0801	247.2293	5.0707	1
29.2	10.0951	248.1482	5.0692	1
29.3	10.1098	248.9574	5.0694	1
29.4	10.1247	249.7683	5.0796	1
29.5	10.14	250.4942	5.0875	1
29.6	10.1555	251.3244	5.0919	1
29.7	10.171	252.1169	5.0875	1
29.8	10.1865	252.976	5.0761	1
29.9	10.2024	253.7984	5.079	1
30	10.2181	254.6965	5.0869	1
30.1	10.2334	255.4847	5.0837	1
30.2	10.2488	256.3118	5.082	1
30.3	10.2642	257.1121	5.0718	1
30.4	10.2798	258.0067	5.0807	1
30.5	10.2953	258.7558	5.0863	1
30.6	10.3111	259.5941	5.0756	1
30.7	10.327	260.4295	5.0734	1
30.8	10.3427	261.3194	5.0704	1
30.9	10.3583	262.1282	5.0741	1
31	10.3737	263.0306	5.0814	1
31.1	10.3888	263.9321	5.0778	1
31.2	10.4037	264.754	5.0754	1
31.3	10.4185	265.6216	5.0746	1
31.4	10.4338	266.3763	5.0716	1
31.5	10.449	267.2074	5.0771	1
31.6	10.4642	268.0907	5.096	1
31.7	10.4789	268.9215	5.1018	1
31.8	10.494	269.7808	5.0908	1
31.9	10.5088	270.6277	5.0788	1
32	10.5237	271.4571	5.0799	1
32.1	10.5385	272.3194	5.0918	1
32.2	10.5529	273.1651	5.0913	1
32.3	10.5671	274.0314	5.0844	1
32.4	10.5814	274.8976	5.1119	1
32.5	10.5959	275.7155	5.1182	1
32.6	10.6103	276.4761	5.1018	1
32.7	10.6249	277.2864	5.0894	1
32.8	10.6397	278.2188	5.077	1
32.9	10.6539	279.0197	5.075	1
33	10.6681	279.8887	5.0793	1
33.1	10.6824	280.6504	5.0797	1
33.2	10.6968	281.5227	5.0794	1
33.3	10.711	282.3603	5.0739	1
33.4	10.7252	283.1503	5.0689	1
33.5	10.7395	284.0253	5.0778	1
33.6	10.7535	284.957	5.0812	1
33.7	10.7668	285.915	5.0931	1
33.8	10.7801	286.721	5.0876	1
33.9	10.7936	287.5283	5.079	1
34	10.8071	288.3856	5.09	1
34.1	10.8205	289.1765	5.105	1
34.2	10.8338	290.0351	5.1049	1
34.3	10.8473	290.8686	5.1028	1
34.4	10.8609	291.768	5.1008	1
34.5	10.8737	292.6761	5.0982	1
34.6	10.8864	293.4601	5.0915	1
34.7	10.8994	294.2136	5.0865	1
34.8	10.9128	295.0056	5.0804	1
34.9	10.9258	295.9689	5.0858	1
35	10.9389	296.7275	5.0977	1
35.1	10.9522	297.5441	5.0985	1
35.2	10.9657	298.321	5.0779	1
35.3	10.9793	299.1803	5.0828	1
35.4	10.9921	300.1069	5.0799	1
35.5	11.0053	300.8613	5.0837	1
35.6	11.0183	301.7445	5.0971	1
35.7	11.0316	302.4754	5.106	1
35.8	11.0451	303.2972	5.101	1
35.9	11.0588	304.1416	5.0909	1
36	11.072	305.0572	5.1027	1
36.1	11.0847	306.1318	5.1008	1
36.2	11.0963	307.0379	5.0964	1
36.3	11.1075	307.9337	5.0901	1
36.4	11.1189	308.7162	5.0938	1
36.5	11.1307	309.4232	5.0925	1
36.6	11.1428	310.1946	5.0858	1
36.7	11.1552	310.981	5.0772	1
36.8	11.1676	311.8542	5.081	1
36.9	11.18	312.6976	5.0946	1
37	11.1924	313.5315	5.1021	1
37.1	11.2046	314.3802	5.0929	1
37.2	11.217	315.1155	5.0911	1
37.3	11.2297	315.9143	5.0882	1
37.4	11.2426	316.834	5.0924	1
37.5	11.2549	317.6054	5.0875	1
37.6	11.2675	318.4537	5.0755	1
37.7	11.2803	319.2307	5.0726	1
37.8	11.2931	320.0512	5.0698	1
37.9	11.3059	320.9351	5.0833	1
38	11.3187	321.7278	5.0775	1
38.1	11.3312	322.5793	5.0682	1
38.2	11.3438	323.4594	5.0756	1
38.3	11.3561	324.4094	5.0751	1
38.4	11.3681	325.1754	5.0714	1
38.5	11.3805	325.9728	5.0635	1
38.6	11.393	326.8415	5.0575	1
38.7	11.4055	327.6244	5.0594	1
38.8	11.4182	328.4042	5.0602	1
38.9	11.4308	329.3132	5.0735	1
39	11.4429	330.2185	5.0816	1
39.1	11.4549	331.0508	5.0782	1
39.2	11.4671	331.9087	5.0873	1
39.3	11.4791	332.8147	5.0846	1
39.4	11.4906	333.6754	5.0792	1
39.5	11.5022	334.4534	5.0809	1
39.6	11.514	335.2248	5.0889	1
39.7	11.526	336.0725	5.0903	1
39.8	11.5379	336.8872	5.0906	1
39.9	11.5497	337.7321	5.0932	1
40	11.5618	338.509	5.0844	1
40.1	11.574	339.357	5.0795	1
40.2	11.5859	340.2214	5.0827	1
40.3	11.5977	341.1417	5.073	1
40.4	11.6091	341.9482	5.068	1
40.5	11.6209	342.7973	5.0773	1
40.6	11.6325	343.6143	5.0748	1
40.7	11.6443	344.4239	5.0666	1
40.8	11.6562	345.2205	5.0756	1
40.9	11.6683	346.015	5.0771	1
41	11.6802	346.9001	5.0806	1
41.1	11.6919	347.751	5.0829	1
41.2	11.7037	348.5507	5.0796	1
41.3	11.7156	349.4351	5.0712	1
41.4	11.7273	350.246	5.0685	1
41.5	11.7388	351.1194	5.0678	1
41.6	11.7505	351.8813	5.0663	1
41.7	11.7624	352.7392	5.0788	1
41.8	11.7741	353.6321	5.08	1
41.9	11.7858	354.3992	5.0713	1
42	11.7974	355.2252	5.0728	1
42.1	11.8093	356.0545	5.0731	1
42.2	11.8212	356.9578	5.0809	1
42.3	11.8331	357.742	5.0973	1
42.4	11.8449	358.5955	5.1091	1
42.5	11.8565	359.4313	5.1036	1
42.6	11.868	360.2779	5.0984	1
42.7	11.8796	361.1169	5.094	1
42.8	11.891	361.9807	5.1114	1
42.9	11.9023	362.8615	5.1214	1
43	11.9134	363.7173	5.1084	1
43.1	11.9246	364.5737	5.1027	1
43.2	11.9354	365.428	5.1033	1
43.3	11.9461	366.2494	5.0854	1
43.4	11.957	367.0218	5.0817	1
43.5	11.9683	367.8052	5.0901	1
43.6	11.9797	368.6764	5.0954	1
43.7	11.9912	369.4537	5.1054	1
43.8	12.0028	370.2856	5.0975	1
43.9	12.0142	371.1284	5.0822	1
44	12.0255	372.0082	5.0994	1
44.1	12.0366	372.8619	5.1191	1
44.2	12.0477	373.6714	5.1127	1
44.3	12.0588	374.5726	5.1095	1
44.4	12.0697	375.3862	5.0977	1
44.5	12.0804	376.2699	5.1082	1
44.6	12.0912	377.075	5.1256	1
44.7	12.102	377.9434	5.1343	1
44.8	12.1126	378.8379	5.1167	1
44.9	12.1231	379.6619	5.0971	1
45	12.1335	380.5137	5.0982	1
45.1	12.1439	381.3167	5.1045	1
45.2	12.1541	382.1764	5.1001	1
45.3	12.1644	383.0255	5.1052	1
45.4	12.1746	383.9044	5.1135	1
45.5	12.1846	384.7885	5.1163	1
45.6	12.1941	385.7001	5.1128	1
45.7	12.2034	386.5285	5.1104	1
45.8	12.2129	387.3333	5.1083	1
45.9	12.2227	388.1121	5.1077	1
46	12.2325	388.9128	5.1052	1
46.1	12.2422	389.7961	5.1147	1
46.2	12.2518	390.6496	5.1149	1
46.3	12.2612	391.5036	5.1094	1
46.4	12.2704	392.3527	5.1077	1
46.5	12.2796	393.2343	5.11	1
46.6	12.2887	393.9751	5.114	1
46.7	12.298	394.8845	5.1195	1
46.8	12.3074	395.6945	5.1223	1
46.9	12.3168	396.4912	5.122	1
47	12.3262	397.3382	5.111	1
47.1	12.3356	398.0894	5.1098	1
47.2	12.3452	398.8833	5.1189	1
47.3	12.3553	399.655	5.1215	1
47.4	12.3655	400.4703	5.1317	1
47.5	12.3756	401.3235	5.1439	1
47.6	12.3857	402.1545	5.1414	1
47.7	12.3954	402.9638	5.1414	1
47.8	12.4056	403.7759	5.1327	1
47.9	12.4161	404.5993	5.1358	1
48	12.4264	405.4646	5.1494	1
48.1	12.4368	406.3025	5.1442	1
48.2	12.447	407.1088	5.1438	1
48.3	12.4574	407.9215	5.1505	1
48.4	12.4679	408.7368	5.143	1
48.5	12.4786	409.5783	5.1447	1
48.6	12.489	410.3903	5.1414	1
48.7	12.4993	411.3255	5.1448	1
48.8	12.5093	412.2409	5.1487	1
48.9	12.5192	413.0263	5.1373	1
49	12.5291	413.8637	5.1239	1
49.1	12.5392	414.6812	5.1207	1
49.2	12.5492	415.4772	5.1134	1
49.3	12.5594	416.2627	5.12	1
49.4	12.5697	417.1419	5.1132	1
49.5	12.5797	418.0656	5.115	1
49.6	12.5896	418.8474	5.1328	1
49.7	12.5995	419.7103	5.1389	1
49.8	12.6093	420.5311	5.136	1
49.9	12.619	421.378	5.1232	1
50	12.6289	422.2528	5.1198	1
50.1	12.6387	423.0738	5.1273	1
50.2	12.648	423.9923	5.1344	1
50.3	12.6574	424.7861	5.1232	1
50.4	12.6669	425.6092	5.1214	1
50.5	12.6764	426.4844	5.135	1
50.6	12.6856	427.2818	5.1379	1
50.7	12.6952	428.1155	5.1374	1
50.8	12.7046	428.9641	5.1352	1
50.9	12.7137	429.8003	5.1363	1
51	12.7232	430.6129	5.1392	1
51.1	12.7327	431.5177	5.1336	1
51.2	12.7421	432.312	5.1223	1
51.3	12.7513	433.1599	5.1169	1
51.4	12.7604	433.9711	5.1255	1
51.5	12.7696	434.8595	5.1498	1
51.6	12.7787	435.6627	5.1439	1
51.7	12.7876	436.493	5.1382	1
51.8	12.7965	437.4171	5.1359	1
51.9	12.8051	438.2888	5.1275	1
52	12.814	439.0445	5.1356	1
52.1	12.8228	439.8675	5.1359	1
52.2	12.8315	440.7757	5.1247	1
52.3	12.84	441.6064	5.1155	1
52.4	12.8488	442.3207	5.1125	1
52.5	12.8579	443.1866	5.1085	1
52.6	12.8668	444.0382	5.1	1
52.7	12.8755	444.8701	5.0974	1
52.8	12.8845	445.6829	5.0914	1
52.9	12.8938	446.4685	5.0934	1
53	12.9029	447.3304	5.1033	1
53.1	12.912	448.1616	5.1225	1
53.2	12.921	448.9851	5.1334	1
53.3	12.9301	449.7739	5.1344	1
53.4	12.9391	450.6992	5.1205	1
53.5	12.9481	451.5986	5.1315	1
53.6	12.9571	452.2671	5.1267	1
53.7	12.9664	453.0619	5.1346	1
53.8	12.9756	454.0195	5.1312	1
53.9	12.9845	454.8201	5.1157	1
54	12.9936	455.6418	5.1263	1
54.1	13.0028	456.5204	5.1423	1
54.2	13.0116	457.3828	5.1429	1
54.3	13.02	458.2558	5.129	1
54.4	13.0285	459.0197	5.1349	1
54.5	13.0371	459.8591	5.1401	1
54.6	13.0461	460.7123	5.1359	1
54.7	13.0549	461.5669	5.1316	1
54.8	13.0638	462.3338	5.1384	1
54.9	13.0726	463.2022	5.1316	1
55	13.0815	464.0391	5.1154	1
55.1	13.0902	464.9185	5.1121	1
55.2	13.0987	465.7633	5.1236	1
55.3	13.1073	466.58	5.1314	1
55.4	13.1158	467.4612	5.1279	1
55.5	13.1238	468.2802	5.1034	1
55.6	13.1321	469.1925	5.1041	1
55.7	13.1403	469.9743	5.1089	1
55.8	13.1482	470.9011	5.1101	1
55.9	13.1561	471.7475	5.1054	1
56	13.1638	472.5599	5.1163	1
56.1	13.1718	473.3995	5.1211	1
56.2	13.1798	474.0871	5.1203	1
56.3	13.1882	474.9308	5.1197	1
56.4	13.1968	475.7089	5.1129	1
56.5	13.2051	476.6366	5.1077	1
56.6	13.2134	477.4651	5.1059	1
56.7	13.2219	478.104	5.1081	1
56.8	13.2308	479.0646	5.1109	1
56.9	13.2394	479.8292	5.1172	1
57	13.2479	480.6749	5.1101	1
57.1	13.2568	481.4526	5.1056	1
57.2	13.2661	482.2265	5.1087	1
57.3	13.2755	483.1352	5.1099	1
57.4	13.2845	483.9788	5.1098	1
57.5	13.2933	484.8031	5.1041	1
57.6	13.3022	485.6728	5.1186	1
57.7	13.311	486.5122	5.1261	1
57.8	13.3197	487.3996	5.1153	1
57.9	13.3283	488.2348	5.1146	1
58	13.3367	489.1281	5.1272	1
58.1	13.3447	489.9832	5.1339	1
58.2	13.3528	490.7744	5.1267	1
58.3	13.3611	491.5464	5.1216	1
58.4	13.3694	492.411	5.1254	1
58.5	13.3777	493.3691	5.1171	1
58.6	13.3857	494.1725	5.1198	1
58.7	13.3937	495.0878	5.1221	1
58.8	13.4017	495.8101	5.122	1
58.9	13.4098	496.5778	5.1331	1
59	13.4183	497.4435	5.1511	1
59.1	13.4268	498.1862	5.1511	1
59.2	13.4355	499.0021	5.1492	1
59.3	13.4446	499.7762	5.1463	1
59.4	13.4533	500.6336	5.1298	1
59.5	13.462	501.4486	5.1222	1
59.6	13.4711	502.2386	5.1119	1
59.7	13.4803	503.1842	5.1026	1
59.8	13.4895	503.9274	5.1107	1
59.9	13.4984	504.8761	5.1103	1
60	13.507	505.7487	5.1133	1
60.1	13.515	506.6335	5.1207	1
60.2	13.5232	507.5164	5.1271	1
60.3	13.5312	508.328	5.1212	1
60.4	13.5392	509.2064	5.1131	1
60.5	13.5474	509.9532	5.1107	1
60.6	13.5555	510.7553	5.1096	1
60.7	13.5637	511.5661	5.1222	1
60.8	13.572	512.3562	5.1288	1
60.9	13.5803	513.2666	5.1331	1
61	13.589	514.0021	5.1135	1
61.1	13.5975	514.9003	5.0963	1
61.2	13.6061	515.8213	5.0974	1
61.3	13.6142	516.6411	5.107	1
61.4	13.6225	517.4635	5.1102	1
61.5	13.6309	518.2229	5.1156	1
61.6	13.6387	519.2675	5.1115	1
61.7	13.6465	520.0386	5.1164	1
61.8	13.654	520.8465	5.1108	1
61.9	13.6619	521.6546	5.111	1
62	13.6699	522.4267	5.1068	1
62.1	13.6782	523.283	5.1179	1
62.2	13.6868	524.0061	5.1233	1
62.3	13.6953	524.9147	5.1233	1
62.4	13.7037	525.8218	5.1219	1
62.5	13.7118	526.5987	5.1148	1
62.6	13.72	527.5205	5.1134	1
62.7	13.7279	528.2967	5.1226	1
62.8	13.7358	529.1622	5.1141	1
62.9	13.7439	529.9349	5.1112	1
63	13.7517	530.7838	5.1165	1
63.1	13.7595	531.7307	5.1209	1
63.2	13.7671	532.5432	5.1132	1
63.3	13.7745	533.4455	5.1113	1
63.4	13.7821	534.1991	5.1098	1
63.5	13.7897	535.0451	5.0967	1
63.6	13.7978	535.8118	5.0826	1
63.7	13.8056	536.6931	5.0865	1
63.8	13.8132	537.6588	5.0976	1
63.9	13.8204	538.4525	5.1062	1
64	13.8276	539.2826	5.1166	1
64.1	13.835	540.1133	5.1194	1
64.2	13.8424	540.9381	5.1144	1
64.3	13.8496	541.8962	5.0976	1
64.4	13.8568	542.6123	5.0873	1
64.5	13.864	543.3919	5.106	1
64.6	13.8713	544.2896	5.1174	1
64.7	13.8784	545.1214	5.1037	1
64.8	13.8856	545.9431	5.105	1
64.9	13.8927	546.7501	5.1022	1
65	13.8999	547.5959	5.0956	1
65.1	13.9071	548.5064	5.095	1
65.2	13.9143	549.2846	5.0993	1
65.3	13.9216	550.1925	5.1054	1
65.4	13.9286	550.9513	5.1165	1
65.5	13.9356	551.8111	5.1264	1
65.6	13.9425	552.7081	5.1177	1
65.7	13.9493	553.5381	5.1257	1
65.8	13.956	554.3606	5.1333	1
65.9	13.9627	555.2198	5.12	1
66	13.9695	556.0132	5.1097	1
66.1	13.9764	556.8204	5.0997	1
66.2	13.9834	557.6117	5.0878	1
66.3	13.9905	558.4044	5.0865	1
66.4	13.9978	559.2675	5.0911	1
66.5	14.0047	560.1838	5.0961	1
66.6	14.0118	561.0186	5.0958	1
66.7	14.0189	561.8081	5.0941	1
66.8	14.0261	562.578	5.0984	1
66.9	14.0336	563.366	5.1051	1
67	14.0413	564.0914	5.1049	1
67.1	14.0493	564.8655	5.1126	1
67.2	14.0575	565.6867	5.1181	1
67.3	14.0659	566.5846	5.1265	1
67.4	14.0739	567.4528	5.1219	1
67.5	14.0816	568.2038	5.1048	1
67.6	14.0895	569.0719	5.1106	1
67.7	14.0976	569.888	5.1231	1
67.8	14.1059	570.656	5.119	1
67.9	14.1144	571.5348	5.1141	1
68	14.1228	572.3422	5.1108	1
68.1	14.1314	573.138	5.1062	1
68.2	14.1399	573.9539	5.109	1
68.3	14.1484	574.8449	5.1097	1
68.4	14.1568	575.725	5.1179	1
68.5	14.165	576.589	5.1301	1
68.6	14.1733	577.3733	5.1264	1
68.7	14.182	578.0787	5.1174	1
68.8	14.1906	579.0056	5.1205	1
68.9	14.1989	579.8118	5.1254	1
69	14.2072	580.7032	5.1248	1
69.1	14.2159	581.5107	5.1201	1
69.2	14.2243	582.3813	5.1011	1
69.3	14.2325	583.2507	5.0983	1
69.4	14.2408	584.0673	5.1105	1
69.5	14.2493	584.9171	5.1151	1
69.6	14.2578	585.7284	5.1134	1
69.7	14.266	586.5737	5.1252	1
69.8	14.2742	587.3531	5.1176	1
69.9	14.2826	588.2496	5.0954	1
70	14.2908	589.0704	5.098	1
70.1	14.2987	589.9529	5.0896	1
70.2	14.3066	590.7841	5.0727	1
70.3	14.3146	591.6398	5.0768	1
70.4	14.3228	592.3855	5.0819	1
70.5	14.331	593.2222	5.0787	1
70.6	14.3392	594.0659	5.0864	1
70.7	14.3476	594.8783	5.0834	1
70.8	14.3554	595.7779	5.0753	1
70.9	14.3633	596.6201	5.0734	1
71	14.3713	597.5281	5.0876	1
71.1	14.3791	598.3639	5.1083	1
71.2	14.3869	599.1557	5.1192	1
71.3	14.395	599.9338	5.1029	1
71.4	14.403	600.8035	5.1	1
71.5	14.4109	601.5641	5.0947	1
71.6	14.4191	602.4206	5.0935	1
71.7	14.4273	603.2633	5.1016	1
71.8	14.4357	604.0529	5.1029	1
71.9	14.444	604.8206	5.1038	1
72	14.4526	605.6277	5.0935	1
72.1	14.4613	606.5104	5.0967	1
72.2	14.4699	607.3658	5.1166	1
72.3	14.4783	608.2114	5.1301	1
72.4	14.4868	608.9093	5.121	1
72.5	14.4958	609.7494	5.1203	1
72.6	14.5051	610.5283	5.1227	1
72.7	14.5141	611.4386	5.1162	1
72.8	14.5228	612.3115	5.1101	1
72.9	14.5315	613.1243	5.1117	1
73	14.5404	613.9223	5.1044	1
73.1	14.5497	614.8112	5.1152	1
73.2	14.5587	615.6126	5.1102	1
73.3	14.5672	616.4744	5.0962	1
73.4	14.5757	617.363	5.1052	1
73.5	14.5841	618.2817	5.1056	1
73.6	14.5923	619.0936	5.1069	1
73.7	14.6004	619.9705	5.1018	1
73.8	14.6081	620.9197	5.0911	1
73.9	14.6157	621.7756	5.0963	1
74	14.6233	622.5586	5.1072	1
74.1	14.6306	623.4357	5.0971	1
74.2	14.6379	624.4059	5.0944	1
74.3	14.6446	625.3105	5.1038	1
74.4	14.6511	626.0564	5.1149	1
74.5	14.6578	626.8489	5.1117	1
74.6	14.6645	627.748	5.1078	1
74.7	14.6712	628.6836	5.0951	1
74.8	14.6772	629.4484	5.0854	1
74.9	14.6832	630.3642	5.096	1
75	14.6894	631.1569	5.103	1
75.1	14.6958	631.9301	5.1075	1
75.2	14.7021	632.7443	5.1141	1
75.3	14.7084	633.6304	5.1067	1
75.4	14.7145	634.5511	5.097	1
75.5	14.7206	635.3865	5.1033	1
75.6	14.7266	636.1387	5.1156	1
75.7	14.7327	636.9576	5.1156	1
75.8	14.7388	637.8061	5.1109	1
75.9	14.7449	638.6082	5.1136	1
76	14.7514	639.3954	5.13	1
76.1	14.7574	640.1993	5.1344	1
76.2	14.7633	641.046	5.1362	1
76.3	14.7699	641.8518	5.1449	1
76.4	14.7767	642.6906	5.1459	1
76.5	14.7833	643.4999	5.1299	1
76.6	14.7899	644.3473	5.1185	1
76.7	14.7966	645.1894	5.1163	1
76.8	14.8034	645.9521	5.1071	1
76.9	14.8103	646.8094	5.1003	1
77	14.817	647.6476	5.1029	1
77.1	14.8237	648.5285	5.1086	1
77.2	14.8305	649.3644	5.1176	1
77.3	14.8369	650.1534	5.1192	1
77.4	14.8436	651.0125	5.1183	1
77.5	14.8504	651.7367	5.1257	1
77.6	14.8575	652.6112	5.1286	1
77.7	14.8646	653.4059	5.1054	1
77.8	14.8714	654.328	5.1089	1
77.9	14.8782	655.1803	5.1244	1
78	14.8848	656.0105	5.1139	1
78.1	14.8911	656.9171	5.119	1
78.2	14.8976	657.7526	5.1221	1
78.3	14.9041	658.5722	5.1203	1
78.4	14.9107	659.3649	5.1218	1
78.5	14.917	660.1728	5.1228	1
78.6	14.9236	661.0485	5.1244	1
78.7	14.9308	661.589	5.1187	1
78.8	14.9389	662.2836	5.121	1
78.9	14.9475	663.0297	5.1334	1
79	14.9562	663.9269	5.1309	1
79.1	14.9644	664.9441	5.1327	1
79.2	14.9724	665.6662	5.1216	1
79.3	14.9809	666.5025	5.0998	1
79.4	14.9889	667.3255	5.0973	1
79.5	14.9971	668.1712	5.1115	1
79.6	15.0053	669.0224	5.1339	1
79.7	15.0138	669.8834	5.1272	1
79.8	15.0224	670.6126	5.1125	1
79.9	15.0306	671.5604	5.1136	1
80	15.0389	672.3154	5.1234	1
80.1	15.0472	673.113	5.1258	1
80.2	15.0555	674.0585	5.1175	1
80.3	15.0635	674.9534	5.1133	1
80.4	15.0715	675.7947	5.1203	1
80.5	15.0796	676.515	5.1203	1
80.6	15.0878	677.3132	5.1126	1
80.7	15.0961	678.2239	5.1129	1
80.8	15.1044	679.1615	5.1131	1
80.9	15.1123	679.8209	5.12	1
81	15.1206	680.7145	5.1103	1
81.1	15.129	681.494	5.0981	1
81.2	15.1371	682.3885	5.0989	1
81.3	15.1451	683.2813	5.1191	1
81.4	15.1529	684.0359	5.1242	1
81.5	15.161	684.9471	5.1142	1
81.6	15.1689	685.7916	5.1024	1
81.7	15.1767	686.6762	5.0989	1
81.8	15.1844	687.4866	5.0979	1
81.9	15.1922	688.2799	5.0905	1
82	15.2002	689.1115	5.0993	1
82.1	15.2078	690.0902	5.1099	1
82.2	15.215	690.961	5.1159	1
82.3	15.2221	691.795	5.1098	1
82.4	15.2295	692.502	5.107	1
82.5	15.2372	693.3018	5.1196	1
82.6	15.245	694.1574	5.1134	1
82.7	15.2527	694.9743	5.1061	1
82.8	15.2609	695.6998	5.1156	1
82.9	15.2692	696.531	5.1332	1
83	15.2774	697.42	5.1347	1
83.1	15.285	698.3612	5.1194	1
83.2	15.2927	699.1496	5.0913	1
83.3	15.3006	699.9268	5.0881	1
83.4	15.3085	700.762	5.1136	1
83.5	15.3163	701.6254	5.1198	1
83.6	15.324	702.5451	5.1172	1
83.7	15.3316	703.3214	5.1169	1
83.8	15.3391	704.2857	5.1092	1
83.9	15.3462	705.0602	5.0941	1
84	15.3533	705.8782	5.1045	1
84.1	15.3607	706.7199	5.1164	1
84.2	15.3681	707.671	5.1192	1
84.3	15.3748	708.5727	5.1058	1
84.4	15.3815	709.3148	5.0959	1
84.5	15.3885	710.1418	5.0962	1
84.6	15.3956	710.9953	5.0977	1
84.7	15.4024	711.833	5.1004	1
84.8	15.409	712.7195	5.1081	1
84.9	15.4157	713.4411	5.1005	1
85	15.4225	714.4019	5.0986	1
85.1	15.4292	715.2262	5.0949	1
85.2	15.4354	716.027	5.0902	1
85.3	15.4421	716.8396	5.0986	1
85.4	15.4488	717.7294	5.0999	1
85.5	15.4552	718.5853	5.0959	1
85.6	15.4616	719.314	5.0817	1
85.7	15.4685	720.1559	5.0828	1
85.8	15.4752	721.0922	5.0935	1
85.9	15.4817	721.8177	5.0951	1
86	15.4881	722.7808	5.1036	1
86.1	15.4946	723.5469	5.0997	1
86.2	15.5011	724.3882	5.1081	1
86.3	15.5075	725.2274	5.1245	1
86.4	15.514	725.8875	5.1079	1
86.5	15.5208	726.8313	5.0842	1
86.6	15.5279	727.5774	5.0872	1
86.7	15.5351	728.4381	5.1079	1
86.8	15.5419	729.3553	5.1192	1
86.9	15.5488	729.9997	5.11	1
87	15.5558	731.034	5.1001	1
87.1	15.5623	731.7417	5.0954	1
87.2	15.5691	732.6459	5.0847	1
87.3	15.5755	733.4894	5.0933	1
87.4	15.5821	734.3428	5.1005	1
87.5	15.5888	735.1804	5.0903	1
87.6	15.5956	735.8725	5.0848	1
87.7	15.6025	736.8754	5.0909	1
87.8	15.6092	737.7038	5.1116	1
87.9	15.6158	738.5404	5.1178	1
88	15.6224	739.3529	5.129	1
88.1	15.6289	740.1859	5.1374	1
88.2	15.6353	741.0691	5.1266	1
88.3	15.6418	741.8889	5.1062	1
88.4	15.6481	742.6924	5.0974	1
88.5	15.6545	743.4547	5.1077	1
88.6	15.6612	744.351	5.1104	1
88.7	15.668	745.1051	5.1131	1
88.8	15.6748	745.9452	5.1143	1
88.9	15.6815	746.8189	5.1192	1
89	15.688	747.6961	5.1159	1
89.1	15.6944	748.574	5.1054	1
89.2	15.7009	749.3197	5.1078	1
89.3	15.7073	750.261	5.1117	1
89.4	15.7135	751.111	5.1153	1
89.5	15.7197	751.8568	5.1119	1
89.6	15.7262	752.6338	5.1228	1
89.7	15.7332	753.3591	5.128	1
89.8	15.7404	754.2267	5.1209	1
89.9	15.7478	754.9527	5.1148	1
90	15.7556	755.6678	5.1126	1
90.1	15.7637	756.5265	5.1248	1
90.2	15.7716	757.4381	5.1216	1
90.3	15.7789	758.3124	5.1072	1
90.4	15.7861	759.1823	5.1178	1
90.5	15.7934	759.9893	5.1324	1
90.6	15.8006	760.9275	5.135	1
90.7	15.8079	761.7793	5.1319	1
90.8	15.8148	762.5779	5.1319	1
90.9	15.8218	763.3833	5.1343	1
91	15.8288	764.2749	5.1282	1
91.1	15.8355	765.0673	5.1169	1
91.2	15.8425	765.9471	5.1093	1
91.3	15.8494	766.8697	5.1069	1
91.4	15.856	767.6032	5.1018	1
91.5	15.863	768.3901	5.0863	1
91.6	15.87	769.3206	5.0808	1
91.7	15.877	770.1174	5.1055	1
91.8	15.8836	770.9892	5.1065	1
91.9	15.89	771.8339	5.0963	1
92	15.8964	772.7023	5.0966	1
92.1	15.9029	773.6113	5.098	1
92.2	15.9095	774.2994	5.1047	1
92.3	15.916	775.1548	5.0971	1
92.4	15.9227	776.0134	5.0893	1
92.5	15.9295	776.7594	5.094	1
92.6	15.9362	777.6524	5.0993	1
92.7	15.9432	778.4231	5.1056	1
92.8	15.9501	779.2164	5.1089	1
92.9	15.9571	780.0947	5.1026	1
93	15.964	780.9431	5.0962	1
93.1	15.9706	781.8819	5.0999	1
93.2	15.9769	782.6946	5.1212	1
93.3	15.9832	783.5793	5.1208	1
93.4	15.9895	784.3137	5.117	1
93.5	15.9963	785.1208	5.1163	1
93.6	16.0031	785.9314	5.1264	1
93.7	16.0097	786.8295	5.1328	1
93.8	16.0164	787.5763	5.1266	1
93.9	16.0233	788.4136	5.125	1
94	16.0303	789.3536	5.137	1
94.1	16.0372	790.1184	5.1293	1
94.2	16.044	790.9256	5.1153	1
94.3	16.051	791.7371	5.1144	1
94.4	16.0579	792.6174	5.1126	1
94.5	16.0649	793.4333	5.1134	1
94.6	16.0718	794.2854	5.1139	1
94.7	16.0785	795.1431	5.1196	1
94.8	16.0853	795.9799	5.1218	1
94.9	16.092	796.7595	5.1325	1
95	16.0989	797.6459	5.1309	1
95.1	16.1056	798.4233	5.1241	1
95.2	16.1123	799.3014	5.1155	1
95.3	16.1191	800.0773	5.1207	1
95.4	16.1259	800.935	5.1201	1
95.5	16.1329	801.7086	5.1141	1
95.6	16.1401	802.5394	5.1219	1
95.7	16.1474	803.3225	5.1224	1
95.8	16.1547	804.2177	5.1268	1
95.9	16.162	805.0937	5.1297	1
96	16.1689	805.9104	5.1361	1
96.1	16.1758	806.7699	5.1363	1
96.2	16.1828	807.5084	5.1312	1
96.3	16.1896	808.4842	5.1311	1
96.4	16.1962	809.4065	5.1377	1
96.5	16.2027	810.1162	5.146	1
96.6	16.2096	810.9033	5.1469	1
96.7	16.2166	811.7954	5.1459	1
96.8	16.223	812.7373	5.1423	1
96.9	16.2292	813.6781	5.1455	1
97	16.2353	814.4217	5.1497	1
97.1	16.2412	815.2282	5.1435	1
97.2	16.2474	816.1062	5.1389	1
97.3	16.2534	816.9763	5.1461	1
97.4	16.2595	817.7381	5.1421	1
97.5	16.2654	818.6183	5.1324	1
97.6	16.2713	819.4571	5.1243	1
97.7	16.2771	820.3285	5.1281	1
97.8	16.2833	821.0746	5.1319	1
97.9	16.2892	822.0151	5.1296	1
98	16.2952	822.7971	5.129	1
98.1	16.3014	823.5587	5.1379	1
98.2	16.3075	824.4261	5.1404	1
98.3	16.3135	825.2708	5.1275	1
98.4	16.3193	826.1199	5.1205	1
98.5	16.3253	826.9154	5.1209	1
98.6	16.3316	827.679	5.1294	1
98.7	16.3377	828.5848	5.1258	1
98.8	16.3438	829.3819	5.1115	1
98.9	16.3497	830.2513	5.1118	1
99	16.3558	831.0459	5.1086	1
99.1	16.3622	831.8526	5.1143	1
99.2	16.3686	832.6391	5.1123	1
99.3	16.3748	833.5804	5.1032	1
99.4	16.3807	834.4879	5.1088	1
99.5	16.3865	835.2706	5.1228	1
99.6	16.3923	836.2024	5.1198	1
99.7	16.3982	836.8926	5.1179	1
99.8	16.4042	837.6897	5.1144	1
99.9	16.4105	838.5315	5.126	1
100	16.4168	839.2856	5.1344	1
100.1	16.423	840.2675	5.1442	1
100.2	16.4288	841.1884	5.1453	1
100.3	16.4342	842.0632	5.1399	1
100.4	16.4399	842.7447	5.1204	1
100.5	16.4466	843.3645	5.1228	1
100.6	16.4539	844.1627	5.1365	1
100.7	16.4612	844.9404	5.1469	1
100.8	16.4689	845.7333	5.1422	1
100.9	16.4765	846.4904	5.1359	1
101	16.4842	847.4626	5.14	1
101.1	16.4919	848.2263	5.1552	1
101.2	16.4996	849.1044	5.1431	1
101.3	16.5073	849.9153	5.1352	1
101.4	16.5147	850.7993	5.1327	1
101.5	16.5222	851.559	5.1297	1
101.6	16.5296	852.4507	5.1278	1
101.7	16.5371	853.3578	5.1181	1
101.8	16.5442	854.2845	5.1135	1
101.9	16.5513	855.0657	5.1208	1
102	16.5585	855.8368	5.1388	1
102.1	16.5656	856.7329	5.1311	1
102.2	16.5724	857.6654	5.1026	1
102.3	16.5787	858.5096	5.0948	1
102.4	16.5852	859.4177	5.1082	1
102.5	16.5914	860.2654	5.1231	1
102.6	16.5975	861.0835	5.1221	1
102.7	16.6038	861.8154	5.1239	1
102.8	16.6105	862.6361	5.1216	1
102.9	16.6173	863.4694	5.1186	1
103	16.6237	864.38	5.1025	1
103.1	16.6303	865.0372	5.0978	1
103.2	16.6368	865.9929	5.1062	1
103.3	16.6431	866.9391	5.1106	1
103.4	16.6491	867.7519	5.1117	1
103.5	16.655	868.6003	5.1091	1
103.6	16.6607	869.4375	5.0928	1
103.7	16.6666	870.2556	5.0815	1
103.8	16.6727	871.137	5.0984	1
103.9	16.6787	872.0016	5.1173	1
104	16.6843	872.8853	5.1196	1
104.1	16.6894	873.763	5.1094	1
104.2	16.6943	874.6124	5.1063	1
104.3	16.6995	875.4268	5.0984	1
104.4	16.705	876.1763	5.0957	1
104.5	16.7103	877.0475	5.0882	1
104.6	16.7155	877.9392	5.0885	1
104.7	16.7208	878.7175	5.1002	1
104.8	16.7261	879.5338	5.0954	1
104.9	16.7315	880.3887	5.0998	1
105	16.7365	881.2089	5.1139	1
105.1	16.7422	881.881	5.1245	1
105.2	16.7485	882.6809	5.1235	1
105.3	16.755	883.4653	5.1161	1
105.4	16.7616	884.2979	5.1169	1
105.5	16.7681	885.1771	5.1162	1
105.6	16.7746	885.9638	5.1126	1
105.7	16.781	886.8963	5.1242	1
105.8	16.7872	887.692	5.1242	1
105.9	16.7933	888.5134	5.1169	1
106	16.7999	889.4276	5.1195	1
106.1	16.806	890.2266	5.1276	1
106.2	16.812	891.0793	5.1329	1
106.3	16.8181	891.8529	5.1282	1
106.4	16.8241	892.7492	5.1242	1
106.5	16.8298	893.624	5.1064	1
106.6	16.8355	894.4759	5.1024	1
106.7	16.8409	895.4336	5.1157	1
106.8	16.8461	896.2516	5.1265	1
106.9	16.8514	897.0147	5.1259	1
107	16.8569	897.8373	5.1136	1
107.1	16.8621	898.7385	5.0989	1
107.2	16.8671	899.6232	5.1067	1
107.3	16.8722	900.3751	5.1165	1
107.4	16.8779	901.0789	5.1157	1
107.5	16.8835	902.0478	5.105	1
107.6	16.8889	902.8513	5.1068	1
107.7	16.8943	903.6806	5.118	1
107.8	16.8998	904.5122	5.114	1
107.9	16.9051	905.3805	5.1113	1
108	16.9101	906.2274	5.1044	1
108.1	16.9153	907.0919	5.1141	1
108.2	16.9204	907.8924	5.1167	1
108.3	16.9258	908.6861	5.1067	1
108.4	16.9313	909.5112	5.1125	1
108.5	16.9367	910.2876	5.1114	1
108.6	16.9423	911.1111	5.1063	1
108.7	16.9479	911.9728	5.1005	1
108.8	16.9534	912.8174	5.0942	1
108.9	16.9588	913.6711	5.1006	1
109	16.964	914.5205	5.1069	1
109.1	16.9692	915.409	5.0981	1
109.2	16.9744	916.2026	5.1013	1
109.3	16.9795	916.9935	5.1065	1
109.4	16.9851	917.8108	5.1012	1
109.5	16.9905	918.686	5.0886	1
109.6	16.9959	919.526	5.0878	1
109.7	17.001	920.3983	5.0899	1
109.8	17.006	921.3183	5.0821	1
109.9	17.0107	922.1545	5.0916	1
110	17.0152	922.9878	5.0944	1
110.1	17.0199	923.7997	5.1032	1
110.2	17.0245	924.674	5.1031	1
110.3	17.0289	925.5398	5.1146	1
110.4	17.0334	926.2946	5.1176	1
110.5	17.0382	927.0641	5.1075	1
110.6	17.0431	928.0101	5.1278	1
110.7	17.0477	928.8153	5.1308	1
110.8	17.0524	929.5797	5.1095	1
110.9	17.0575	930.4371	5.0918	1
111	17.0623	931.2966	5.0876	1
111.1	17.0672	931.9547	5.0934	1
111.2	17.0724	932.8549	5.0886	1
111.3	17.0773	933.7991	5.0932	1
111.4	17.0821	934.6675	5.083	1
111.5	17.087	935.4443	5.0898	1
111.6	17.0919	936.2099	5.0913	1
111.7	17.0967	937.0342	5.0911	1
111.8	17.1015	937.9095	5.085	1
111.9	17.1065	938.7046	5.0917	1
112	17.1119	939.4187	5.0969	1
112.1	17.1173	940.325	5.1013	1
112.2	17.1228	941.1346	5.0978	1
112.3	17.128	942.0364	5.0934	1
112.4	17.1332	942.8968	5.0992	1
112.5	17.1384	943.6512	5.1077	1
112.6	17.1435	944.4882	5.1058	1
112.7	17.1489	945.2795	5.0956	1
112.8	17.1542	946.2162	5.0883	1
112.9	17.1594	947.069	5.0939	1
113	17.1646	947.7777	5.108	1
113.1	17.1699	948.5542	5.1086	1
113.2	17.1754	949.3544	5.0897	1
113.3	17.1812	950.3727	5.0961	1
113.4	17.1868	951.1152	5.1033	1
113.5	17.1927	951.8092	5.1079	1
113.6	17.199	952.5262	5.1	1
113.7	17.2056	953.4279	5.0981	1
113.8	17.2121	954.2339	5.0971	1
113.9	17.2186	955.0856	5.094	1
114	17.2251	955.9048	5.0996	1
114.1	17.2315	956.7159	5.1047	1
114.2	17.2382	957.5139	5.082	1
114.3	17.245	958.2814	5.0673	1
114.4	17.2521	959.1366	5.0756	1
114.5	17.259	960.0924	5.0769	1
114.6	17.2655	960.9021	5.0797	1
114.7	17.272	961.753	5.0914	1
114.8	17.2783	962.6045	5.1055	1
114.9	17.2847	963.5232	5.102	1
115	17.291	964.3442	5.0937	1
115.1	17.2972	965.0739	5.0829	1
115.2	17.3037	965.8815	5.077	1
115.3	17.3105	966.7511	5.0838	1
115.4	17.3171	967.6545	5.093	1
115.5	17.3235	968.443	5.0904	1
115.6	17.3297	969.3107	5.0826	1
115.7	17.3362	970.1459	5.0772	1
115.8	17.3426	970.9593	5.0826	1
115.9	17.349	971.8283	5.0921	1
116	17.3552	972.6376	5.0938	1
116.1	17.3612	973.5781	5.0862	1
116.2	17.3672	974.4376	5.0905	1
116.3	17.3731	975.2439	5.0901	1
116.4	17.3784	976.2078	5.0961	1
116.5	17.3836	977.059	5.1001	1
116.6	17.3886	977.9014	5.0874	1
116.7	17.3936	978.7993	5.0794	1
116.8	17.3986	979.5574	5.0824	1
116.9	17.4038	980.3713	5.0863	1
117	17.4089	981.2163	5.0864	1
117.1	17.4139	982.0785	5.0832	1
117.2	17.4191	982.9102	5.0722	1
117.3	17.4242	983.7326	5.0819	1
117.4	17.4292	984.5889	5.0875	1
117.5	17.434	985.4035	5.0884	1
117.6	17.4391	986.2686	5.0914	1
117.7	17.4442	987.076	5.0923	1
117.8	17.4492	987.9292	5.088	1
117.9	17.4541	988.7568	5.0923	1
118	17.459	989.5166	5.0911	1
118.1	17.4642	990.3484	5.0964	1
118.2	17.4695	991.1299	5.094	1
118.3	17.4747	991.9596	5.0796	1
118.4	17.48	992.8572	5.0691	2
118.5	17.4856	993.5051	5.0723	2
118.6	17.4914	994.3632	5.0743	2
118.7	17.4974	995.2018	5.0873	2
118.8	17.5034	995.7898	5.1049	2
118.9	17.5094	995.9221	5.0977	2
119	17.5156	995.804	5.088	2
119.1	17.5218	995.9545	5.0982	2
119.2	17.5276	995.9657	5.1001	2
119.3	17.5333	995.9197	5.0951	2
119.4	17.5393	995.882	5.0875	2
119.5	17.5453	995.9338	5.0917	2
119.6	17.5508	996.0547	5.0953	2
119.7	17.5558	996.1204	5.0928	2
119.8	17.5608	996.1298	5.081	2
119.9	17.5659	996.1566	5.0636	2
120	17.5707	996.2407	5.0684	2
120.1	17.5749	996.3164	5.0843	2
120.2	17.5788	996.377	5.0871	2
120.3	17.5824	996.4034	5.0871	2
120.4	17.5864	996.3424	5.0872	2
120.5	17.5904	996.3019	5.0796	2
120.6	17.5946	996.2885	5.0832	2
120.7	17.5988	996.3138	5.0805	2
120.8	17.6024	996.3549	5.0733	2
120.9	17.6063	996.3568	5.083	2
121	17.61	996.3876	5.0927	2
121.1	17.6132	996.5152	5.0851	2
121.2	17.6159	996.5906	5.0743	2
121.3	17.6185	996.5794	5.0721	2
121.4	17.6213	996.588	5.071	2
121.5	17.6238	996.5977	5.0655	2
121.6	17.6263	996.5831	5.0687	2
121.7	17.6289	996.543	5.0703	2
121.8	17.6314	996.5651	5.0678	2
121.9	17.6337	996.6717	5.0813	2
122	17.6362	996.6635	5.0889	2
122.1	17.6385	996.5898	5.0653	2
122.2	17.6405	996.6886	5.0656	2
122.3	17.6421	996.7366	5.0737	2
122.4	17.6438	996.8419	5.075	2
122.5	17.6456	996.7246	5.0779	2
122.6	17.6475	996.6635	5.0702	2
122.7	17.6496	996.6247	5.0711	2
122.8	17.652	996.4998	5.091	2
122.9	17.655	996.5363	5.0968	2
123	17.6574	996.5245	5.0931	2
123.1	17.6598	996.5678	5.084	2
123.2	17.6624	996.5336	5.0784	2
123.3	17.6649	996.55	5.0682	2
123.4	17.6671	996.6055	5.0648	2
123.5	17.6692	996.6556	5.0691	2
123.6	17.6714	996.5959	5.0641	2
123.7	17.6735	996.6407	5.0741	2
123.8	17.6754	996.7032	5.0882	2
123.9	17.6768	996.7458	5.0839	2
124	17.6782	996.7914	5.0719	2
124.1	17.6799	996.6535	5.0586	2
124.2	17.6815	996.6792	5.0506	2
124.3	17.6835	996.6347	5.062	2
124.4	17.6854	996.6226	5.077	2
124.5	17.6873	996.7559	5.0799	2
124.6	17.6889	996.6883	5.0713	2
124.7	17.69	996.8121	5.0743	2
124.8	17.6912	996.8692	5.0872	2
124.9	17.6922	996.7183	5.0963	2
125	17.6934	996.7829	5.0858	2
125.1	17.6947	996.8125	5.0649	2
125.2	17.6955	996.8375	5.0674	2
125.3	17.6967	996.7301	5.0731	2
125.4	17.6981	996.6815	5.0781	2
125.5	17.6998	996.7739	5.0985	2
125.6	17.7012	996.7607	5.0995	2
125.7	17.7023	996.7651	5.0844	2
125.8	17.7036	996.7177	5.0829	2
125.9	17.7049	996.7464	5.07	2
126	17.706	996.836	5.0716	2
126.1	17.7065	996.9227	5.0803	2
126.2	17.7067	996.9824	5.1005	2
126.3	17.7068	996.9816	5.0955	2
126.4	17.7069	996.9517	5.0891	2
126.5	17.7072	996.8984	5.0955	2
126.6	17.7078	996.8496	5.0948	2
126.7	17.7084	996.9175	5.0855	2
126.8	17.7089	996.9256	5.0935	2
126.9	17.7091	996.9159	5.103	2
127	17.7095	996.8781	5.0864	2
127.1	17.71	996.7828	5.0864	2
127.2	17.7109	996.8457	5.1082	2
127.3	17.7117	996.8162	5.1109	2
127.4	17.7122	996.8663	5.0904	2
127.5	17.7129	996.8664	5.0961	2
127.6	17.7136	996.8085	5.1082	2
127.7	17.7141	996.817	5.0874	2
127.8	17.7147	996.8505	5.076	2
127.9	17.7155	996.801	5.0794	2
128	17.7159	996.8382	5.082	2
128.1	17.7163	996.9169	5.0761	2
128.2	17.7167	996.8421	5.0875	2
128.3	17.7171	996.892	5.0914	2
128.4	17.7175	996.8593	5.0923	2
128.5	17.7182	996.7675	5.0814	2
128.6	17.7193	996.7315	5.0717	2
128.7	17.7207	996.662	5.0747	2
128.8	17.722	996.6471	5.0722	2
128.9	17.7232	996.7289	5.0727	2
129	17.7242	996.7181	5.0717	2
129.1	17.7251	996.7277	5.0735	2
129.2	17.7262	996.7235	5.07	2
129.3	17.7273	996.6785	5.0626	2
129.4	17.7284	996.6877	5.0643	2
129.5	17.7298	996.7588	5.0779	2
129.6	17.731	996.7107	5.0751	2
129.7	17.7318	996.7319	5.062	2
129.8	17.7327	996.8317	5.0742	2
129.9	17.7335	996.7802	5.0788	2
130	17.7345	996.7082	5.0669	2
130.1	17.7358	996.5916	5.0773	2
130.2	17.7371	996.6188	5.0798	2
130.3	17.7385	996.6568	5.0764	2
130.4	17.7399	996.6735	5.0739	2
130.5	17.7414	996.5558	5.0677	2
130.6	17.7427	996.6671	5.0639	2
130.7	17.7439	996.7032	5.0648	2
130.8	17.7449	996.757	5.0711	2
130.9	17.7458	996.7495	5.0704	2
131	17.7468	996.6521	5.0649	2
131.1	17.7482	996.6507	5.0603	2
131.2	17.7497	996.612	5.0765	2
131.3	17.7508	996.7693	5.093	2
131.4	17.7517	996.7212	5.0823	2
131.5	17.7526	996.7593	5.0781	2
131.6	17.7536	996.7289	5.0915	2
131.7	17.7546	996.6494	5.0832	2
131.8	17.7558	996.7122	5.091	2
131.9	17.7568	996.723	5.0962	2
132	17.7576	996.8046	5.0802	2
132.1	17.7583	996.7888	5.0747	2
132.2	17.7589	996.7613	5.0891	2
132.3	17.7596	996.7218	5.0926	2
132.4	17.7603	996.8206	5.0759	2
132.5	17.761	996.7728	5.0749	2
132.6	17.7615	996.7188	5.0869	2
132.7	17.7618	996.8374	5.0963	2
132.8	17.7621	996.9408	5.093	2
132.9	17.7622	996.9712	5.087	2
133	17.7622	997.0133	5.0981	2
133.1	17.762	996.9351	5.1027	2
133.2	17.762	996.816	5.1034	2
133.3	17.7623	996.8425	5.1021	2
133.4	17.7627	996.8473	5.0952	2
133.5	17.7632	996.8285	5.0906	2
133.6	17.7639	996.7539	5.0941	2
133.7	17.7648	996.7309	5.1055	2
133.8	17.7657	996.6965	5.1139	2
133.9	17.7664	996.7275	5.1181	2
134	17.7674	996.6549	5.1105	2
134.1	17.7686	996.6637	5.0912	2
134.2	17.7698	996.6467	5.0896	2
134.3	17.771	996.6459	5.1011	2
134.4	17.7721	996.6674	5.1029	2
134.5	17.7732	996.6927	5.1044	2
134.6	17.7738	996.7841	5.1221	2
134.7	17.7743	996.8048	5.1189	2
134.8	17.7748	996.7572	5.0936	2
134.9	17.7756	996.7681	5.0876	2
135	17.7761	996.7658	5.0851	2
135.1	17.7763	996.8918	5.1053	2
135.2	17.7764	996.8807	5.1123	2
135.3	17.7765	996.8799	5.105	2
135.4	17.7766	996.9198	5.091	2
135.5	17.7763	996.9225	5.0801	2
135.6	17.7763	996.8786	5.0813	2
135.7	17.7764	996.9105	5.103	2
135.8	17.7763	996.9269	5.1024	2
135.9	17.7764	996.8019	5.0991	2
136	17.7768	996.9051	5.1066	2
136.1	17.7771	996.8973	5.105	2
136.2	17.7769	996.8693	5.1041	2
136.3	17.7769	996.9313	5.1071	2
136.4	17.7769	996.8365	5.0964	2
136.5	17.7772	996.8067	5.1043	2
136.6	17.7772	996.9533	5.1161	2
136.7	17.777	996.9519	5.1115	2
136.8	17.7769	996.8596	5.1201	2
136.9	17.7772	996.8902	5.1212	2
137	17.7773	996.8857	5.1094	2
137.1	17.7771	996.9135	5.1022	2
137.2	17.7771	996.8805	5.1072	2
137.3	17.777	996.938	5.1085	2
137.4	17.7769	996.9432	5.0924	2
137.5	17.7766	996.9291	5.095	2
137.6	17.7765	996.9003	5.0988	2
137.7	17.7765	996.8337	5.0911	2
137.8	17.7767	996.8735	5.0942	2
137.9	17.7767	996.7994	5.0937	2
138	17.7768	996.8994	5.0978	2
138.1	17.7767	996.9345	5.0928	2
138.2	17.7767	996.8783	5.0953	2
138.3	17.7769	996.8092	5.1032	2
138.4	17.7773	996.7359	5.0935	2
138.5	17.7777	996.7415	5.0843	2
138.6	17.7782	996.8202	5.0822	2
138.7	17.7785	996.8382	5.081	2
138.8	17.7787	996.8192	5.099	2
138.9	17.7791	996.7682	5.1053	2
139	17.7796	996.756	5.1066	2
139.1	17.7803	996.6755	5.1169	2
139.2	17.7814	996.6693	5.1159	2
139.3	17.7825	996.6991	5.1078	2
139.4	17.7833	996.6581	5.096	2
139.5	17.7842	996.6479	5.0915	2
139.6	17.7853	996.643	5.0827	2
139.7	17.7861	996.6394	5.0824	2
139.8	17.7872	996.6631	5.0999	2
139.9	17.7886	996.528	5.0967	2
140	17.79	996.5566	5.0796	2
140.1	17.7915	996.5336	5.0832	2
140.2	17.793	996.5287	5.0935	2
140.3	17.7945	996.5252	5.0962	2
140.4	17.7961	996.6049	5.0947	2
140.5	17.7974	996.5735	5.1008	2
140.6	17.7985	996.6674	5.096	2
140.7	17.8	996.5139	5.099	2
140.8	17.8017	996.4628	5.1012	2
140.9	17.8034	996.5255	5.083	2
141	17.8049	996.5579	5.0829	2
141.1	17.8063	996.4999	5.1056	2
141.2	17.8081	996.5582	5.104	2
141.3	17.8096	996.5175	5.0902	2
141.4	17.8111	996.4914	5.092	2
141.5	17.8129	996.5024	5.0946	2
141.6	17.8146	996.5028	5.1124	2
141.7	17.8162	996.5879	5.1225	2
141.8	17.8179	996.4374	5.1203	2
141.9	17.8197	996.4963	5.1118	2
142	17.8215	996.5869	5.1107	2
142.1	17.8228	996.5785	5.1047	2
142.2	17.8241	996.5869	5.1053	2
142.3	17.8254	996.5997	5.1015	2
142.4	17.8264	996.7046	5.1003	2
142.5	17.8271	996.7466	5.1127	2
142.6	17.8278	996.748	5.1193	2
142.7	17.8282	996.7698	5.1083	2
142.8	17.8283	996.9093	5.1158	2
142.9	17.828	996.9637	5.1265	2
143	17.8276	996.9871	5.124	2
143.1	17.8271	996.9292	5.1157	2
143.2	17.8267	996.9954	5.1031	2
143.3	17.8264	996.9294	5.1019	2
143.4	17.8261	996.9663	5.1157	2
143.5	17.8258	996.9483	5.1158	2
143.6	17.8258	996.7971	5.1134	2
143.7	17.8261	996.7294	5.1216	2
143.8	17.8268	996.7022	5.1182	2
143.9	17.8274	996.7078	5.1001	2
144	17.8282	996.7379	5.0954	2
144.1	17.8289	996.7949	5.1022	2
144.2	17.8292	996.833	5.11	2
144.3	17.8294	996.8417	5.1068	2
144.4	17.8296	996.7918	5.1294	2
144.5	17.8297	996.8	5.1321	2
144.6	17.8296	996.9417	5.1264	2
144.7	17.8294	996.9079	5.1197	2
144.8	17.8293	996.9607	5.1068	2
144.9	17.829	996.858	5.1025	2
145	17.829	996.806	5.1108	2
145.1	17.8292	996.7992	5.1163	2
145.2	17.8296	996.7642	5.1117	2
145.3	17.8303	996.7127	5.1017	2
145.4	17.8311	996.6641	5.0981	2
145.5	17.8323	996.5468	5.0914	2
145.6	17.8336	996.5878	5.0795	2
145.7	17.835	996.5503	5.075	2
145.8	17.8364	996.4833	5.0669	2
145.9	17.8379	996.6493	5.0744	2
146	17.8395	996.4803	5.083	2
146.1	17.841	996.4592	5.0769	2
146.2	17.8426	996.5563	5.0676	2
146.3	17.844	996.5978	5.0638	2
146.4	17.8454	996.5214	5.0607	2
146.5	17.8472	996.4346	5.0551	2
146.6	17.8493	996.3932	5.0575	2
146.7	17.8511	996.5058	5.07	2
146.8	17.8524	996.6182	5.0861	2
146.9	17.8535	996.5517	5.091	2
147	17.8548	996.577	5.0737	2
147.1	17.8561	996.5508	5.0635	2
147.2	17.8575	996.5581	5.0738	2
147.3	17.8591	996.5824	5.0764	2
147.4	17.8605	996.5856	5.0831	2
147.5	17.8618	996.6148	5.0863	2
147.6	17.863	996.628	5.0945	2
147.7	17.8639	996.6432	5.0984	2
147.8	17.8648	996.6668	5.0771	2
147.9	17.8655	996.755	5.0723	2
148	17.8661	996.7324	5.0769	2
148.1	17.8667	996.7173	5.0785	2
148.2	17.8674	996.7474	5.0918	2
148.3	17.8683	996.5954	5.0926	2
148.4	17.8694	996.6427	5.0913	3
148.5	17.8702	996.7196	5.0958	3
148.6	17.8707	996.7566	5.1087	3
148.7	17.8713	996.7355	5.1002	3
148.8	17.8722	996.4636	5.0874	3
148.9	17.8728	995.8665	5.0733	3
149	17.8727	995.1491	5.0772	3
149.1	17.8726	994.3508	5.0882	3
149.2	17.8722	993.5795	5.0909	3
149.3	17.8714	992.842	5.0906	3
149.4	17.8704	992.041	5.0845	3
149.5	17.8691	991.2932	5.0814	3
149.6	17.8675	990.4685	5.0806	3
149.7	17.8659	989.5852	5.0858	3
149.8	17.8645	988.8769	5.0906	3
149.9	17.8628	988.004	5.094	3
150	17.8609	987.1405	5.0868	3
150.1	17.8592	986.3727	5.0858	3
150.2	17.8573	985.5236	5.0933	3
150.3	17.8556	984.7122	5.0847	3
150.4	17.8537	983.9213	5.0707	3
150.5	17.8516	983.0637	5.0739	3
150.6	17.8495	982.2826	5.0821	3
150.7	17.8471	981.4241	5.0869	3
150.8	17.8447	980.6623	5.0822	3
150.9	17.8421	979.8878	5.084	3
151	17.8395	978.9808	5.0796	3
151.1	17.8369	978.1277	5.0688	3
151.2	17.8345	977.2908	5.0731	3
151.3	17.832	976.5095	5.0706	3
151.4	17.8296	975.6572	5.0687	3
151.5	17.8271	974.8357	5.0674	3
151.6	17.8246	974.0085	5.0781	3
151.7	17.8221	973.1721	5.0945	3
151.8	17.8192	972.365	5.0977	3
151.9	17.8167	971.5121	5.0914	3
152	17.8142	970.6568	5.1074	3
152.1	17.8119	969.7437	5.1161	3
152.2	17.8095	968.9669	5.1032	3
152.3	17.807	968.2171	5.0984	3
152.4	17.8046	967.2573	5.1096	3
152.5	17.8027	966.2855	5.0985	3
152.6	17.8008	965.5142	5.0945	3
152.7	17.7986	964.7535	5.098	3
152.8	17.7961	964.0469	5.0898	3
152.9	17.7932	963.2456	5.0956	3
153	17.7902	962.4398	5.1041	3
153.1	17.7873	961.5719	5.1001	3
153.2	17.784	960.8212	5.103	3
153.3	17.7807	959.9323	5.0975	3
153.4	17.7777	958.9949	5.0927	3
153.5	17.7749	958.1936	5.074	3
153.6	17.7723	957.3548	5.0768	3
153.7	17.7694	956.6045	5.081	3
153.8	17.7664	955.8178	5.0893	3
153.9	17.7632	954.937	5.089	3
154	17.7597	954.1652	5.0815	3
154.1	17.7558	953.3878	5.0792	3
154.2	17.752	952.5622	5.0952	3
154.3	17.7481	951.8184	5.1024	3
154.4	17.7442	950.9755	5.097	3
154.5	17.7405	950.0651	5.0985	3
154.6	17.737	949.1635	5.1054	3
154.7	17.7335	948.2816	5.1044	3
154.8	17.7298	947.6552	5.0902	3
154.9	17.7259	946.725	5.0947	3
155	17.7224	945.8223	5.0801	3
155.1	17.7192	944.8812	5.0769	3
155.2	17.7158	944.1073	5.0983	3
155.3	17.7123	943.4029	5.1105	3
155.4	17.7083	942.603	5.0998	3
155.5	17.7041	941.8881	5.0851	3
155.6	17.6997	941.016	5.0845	3
155.7	17.6953	940.1607	5.0923	3
155.8	17.691	939.33	5.081	3
155.9	17.6867	938.467	5.0649	3
156	17.6825	937.684	5.0541	3
156.1	17.6784	936.7785	5.0701	3
156.2	17.6742	935.975	5.0723	3
156.3	17.6696	935.2517	5.0653	3
156.4	17.6649	934.4256	5.0593	3
156.5	17.6602	933.5977	5.0623	3
156.6	17.6554	932.7274	5.0659	3
156.7	17.6506	931.9204	5.063	3
156.8	17.6462	930.9668	5.0498	3
156.9	17.6422	930.113	5.0453	3
157	17.6382	929.3132	5.0634	3
157.1	17.6342	928.3767	5.0766	3
157.2	17.6305	927.4844	5.0786	3
157.3	17.6271	926.5781	5.0759	3
157.4	17.624	925.7234	5.0645	3
157.5	17.6209	924.9544	5.0646	3
157.6	17.6178	924.0441	5.0758	3
157.7	17.6147	923.2517	5.0791	3
157.8	17.6114	922.4589	5.0715	3
157.9	17.6083	921.5709	5.0857	3
158	17.6054	920.684	5.0909	3
158.1	17.6028	919.7744	5.0779	3
158.2	17.6003	918.9434	5.0652	3
158.3	17.5976	918.1798	5.0669	3
158.4	17.5948	917.3094	5.0754	3
158.5	17.5921	916.4196	5.0935	3
158.6	17.5897	915.5292	5.098	3
158.7	17.5875	914.8378	5.0732	3
158.8	17.5849	913.937	5.0773	3
158.9	17.5823	913.049	5.0758	3
159	17.5801	912.2265	5.0702	3
159.1	17.5775	911.4617	5.0704	3
159.2	17.5745	910.75	5.0851	3
159.3	17.5711	909.9195	5.0938	3
159.4	17.5677	909.1304	5.09	3
159.5	17.5642	908.3708	5.0828	3
159.6	17.5603	907.5665	5.0777	3
159.7	17.5562	906.7914	5.073	3
159.8	17.5522	905.9322	5.0687	3
159.9	17.5482	905.098	5.075	3
160	17.5442	904.2942	5.081	3
160.1	17.5401	903.4845	5.0735	3
160.2	17.5357	902.6294	5.0639	3
160.3	17.5316	901.7347	5.0631	3
160.4	17.5279	900.8385	5.0761	3
160.5	17.5245	899.9483	5.0777	3
160.6	17.5206	899.2475	5.0724	3
160.7	17.5165	898.5223	5.0773	3
160.8	17.5124	897.535	5.0919	3
160.9	17.5091	896.5883	5.0917	3
161	17.5062	895.6981	5.0886	3
161.1	17.5031	894.8687	5.0869	3
161.2	17.5001	894.0782	5.0821	3
161.3	17.4969	893.2066	5.0881	3
161.4	17.4936	892.4137	5.0814	3
161.5	17.4905	891.5709	5.0766	3
161.6	17.4873	890.768	5.0837	3
161.7	17.4843	889.922	5.0817	3
161.8	17.481	889.1344	5.086	3
161.9	17.4775	888.2799	5.098	3
162	17.4741	887.5174	5.0967	3
162.1	17.4703	886.6999	5.084	3
162.2	17.4664	885.9982	5.0774	3
162.3	17.4622	885.1633	5.0812	3
162.4	17.4579	884.3249	5.0824	3
162.5	17.4534	883.4775	5.0793	3
162.6	17.4487	882.7735	5.0712	3
162.7	17.444	881.8863	5.0745	3
162.8	17.4394	881.1084	5.0728	3
162.9	17.4347	880.1994	5.0535	3
163	17.4299	879.3768	5.0643	3
163.1	17.4252	878.553	5.0808	3
163.2	17.421	877.5985	5.0787	3
163.3	17.4169	876.8065	5.0825	3
163.4	17.4126	875.9629	5.0701	3
163.5	17.4085	875.1139	5.0569	3
163.6	17.4045	874.2503	5.0649	3
163.7	17.4002	873.4568	5.0813	3
163.8	17.3955	872.7862	5.0677	3
163.9	17.3903	872.0843	5.059	3
164	17.3847	871.2569	5.0725	3
164.1	17.3793	870.351	5.0709	3
164.2	17.374	869.5643	5.0693	3
164.3	17.3688	868.6204	5.0846	3
164.4	17.364	867.7688	5.0978	3
164.5	17.359	866.971	5.0912	3
164.6	17.3543	866.077	5.0843	3
164.7	17.3497	865.1819	5.0776	3
164.8	17.3452	864.3086	5.0869	3
164.9	17.3407	863.5069	5.082	3
165	17.3361	862.7333	5.0701	3
165.1	17.3313	861.9275	5.0723	3
165.2	17.3265	861.0333	5.0753	3
165.3	17.3219	860.2153	5.0744	3
165.4	17.3172	859.3681	5.0766	3
165.5	17.3123	858.6093	5.0905	3
165.6	17.3073	857.779	5.0894	3
165.7	17.3023	856.8941	5.0765	3
165.8	17.2979	856.0408	5.0708	3
165.9	17.2934	855.3094	5.0796	3
166	17.2884	854.4644	5.0877	3
166.1	17.283	853.7478	5.0863	3
166.2	17.2777	852.8262	5.0835	3
166.3	17.2725	851.9688	5.0849	3
166.4	17.2674	851.1786	5.0888	3
166.5	17.2623	850.1859	5.0899	3
166.6	17.2573	849.5305	5.0772	3
166.7	17.2521	848.702	5.0759	3
166.8	17.2466	847.8772	5.0805	3
166.9	17.2411	847.0566	5.0866	3
167	17.2359	846.0984	5.0836	3
167.1	17.231	845.3044	5.0748	3
167.2	17.226	844.5	5.0705	3
167.3	17.2208	843.6956	5.0716	3
167.4	17.2155	842.8252	5.0676	3
167.5	17.2106	841.9409	5.0653	3
167.6	17.2054	841.2	5.0721	3
167.7	17.2001	840.3255	5.0875	3
167.8	17.1943	839.6171	5.0808	3
167.9	17.1888	838.6791	5.0716	3
168	17.1837	837.9061	5.0806	3
168.1	17.1784	837.1127	5.0898	3
168.2	17.1727	836.2086	5.0786	3
168.3	17.1669	835.4536	5.0726	3
168.4	17.1612	834.553	5.0928	3
168.5	17.1554	833.7979	5.1025	3
168.6	17.1498	832.9195	5.095	3
168.7	17.1444	832.0144	5.0816	3
168.8	17.139	831.2307	5.0863	3
168.9	17.1337	830.4031	5.0857	3
169	17.1283	829.4549	5.0728	3
169.1	17.1235	828.5291	5.0809	3
169.2	17.1191	827.6366	5.1011	3
169.3	17.1148	826.7743	5.1047	3
169.4	17.1111	825.8107	5.1005	3
169.5	17.1073	825.0316	5.0935	3
169.6	17.1032	824.2496	5.0836	3
169.7	17.0988	823.5198	5.0844	3
169.8	17.0941	822.6458	5.0834	3
169.9	17.0898	821.7657	5.0808	3
170	17.0854	821.0265	5.0852	3
170.1	17.0811	820.1639	5.0906	3
170.2	17.0765	819.3819	5.1003	3
170.3	17.072	818.5236	5.0977	3
170.4	17.0673	817.6594	5.1027	3
170.5	17.0625	816.9216	5.1099	3
170.6	17.0575	816.1332	5.1063	3
170.7	17.0523	815.3315	5.0998	3
170.8	17.0473	814.4508	5.0926	3
170.9	17.0424	813.5675	5.0983	3
171	17.0375	812.7379	5.0944	3
171.1	17.0326	811.942	5.0979	3
171.2	17.0276	811.1524	5.118	3
171.3	17.0223	810.3331	5.1094	3
171.4	17.017	809.4707	5.1111	3
171.5	17.0119	808.7244	5.1256	3
171.6	17.0066	807.9124	5.1118	3
171.7	17.0008	807.1305	5.0953	3
171.8	16.9954	806.1808	5.0948	3
171.9	16.9906	805.1618	5.0844	3
172	16.9863	804.239	5.0831	3
172.1	16.9822	803.3992	5.0945	3
172.2	16.9781	802.6214	5.0976	3
172.3	16.974	801.8104	5.0945	3
172.4	16.9697	801.0364	5.0904	3
172.5	16.965	800.2058	5.0931	3
172.6	16.9604	799.3461	5.0954	3
172.7	16.956	798.4323	5.0996	3
172.8	16.9515	797.7029	5.1096	3
172.9	16.9467	797.0142	5.114	3
173	16.9414	796.1488	5.1133	3
173.1	16.9362	795.3665	5.1017	3
173.2	16.931	794.5146	5.086	3
173.3	16.9258	793.6221	5.097	3
173.4	16.9208	792.7833	5.1162	3
173.5	16.9157	791.9819	5.0981	3
173.6	16.9104	791.215	5.0847	3
173.7	16.9051	790.3112	5.0839	3
173.8	16.8997	789.5745	5.0873	3
173.9	16.8939	788.7645	5.0821	3
174	16.888	787.9481	5.1018	3
174.1	16.882	787.1884	5.1163	3
174.2	16.876	786.3692	5.1081	3
174.3	16.8698	785.5775	5.1005	3
174.4	16.8633	784.7952	5.1022	3
174.5	16.8571	783.8837	5.0995	3
174.6	16.8511	782.9991	5.1093	3
174.7	16.8451	782.1583	5.1113	3
174.8	16.8389	781.3548	5.0958	3
174.9	16.8328	780.443	5.0807	3
175	16.8273	779.5289	5.0849	3
175.1	16.8218	778.7076	5.1025	3
175.2	16.8163	777.925	5.1069	3
175.3	16.8108	777.0053	5.1169	3
175.4	16.8058	776.1493	5.1214	3
175.5	16.8005	775.3125	5.1042	3
175.6	16.795	774.3663	5.0854	3
175.7	16.7906	773.4128	5.0938	3
175.8	16.7868	772.533	5.0876	3
175.9	16.7828	771.7666	5.0959	3
176	16.7781	771.0714	5.1094	3
176.1	16.7728	770.352	5.0952	3
176.2	16.7674	769.4599	5.0903	3
176.3	16.7624	768.5978	5.093	3
176.4	16.7576	767.7018	5.0985	3
176.5	16.753	766.8981	5.1195	3
176.6	16.7483	766.0623	5.1265	3
176.7	16.7433	765.2374	5.1245	3
176.8	16.7383	764.4592	5.1284	3
176.9	16.733	763.6347	5.1258	3
177	16.7279	762.9422	5.1152	3
177.1	16.7224	762.09	5.1084	3
177.2	16.7168	761.1513	5.1073	3
177.3	16.7118	760.2623	5.1026	3
177.4	16.7073	759.3031	5.1004	3
177.5	16.7031	758.4929	5.1172	3
177.6	16.6991	757.5337	5.1177	3
177.7	16.6947	756.8442	5.1084	3
177.8	16.6899	756.1429	5.12	3
177.9	16.6845	755.4267	5.1122	3
178	16.6786	754.5804	5.1073	3
178.1	16.6733	753.6148	5.1123	3
178.2	16.6682	752.7983	5.1169	3
178.3	16.6631	752.009	5.1107	3
178.4	16.658	751.1128	5.1151	3
178.5	16.6535	750.1729	5.1265	3
178.6	16.6489	749.4038	5.1206	3
178.7	16.6441	748.5856	5.122	3
178.8	16.6391	747.7265	5.1226	3
178.9	16.6341	746.9635	5.1248	3
179	16.6288	746.2431	5.1058	3
179.1	16.6233	745.3021	5.0916	3
179.2	16.6184	744.3134	5.1045	3
179.3	16.6141	743.3614	5.1123	3
179.4	16.6097	742.7679	5.1156	3
179.5	16.6047	741.9719	5.1197	3
179.6	16.5995	741.0765	5.1253	3
179.7	16.5946	740.3473	5.1113	3
179.8	16.5893	739.5688	5.1208	3
179.9	16.5835	738.7935	5.1228	3
180	16.578	737.9142	5.1172	3
180.1	16.5725	736.9597	5.1286	3
180.2	16.567	736.2833	5.1248	3
180.3	16.5612	735.4202	5.1195	3
180.4	16.5555	734.547	5.1187	3
180.5	16.5503	733.6143	5.1204	3
180.6	16.545	732.8272	5.1287	3
180.7	16.5398	732.0491	5.131	3
180.8	16.5345	731.1066	5.1233	3
180.9	16.5289	730.433	5.1108	3
181	16.5231	729.6209	5.0971	3
181.1	16.5173	728.7735	5.1101	3
181.2	16.5114	727.9341	5.1115	3
181.3	16.5058	727.0356	5.1176	3
181.4	16.5004	726.2359	5.1217	3
181.5	16.4951	725.3338	5.1176	3
181.6	16.4895	724.6183	5.1161	3
181.7	16.4835	723.814	5.1112	3
181.8	16.4775	722.9295	5.0997	3
181.9	16.4719	722.0549	5.0953	3
182	16.4666	721.1944	5.0838	3
182.1	16.461	720.3664	5.0967	3
182.2	16.4554	719.5187	5.1116	3
182.3	16.4497	718.8832	5.1002	3
182.4	16.4438	717.9969	5.0915	3
182.5	16.4376	717.1749	5.098	3
182.6	16.4317	716.3211	5.1052	3
182.7	16.4261	715.3403	5.1132	3
182.8	16.4204	714.6759	5.1195	3
182.9	16.414	713.9618	5.1149	3
183	16.4076	712.987	5.1204	3
183.1	16.4017	712.2241	5.114	3
183.2	16.3959	711.2371	5.1113	3
183.3	16.3897	710.4705	5.0997	3
183.4	16.3836	709.7522	5.1065	3
183.5	16.3772	708.9226	5.1247	3
183.6	16.3707	708.0926	5.1093	3
183.7	16.364	707.2845	5.0962	3
183.8	16.3576	706.4094	5.0934	3
183.9	16.3513	705.5216	5.0841	3
184	16.3448	704.8054	5.0793	3
184.1	16.3382	703.94	5.0759	3
184.2	16.3316	703.1056	5.0692	3
184.3	16.3252	702.1987	5.0648	3
184.4	16.3191	701.3138	5.075	3
184.5	16.3126	700.5401	5.0831	3
184.6	16.3064	699.6629	5.0806	3
184.7	16.3004	698.8393	5.0812	3
184.8	16.2945	697.9645	5.0651	3
184.9	16.2881	697.2246	5.0602	3
185	16.2815	696.4079	5.072	3
185.1	16.2754	695.4432	5.0832	3
185.2	16.2697	694.5845	5.0939	3
185.3	16.2647	693.6105	5.0973	3
185.4	16.2597	692.773	5.0992	3
185.5	16.2543	692.0535	5.107	3
185.6	16.2487	691.1258	5.116	3
185.7	16.2431	690.3215	5.1219	3
185.8	16.2379	689.5411	5.1062	3
185.9	16.2326	688.6437	5.0917	3
186	16.2276	687.7349	5.0918	3
186.1	16.2231	686.79	5.1012	3
186.2	16.2188	685.9456	5.1066	3
186.3	16.2144	685.1302	5.1063	3
186.4	16.2097	684.354	5.1153	3
186.5	16.2049	683.5302	5.1188	3
186.6	16.2001	682.7297	5.0999	3
186.7	16.1953	681.9182	5.1067	3
186.8	16.1905	681.0671	5.1277	3
186.9	16.1856	680.0919	5.1253	3
187	16.1813	679.2526	5.1141	3
187.1	16.177	678.4925	5.1092	3
187.2	16.1726	677.7485	5.1143	3
187.3	16.1677	676.9032	5.1054	3
187.4	16.1628	676.0494	5.1047	3
187.5	16.1578	675.2893	5.1104	3
187.6	16.1528	674.4597	5.1045	3
187.7	16.1477	673.6309	5.0991	3
187.8	16.143	672.7758	5.0909	3
187.9	16.1381	671.8675	5.0836	3
188	16.1331	671.1095	5.1027	3
188.1	16.1278	670.3642	5.1071	3
188.2	16.1222	669.604	5.1	3
188.3	16.1165	668.6851	5.0886	3
188.4	16.1109	667.8764	5.0937	3
188.5	16.1053	667.098	5.1006	3
188.6	16.0997	666.1685	5.0853	3
188.7	16.0945	665.3409	5.0767	3
188.8	16.0898	664.4005	5.0646	3
188.9	16.0848	663.6784	5.0666	3
189	16.0795	662.8116	5.0802	3
189.1	16.0741	661.9455	5.0842	3
189.2	16.0689	661.1652	5.0703	3
189.3	16.064	660.2202	5.0721	3
189.4	16.059	659.4904	5.0739	3
189.5	16.0538	658.649	5.0867	3
189.6	16.0487	657.7576	5.0986	3
189.7	16.0437	656.9552	5.0933	3
189.8	16.0382	656.1662	5.0802	3
189.9	16.0324	655.4132	5.0753	3
190	16.0268	654.5532	5.0786	3
190.1	16.0214	653.7038	5.0884	3
190.2	16.0159	652.8899	5.1151	3
190.3	16.0105	652.0287	5.1108	3
190.4	16.005	651.2022	5.1048	3
190.5	15.9994	650.4001	5.1088	3
190.6	15.9939	649.4959	5.1113	3
190.7	15.9882	648.7262	5.12	3
190.8	15.9827	647.9182	5.1129	3
190.9	15.9767	647.2348	5.1138	3
191	15.9705	646.3409	5.1051	3
191.1	15.9645	645.3907	5.0925	3
191.2	15.9591	644.5132	5.0792	3
191.3	15.9535	643.6796	5.0937	3
191.4	15.9478	642.9523	5.0965	3
191.5	15.9421	642.1563	5.096	3
191.6	15.9362	641.3147	5.0938	3
191.7	15.9301	640.452	5.089	3
191.8	15.924	639.6201	5.0869	3
191.9	15.9181	638.7301	5.0907	3
192	15.9123	638.0431	5.0978	3
192.1	15.9062	637.1933	5.0897	3
192.2	15.9002	636.2482	5.0912	3
192.3	15.8946	635.3781	5.0838	3
192.4	15.8889	634.5165	5.0872	3
192.5	15.8831	633.7973	5.0974	3
192.6	15.8769	633.0042	5.0977	3
192.7	15.8707	632.2843	5.093	3
192.8	15.8643	631.377	5.0924	3
192.9	15.8579	630.5749	5.0886	3
193	15.8517	629.7245	5.0849	3
193.1	15.8454	628.8369	5.0953	3
193.2	15.8392	628.0178	5.1099	3
193.3	15.833	627.1607	5.1054	3
193.4	15.827	626.3258	5.1059	3
193.5	15.8209	625.5604	5.0943	3
193.6	15.8143	624.7169	5.0873	3
193.7	15.8075	623.8836	5.085	3
193.8	15.8008	623.2238	5.0816	3
193.9	15.794	622.3726	5.0728	3
194	15.7871	621.507	5.0638	3
194.1	15.7804	620.6355	5.0692	3
194.2	15.7738	619.7941	5.0846	3
194.3	15.7669	618.9632	5.091	3
194.4	15.7601	618.198	5.0898	3
194.5	15.7531	617.3447	5.0948	3
194.6	15.7459	616.5699	5.1001	3
194.7	15.7387	615.7099	5.1064	3
194.8	15.7314	614.9149	5.1092	3
194.9	15.7245	614.061	5.1119	3
195	15.7175	613.1701	5.1212	3
195.1	15.7103	612.4133	5.1122	3
195.2	15.703	611.5855	5.0941	3
195.3	15.6959	610.6654	5.0933	3
195.4	15.689	609.7346	5.0923	3
195.5	15.6823	609.0282	5.0953	3
195.6	15.6751	608.1648	5.1049	3
195.7	15.6681	607.2704	5.0854	3
195.8	15.6614	606.3881	5.0783	3
195.9	15.655	605.6061	5.0839	3
196	15.6483	604.8481	5.073	3
196.1	15.6413	604.0038	5.0629	3
196.2	15.6343	603.2449	5.0703	3
196.3	15.6272	602.3549	5.0827	3
196.4	15.62	601.4541	5.0763	3
196.5	15.6132	600.6921	5.0736	3
196.6	15.6065	599.7861	5.0804	3
196.7	15.5997	598.8965	5.0897	3
196.8	15.5933	598.0194	5.0934	3
196.9	15.5868	597.209	5.0845	3
197	15.5799	596.5652	5.0705	3
197.1	15.5727	595.6886	5.0677	3
197.2	15.5655	594.8874	5.0546	3
197.3	15.5585	594.0757	5.061	3
197.4	15.5516	593.0885	5.066	3
197.5	15.5451	592.176	5.0607	3
197.6	15.5388	591.3982	5.0617	3
197.7	15.5322	590.5459	5.0753	3
197.8	15.5255	589.8025	5.0781	3
197.9	15.5186	588.8704	5.0759	3
198	15.512	588.0438	5.0717	3
198.1	15.5058	587.2275	5.07	3
198.2	15.4994	586.4421	5.0748	3
198.3	15.4929	585.5702	5.0808	3
198.4	15.486	584.8066	5.0812	3
198.5	15.4791	584.0004	5.0859	3
198.6	15.4725	583.0393	5.0822	3
198.7	15.4662	582.1777	5.0733	3
198.8	15.46	581.3496	5.0726	3
198.9	15.4537	580.5025	5.0755	3
199	15.4473	579.6528	5.0784	3
199.1	15.4411	578.7449	5.075	3
199.2	15.4354	577.8791	5.0763	3
199.3	15.4299	576.9837	5.0848	3
199.4	15.4245	576.2186	5.0812	3
199.5	15.4192	575.2495	5.0794	3
199.6	15.4142	574.353	5.0819	3
199.7	15.4094	573.6257	5.0735	3
199.8	15.4041	572.8692	5.078	3
199.9	15.3981	572.2095	5.0791	3
200	15.3916	571.4478	5.0634	3
200.1	15.3849	570.7339	5.0789	3
200.2	15.378	569.7301	5.0949	3
200.3	15.3711	568.9966	5.0846	3
200.4	15.364	568.1745	5.0862	3
200.5	15.3568	567.3455	5.0899	3
200.6	15.3501	566.4299	5.0776	3
200.7	15.3437	565.5626	5.0642	3
200.8	15.3373	564.8035	5.0768	3
200.9	15.3305	564.0172	5.0888	3
201	15.3234	563.0911	5.0763	3
201.1	15.3165	562.3419	5.0747	3
201.2	15.31	561.4003	5.0782	3
201.3	15.3034	560.5203	5.0763	3
201.4	15.2973	559.6787	5.0872	3
201.5	15.2911	558.7608	5.0899	3
201.6	15.2848	558.114	5.082	3
201.7	15.2784	557.2588	5.0895	3
201.8	15.2713	556.5681	5.0881	3
201.9	15.2641	555.7154	5.0886	3
202	15.2571	554.8045	5.0793	3
202.1	15.2505	553.9204	5.0881	3
202.2	15.2439	553.0854	5.1052	3
202.3	15.237	552.3499	5.1033	3
202.4	15.2299	551.4625	5.0961	3
202.5	15.2228	550.6605	5.1053	3
202.6	15.2159	549.8242	5.1064	3
202.7	15.209	548.9804	5.1091	3
202.8	15.202	548.1735	5.1062	3
202.9	15.1953	547.2357	5.1059	3
203	15.1886	546.4879	5.1103	3
203.1	15.1817	545.6792	5.1268	3
203.2	15.1748	544.774	5.1163	3
203.3	15.168	544.0102	5.1	3
203.4	15.161	543.1378	5.1146	3
203.5	15.1538	542.3996	5.1181	3
203.6	15.1467	541.5335	5.1025	3
203.7	15.1393	540.6869	5.0833	3
203.8	15.132	539.8972	5.0793	3
203.9	15.1249	539.0424	5.0857	3
204	15.1177	538.294	5.0997	3
204.1	15.1104	537.3479	5.0994	3
204.2	15.103	536.6032	5.0831	3
204.3	15.0957	535.7967	5.0863	3
204.4	15.0884	534.8792	5.0971	3
204.5	15.0812	534.0943	5.1147	3
204.6	15.0737	533.2017	5.1036	3
204.7	15.066	532.4655	5.082	3
204.8	15.0588	531.6153	5.0813	3
204.9	15.0516	530.7019	5.0882	3
205	15.0441	529.8965	5.0936	3
205.1	15.0367	529.0635	5.093	3
205.2	15.0293	528.3163	5.0874	3
205.3	15.0219	527.4214	5.083	3
205.4	15.0142	526.6019	5.089	3
205.5	15.0062	525.9152	5.0956	3
205.6	14.9983	524.9506	5.1029	3
205.7	14.9908	524.0797	5.0977	3
205.8	14.9837	523.1598	5.0978	3
205.9	14.9762	522.5028	5.1066	3
206	14.9684	521.6792	5.1134	3
206.1	14.9607	520.7921	5.1146	3
206.2	14.9531	519.9498	5.0976	3
206.3	14.9453	519.2223	5.1052	3
206.4	14.9374	518.4216	5.1002	3
206.5	14.9292	517.441	5.0762	3
206.6	14.9216	516.7084	5.0659	3
206.7	14.9135	515.8234	5.0691	3
206.8	14.9054	515.0291	5.0679	3
206.9	14.8979	514.1246	5.0758	3
207	14.8905	513.2447	5.0862	3
207.1	14.883	512.4587	5.0789	3
207.2	14.8756	511.6033	5.0712	3
207.3	14.8681	510.7447	5.0786	3
207.4	14.8606	509.9106	5.0751	3
207.5	14.8532	508.9813	5.0661	3
207.6	14.8459	508.2202	5.0712	3
207.7	14.8387	507.3799	5.074	3
207.8	14.8312	506.6103	5.0708	3
207.9	14.8237	505.842	5.0654	3
208	14.8162	504.9062	5.0784	3
208.1	14.809	504.0241	5.0918	3
208.2	14.8018	503.2502	5.0994	3
208.3	14.7942	502.4442	5.0962	3
208.4	14.7867	501.5905	5.0804	3
208.5	14.7792	500.7734	5.0824	3
208.6	14.7715	499.9758	5.0883	3
208.7	14.7641	499.1673	5.0896	3
208.8	14.7573	498.2389	5.0881	3
208.9	14.75	497.4857	5.0912	3
209	14.7426	496.6009	5.1091	3
209.1	14.7352	495.7361	5.1119	3
209.2	14.7279	494.858	5.1019	3
209.3	14.7203	494.0336	5.0927	3
209.4	14.713	493.2285	5.0788	3
209.5	14.7058	492.3371	5.0741	3
209.6	14.6987	491.4296	5.0807	3
209.7	14.6918	490.6247	5.0786	3
209.8	14.685	489.8083	5.0659	3
209.9	14.678	488.9795	5.0726	3
210	14.6711	488.1864	5.0871	3
210.1	14.6639	487.3793	5.0888	3
210.2	14.6567	486.5659	5.0867	3
210.3	14.6496	485.6289	5.0825	3
210.4	14.6428	484.7428	5.0878	3
210.5	14.6362	483.8351	5.0743	3
210.6	14.6297	483.1705	5.0854	3
210.7	14.623	482.2149	5.0908	3
210.8	14.6166	481.2928	5.0745	3
210.9	14.6104	480.5339	5.061	3
211	14.6035	479.7777	5.071	3
211.1	14.5963	479.1181	5.0833	3
211.2	14.5889	478.2463	5.0875	3
211.3	14.5818	477.3539	5.094	3
211.4	14.575	476.5221	5.1004	3
211.5	14.5676	475.711	5.0986	3
211.6	14.5602	474.9271	5.0996	3
211.7	14.5526	474.134	5.1035	3
211.8	14.5449	473.2714	5.0926	3
211.9	14.5374	472.3802	5.096	3
212	14.5297	471.7295	5.103	3
212.1	14.5215	470.9378	5.1033	3
212.2	14.5133	470.0002	5.0992	3
212.3	14.5058	469.0393	5.0991	3
212.4	14.4989	468.1106	5.0959	3
212.5	14.4918	467.4626	5.09	3
212.6	14.484	466.7225	5.0891	3
212.7	14.4755	465.966	5.0945	3
212.8	14.4671	465.0321	5.1008	3
212.9	14.4588	464.2652	5.1146	3
213	14.4508	463.3376	5.1155	3
213.1	14.4427	462.5762	5.1154	3
213.2	14.4348	461.7692	5.1277	3
213.3	14.4268	460.8059	5.1311	3
213.4	14.4191	459.9837	5.1343	3
213.5	14.4114	459.0684	5.1323	3
213.6	14.4038	458.3106	5.1315	3
213.7	14.3962	457.4753	5.126	3
213.8	14.3886	456.5716	5.1176	3
213.9	14.3812	455.7658	5.1148	3
214	14.3735	454.9568	5.1291	3
214.1	14.3657	454.218	5.1492	3
214.2	14.358	453.2991	5.146	3
214.3	14.3504	452.4377	5.125	3
214.4	14.3432	451.499	5.1215	3
214.5	14.336	450.6418	5.1371	3
214.6	14.3288	449.9299	5.1309	3
214.7	14.3213	449.1368	5.1209	3
214.8	14.3133	448.3617	5.1369	3
214.9	14.3052	447.5192	5.1281	3
215	14.2972	446.7024	5.1334	3
215.1	14.2893	445.8038	5.1425	3
215.2	14.2815	444.9793	5.1451	3
215.3	14.2736	444.2034	5.1533	3
215.4	14.2656	443.4011	5.1496	3
215.5	14.2571	442.6209	5.1447	3
215.6	14.2483	441.7902	5.1536	3
215.7	14.2399	440.8911	5.1673	3
215.8	14.2315	440.1339	5.1654	3
215.9	14.2229	439.4058	5.1551	3
216	14.2138	438.5481	5.1468	3
216.1	14.2049	437.7161	5.1349	3
216.2	14.1964	436.7816	5.1357	3
216.3	14.1884	435.8132	5.1245	3
216.4	14.181	434.8567	5.1155	3
216.5	14.1739	433.9404	5.1227	3
216.6	14.1669	433.2618	5.1277	3
216.7	14.1592	432.4875	5.139	3
216.8	14.1514	431.6008	5.1497	3
216.9	14.1441	430.6909	5.1418	3
217	14.1369	429.8042	5.1323	3
217.1	14.1297	429.0108	5.13	3
217.2	14.1226	428.1758	5.1228	3
217.3	14.1151	427.4485	5.1065	3
217.4	14.1074	426.6579	5.1069	3
217.5	14.0995	425.8042	5.1088	3
217.6	14.0919	424.9587	5.1063	3
217.7	14.0844	424.0778	5.1113	3
217.8	14.0768	423.3114	5.1321	3
217.9	14.0688	422.4898	5.1367	3
218	14.0607	421.6491	5.1393	3
218.1	14.0532	420.7724	5.1338	3
218.2	14.0458	419.9103	5.1254	3
218.3	14.0381	419.176	5.1296	3
218.4	14.0303	418.3298	5.1328	3
218.5	14.0224	417.4483	5.126	3
218.6	14.0145	416.6389	5.1246	3
218.7	14.0068	415.7782	5.1404	3
218.8	13.9992	414.953	5.1497	3
218.9	13.9914	414.1017	5.1569	3
219	13.9836	413.3179	5.1492	3
219.1	13.9755	412.6068	5.1446	3
219.2	13.9673	411.79	5.1462	3
219.3	13.959	410.9155	5.1342	3
219.4	13.9507	410.1068	5.1277	3
219.5	13.9422	409.2655	5.1312	3
219.6	13.9337	408.4849	5.136	3
219.7	13.9251	407.6883	5.133	3
219.8	13.9164	406.763	5.1363	3
219.9	13.9079	405.9493	5.1423	3
220	13.8991	405.247	5.1379	3
220.1	13.8902	404.3281	5.1388	3
220.2	13.8814	403.4556	5.1363	3
220.3	13.8727	402.7091	5.1307	3
220.4	13.8638	401.9385	5.1192	3
220.5	13.8545	401.1175	5.1191	3
220.6	13.8452	400.2748	5.1164	3
220.7	13.8358	399.4564	5.1127	3
220.8	13.8266	398.6264	5.1096	3
220.9	13.8172	397.8346	5.1089	3
221	13.8076	397.0027	5.1187	3
221.1	13.7982	396.2046	5.133	3
221.2	13.7885	395.3295	5.1225	3
221.3	13.7791	394.4921	5.1244	3
221.4	13.7697	393.6208	5.1229	3
221.5	13.7603	392.8097	5.1153	3
221.6	13.751	391.9207	5.1062	3
221.7	13.7417	391.0763	5.1005	3
221.8	13.7327	390.1897	5.1029	3
221.9	13.7238	389.3795	5.108	3
222	13.715	388.5356	5.1215	3
222.1	13.7061	387.6482	5.1248	3
222.2	13.6976	386.736	5.118	3
222.3	13.6892	385.9298	5.1094	3
222.4	13.6809	385.0145	5.1137	3
222.5	13.6729	384.1019	5.1085	3
222.6	13.665	383.3408	5.1014	3
222.7	13.6569	382.5558	5.0924	3
222.8	13.649	381.7178	5.091	3
222.9	13.641	380.8166	5.0909	3
223	13.6332	379.9313	5.0964	3
223.1	13.6255	379.0411	5.0968	3
223.2	13.618	378.246	5.0977	3
223.3	13.6105	377.3531	5.0913	3
223.4	13.6032	376.5314	5.0836	3
223.5	13.5957	375.7742	5.09	3
223.6	13.5877	375.0349	5.0941	3
223.7	13.5795	374.1937	5.1027	3
223.8	13.5718	373.2918	5.1106	3
223.9	13.564	372.4362	5.1056	3
224	13.5561	371.591	5.1007	3
224.1	13.5484	370.786	5.0906	3
224.2	13.5408	369.9581	5.0816	3
224.3	13.5333	369.0917	5.0876	3
224.4	13.5258	368.262	5.0922	3
224.5	13.518	367.4167	5.0903	3
224.6	13.5104	366.5673	5.0903	3
224.7	13.503	365.7821	5.0833	3
224.8	13.4953	364.9709	5.0871	3
224.9	13.4874	364.0949	5.0927	3
225	13.4797	363.241	5.1073	3
225.1	13.4723	362.3691	5.1115	3
225.2	13.465	361.4739	5.0985	3
225.3	13.458	360.6658	5.0971	3
225.4	13.4506	359.9136	5.095	3
225.5	13.4428	359.1949	5.0965	3
225.6	13.4348	358.3367	5.0966	3
225.7	13.4269	357.4918	5.0912	3
225.8	13.4189	356.6804	5.0951	3
225.9	13.4108	355.9018	5.1102	3
226	13.4025	355.1364	5.1111	3
226.1	13.3941	354.2753	5.1139	3
226.2	13.3859	353.3529	5.1183	3
226.3	13.3778	352.5302	5.106	3
226.4	13.3695	351.7079	5.0967	3
226.5	13.3611	350.9362	5.0979	3
226.6	13.3528	350.172	5.0983	3
226.7	13.344	349.3123	5.1007	3
226.8	13.3353	348.4877	5.1006	3
226.9	13.3265	347.7031	5.0941	3
227	13.3177	346.868	5.1016	3
227.1	13.3085	346.0926	5.0952	3
227.2	13.2997	345.1059	5.0966	3
227.3	13.2912	344.2941	5.0896	3
227.4	13.2824	343.5369	5.086	3
227.5	13.2733	342.7538	5.0865	3
227.6	13.2642	341.9941	5.0877	3
227.7	13.2548	341.1477	5.0801	3
227.8	13.2454	340.3238	5.0832	3
227.9	13.2357	339.4904	5.0876	3
228	13.2261	338.5866	5.0951	3
228.1	13.2169	337.7096	5.0888	3
228.2	13.2077	336.9813	5.0792	3
228.3	13.1983	336.1181	5.0768	3
228.4	13.1889	335.2648	5.0802	3
228.5	13.1801	334.3395	5.0776	3
228.6	13.1711	333.6039	5.0766	3
228.7	13.1617	332.7945	5.0794	3
228.8	13.1521	331.949	5.0684	3
228.9	13.1429	331.0806	5.0725	3
229	13.1338	330.311	5.0742	3
229.1	13.1243	329.5147	5.0815	3
229.2	13.1146	328.5744	5.0811	3
229.3	13.1055	327.7708	5.0874	3
229.4	13.0963	326.9671	5.1008	3
229.5	13.0869	326.1157	5.094	3
229.6	13.0776	325.2211	5.086	3
229.7	13.0686	324.3875	5.0942	3
229.8	13.0597	323.5467	5.0988	3
229.9	13.0505	322.6673	5.0896	3
230	13.0416	321.8378	5.1057	3
230.1	13.0328	321.0332	5.1001	3
230.2	13.0241	320.1801	5.0868	3
230.3	13.0152	319.3872	5.0897	3
230.4	13.0063	318.5493	5.1062	3
230.5	12.9973	317.6516	5.0983	3
230.6	12.9883	316.7924	5.0827	3
230.7	12.9795	315.9238	5.0879	3
230.8	12.9708	315.1606	5.0921	3
230.9	12.9619	314.3979	5.1039	3
231	12.9527	313.5451	5.1018	3
231.1	12.9439	312.6147	5.1099	3
231.2	12.9353	311.8114	5.1226	3
231.3	12.9266	311.0012	5.1113	3
231.4	12.9178	310.105	5.0955	3
231.5	12.9093	309.2688	5.0923	3
231.6	12.9009	308.3773	5.0943	3
231.7	12.8925	307.4988	5.0943	3
231.8	12.8844	306.6992	5.1061	3
231.9	12.8761	305.8849	5.1068	3
232	12.8674	305.2197	5.1008	3
232.1	12.8586	304.3377	5.0986	3
232.2	12.8503	303.3554	5.0976	3
232.3	12.8424	302.4389	5.0889	3
232.4	12.8342	301.6839	5.0919	3
232.5	12.8257	300.9625	5.086	3
232.6	12.8169	300.155	5.0882	3
232.7	12.8081	299.3649	5.0953	3
232.8	12.7995	298.4536	5.0968	3
232.9	12.791	297.6151	5.098	3
233	12.7827	296.6937	5.108	3
233.1	12.7746	295.8105	5.108	3
233.2	12.7667	294.9046	5.1004	3
233.3	12.7592	294.1083	5.0949	3
233.4	12.7513	293.3856	5.0902	3
233.5	12.7429	292.6245	5.0821	3
233.6	12.7345	291.8042	5.0807	3
233.7	12.7257	290.9487	5.0855	3
233.8	12.717	290.1156	5.0884	3
233.9	12.7083	289.3645	5.0781	3
234	12.6993	288.5849	5.0694	3
234.1	12.6901	287.7293	5.068	3
234.2	12.6808	286.9641	5.0853	3
234.3	12.6711	286.2184	5.0945	3
234.4	12.6613	285.3741	5.0944	3
234.5	12.6515	284.5214	5.1052	3
234.6	12.6418	283.6236	5.1027	3
234.7	12.6325	282.7329	5.1113	3
234.8	12.6237	281.8636	5.1329	3
234.9	12.6148	281.0967	5.1189	3
235	12.6054	280.306	5.1063	3
235.1	12.5959	279.4369	5.1115	3
235.2	12.5865	278.5845	5.1079	3
235.3	12.5775	277.7445	5.1014	3
235.4	12.5684	276.8848	5.0957	3
235.5	12.5591	276.0898	5.0984	3
235.6	12.5495	275.3767	5.1027	3
235.7	12.5396	274.6174	5.1007	3
235.8	12.5295	273.8036	5.1002	3
235.9	12.5193	272.9215	5.1035	3
236	12.5094	272.0194	5.1097	3
236.1	12.4997	271.218	5.1156	3
236.2	12.4899	270.4627	5.1122	3
236.3	12.4797	269.5968	5.1066	3
236.4	12.4696	268.6479	5.1067	3
236.5	12.4598	267.8749	5.1185	3
236.6	12.45	267.0645	5.1292	3
236.7	12.4398	266.2169	5.1455	3
236.8	12.43	265.3537	5.1376	3
236.9	12.4204	264.4519	5.1219	3
237	12.411	263.6237	5.1155	3
237.1	12.4015	262.8086	5.1148	3
237.2	12.3921	261.8963	5.1216	3
237.3	12.3829	261.1451	5.1306	3
237.4	12.3734	260.3093	5.1228	3
237.5	12.3634	259.6039	5.1056	3
237.6	12.3533	258.8182	5.0978	3
237.7	12.3431	257.958	5.1069	3
237.8	12.3329	257.067	5.1146	3
237.9	12.3226	256.2851	5.1152	3
238	12.3122	255.446	5.1089	3
238.1	12.302	254.613	5.1041	3
238.2	12.2917	253.8289	5.0961	3
238.3	12.281	253.0583	5.0828	3
238.4	12.2702	252.2499	5.0847	3
238.5	12.2595	251.3834	5.0847	3
238.6	12.2488	250.4951	5.0901	3
238.7	12.2381	249.6949	5.0916	3
238.8	12.2273	248.8678	5.1075	3
238.9	12.2162	248.149	5.1118	3
239	12.2053	247.3301	5.1025	3
239.1	12.1942	246.4154	5.1047	3
239.2	12.1833	245.5686	5.1137	3
239.3	12.1725	244.7114	5.1258	3
239.4	12.1616	243.917	5.1214	3
239.5	12.1505	243.1618	5.0993	3
239.6	12.1391	242.3038	5.1033	3
239.7	12.1277	241.5168	5.1176	3
239.8	12.1163	240.6222	5.1153	3
239.9	12.1052	239.7236	5.1188	3
240	12.0943	238.9542	5.1138	3
240.1	12.0832	238.1288	5.1077	3
240.2	12.0718	237.3166	5.1083	3
240.3	12.0605	236.4561	5.1159	3
240.4	12.0495	235.5655	5.1203	3
240.5	12.0385	234.7456	5.1192	3
240.6	12.0273	233.9631	5.1245	3
240.7	12.016	233.1486	5.1221	3
240.8	12.0045	232.3205	5.1224	3
240.9	11.9928	231.5951	5.1365	3
241	11.9807	230.8664	5.1443	3
241.1	11.9683	230.1028	5.1347	3
241.2	11.9555	229.3141	5.1247	3
241.3	11.9426	228.4816	5.1236	3
241.4	11.9298	227.6275	5.1139	3
241.5	11.9172	226.7099	5.1132	3
241.6	11.9046	225.9437	5.1125	3
241.7	11.8921	225.0588	5.1092	3
241.8	11.8796	224.219	5.1207	3
241.9	11.8672	223.4022	5.118	3
242	11.8547	222.4941	5.1143	3
242.1	11.8424	221.6509	5.1121	3
242.2	11.8302	220.8195	5.1316	3
242.3	11.8181	219.9527	5.1455	3
242.4	11.8061	219.1477	5.1528	3
242.5	11.7939	218.3236	5.1526	3
242.6	11.7815	217.4742	5.1413	3
242.7	11.7694	216.6015	5.1388	3
242.8	11.7576	215.6751	5.1431	3
242.9	11.7461	214.8495	5.1299	3
243	11.7345	213.9844	5.1188	3
243.1	11.7229	213.2249	5.1221	3
243.2	11.7112	212.4312	5.1212	3
243.3	11.6994	211.6488	5.1312	3
243.4	11.687	210.782	5.1226	3
243.5	11.6749	209.9152	5.13	3
243.6	11.6631	209.0907	5.1272	3
243.7	11.6511	208.303	5.1243	3
243.8	11.6391	207.5207	5.1308	3
243.9	11.6266	206.7519	5.1256	3
244	11.614	205.8711	5.1246	3
244.1	11.6018	205.0011	5.137	3
244.2	11.5894	204.268	5.1443	3
244.3	11.5766	203.4279	5.1396	3
244.4	11.5638	202.5712	5.1271	3
244.5	11.5511	201.7092	5.1203	3
244.6	11.5386	200.8133	5.1174	3
244.7	11.5262	200.026	5.129	3
244.8	11.5137	199.2096	5.1359	3
244.9	11.501	198.369	5.1283	3
245	11.4884	197.6283	5.1226	3
245.1	11.4753	196.8166	5.128	3
245.2	11.462	196.0404	5.1346	3
245.3	11.4487	195.1622	5.1257	3
245.4	11.4352	194.4001	5.1321	3
245.5	11.422	193.4664	5.1294	3
245.6	11.4089	192.6285	5.1205	3
245.7	11.3959	191.7753	5.1192	3
245.8	11.383	190.9073	5.1152	3
245.9	11.3703	190.0403	5.113	3
246	11.3577	189.2569	5.114	3
246.1	11.3447	188.4598	5.1113	3
246.2	11.3316	187.634	5.1085	3
246.3	11.3187	186.7982	5.1106	3
246.4	11.3056	186.0184	5.1067	3
246.5	11.2925	185.0738	5.1114	3
246.6	11.2797	184.2096	5.1278	3
246.7	11.2671	183.3793	5.114	3
246.8	11.2547	182.5375	5.1036	3
246.9	11.2421	181.7027	5.1104	3
247	11.2296	180.8799	5.1027	3
247.1	11.2169	180.0457	5.0908	3
247.2	11.2039	179.2089	5.0964	3
247.3	11.1911	178.4028	5.0877	3
247.4	11.1784	177.5129	5.0926	3
247.5	11.1658	176.6776	5.0922	3
247.6	11.1533	175.8653	5.0897	3
247.7	11.1406	175.1024	5.0806	3
247.8	11.1276	174.2301	5.0796	3
247.9	11.1149	173.429	5.0889	3
248	11.1022	172.6521	5.0942	3
248.1	11.0889	171.8483	5.0961	3
248.2	11.0755	171.0725	5.1052	3
248.3	11.0622	170.2279	5.1026	3
248.4	11.0488	169.401	5.0974	3
248.5	11.035	168.6354	5.0982	3
248.6	11.0209	167.8625	5.1188	3
248.7	11.0067	167.0019	5.1305	3
248.8	10.9927	166.1753	5.1398	3
248.9	10.9786	165.3601	5.1443	3
249	10.9643	164.5531	5.139	3
249.1	10.95	163.6279	5.1352	3
249.2	10.9362	162.6766	5.1269	3
249.3	10.9226	161.8582	5.1198	3
249.4	10.909	161.0486	5.1097	3
249.5	10.8956	160.2127	5.1135	3
249.6	10.8821	159.3843	5.118	3
249.7	10.8686	158.5	5.1336	3
249.8	10.8551	157.7183	5.1269	3
249.9	10.8414	156.9471	5.1076	3
250	10.8276	156.0968	5.1163	3
250.1	10.8136	155.324	5.1185	3
250.2	10.7996	154.4682	5.1109	3
250.3	10.7856	153.6673	5.1105	3
250.4	10.7713	152.8406	5.1149	3
250.5	10.7573	151.9584	5.1208	3
250.6	10.7434	151.1927	5.1251	3
250.7	10.7292	150.4272	5.1344	3
250.8	10.715	149.5089	5.1225	3
250.9	10.7013	148.6185	5.1131	3
251	10.6873	147.8414	5.1163	3
251.1	10.6728	147.0452	5.1088	3
251.2	10.6583	146.2213	5.1058	3
251.3	10.6439	145.4275	5.095	3
251.4	10.6292	144.6567	5.0906	3
251.5	10.6142	143.868	5.0924	3
251.6	10.5992	143.0263	5.0997	3
251.7	10.5842	142.1718	5.1143	3
251.8	10.5689	141.362	5.1177	3
251.9	10.5537	140.5644	5.125	3
252	10.5385	139.7318	5.1289	3
252.1	10.5234	138.901	5.1223	3
252.2	10.5078	138.1094	5.1268	3
252.3	10.4922	137.2877	5.1266	3
252.4	10.4764	136.4952	5.1236	3
252.5	10.4608	135.6217	5.1175	3
252.6	10.4451	134.7359	5.1047	3
252.7	10.4294	133.9724	5.1043	3
252.8	10.4135	133.1781	5.0952	3
252.9	10.3977	132.337	5.0964	3
253	10.3817	131.55	5.103	3
253.1	10.3655	130.7275	5.1031	3
253.2	10.3495	129.8652	5.1081	3
253.3	10.3333	129.0208	5.1091	3
253.4	10.317	128.2748	5.0855	3
253.5	10.3006	127.475	5.0737	3
253.6	10.2842	126.5977	5.0842	3
253.7	10.2678	125.8253	5.0996	3
253.8	10.2511	125.0063	5.1023	3
253.9	10.2344	124.1702	5.0977	3
254	10.2176	123.3677	5.099	3
254.1	10.2006	122.5594	5.1074	3
254.2	10.1835	121.656	5.1079	3
254.3	10.1666	120.7395	5.107	3
254.4	10.1504	119.8623	5.1061	3
254.5	10.1343	119.0196	5.0957	3
254.6	10.1182	118.2164	5.0936	3
254.7	10.1021	117.3377	5.1113	3
254.8	10.0861	116.4698	5.1117	3
254.9	10.0703	115.6227	5.1206	3
255	10.0546	114.7976	5.1349	3
255.1	10.0389	113.9344	5.1313	3
255.2	10.0229	113.1018	5.1233	3
255.3	10.0069	112.3285	5.126	3
255.4	9.9906	111.5726	5.1287	3
255.5	9.9742	110.8222	5.1236	3
255.6	9.9575	110.0186	5.1109	3
255.7	9.9403	109.171	5.1098	3
255.8	9.9231	108.4014	5.1203	3
255.9	9.9057	107.6585	5.1296	3
256	9.8882	106.8525	5.1296	3
256.1	9.8705	106.0418	5.1326	3
256.2	9.8526	105.222	5.137	3
256.3	9.8345	104.423	5.1379	3
256.4	9.8164	103.5527	5.1377	3
256.5	9.7983	102.7793	5.1287	3
256.6	9.7799	101.9652	5.1304	3
256.7	9.7612	101.252	5.139	3
256.8	9.7422	100.4583	5.128	3
256.9	9.7232	99.6395	5.1232	3
257	9.7042	98.799	5.1299	3
257.1	9.6851	97.9574	5.1292	3
257.2	9.666	97.0938	5.119	3
257.3	9.647	96.1912	5.12	3
257.4	9.6284	95.3563	5.1251	3
257.5	9.6097	94.509	5.1159	3
257.6	9.5911	93.6708	5.1145	3
257.7	9.5726	92.7771	5.1168	3
257.8	9.5541	91.97	5.1173	3
257.9	9.5356	91.2213	5.1071	3
258	9.5166	90.3828	5.1153	3
258.1	9.4978	89.4588	5.1185	3
258.2	9.4791	88.6413	5.1403	3
258.3	9.4604	87.8802	5.1474	3
258.4	9.4413	87.1152	5.1357	3
258.5	9.422	86.2938	5.1347	3
258.6	9.4026	85.514	5.1275	3
258.7	9.3827	84.7956	5.1318	3
258.8	9.3625	84.0079	5.1309	3
258.9	9.342	83.277	5.1391	3
259	9.3209	82.5475	5.1356	3
259.1	9.2994	81.7537	5.1359	3
259.2	9.2781	80.8889	5.1276	3
259.3	9.2567	79.9658	5.1318	3
259.4	9.2357	79.1239	5.1364	3
259.5	9.2145	78.2992	5.1399	3
259.6	9.1935	77.3632	5.1402	3
259.7	9.1729	76.4872	5.1401	3
259.8	9.1525	75.5998	5.1318	3
259.9	9.1321	74.7896	5.1293	3
260	9.1118	74.0142	5.1178	3
260.1	9.0914	73.0987	5.124	3
260.2	9.0712	72.2471	5.1268	3
260.3	9.0508	71.4337	5.1142	3
260.4	9.0307	70.5343	5.1126	3
260.5	9.0107	69.7269	5.1264	3
260.6	8.9905	68.9275	5.1383	3
260.7	8.9702	68.1338	5.1335	3
260.8	8.9497	67.3618	5.1254	3
260.9	8.9291	66.4799	5.121	3
261	8.9085	65.7456	5.117	3
261.1	8.8873	64.9554	5.1235	3
261.2	8.8661	64.0739	5.1217	3
261.3	8.8451	63.2555	5.1351	3
261.4	8.8238	62.4452	5.1292	3
261.5	8.8027	61.5608	5.124	3
261.6	8.7818	60.7178	5.127	3
261.7	8.7606	59.9197	5.1258	3
261.8	8.7392	59.1976	5.1256	3
261.9	8.7177	58.3606	5.1353	3
262	8.6959	57.5388	5.1491	3
262.1	8.6736	56.758	5.1365	3
262.2	8.6517	55.9601	5.1335	3
262.3	8.6296	55.142	5.1454	3
262.4	8.6074	54.3085	5.1395	3
262.5	8.5851	53.593	5.1286	3
262.6	8.5622	52.7782	5.1228	3
262.7	8.5398	51.8666	5.1182	3
262.8	8.5173	51.0915	5.1233	3
262.9	8.4943	50.3154	5.1312	3
263	8.4709	49.5581	5.1388	3
263.1	8.4471	48.7406	5.1263	3
263.2	8.4236	47.8787	5.1264	3
263.3	8.4002	47.0249	5.1263	3
263.4	8.3768	46.2131	5.116	3
263.5	8.3533	45.397	5.1118	3
263.6	8.3301	44.4929	5.1193	3
263.7	8.3065	43.7582	5.1268	3
263.8	8.2827	42.9074	5.1282	3
263.9	8.2588	42.1049	5.1316	3
264	8.2351	41.2404	5.1164	3
264.1	8.211	40.5114	5.1238	3
264.2	8.1863	39.7227	5.1307	3
264.3	8.1616	38.9558	5.1245	3
264.4	8.1368	38.2239	5.1178	3
264.5	8.1113	37.403	5.1156	3
264.6	8.0857	36.6717	5.1106	3
264.7	8.06	35.8854	5.1017	3
264.8	8.0339	35.1526	5.1122	3
264.9	8.0072	34.3155	5.1312	3
265	7.9806	33.4467	5.1408	3
265.1	7.9538	32.6182	5.1387	3
265.2	7.9271	31.751	5.119	3
265.3	7.9006	31.0037	5.1108	3
265.4	7.874	30.1825	5.1181	3
265.5	7.8468	29.3812	5.125	3
265.6	7.8199	28.5847	5.1279	3
265.7	7.7925	27.8263	5.1336	3
265.8	7.7648	26.9704	5.1346	3
265.9	7.7368	26.2374	5.1295	3
266	7.7086	25.3964	5.1305	3
266.1	7.6806	24.5267	5.1271	3
266.2	7.6526	23.6908	5.107	3
266.3	7.6245	22.9546	5.092	3
266.4	7.5959	22.227	5.0883	3
266.5	7.5668	21.4575	5.0798	3
266.6	7.5373	20.6908	5.0824	3
266.7	7.5079	19.8716	5.0918	3
266.8	7.4781	19.06	5.1047	3
266.9	7.4482	18.1907	5.1045	3
267	7.4182	17.3739	5.1031	3
267.1	7.3881	16.5846	5.1028	3
267.2	7.358	15.8216	5.0909	3
267.3	7.3277	14.9382	5.0829	3
267.4	7.2972	14.1475	5.0944	3
267.5	7.2666	13.3897	5.1012	3
267.6	7.2353	12.5785	5.1028	3
267.7	7.2042	11.7315	5.1059	3
267.8	7.1729	11.0458	5.1087	3
267.9	7.1409	10.3363	5.1119	3
268	7.1081	9.6232	5.1069	3
268.1	7.0752	8.7539	5.0881	3
268.2	7.0423	7.9814	5.0822	3
268.3	7.0093	7.1647	5.0853	3
268.4	6.9759	6.3824	5.0934	4
268.5	6.9422	5.5669	5.1051	4
268.6	6.9084	4.8832	5.1223	4
268.7	6.8751	4.1862	5.1223	4
268.8	6.798	-3.9202	5.1155	4
268.9	6.537	-28.6668	5.1209	4
269	6.1201	-48.7392	5.1303	4
269.1	5.6578	-56.0774	5.1275	4
269.2	5.1769	-57.4634	5.1164	4
269.3	4.6856	-56.8206	5.11	4
269.4	4.1885	-55.6924	5.1056	4
269.5	3.6881	-55.1172	5.1014	4
269.6	3.1844	-54.3148	5.1085	4
269.7	2.6789	-53.9409	5.1188	4
269.8	2.1715	-53.6945	5.1288	4
269.9	1.6626	-53.2675	5.139	4
270	1.1519	-52.8437	5.1265	4
270.1	0.64	-52.9187	5.1134	4
270.2	0.1276	-53.3587	5.1079	4
270.3	-0.3866	-52.9281	5.1148	4
270.4	-0.9028	-50.7255	5.1207	4
270.5	-1.419	-48.9001	5.1254	4
270.6	-1.9359	-47.9804	5.1297	4
270.7	-2.4536	-47.5871	5.1338	4
270.8	-2.9716	-47.3062	5.1436	4
270.9	-3.4903	-46.9183	5.1569	4
271	-4.009	-46.8742	5.1493	4
271.1	-4.5284	-46.4303	5.1456	4
271.2	-5.0485	-45.3545	5.1507	4
271.3	-5.5684	-44.4632	5.1464	4
271.4	-6.0883	-44.0655	5.1423	4
271.5	-6.6084	-43.8148	5.1447	4
271.6	-7.1291	-43.104	5.1494	4
271.7	-7.6496	-42.0305	5.145	4
271.8	-8.1697	-40.8658	5.1413	4
271.9	-8.6892	-40.3807	5.1339	4
272	-9.209	-40.1872	5.1255	4
272.1	-9.6897	-39.6727	5.1272	4
272.2	-10.0154	-38.8006	5.1165	4
272.3	-10.2224	-38.2768	5.1121	4
272.4	-10.4045	-37.9129	5.1212	4
272.5	-10.5789	-37.5756	5.1195	4
272.6	-10.7487	-37.4173	5.1229	4
272.7	-10.9159	-37.244	5.1342	4
272.8	-11.081	-37.1513	5.1345	4
272.9	-11.2445	-37.0415	5.1349	4
273	-11.4072	-36.9796	5.127	4
273.1	-11.5692	-36.9769	5.1361	4
273.2	-11.7308	-36.8984	5.1405	4
273.3	-11.8918	-36.8021	5.1258	4
273.4	-12.0524	-36.7335	5.1368	4
