Indentation

 + Advanced

+ Advanced
   Acquisition rate :	10.0 [Hz]
   Linear loading
   Max load :	1000.00 	µN
   Loading rate :	500.00 	µN/min
   Unloading rate :	500.00 	µN/min
   Pause :	30.0 s

+ TTX - UNHT Bio S/N: 1000136751 settings
   Fn contact : 25 µN
   Approach distance : 20 µm
   Approach speed : 100 µm/min
   Retract speed : 200 µm/min
   Retract time : 5 sec
   Dz sensor in large range
   Load in fine range
   FnRef in fine range
   FnRef contactload :500.000 µN
   Stiffness threshold : 1 µN/µm

   X Position :8879.40 µm
   Y Position :36704.57 µm
   Z Position :7456.82 µm

Date :6/9/2026
Time :11:42:26 AM

Analysis n # 1

   Method :	Hertz

 + Parameters

  Load Fit [10%,98%]

 + Main results

   EHz=	815.44 	kPa

 + Hypothesis


 + Additional results

   ErHz=	896.09 kPa
   h offset=	5.41 µm
   R2=	1.00

Analysis n # 2

   Method :	Oliver & Pharr

 + Parameters

  Unload Fit [40%,98%]

 + Main results

   HIT=	23.574 	kPa
   EIT=	820.85 	kPa
   E*=	902.03 	kPa

 + Hypothesis

   !!! Indenter not calibrated !!!
   m out of O&P hypothesis
   Poisson's ratio(nu)=	0.30 

 + Additional results

   HVIT=	0.002403 	 Vickers
   CIT 0.001/120/30=	2.41 	%
   nIT=	69.32 %
   Fmax=	999.34 	µN
   hmax=	17.15 	µm
   S=	209.5642 	µN/µm
   F/S²=	0.0228 	µm²/µN
   hc=	13.68 	µm
   hr=	12.38 	µm
   hp=	-50.06 	µm
   m=	14.0929 
   Epsilon=	0.73 
   R2=	0.999
   Ap=	42391.89 	µm²
   Welast=	3449.40 pJ
   Wplast=	1526.42 pJ
   Wtotal=	4975.82 pJ
   Er=	902.03 	kPa

Measured values
Time (s)	Pd (µm)	Fn (µN)	FnRef (µN)	SegmentID

0	0	0	5.1027	0
0.1	0.1858	0.2369	5.1072	0
0.2	0.3706	0.3621	5.1086	0
0.3	0.5542	0.4601	5.1117	0
0.4	0.7367	0.7255	5.1115	0
0.5	0.9178	1.0405	5.1224	0
0.6	1.0981	1.4144	5.1214	0
0.7	1.2782	1.7104	5.116	1
0.8	1.4571	2.1221	5.1276	1
0.9	1.6353	2.5739	5.1248	1
1	1.8121	3.1097	5.1352	1
1.1	1.9562	3.3088	5.1428	1
1.2	2.0323	3.4813	5.1408	1
1.3	2.0799	3.505	5.1299	1
1.4	2.1251	3.5953	5.1283	1
1.5	2.1705	3.7078	5.1392	1
1.6	2.2167	3.7934	5.131	1
1.7	2.2643	3.9807	5.1256	1
1.8	2.3141	4.0542	5.1326	1
1.9	2.3663	4.2746	5.1301	1
2	2.4207	4.4289	5.113	1
2.1	2.4775	4.7497	5.113	1
2.2	2.5369	5.0307	5.1222	1
2.3	2.5987	5.3112	5.1237	1
2.4	2.6626	5.712	5.1177	1
2.5	2.7287	6.032	5.113	1
2.6	2.7972	6.4216	5.1198	1
2.7	2.868	6.8563	5.1258	1
2.8	2.9412	7.3045	5.1224	1
2.9	3.0165	7.8031	5.1322	1
3	3.0935	8.3106	5.1358	1
3.1	3.1726	8.7528	5.1303	1
3.2	3.2534	9.426	5.1258	1
3.3	3.3354	10.0379	5.119	1
3.4	3.4193	10.6142	5.1086	1
3.5	3.5046	11.2527	5.1098	1
3.6	3.5903	12.101	5.1128	1
3.7	3.6768	12.7966	5.1116	1
3.8	3.7641	13.5739	5.1188	1
3.9	3.8515	14.4655	5.1257	1
4	3.9394	15.2662	5.1119	1
4.1	4.0272	16.2872	5.1109	1
4.2	4.1137	17.3598	5.1274	1
4.3	4.2004	18.1482	5.124	1
4.4	4.2871	19.1301	5.1188	1
4.5	4.372	20.3862	5.122	1
4.6	4.4561	21.3797	5.1241	1
4.7	4.539	22.4496	5.1226	1
4.8	4.6202	23.5354	5.1047	1
4.9	4.7004	24.6316	5.1029	1
5	4.7789	25.8614	5.1179	1
5.1	4.8558	27.0248	5.1265	1
5.2	4.931	28.1524	5.1168	1
5.3	5.0045	29.2799	5.1128	1
5.4	5.0763	30.4656	5.1178	1
5.5	5.1463	31.6452	5.1164	1
5.6	5.2147	32.7621	5.1156	1
5.7	5.2809	33.9629	5.1119	1
5.8	5.3454	35.1262	5.1085	1
5.9	5.4082	36.3059	5.1201	1
6	5.4689	37.4546	5.1221	1
6.1	5.5277	38.5955	5.105	1
6.2	5.585	39.7593	5.1099	1
6.3	5.6405	40.8461	5.1203	1
6.4	5.6945	41.9344	5.1174	1
6.5	5.747	43.0224	5.0997	1
6.6	5.7978	44.1102	5.1018	1
6.7	5.8473	45.1945	5.1147	1
6.8	5.8952	46.3009	5.1155	1
6.9	5.9418	47.3616	5.1057	1
7	5.987	48.4605	5.1118	1
7.1	6.0306	49.4299	5.1164	1
7.2	6.0733	50.4382	5.1107	1
7.3	6.1147	51.4631	5.1095	1
7.4	6.1553	52.4924	5.1016	1
7.5	6.1947	53.4834	5.0989	1
7.6	6.2329	54.4544	5.1091	1
7.7	6.2702	55.4795	5.1122	1
7.8	6.3066	56.4366	5.1199	1
7.9	6.3421	57.3469	5.1092	1
8	6.3769	58.2836	5.1088	1
8.1	6.4112	59.3379	5.1236	1
8.2	6.4442	60.2184	5.1124	1
8.3	6.477	61.062	5.1085	1
8.4	6.5094	62.0715	5.122	1
8.5	6.5408	63.0006	5.1186	1
8.6	6.5718	63.8802	5.1029	1
8.7	6.6022	64.7822	5.118	1
8.8	6.6323	65.6836	5.1281	1
8.9	6.662	66.5612	5.1143	1
9	6.6911	67.4409	5.1154	1
9.1	6.7199	68.2902	5.1135	1
9.2	6.7484	69.2126	5.1105	1
9.3	6.7764	70.104	5.1034	1
9.4	6.804	70.9945	5.1033	1
9.5	6.8313	71.8503	5.12	1
9.6	6.8586	72.6796	5.1266	1
9.7	6.8855	73.6084	5.1231	1
9.8	6.912	74.4909	5.1247	1
9.9	6.9384	75.4042	5.1283	1
10	6.9643	76.2514	5.1194	1
10.1	6.9899	77.0774	5.1086	1
10.2	7.0156	78.0048	5.094	1
10.3	7.0405	78.9048	5.0984	1
10.4	7.0652	79.7201	5.1017	1
10.5	7.0899	80.5884	5.0982	1
10.6	7.1142	81.4647	5.1083	1
10.7	7.138	82.3773	5.1314	1
10.8	7.1616	83.307	5.1455	1
10.9	7.1853	84.1096	5.1495	1
11	7.2084	85.0583	5.1402	1
11.1	7.2308	85.9411	5.1538	1
11.2	7.253	86.788	5.1611	1
11.3	7.2755	87.5812	5.1531	1
11.4	7.2974	88.5612	5.1472	1
11.5	7.3191	89.307	5.1334	1
11.6	7.3409	90.0766	5.1214	1
11.7	7.3629	90.9569	5.1326	1
11.8	7.3847	91.866	5.1257	1
11.9	7.4061	92.7702	5.1115	1
12	7.4274	93.584	5.1135	1
12.1	7.4483	94.4301	5.1206	1
12.2	7.4689	95.3395	5.1288	1
12.3	7.4895	96.2541	5.1204	1
12.4	7.5099	97.1419	5.1191	1
12.5	7.5295	98.0209	5.1185	1
12.6	7.5491	98.8306	5.1205	1
12.7	7.5684	99.7147	5.1294	1
12.8	7.5875	100.653	5.1208	1
12.9	7.6066	101.4274	5.1208	1
13	7.6259	102.2693	5.1186	1
13.1	7.6444	103.1397	5.1123	1
13.2	7.6622	104.0052	5.1043	1
13.3	7.6801	104.7951	5.1045	1
13.4	7.6984	105.6729	5.1205	1
13.5	7.7167	106.5473	5.1051	1
13.6	7.7345	107.499	5.0889	1
13.7	7.7521	108.3472	5.0941	1
13.8	7.7696	109.082	5.1032	1
13.9	7.7875	110.0013	5.1068	1
14	7.8049	110.8975	5.107	1
14.1	7.8221	111.7041	5.1087	1
14.2	7.8393	112.593	5.1104	1
14.3	7.856	113.4606	5.108	1
14.4	7.8724	114.2928	5.0966	1
14.5	7.8888	115.1618	5.1112	1
14.6	7.9051	116.0564	5.1219	1
14.7	7.9214	116.8655	5.1074	1
14.8	7.9378	117.6815	5.1063	1
14.9	7.9542	118.5127	5.1046	1
15	7.9706	119.3094	5.1001	1
15.1	7.9866	120.1332	5.1005	1
15.2	8.0028	120.9343	5.1061	1
15.3	8.0193	121.7384	5.1052	1
15.4	8.0355	122.738	5.0922	1
15.5	8.0514	123.3868	5.0833	1
15.6	8.068	124.3604	5.0888	1
15.7	8.0837	125.1077	5.0945	1
15.8	8.1	125.9594	5.0924	1
15.9	8.116	126.8632	5.0979	1
16	8.1318	127.8121	5.0993	1
16.1	8.1472	128.6391	5.0933	1
16.2	8.1629	129.5384	5.1056	1
16.3	8.1778	130.3745	5.1067	1
16.4	8.1923	131.283	5.0974	1
16.5	8.2069	132.1764	5.0981	1
16.6	8.2209	132.8992	5.0861	1
16.7	8.2355	133.7857	5.0857	1
16.8	8.25	134.5571	5.1006	1
16.9	8.2642	135.5393	5.1046	1
17	8.2786	136.2118	5.1028	1
17.1	8.2929	137.1525	5.1112	1
17.2	8.3072	137.9226	5.1196	1
17.3	8.3215	138.8437	5.1219	1
17.4	8.3353	139.6693	5.124	1
17.5	8.3495	140.4578	5.1183	1
17.6	8.3637	141.3039	5.1105	1
17.7	8.3778	142.1479	5.1175	1
17.8	8.392	142.9289	5.1366	1
17.9	8.4065	143.7129	5.1434	1
18	8.4208	144.6673	5.1295	1
18.1	8.4352	145.316	5.1115	1
18.2	8.4494	146.4274	5.1045	1
18.3	8.4635	147.0024	5.1222	1
18.4	8.478	147.8859	5.1336	1
18.5	8.4922	148.7385	5.1416	1
18.6	8.5062	149.5228	5.1315	1
18.7	8.5208	150.3193	5.1258	1
18.8	8.5351	151.2004	5.1214	1
18.9	8.549	152.1227	5.117	1
19	8.5634	152.8727	5.1279	1
19.1	8.5774	153.8119	5.1288	1
19.2	8.5916	154.6124	5.1273	1
19.3	8.6051	155.5736	5.1284	1
19.4	8.6188	156.2756	5.131	1
19.5	8.6325	157.1287	5.1269	1
19.6	8.6465	157.9394	5.1256	1
19.7	8.6602	158.8462	5.1249	1
19.8	8.6734	159.6913	5.1233	1
19.9	8.687	160.5003	5.1304	1
20	8.7009	161.3523	5.1362	1
20.1	8.7144	162.2331	5.1446	1
20.2	8.7277	163.0619	5.1369	1
20.3	8.7407	163.953	5.1397	1
20.4	8.7538	164.7975	5.1477	1
20.5	8.7667	165.6422	5.1445	1
20.6	8.7794	166.5041	5.1333	1
20.7	8.7923	167.3308	5.132	1
20.8	8.8047	168.2221	5.1305	1
20.9	8.817	169.0594	5.1208	1
21	8.8296	169.8979	5.1198	1
21.1	8.842	170.745	5.1261	1
21.2	8.8541	171.6511	5.1325	1
21.3	8.8662	172.4301	5.1393	1
21.4	8.8784	173.2992	5.1396	1
21.5	8.8904	174.1392	5.1398	1
21.6	8.9025	174.9446	5.1349	1
21.7	8.9145	175.8436	5.1256	1
21.8	8.9265	176.5729	5.119	1
21.9	8.9387	177.3901	5.118	1
22	8.951	178.2558	5.1281	1
22.1	8.963	179.1996	5.1247	1
22.2	8.9748	180.042	5.1188	1
22.3	8.9865	180.8085	5.1182	1
22.4	8.9981	181.6611	5.1114	1
22.5	9.01	182.4854	5.1147	1
22.6	9.022	183.2136	5.1256	1
22.7	9.034	184.0426	5.1362	1
22.8	9.0463	184.7951	5.13	1
22.9	9.0589	185.6355	5.1329	1
23	9.0713	186.6211	5.1335	1
23.1	9.0834	187.4307	5.1201	1
23.2	9.0952	188.2494	5.1307	1
23.3	9.107	189.1606	5.1332	1
23.4	9.1184	189.9082	5.1263	1
23.5	9.1302	190.8736	5.123	1
23.6	9.1417	191.6543	5.1229	1
23.7	9.1533	192.4671	5.1272	1
23.8	9.1655	193.2195	5.136	1
23.9	9.1778	193.9924	5.1417	1
24	9.1904	194.7664	5.1441	1
24.1	9.2028	195.674	5.1453	1
24.2	9.2152	196.4791	5.1485	1
24.3	9.2278	197.2898	5.1457	1
24.4	9.2402	198.1157	5.1405	1
24.5	9.2529	198.8772	5.1385	1
24.6	9.2658	199.7022	5.1357	1
24.7	9.2788	200.5221	5.1373	1
24.8	9.2919	201.3328	5.1326	1
24.9	9.3046	202.286	5.1373	1
25	9.317	203.1395	5.1458	1
25.1	9.3291	204.1315	5.1412	1
25.2	9.341	204.9444	5.139	1
25.3	9.3526	205.8764	5.1352	1
25.4	9.3637	206.7346	5.1426	1
25.5	9.3749	207.5839	5.1535	1
25.6	9.386	208.5029	5.1523	1
25.7	9.3969	209.3618	5.1494	1
25.8	9.4073	210.2725	5.1434	1
25.9	9.4177	211.1003	5.1376	1
26	9.4281	211.935	5.149	1
26.1	9.4386	212.7673	5.1564	1
26.2	9.4487	213.6178	5.1563	1
26.3	9.4587	214.4833	5.1447	1
26.4	9.4688	215.1262	5.1422	1
26.5	9.4792	216.0439	5.1455	1
26.6	9.4898	216.9072	5.1497	1
26.7	9.5002	217.641	5.1508	1
26.8	9.5109	218.4661	5.1482	1
26.9	9.5216	219.2471	5.1343	1
27	9.5322	220.1626	5.1416	1
27.1	9.5429	220.9667	5.1478	1
27.2	9.5537	221.6965	5.1538	1
27.3	9.5648	222.5754	5.1412	1
27.4	9.5755	223.4057	5.1366	1
27.5	9.5866	224.181	5.1484	1
27.6	9.5979	225.0211	5.1452	1
27.7	9.6089	225.9016	5.1372	1
27.8	9.6198	226.7231	5.1366	1
27.9	9.6306	227.59	5.1373	1
28	9.6412	228.5029	5.1517	1
28.1	9.6519	229.2789	5.1616	1
28.2	9.6627	230.2131	5.1491	1
28.3	9.6733	230.9557	5.1429	1
28.4	9.6839	231.7371	5.1622	1
28.5	9.6947	232.6285	5.1658	1
28.6	9.7054	233.4208	5.1601	1
28.7	9.7159	234.2937	5.1547	1
28.8	9.7269	235.0545	5.1597	1
28.9	9.7379	235.901	5.1728	1
29	9.7488	236.6758	5.1839	1
29.1	9.7598	237.495	5.1808	1
29.2	9.7713	238.2917	5.1682	1
29.3	9.7826	239.1322	5.1577	1
29.4	9.7935	239.995	5.165	1
29.5	9.8045	240.8145	5.1602	1
29.6	9.8156	241.7319	5.1484	1
29.7	9.8264	242.5805	5.1472	1
29.8	9.8374	243.4889	5.1553	1
29.9	9.8482	244.2952	5.1542	1
30	9.8586	245.0719	5.1585	1
30.1	9.8692	245.9242	5.1649	1
30.2	9.8798	246.8668	5.1491	1
30.3	9.8903	247.665	5.1472	1
30.4	9.9004	248.558	5.1463	1
30.5	9.9104	249.4879	5.1449	1
30.6	9.9204	250.2876	5.1464	1
30.7	9.9305	250.9803	5.1469	1
30.8	9.9408	251.8239	5.1467	1
30.9	9.951	252.702	5.149	1
31	9.9612	253.4644	5.164	1
31.1	9.9717	254.281	5.1724	1
31.2	9.9822	255.0959	5.1655	1
31.3	9.9929	255.8686	5.149	1
31.4	10.0038	256.671	5.1442	1
31.5	10.0152	257.4747	5.1417	1
31.6	10.0267	258.2165	5.1472	1
31.7	10.0379	259.1713	5.153	1
31.8	10.0492	259.9316	5.1553	1
31.9	10.0605	260.7468	5.1469	1
32	10.0718	261.6365	5.1505	1
32.1	10.083	262.4944	5.1646	1
32.2	10.094	263.3591	5.1574	1
32.3	10.1051	264.2378	5.1496	1
32.4	10.1159	265.1049	5.1436	1
32.5	10.1264	265.9841	5.135	1
32.6	10.1369	266.8024	5.1355	1
32.7	10.1478	267.4822	5.1358	1
32.8	10.159	268.3072	5.1354	1
32.9	10.1699	269.2354	5.1442	1
33	10.1807	270.1477	5.1529	1
33.1	10.1911	270.9047	5.1506	1
33.2	10.2021	271.7038	5.1362	1
33.3	10.2127	272.5992	5.135	1
33.4	10.2231	273.5361	5.1533	1
33.5	10.2336	274.3908	5.167	1
33.6	10.2438	275.2229	5.165	1
33.7	10.2537	276.0199	5.1423	1
33.8	10.264	276.8493	5.1392	1
33.9	10.2744	277.7238	5.1472	1
34	10.2846	278.389	5.1456	1
34.1	10.2951	279.2606	5.1429	1
34.2	10.306	280.0565	5.1577	1
34.3	10.3167	280.8585	5.1519	1
34.4	10.3275	281.7273	5.1407	1
34.5	10.3384	282.5182	5.1473	1
34.6	10.349	283.4067	5.1554	1
34.7	10.3596	284.3202	5.1603	1
34.8	10.3699	285.1997	5.1566	1
34.9	10.3799	286.0674	5.143	1
35	10.3896	286.9581	5.1389	1
35.1	10.3994	287.7043	5.1479	1
35.2	10.4096	288.5373	5.1489	1
35.3	10.4198	289.4104	5.1445	1
35.4	10.4298	290.2557	5.1342	1
35.5	10.4396	291.0696	5.1361	1
35.6	10.4496	291.8978	5.1426	1
35.7	10.4596	292.7257	5.1479	1
35.8	10.4694	293.5435	5.1449	1
35.9	10.4794	294.4177	5.139	1
36	10.489	295.2527	5.1336	1
36.1	10.4989	296.0269	5.133	1
36.2	10.509	296.8146	5.1388	1
36.3	10.519	297.78	5.1407	1
36.4	10.5287	298.6428	5.1363	1
36.5	10.5384	299.4641	5.1388	1
36.6	10.5482	300.2546	5.1387	1
36.7	10.5579	301.0648	5.1505	1
36.8	10.5674	302.0166	5.1669	1
36.9	10.5766	302.8762	5.1629	1
37	10.5858	303.6637	5.1471	1
37.1	10.5952	304.4652	5.1437	1
37.2	10.6045	305.4323	5.1437	1
37.3	10.6137	306.193	5.1465	1
37.4	10.6228	307.0012	5.149	1
37.5	10.6321	307.9538	5.1486	1
37.6	10.641	308.714	5.1506	1
37.7	10.6498	309.578	5.1525	1
37.8	10.6588	310.4582	5.1524	1
37.9	10.6674	311.3604	5.1503	1
38	10.6758	312.1492	5.1488	1
38.1	10.684	313.0832	5.1455	1
38.2	10.6922	313.859	5.1439	1
38.3	10.7006	314.667	5.1344	1
38.4	10.709	315.4984	5.1363	1
38.5	10.7173	316.3087	5.1467	1
38.6	10.7256	317.1847	5.1498	1
38.7	10.7341	318.0288	5.1479	1
38.8	10.7424	318.8446	5.1683	1
38.9	10.7503	319.7971	5.1765	1
39	10.7579	320.6868	5.1765	1
39.1	10.7653	321.5169	5.1571	1
39.2	10.7728	322.3601	5.1442	1
39.3	10.7802	323.2287	5.1481	1
39.4	10.7875	324.0634	5.1437	1
39.5	10.7949	324.7831	5.1203	1
39.6	10.8027	325.5139	5.1213	1
39.7	10.8108	326.41	5.1395	1
39.8	10.8187	327.1765	5.1449	1
39.9	10.8269	327.9581	5.1383	1
40	10.8356	328.85	5.1275	1
40.1	10.8438	329.6263	5.1279	1
40.2	10.8519	330.5408	5.1331	1
40.3	10.8598	331.3901	5.1307	1
40.4	10.8677	332.2269	5.1418	1
40.5	10.8757	333.0402	5.1355	1
40.6	10.8835	333.8737	5.1274	1
40.7	10.8915	334.7514	5.1274	1
40.8	10.8994	335.489	5.1238	1
40.9	10.9073	336.4457	5.1168	1
41	10.9152	337.247	5.1275	1
41.1	10.9233	337.9653	5.1471	1
41.2	10.9318	338.7106	5.151	1
41.3	10.9397	339.7028	5.1424	1
41.4	10.9478	340.4882	5.1359	1
41.5	10.9562	341.2466	5.1389	1
41.6	10.9652	342.0159	5.1451	1
41.7	10.974	342.8609	5.1364	1
41.8	10.9828	343.6676	5.1328	1
41.9	10.9916	344.4001	5.1339	1
42	11.0006	345.3474	5.1197	1
42.1	11.0095	346.1173	5.1113	1
42.2	11.0184	346.9962	5.1114	1
42.3	11.0269	347.9247	5.117	1
42.4	11.0356	348.7149	5.1138	1
42.5	11.0441	349.6172	5.1102	1
42.6	11.0528	350.4173	5.111	1
42.7	11.0612	351.2312	5.1169	1
42.8	11.0695	352.1284	5.1149	1
42.9	11.078	352.9402	5.1097	1
43	11.0864	353.7671	5.1124	1
43.1	11.0949	354.6808	5.1259	1
43.2	11.1029	355.5329	5.1384	1
43.3	11.1108	356.2684	5.1265	1
43.4	11.1191	357.1388	5.1116	1
43.5	11.1274	357.9746	5.1003	1
43.6	11.1357	358.787	5.1066	1
43.7	11.1439	359.7045	5.107	1
43.8	11.1522	360.48	5.1089	1
43.9	11.1605	361.2699	5.1169	1
44	11.1689	362.2392	5.1189	1
44.1	11.1771	363.0197	5.1088	1
44.2	11.1852	363.7834	5.103	1
44.3	11.1933	364.6528	5.1211	1
44.4	11.2011	365.6199	5.135	1
44.5	11.2089	366.3468	5.1107	1
44.6	11.2172	367.1248	5.1003	1
44.7	11.2255	367.8849	5.1108	1
44.8	11.2336	368.8896	5.1139	1
44.9	11.2418	369.5776	5.1047	1
45	11.2502	370.4328	5.0982	1
45.1	11.2586	371.3343	5.1053	1
45.2	11.2666	372.2071	5.1081	1
45.3	11.2745	372.9699	5.107	1
45.4	11.2826	373.8004	5.1002	1
45.5	11.291	374.6133	5.0971	1
45.6	11.2992	375.4812	5.1077	1
45.7	11.3073	376.3434	5.1128	1
45.8	11.3154	377.1075	5.1065	1
45.9	11.3235	377.9981	5.1004	1
46	11.3316	378.7831	5.1065	1
46.1	11.3398	379.6093	5.1038	1
46.2	11.3481	380.4497	5.0918	1
46.3	11.3563	381.3739	5.0914	1
46.4	11.3644	382.1814	5.0892	1
46.5	11.3724	383.0414	5.089	1
46.6	11.3802	383.9644	5.0956	1
46.7	11.3878	384.7101	5.1049	1
46.8	11.3956	385.5304	5.1124	1
46.9	11.4035	386.4045	5.1147	1
47	11.4111	387.2848	5.1082	1
47.1	11.4184	388.1823	5.115	1
47.2	11.426	388.9254	5.104	1
47.3	11.4336	389.7275	5.1054	1
47.4	11.4413	390.6506	5.1099	1
47.5	11.4485	391.389	5.1019	1
47.6	11.456	392.2152	5.0947	1
47.7	11.4635	393.1404	5.0986	1
47.8	11.4708	394.0497	5.1057	1
47.9	11.4779	394.8074	5.1099	1
48	11.4852	395.6387	5.0962	1
48.1	11.4926	396.4585	5.0966	1
48.2	11.5001	397.2946	5.0999	1
48.3	11.5074	398.0398	5.0993	1
48.4	11.515	398.8829	5.0899	1
48.5	11.5228	399.7453	5.0965	1
48.6	11.5302	400.534	5.0954	1
48.7	11.5374	401.4507	5.0957	1
48.8	11.5451	402.2346	5.0924	1
48.9	11.5527	403.0534	5.0791	1
49	11.5601	403.9451	5.0725	1
49.1	11.5676	404.7038	5.076	1
49.2	11.5754	405.5206	5.0847	1
49.3	11.5834	406.3908	5.095	1
49.4	11.5911	407.1951	5.1025	1
49.5	11.5989	407.9995	5.1057	1
49.6	11.607	408.7587	5.1139	1
49.7	11.6148	409.7348	5.1079	1
49.8	11.6227	410.5545	5.1004	1
49.9	11.6306	411.3182	5.1035	1
50	11.6387	412.1252	5.1109	1
50.1	11.6467	413.001	5.1109	1
50.2	11.6545	413.8609	5.1134	1
50.3	11.6623	414.6791	5.1245	1
50.4	11.6702	415.4477	5.1362	1
50.5	11.6778	416.3013	5.1221	1
50.6	11.6856	417.2065	5.0954	1
50.7	11.6936	417.9873	5.0918	1
50.8	11.7015	418.7929	5.0984	1
50.9	11.7091	419.7755	5.0997	1
51	11.7167	420.5678	5.1036	1
51.1	11.7242	421.4	5.0923	1
51.2	11.7316	422.3139	5.0961	1
51.3	11.7389	423.0548	5.0931	1
51.4	11.7466	423.8522	5.098	1
51.5	11.7546	424.6527	5.1003	1
51.6	11.762	425.5674	5.0939	1
51.7	11.7694	426.4788	5.1006	1
51.8	11.7768	427.2515	5.1075	1
51.9	11.7844	428.0666	5.0987	1
52	11.7919	428.9241	5.0953	1
52.1	11.7994	429.7837	5.0902	1
52.2	11.8067	430.5826	5.0911	1
52.3	11.8144	431.3474	5.0987	1
52.4	11.8219	432.2608	5.0998	1
52.5	11.8293	433.1507	5.1131	1
52.6	11.8366	433.9203	5.1135	1
52.7	11.8441	434.7121	5.1052	1
52.8	11.8518	435.5173	5.1122	1
52.9	11.8592	436.4044	5.1112	1
53	11.8667	437.274	5.1091	1
53.1	11.8742	438.1507	5.1184	1
53.2	11.8814	438.9421	5.1384	1
53.3	11.8886	439.7797	5.1362	1
53.4	11.8961	440.6853	5.1337	1
53.5	11.9035	441.3994	5.1212	1
53.6	11.9107	442.2674	5.1144	1
53.7	11.9178	443.1982	5.1217	1
53.8	11.9248	444.0455	5.116	1
53.9	11.9318	444.9183	5.1123	1
54	11.9387	445.6566	5.122	1
54.1	11.9455	446.5785	5.1278	1
54.2	11.9525	447.3933	5.135	1
54.3	11.9588	448.2219	5.1397	1
54.4	11.9651	449.1565	5.1208	1
54.5	11.9719	449.8465	5.1114	1
54.6	11.9791	450.5977	5.1198	1
54.7	11.9862	451.5155	5.122	1
54.8	11.9932	452.3848	5.1197	1
54.9	12.0002	453.1284	5.1201	1
55	12.0076	453.8655	5.1174	1
55.1	12.0148	454.7631	5.1096	1
55.2	12.0222	455.6187	5.0992	1
55.3	12.0297	456.3611	5.1073	1
55.4	12.0373	457.1687	5.1079	1
55.5	12.045	457.9013	5.1052	1
55.6	12.0535	458.6519	5.1091	1
55.7	12.0626	459.3048	5.1076	1
55.8	12.0721	460.113	5.1132	1
55.9	12.0815	461.0183	5.1135	1
56	12.0907	461.8639	5.1147	1
56.1	12.0995	462.7508	5.1172	1
56.2	12.1084	463.5831	5.1175	1
56.3	12.1173	464.3976	5.1225	1
56.4	12.1262	465.325	5.1251	1
56.5	12.135	466.1711	5.1299	1
56.6	12.1435	467.038	5.1202	1
56.7	12.1517	467.9166	5.1101	1
56.8	12.1599	468.7913	5.1154	1
56.9	12.1678	469.7274	5.1151	1
57	12.1755	470.5486	5.0949	1
57.1	12.1833	471.4234	5.093	1
57.2	12.1911	472.2416	5.0991	1
57.3	12.1989	473.0328	5.1219	1
57.4	12.2067	473.8698	5.119	1
57.5	12.2142	474.7604	5.1175	1
57.6	12.2219	475.536	5.129	1
57.7	12.2295	476.3457	5.1356	1
57.8	12.237	477.2439	5.1324	1
57.9	12.2443	478.1438	5.1328	1
58	12.2515	479.0038	5.1385	1
58.1	12.2589	479.7712	5.1404	1
58.2	12.2662	480.5577	5.1358	1
58.3	12.2737	481.4307	5.135	1
58.4	12.2811	482.2757	5.1321	1
58.5	12.2886	483.1053	5.1353	1
58.6	12.2961	483.8948	5.132	1
58.7	12.3036	484.6572	5.1352	1
58.8	12.3112	485.6048	5.1406	1
58.9	12.3188	486.3233	5.1299	1
59	12.3266	487.1467	5.1176	1
59.1	12.3345	488.0648	5.1282	1
59.2	12.3422	488.7805	5.1393	1
59.3	12.3499	489.6403	5.1265	1
59.4	12.3579	490.444	5.1277	1
59.5	12.3659	491.2663	5.1467	1
59.6	12.3742	492.1084	5.1479	1
59.7	12.3826	492.9032	5.1452	1
59.8	12.391	493.7327	5.148	1
59.9	12.3995	494.5648	5.1423	1
60	12.4079	495.2951	5.1349	1
60.1	12.4166	496.086	5.1317	1
60.2	12.4255	496.9726	5.1405	1
60.3	12.4343	497.8107	5.146	1
60.4	12.4431	498.6944	5.1427	1
60.5	12.452	499.4554	5.1491	1
60.6	12.4607	500.2692	5.1599	1
60.7	12.4692	501.2371	5.1634	1
60.8	12.4776	502.1605	5.1616	1
60.9	12.4857	502.8788	5.1603	1
61	12.4938	503.834	5.1555	1
61.1	12.5018	504.6893	5.1574	1
61.2	12.5094	505.5833	5.1558	1
61.3	12.5169	506.4219	5.1433	1
61.4	12.5245	507.2448	5.148	1
61.5	12.5321	508.1484	5.1595	1
61.6	12.5392	508.9589	5.1663	1
61.7	12.5462	509.8557	5.1666	1
61.8	12.5538	510.5684	5.1586	1
61.9	12.5619	511.2318	5.1628	1
62	12.5697	512.1259	5.1596	1
62.1	12.5772	513.1169	5.1664	1
62.2	12.5846	514.0025	5.1658	1
62.3	12.5919	514.7633	5.1553	1
62.4	12.5989	515.6805	5.1482	1
62.5	12.6057	516.587	5.1613	1
62.6	12.6124	517.4064	5.1657	1
62.7	12.6193	518.25	5.1619	1
62.8	12.6262	519.08	5.1522	1
62.9	12.6327	519.8816	5.158	1
63	12.6395	520.7841	5.1733	1
63.1	12.6465	521.5361	5.1848	1
63.2	12.6533	522.359	5.1911	1
63.3	12.6602	523.1144	5.1804	1
63.4	12.6672	523.9684	5.1719	1
63.5	12.6746	524.7582	5.16	1
63.6	12.6815	525.6487	5.1498	1
63.7	12.6884	526.5441	5.1448	1
63.8	12.6952	527.3428	5.1605	1
63.9	12.7021	528.1398	5.1668	1
64	12.7092	528.9795	5.1612	1
64.1	12.7167	529.6656	5.1639	1
64.2	12.7244	530.4893	5.1496	1
64.3	12.732	531.3777	5.1353	1
64.4	12.7395	532.207	5.1325	1
64.5	12.7472	533.0024	5.1417	1
64.6	12.7552	533.7498	5.1472	1
64.7	12.7633	534.6005	5.1536	1
64.8	12.7713	535.4509	5.1481	1
64.9	12.7792	536.2902	5.1403	1
65	12.787	537.1016	5.1464	1
65.1	12.7949	538.0562	5.1565	1
65.2	12.8025	538.8377	5.1556	1
65.3	12.8102	539.7135	5.1528	1
65.4	12.8179	540.5431	5.1486	1
65.5	12.8254	541.338	5.1554	1
65.6	12.8331	542.202	5.1527	1
65.7	12.8409	542.8931	5.1632	1
65.8	12.8491	543.7267	5.1796	1
65.9	12.8572	544.5753	5.1814	1
66	12.8652	545.4005	5.1648	1
66.1	12.8733	546.3338	5.1631	1
66.2	12.8809	547.2162	5.1642	1
66.3	12.8884	548.0455	5.1533	1
66.4	12.896	548.9009	5.1459	1
66.5	12.9035	549.7373	5.1405	1
66.6	12.911	550.5713	5.1443	1
66.7	12.9185	551.4618	5.1509	1
66.8	12.9256	552.3051	5.16	1
66.9	12.9329	553.0953	5.1624	1
67	12.9405	553.8396	5.1584	1
67.1	12.9481	554.7479	5.1559	1
67.2	12.9556	555.5988	5.1529	1
67.3	12.9629	556.4541	5.1603	1
67.4	12.9703	557.2566	5.1661	1
67.5	12.9776	558.0494	5.1589	1
67.6	12.9846	558.926	5.156	1
67.7	12.9916	559.8504	5.1609	1
67.8	12.9989	560.6484	5.1551	1
67.9	13.0061	561.4512	5.1596	1
68	13.0132	562.3172	5.1711	1
68.1	13.0202	563.1663	5.168	1
68.2	13.0272	564.0836	5.1553	1
68.3	13.0338	564.9039	5.147	1
68.4	13.0404	565.7515	5.1541	1
68.5	13.0471	566.5675	5.1703	1
68.6	13.0538	567.4227	5.1801	1
68.7	13.0603	568.2677	5.1809	1
68.8	13.0669	569.0192	5.1694	1
68.9	13.0733	569.9079	5.1655	1
69	13.0798	570.8507	5.16	1
69.1	13.0863	571.5252	5.157	1
69.2	13.0929	572.3613	5.1649	1
69.3	13.0996	573.2275	5.1628	1
69.4	13.1061	574.0145	5.1516	1
69.5	13.1129	574.8578	5.1408	1
69.6	13.1198	575.628	5.1293	1
69.7	13.1266	576.506	5.1334	1
69.8	13.1334	577.3581	5.143	1
69.9	13.1405	578.0301	5.1523	1
70	13.148	578.8739	5.1489	1
70.1	13.1555	579.648	5.1428	1
70.2	13.1629	580.4865	5.1391	1
70.3	13.1704	581.4618	5.1421	1
70.4	13.1777	582.2394	5.1412	1
70.5	13.1848	583.1056	5.1357	1
70.6	13.1925	583.8489	5.1394	1
70.7	13.2	584.6634	5.1388	1
70.8	13.2072	585.6865	5.1479	1
70.9	13.2144	586.4197	5.1434	1
71	13.2215	587.2228	5.1369	1
71.1	13.2289	588.1586	5.1368	1
71.2	13.236	588.9151	5.1375	1
71.3	13.2429	589.8768	5.1539	1
71.4	13.2504	590.5514	5.1603	1
71.5	13.2574	591.3027	5.1614	1
71.6	13.2647	592.4206	5.1619	1
71.7	13.2719	593.0149	5.1598	1
71.8	13.2789	593.9241	5.1592	1
71.9	13.2864	594.7967	5.1625	1
72	13.2934	595.4604	5.1656	1
72.1	13.3005	596.5831	5.1688	1
72.2	13.3077	597.1654	5.1588	1
72.3	13.3145	598.1497	5.1571	1
72.4	13.3218	599.0398	5.1581	1
72.5	13.3286	599.6559	5.1565	1
72.6	13.3354	600.8474	5.1503	1
72.7	13.3425	601.4238	5.1368	1
72.8	13.3489	602.3278	5.1449	1
72.9	13.3562	603.2609	5.1507	1
73	13.3629	603.7639	5.1499	1
73.1	13.3694	605.0649	5.1537	1
73.2	13.3767	605.5654	5.1564	1
73.3	13.383	606.438	5.1574	1
73.4	13.3901	607.522	5.1606	1
73.5	13.3965	608.017	5.1545	1
73.6	13.403	609.19	5.1558	1
73.7	13.4103	609.7388	5.1494	1
73.8	13.4165	610.5807	5.1389	1
73.9	13.4235	611.759	5.1392	1
74	13.4301	612.1367	5.149	1
74.1	13.4367	613.3467	5.1592	1
74.2	13.4443	613.8759	5.1495	1
74.3	13.451	614.6189	5.1404	1
74.4	13.4591	615.6429	5.1478	1
74.5	13.4668	615.9753	5.146	1
74.6	13.4745	617.2969	5.137	1
74.7	13.4831	617.7676	5.132	1
74.8	13.4909	618.5608	5.1331	1
74.9	13.4997	619.6625	5.1373	1
75	13.508	620.1097	5.1277	1
75.1	13.5162	621.3419	5.1295	1
75.2	13.525	621.9857	5.1257	1
75.3	13.533	622.8028	5.1138	1
75.4	13.5415	623.9113	5.1186	1
75.5	13.5494	624.4238	5.1342	1
75.6	13.5571	625.5936	5.1462	1
75.7	13.5654	626.2577	5.1413	1
75.8	13.5731	626.9987	5.1378	1
75.9	13.5813	628.0907	5.1358	1
76	13.5893	628.5823	5.1281	1
76.1	13.5973	629.6953	5.1227	1
76.2	13.6058	630.4208	5.1309	1
76.3	13.6136	631.1663	5.1332	1
76.4	13.622	632.204	5.1152	1
76.5	13.6302	632.7519	5.1143	1
76.6	13.6381	633.8304	5.1149	1
76.7	13.6464	634.6343	5.111	1
76.8	13.6541	635.4133	5.1151	1
76.9	13.6619	636.4085	5.1127	1
77	13.6701	637.0525	5.1073	1
77.1	13.6778	637.9621	5.1059	1
77.2	13.686	638.7723	5.1052	1
77.3	13.6941	639.4926	5.1147	1
77.4	13.7022	640.5284	5.1211	1
77.5	13.7102	641.2958	5.1213	1
77.6	13.718	642.1733	5.1206	1
77.7	13.726	643.015	5.1049	1
77.8	13.7339	643.7782	5.1072	1
77.9	13.7417	644.6588	5.112	1
78	13.7493	645.5707	5.1063	1
78.1	13.7571	646.3982	5.1091	1
78.2	13.7649	647.1652	5.1303	1
78.3	13.773	647.8775	5.1363	1
78.4	13.7811	648.7043	5.12	1
78.5	13.7891	649.6594	5.1205	1
78.6	13.7971	650.39	5.1268	1
78.7	13.8049	651.3434	5.1243	1
78.8	13.813	652.202	5.137	1
78.9	13.8208	653.009	5.1556	1
79	13.8285	653.8489	5.1519	1
79.1	13.8364	654.6437	5.1394	1
79.2	13.8437	655.6547	5.1484	1
79.3	13.851	656.4374	5.1529	1
79.4	13.8583	657.1307	5.1494	1
79.5	13.8661	658.0693	5.1388	1
79.6	13.8738	658.8324	5.1333	1
79.7	13.8814	659.6505	5.1189	1
79.8	13.8894	660.5022	5.1277	1
79.9	13.8971	661.2988	5.1379	1
80	13.9046	662.1961	5.1553	1
80.1	13.9122	662.9527	5.1585	1
80.2	13.92	663.8829	5.1466	1
80.3	13.9277	664.7407	5.1318	1
80.4	13.9352	665.4265	5.1291	1
80.5	13.9429	666.3944	5.1306	1
80.6	13.9508	667.2654	5.1375	1
80.7	13.9582	668.0712	5.147	1
80.8	13.9657	668.9249	5.153	1
80.9	13.9734	669.6715	5.1422	1
81	13.9812	670.5087	5.1309	1
81.1	13.9888	671.38	5.1262	1
81.2	13.9961	672.2183	5.1351	1
81.3	14.0038	673.0104	5.1476	1
81.4	14.0116	673.8066	5.153	1
81.5	14.0192	674.7285	5.1522	1
81.6	14.0266	675.559	5.1525	1
81.7	14.0338	676.4434	5.1445	1
81.8	14.0409	677.3262	5.1401	1
81.9	14.0481	678.0602	5.1382	1
82	14.0552	678.9732	5.1332	1
82.1	14.0625	679.8081	5.1256	1
82.2	14.0696	680.5747	5.1302	1
82.3	14.0768	681.4624	5.1398	1
82.4	14.0839	682.3876	5.129	1
82.5	14.0908	683.1774	5.1345	1
82.6	14.0975	684.0542	5.1301	1
82.7	14.104	684.8098	5.1186	1
82.8	14.1108	685.7531	5.122	1
82.9	14.1178	686.5062	5.131	1
83	14.1242	687.4423	5.1304	1
83.1	14.1303	688.4302	5.1214	1
83.2	14.1364	689.0892	5.1055	1
83.3	14.1427	689.9288	5.0958	1
83.4	14.1493	690.7907	5.1063	1
83.5	14.1556	691.6189	5.1249	1
83.6	14.1617	692.5804	5.1219	1
83.7	14.1678	693.3298	5.1219	1
83.8	14.1739	694.0763	5.1222	1
83.9	14.1804	694.9296	5.1247	1
84	14.1868	695.8024	5.1177	1
84.1	14.193	696.6707	5.1101	1
84.2	14.199	697.4445	5.1051	1
84.3	14.2051	698.239	5.1086	1
84.4	14.2117	699.1245	5.109	1
84.5	14.2182	699.8166	5.1122	1
84.6	14.2246	700.6945	5.1123	1
84.7	14.2313	701.5085	5.1131	1
84.8	14.238	702.2623	5.116	1
84.9	14.245	703.153	5.1169	1
85	14.252	703.9494	5.1274	1
85.1	14.259	704.7525	5.1369	1
85.2	14.2663	705.6185	5.131	1
85.3	14.273	706.4845	5.119	1
85.4	14.2797	707.3868	5.1348	1
85.5	14.2862	708.174	5.1377	1
85.6	14.2929	708.9613	5.1293	1
85.7	14.2999	709.7942	5.1233	1
85.8	14.3066	710.6868	5.1241	1
85.9	14.3131	711.5583	5.1203	1
86	14.3197	712.3625	5.1238	1
86.1	14.3261	713.2216	5.1252	1
86.2	14.3324	714.0584	5.1255	1
86.3	14.3388	714.8808	5.1242	1
86.4	14.3457	715.6847	5.1133	1
86.5	14.3524	716.5173	5.1222	1
86.6	14.359	717.3555	5.1428	1
86.7	14.3655	718.2246	5.1421	1
86.8	14.3719	719.0356	5.1374	1
86.9	14.3785	719.9163	5.1375	1
87	14.3848	720.7975	5.135	1
87.1	14.3907	721.654	5.141	1
87.2	14.3968	722.4121	5.1427	1
87.3	14.4034	723.2401	5.1401	1
87.4	14.4099	724.0456	5.1402	1
87.5	14.4163	724.8803	5.1445	1
87.6	14.4227	725.7346	5.1515	1
87.7	14.4291	726.5266	5.1378	1
87.8	14.4357	727.3217	5.1233	1
87.9	14.4424	728.1506	5.1374	1
88	14.4494	728.9766	5.138	1
88.1	14.4563	729.7865	5.1288	1
88.2	14.4631	730.7	5.1436	1
88.3	14.4698	731.5063	5.1493	1
88.4	14.4764	732.3534	5.147	1
88.5	14.4831	733.1322	5.1454	1
88.6	14.4897	734.0171	5.1321	1
88.7	14.4963	734.8958	5.1268	1
88.8	14.5028	735.6477	5.127	1
88.9	14.5095	736.4466	5.1371	1
89	14.5162	737.3338	5.1535	1
89.1	14.5229	738.205	5.1516	1
89.2	14.5294	738.9402	5.1612	1
89.3	14.5364	739.7027	5.1722	1
89.4	14.5436	740.5335	5.1702	1
89.5	14.5508	741.4286	5.1698	1
89.6	14.5579	742.2826	5.1787	1
89.7	14.5649	743.0678	5.1815	1
89.8	14.5721	743.8349	5.1794	1
89.9	14.5793	744.7384	5.1636	1
90	14.5863	745.5742	5.1529	1
90.1	14.5933	746.4099	5.1574	1
90.2	14.6005	747.2743	5.1568	1
90.3	14.6075	748.1081	5.1464	1
90.4	14.6147	748.9372	5.1518	1
90.5	14.6217	749.7403	5.1649	1
90.6	14.6285	750.6347	5.1617	1
90.7	14.6353	751.4772	5.1514	1
90.8	14.6422	752.2727	5.1582	1
90.9	14.6489	753.2516	5.1677	1
91	14.6555	754.0651	5.1654	1
91.1	14.6618	754.8514	5.1689	1
91.2	14.6683	755.7343	5.1757	1
91.3	14.675	756.5223	5.1893	1
91.4	14.682	757.2334	5.192	1
91.5	14.6886	758.2177	5.1807	1
91.6	14.6949	759.1059	5.1767	1
91.7	14.7009	759.9107	5.1756	1
91.8	14.7072	760.7846	5.1799	1
91.9	14.7133	761.6158	5.1688	1
92	14.7192	762.4369	5.1666	1
92.1	14.7254	763.2491	5.1714	1
92.2	14.7317	764.0791	5.1647	1
92.3	14.7378	764.9268	5.1664	1
92.4	14.7439	765.8179	5.1697	1
92.5	14.75	766.5717	5.1703	1
92.6	14.7561	767.4703	5.1719	1
92.7	14.7621	768.3195	5.1647	1
92.8	14.768	769.153	5.1594	1
92.9	14.7741	769.9054	5.1584	1
93	14.7807	770.7154	5.1443	1
93.1	14.7873	771.4962	5.1411	1
93.2	14.794	772.3348	5.1433	1
93.3	14.8006	773.1272	5.1537	1
93.4	14.807	774.0316	5.1595	1
93.5	14.8138	774.7982	5.1523	1
93.6	14.8205	775.6667	5.1509	1
93.7	14.8271	776.595	5.1388	1
93.8	14.8333	777.3828	5.1365	1
93.9	14.839	778.3994	5.1417	1
94	14.8447	779.1677	5.1529	1
94.1	14.8503	780.007	5.165	1
94.2	14.8557	780.9885	5.1704	1
94.3	14.8612	781.7021	5.1619	1
94.4	14.867	782.4981	5.1569	1
94.5	14.8732	783.2363	5.1498	1
94.6	14.8797	783.9802	5.1493	1
94.7	14.8864	784.759	5.1573	1
94.8	14.8931	785.6482	5.1678	1
94.9	14.9	786.4108	5.1723	1
95	14.9072	787.1551	5.1756	1
95.1	14.9148	788.037	5.1679	1
95.2	14.9225	788.7192	5.1704	1
95.3	14.9303	789.517	5.1677	1
95.4	14.9382	790.3717	5.1638	1
95.5	14.9459	791.2032	5.167	1
95.6	14.9536	792.1464	5.1715	1
95.7	14.9614	792.9282	5.1745	1
95.8	14.9691	793.8528	5.1723	1
95.9	14.9767	794.6549	5.1674	1
96	14.984	795.5291	5.1747	1
96.1	14.9913	796.3866	5.1746	1
96.2	14.9984	797.1586	5.1612	1
96.3	15.0055	798.1065	5.1558	1
96.4	15.0125	798.8768	5.1565	1
96.5	15.0198	799.7408	5.1592	1
96.6	15.0269	800.6898	5.1706	1
96.7	15.0337	801.5084	5.1742	1
96.8	15.0404	802.268	5.1735	1
96.9	15.0474	803.0472	5.1651	1
97	15.0543	803.9199	5.1786	1
97.1	15.0613	804.8742	5.1787	1
97.2	15.068	805.7415	5.1636	1
97.3	15.0744	806.5351	5.1562	1
97.4	15.0809	807.4042	5.1519	1
97.5	15.0876	808.1513	5.1606	1
97.6	15.0943	808.9911	5.1808	1
97.7	15.1007	809.9074	5.1839	1
97.8	15.1068	810.808	5.1706	1
97.9	15.1127	811.6709	5.1646	1
98	15.1188	812.4083	5.1734	1
98.1	15.1253	813.172	5.1734	1
98.2	15.1319	813.952	5.1755	1
98.3	15.1388	814.7573	5.1736	1
98.4	15.1455	815.6023	5.1663	1
98.5	15.1522	816.4455	5.1694	1
98.6	15.1591	817.2903	5.1563	1
98.7	15.1657	818.192	5.1501	1
98.8	15.1718	819.1854	5.1666	1
98.9	15.1776	820.045	5.1607	1
99	15.1834	820.8835	5.1479	1
99.1	15.189	821.7568	5.1626	1
99.2	15.1947	822.4555	5.1704	1
99.3	15.201	823.1738	5.1604	1
99.4	15.2079	823.9755	5.1552	1
99.5	15.2148	824.7577	5.16	1
99.6	15.2222	825.4537	5.1683	1
99.7	15.2303	826.1516	5.1753	1
99.8	15.2385	826.9195	5.169	1
99.9	15.2467	827.8706	5.1561	1
100	15.2546	828.7295	5.1574	1
100.1	15.2623	829.5919	5.1607	1
100.2	15.2699	830.3969	5.1714	1
100.3	15.2776	831.3615	5.1686	1
100.4	15.285	832.225	5.1564	1
100.5	15.2923	832.9958	5.1546	1
100.6	15.2997	833.8244	5.1522	1
100.7	15.3074	834.5576	5.1427	1
100.8	15.3152	835.4348	5.1537	1
100.9	15.323	836.216	5.1584	1
101	15.3311	837.0264	5.1594	1
101.1	15.3391	837.9736	5.1682	1
101.2	15.3465	838.8329	5.1764	1
101.3	15.3539	839.6137	5.1755	1
101.4	15.3615	840.3808	5.1548	1
101.5	15.3696	841.2916	5.1439	1
101.6	15.3776	842.0932	5.164	1
101.7	15.3855	842.8692	5.1646	1
101.8	15.3935	843.7875	5.1655	1
101.9	15.4014	844.5989	5.1597	1
102	15.4094	845.4458	5.1497	1
102.1	15.4172	846.3527	5.1517	1
102.2	15.4245	847.2342	5.1554	1
102.3	15.4316	848.172	5.1557	1
102.4	15.4383	848.9902	5.1472	1
102.5	15.4451	849.8207	5.152	1
102.6	15.4525	850.5097	5.1553	1
102.7	15.4602	851.2044	5.1674	1
102.8	15.4679	852.2517	5.1746	1
102.9	15.4751	853.1664	5.1584	1
103	15.4816	854.0698	5.1563	1
103.1	15.4886	854.6679	5.1546	1
103.2	15.4962	855.4014	5.1519	1
103.3	15.5045	856.2409	5.1626	1
103.4	15.5124	857.0841	5.1692	1
103.5	15.5202	857.9998	5.1576	1
103.6	15.5282	858.7026	5.1624	1
103.7	15.5364	859.4655	5.1607	1
103.8	15.5442	860.4778	5.1526	1
103.9	15.5518	861.2961	5.1566	1
104	15.5594	862.112	5.1733	1
104.1	15.5671	863.0007	5.1614	1
104.2	15.5745	863.9151	5.1492	1
104.3	15.5817	864.775	5.1423	1
104.4	15.5889	865.5782	5.1413	1
104.5	15.5959	866.5755	5.1407	1
104.6	15.6023	867.4807	5.1444	1
104.7	15.6084	868.3273	5.1446	1
104.8	15.6152	868.8595	5.149	1
104.9	15.6232	869.4779	5.1522	1
105	15.6316	870.3763	5.1392	1
105.1	15.6395	871.2693	5.1448	1
105.2	15.647	872.2204	5.1517	1
105.3	15.6541	873.0631	5.1511	1
105.4	15.6612	873.9674	5.1611	1
105.5	15.6682	874.7378	5.1618	1
105.6	15.6752	875.6229	5.1518	1
105.7	15.6825	876.4747	5.154	1
105.8	15.6895	877.2727	5.1578	1
105.9	15.6965	878.1468	5.1553	1
106	15.7034	879.018	5.1553	1
106.1	15.71	879.8931	5.1516	1
106.2	15.7168	880.5039	5.1573	1
106.3	15.724	881.4065	5.1512	1
106.4	15.7308	882.1845	5.1585	1
106.5	15.7379	882.9689	5.1666	1
106.6	15.7455	883.7939	5.1562	1
106.7	15.7532	884.6835	5.1453	1
106.8	15.7605	885.5271	5.1382	1
106.9	15.7676	886.4054	5.1417	1
107	15.7744	887.2794	5.1329	1
107.1	15.7814	888.1139	5.1333	1
107.2	15.7887	888.9128	5.1406	1
107.3	15.7959	889.737	5.1404	1
107.4	15.8028	890.7276	5.1474	1
107.5	15.8098	891.462	5.1515	1
107.6	15.8169	892.2191	5.1426	1
107.7	15.8241	893.012	5.1198	1
107.8	15.8313	893.9303	5.116	1
107.9	15.8386	894.8046	5.121	1
108	15.846	895.4158	5.1232	1
108.1	15.8533	896.3696	5.1395	1
108.2	15.8606	897.2847	5.1337	1
108.3	15.8675	898.0475	5.1232	1
108.4	15.8745	898.9149	5.1284	1
108.5	15.8813	899.7857	5.1344	1
108.6	15.8878	900.8387	5.1274	1
108.7	15.8942	901.6171	5.1253	1
108.8	15.9006	902.408	5.1376	1
108.9	15.9071	903.225	5.1427	1
109	15.9138	904.0134	5.1337	1
109.1	15.9201	904.9149	5.1296	1
109.2	15.9267	905.7398	5.1362	1
109.3	15.933	906.5283	5.1327	1
109.4	15.9392	907.5491	5.142	1
109.5	15.9453	908.2463	5.134	1
109.6	15.9511	909.1701	5.1214	1
109.7	15.9575	909.9624	5.1333	1
109.8	15.9635	910.7408	5.1344	1
109.9	15.9696	911.6565	5.1281	1
110	15.9757	912.3344	5.1293	1
110.1	15.9816	913.3305	5.1232	1
110.2	15.988	914.113	5.1213	1
110.3	15.994	914.9361	5.1096	1
110.4	15.9999	915.9499	5.1052	1
110.5	16.0057	916.571	5.1109	1
110.6	16.0116	917.4861	5.1248	1
110.7	16.0179	918.3094	5.1127	1
110.8	16.0238	919.0596	5.1125	1
110.9	16.03	919.9819	5.128	1
111	16.0367	920.5208	5.1364	1
111.1	16.0434	921.4858	5.131	1
111.2	16.0501	922.4326	5.1226	1
111.3	16.056	923.3544	5.1287	1
111.4	16.0615	924.324	5.1293	1
111.5	16.0664	925.11	5.1222	1
111.6	16.0718	925.8636	5.1177	1
111.7	16.0779	926.5297	5.1167	1
111.8	16.0844	927.2724	5.1285	1
111.9	16.0912	928.1151	5.1248	1
112	16.0977	929.0135	5.1215	1
112.1	16.1041	929.844	5.1229	1
112.2	16.1106	930.673	5.132	1
112.3	16.1169	931.6168	5.1241	1
112.4	16.1226	932.5482	5.1193	1
112.5	16.1282	933.3857	5.1333	1
112.6	16.1339	934.1926	5.1341	1
112.7	16.1393	935.0511	5.1328	1
112.8	16.1447	935.8802	5.1312	1
112.9	16.1501	936.7093	5.1378	1
113	16.1555	937.6695	5.1417	1
113.1	16.161	938.4465	5.1483	1
113.2	16.166	939.3094	5.1416	1
113.3	16.1712	940.0892	5.1474	1
113.4	16.1763	940.9178	5.1474	1
113.5	16.1813	941.8927	5.1381	1
113.6	16.1862	942.583	5.1288	1
113.7	16.1912	943.4894	5.1275	1
113.8	16.1962	944.2971	5.1276	1
113.9	16.2012	945.0449	5.1293	1
114	16.2066	945.9464	5.1445	1
114.1	16.2121	946.6696	5.1419	1
114.2	16.2176	947.4646	5.134	1
114.3	16.2237	948.2453	5.1524	1
114.4	16.2299	948.9139	5.1507	1
114.5	16.2362	949.948	5.1422	1
114.6	16.2426	950.6462	5.1349	1
114.7	16.2488	951.4756	5.1317	1
114.8	16.2555	952.3599	5.1294	1
114.9	16.2619	953.1155	5.1385	1
115	16.2682	954.1194	5.1585	1
115.1	16.2745	954.8026	5.1591	1
115.2	16.2806	955.6559	5.1571	1
115.3	16.2874	956.3664	5.1658	1
115.4	16.2948	956.9454	5.1629	1
115.5	16.3014	958.5149	5.1416	1
115.6	16.3043	960.2295	5.1419	1
115.7	16.304	961.219	5.148	1
115.8	16.3088	960.0649	5.1595	1
115.9	16.3228	959.1191	5.1634	1
116	16.3395	960.4634	5.1542	1
116.1	16.3507	962.7332	5.1638	1
116.2	16.3573	964.1449	5.1634	1
116.3	16.363	965.0696	5.1506	1
116.4	16.3688	965.7528	5.1403	1
116.5	16.3745	966.6672	5.1396	1
116.6	16.3805	967.4464	5.1445	1
116.7	16.3866	968.2888	5.1492	1
116.8	16.3927	969.1765	5.1476	1
116.9	16.3988	969.8713	5.1453	1
117	16.405	970.726	5.1443	1
117.1	16.4111	971.6099	5.1455	1
117.2	16.417	972.4782	5.1565	1
117.3	16.4229	973.2686	5.1636	1
117.4	16.4288	974.0515	5.1592	1
117.5	16.4351	974.8492	5.1707	1
117.6	16.4415	975.756	5.1856	1
117.7	16.4476	976.5754	5.1802	1
117.8	16.4538	977.3773	5.1643	1
117.9	16.4604	978.12	5.1583	1
118	16.4668	979.0285	5.1592	1
118.1	16.4732	979.8477	5.1548	1
118.2	16.4796	980.7203	5.151	1
118.3	16.4858	981.5164	5.147	1
118.4	16.492	982.3532	5.1573	1
118.5	16.4989	983.095	5.1569	1
118.6	16.5056	984.0028	5.1467	1
118.7	16.5117	984.9073	5.1548	1
118.8	16.5178	985.731	5.1653	1
118.9	16.5242	986.4909	5.1628	1
119	16.531	987.2464	5.1439	1
119.1	16.5382	987.9003	5.1412	1
119.2	16.5464	988.4882	5.1474	1
119.3	16.5567	988.8411	5.1566	1
119.4	16.5664	990.3864	5.1603	1
119.5	16.5681	993.59	5.1625	1
119.6	16.5651	993.9076	5.1624	1
119.7	16.5669	994.1335	5.1577	1
119.8	16.5718	993.7462	5.1421	1
119.9	16.5786	995.0079	5.1422	2
120	16.5852	995.3831	5.1581	2
120.1	16.5916	996.6842	5.1676	2
120.2	16.5976	997.3452	5.172	2
120.3	16.603	998.4385	5.1766	2
120.4	16.6081	998.7009	5.1623	2
120.5	16.6128	998.8638	5.1552	2
120.6	16.6172	998.7254	5.1644	2
120.7	16.6215	998.8935	5.1673	2
120.8	16.6257	998.8706	5.158	2
120.9	16.6296	998.9792	5.1345	2
121	16.6336	998.8719	5.1304	2
121.1	16.6377	998.9071	5.1494	2
121.2	16.6419	998.9303	5.1541	2
121.3	16.6458	998.9649	5.1604	2
121.4	16.6497	999.0034	5.161	2
121.5	16.6532	998.8819	5.1493	2
121.6	16.6568	999.0439	5.1495	2
121.7	16.6601	999.1117	5.1493	2
121.8	16.6635	999.1004	5.1434	2
121.9	16.6669	998.9892	5.1512	2
122	16.6703	998.9563	5.159	2
122.1	16.6736	999.0204	5.1467	2
122.2	16.677	999.0069	5.1454	2
122.3	16.6805	998.9685	5.153	2
122.4	16.6844	998.86	5.1417	2
122.5	16.6885	998.8219	5.1376	2
122.6	16.6929	998.8007	5.1515	2
122.7	16.6975	998.7212	5.1535	2
122.8	16.702	998.7272	5.1399	2
122.9	16.7065	998.7642	5.145	2
123	16.7108	998.7574	5.158	2
123.1	16.7153	998.7425	5.152	2
123.2	16.7197	998.7555	5.1467	2
123.3	16.7239	998.867	5.1404	2
123.4	16.7281	998.8392	5.1243	2
123.5	16.7324	998.7162	5.1392	2
123.6	16.737	998.7766	5.1482	2
123.7	16.7414	998.8342	5.1501	2
123.8	16.7453	998.877	5.1397	2
123.9	16.7494	998.7798	5.1406	2
124	16.7536	998.7212	5.1599	2
124.1	16.7576	998.846	5.1628	2
124.2	16.7614	998.8366	5.1463	2
124.3	16.7654	998.9198	5.1384	2
124.4	16.7689	998.9551	5.1383	2
124.5	16.7724	999.0145	5.1452	2
124.6	16.7756	998.9793	5.1374	2
124.7	16.779	999.0166	5.1448	2
124.8	16.7822	999.0576	5.1557	2
124.9	16.7848	999.2077	5.166	2
125	16.7873	999.1805	5.1591	2
125.1	16.7899	999.0389	5.1485	2
125.2	16.7926	999.1211	5.1434	2
125.3	16.795	999.201	5.1433	2
125.4	16.7975	999.196	5.1527	2
125.5	16.7999	999.1358	5.1551	2
125.6	16.8019	999.2272	5.1686	2
125.7	16.8037	999.2817	5.1669	2
125.8	16.8055	999.3167	5.1591	2
125.9	16.8073	999.2608	5.1507	2
126	16.8089	999.3787	5.147	2
126.1	16.8102	999.3606	5.1464	2
126.2	16.8116	999.2829	5.1426	2
126.3	16.8136	999.2267	5.1575	2
126.4	16.8157	999.1819	5.1604	2
126.5	16.8179	999.1658	5.1637	2
126.6	16.8198	999.2381	5.1533	2
126.7	16.8216	999.2218	5.1356	2
126.8	16.8234	999.3236	5.1356	2
126.9	16.8251	999.2754	5.1484	2
127	16.8268	999.2257	5.1473	2
127.1	16.8286	999.1734	5.1406	2
127.2	16.8304	999.3226	5.1333	2
127.3	16.8319	999.3229	5.1401	2
127.4	16.8336	999.262	5.1387	2
127.5	16.8352	999.2319	5.128	2
127.6	16.837	999.1855	5.1157	2
127.7	16.8387	999.2841	5.1168	2
127.8	16.8404	999.3184	5.1185	2
127.9	16.842	999.2373	5.1199	2
128	16.8437	999.2773	5.1155	2
128.1	16.8453	999.283	5.119	2
128.2	16.8467	999.1835	5.134	2
128.3	16.8482	999.3183	5.1317	2
128.4	16.8494	999.4488	5.1237	2
128.5	16.8505	999.3573	5.1294	2
128.6	16.8516	999.3892	5.1299	2
128.7	16.8526	999.3761	5.1325	2
128.8	16.8534	999.4312	5.1332	2
128.9	16.8543	999.3175	5.1136	2
129	16.8554	999.4414	5.1197	2
129.1	16.8565	999.3712	5.1322	2
129.2	16.8572	999.4329	5.1277	2
129.3	16.8581	999.4158	5.1302	2
129.4	16.8589	999.3666	5.1418	2
129.5	16.8597	999.4381	5.1512	2
129.6	16.8602	999.4399	5.1385	2
129.7	16.8607	999.4082	5.1269	2
129.8	16.8613	999.4756	5.1294	2
129.9	16.8618	999.5208	5.1389	2
130	16.8623	999.4957	5.1519	2
130.1	16.8626	999.4798	5.1513	2
130.2	16.8629	999.5239	5.1546	2
130.3	16.8631	999.5175	5.1518	2
130.4	16.8633	999.5287	5.1405	2
130.5	16.8636	999.4581	5.1329	2
130.6	16.8639	999.4709	5.1319	2
130.7	16.8642	999.4688	5.1363	2
130.8	16.8647	999.4603	5.1344	2
130.9	16.8651	999.4694	5.14	2
131	16.8658	999.3652	5.1386	2
131.1	16.8665	999.431	5.1413	2
131.2	16.8673	999.3528	5.1505	2
131.3	16.868	999.3592	5.1559	2
131.4	16.8687	999.4181	5.1487	2
131.5	16.8694	999.3826	5.1419	2
131.6	16.8702	999.3209	5.1342	2
131.7	16.8707	999.434	5.1354	2
131.8	16.8714	999.3614	5.1379	2
131.9	16.8721	999.3315	5.1349	2
132	16.8732	999.2957	5.1331	2
132.1	16.8747	999.1456	5.1278	2
132.2	16.8767	999.0959	5.1227	2
132.3	16.8789	999.1006	5.1312	2
132.4	16.8811	999.0775	5.1438	2
132.5	16.883	999.1137	5.1534	2
132.6	16.885	999.1623	5.1561	2
132.7	16.8867	999.1773	5.1613	2
132.8	16.8881	999.2629	5.1659	2
132.9	16.8894	999.2273	5.1535	2
133	16.8906	999.2758	5.1481	2
133.1	16.8919	999.2806	5.1468	2
133.2	16.8931	999.2889	5.1497	2
133.3	16.8942	999.3599	5.1455	2
133.4	16.8952	999.3189	5.1471	2
133.5	16.8961	999.2591	5.1594	2
133.6	16.8971	999.2975	5.1563	2
133.7	16.8981	999.3026	5.1603	2
133.8	16.8991	999.3084	5.1653	2
133.9	16.9003	999.2371	5.1644	2
134	16.9013	999.3677	5.1637	2
134.1	16.9021	999.3778	5.1576	2
134.2	16.9027	999.369	5.1613	2
134.3	16.9032	999.3952	5.1483	2
134.4	16.9036	999.4347	5.1501	2
134.5	16.9037	999.5673	5.1567	2
134.6	16.9037	999.4834	5.151	2
134.7	16.9036	999.5769	5.1604	2
134.8	16.9038	999.4907	5.1586	2
134.9	16.9038	999.4393	5.1516	2
135	16.9042	999.4201	5.1472	2
135.1	16.9045	999.38	5.1548	2
135.2	16.905	999.404	5.1699	2
135.3	16.9055	999.3892	5.1734	2
135.4	16.9059	999.4439	5.1552	2
135.5	16.9064	999.3262	5.138	2
135.6	16.9071	999.25	5.1403	2
135.7	16.9082	999.2358	5.153	2
135.8	16.9102	999.0351	5.1619	2
135.9	16.9123	998.9928	5.1637	2
136	16.9146	999.0898	5.1526	2
136.1	16.9169	999.0572	5.1505	2
136.2	16.919	999.0428	5.1512	2
136.3	16.921	999.0652	5.1408	2
136.4	16.9227	999.089	5.1473	2
136.5	16.9246	999.1409	5.1556	2
136.6	16.9264	999.1212	5.1559	2
136.7	16.9281	999.1727	5.1514	2
136.8	16.9295	999.1546	5.1559	2
136.9	16.931	999.1271	5.1616	2
137	16.9328	999.1491	5.1671	2
137.1	16.9342	999.2804	5.1532	2
137.2	16.9353	999.2213	5.1543	2
137.3	16.9365	999.2488	5.1609	2
137.4	16.9379	999.2416	5.1462	2
137.5	16.9394	999.2059	5.1438	2
137.6	16.9407	999.1926	5.1497	2
137.7	16.9418	999.1743	5.1545	2
137.8	16.9431	999.2862	5.1533	2
137.9	16.9442	999.2489	5.1586	2
138	16.9452	999.2956	5.1581	2
138.1	16.9461	999.2878	5.17	2
138.2	16.9471	999.262	5.1726	2
138.3	16.9481	999.3276	5.179	2
138.4	16.949	999.3692	5.1847	2
138.5	16.9497	999.2655	5.1817	2
138.6	16.9504	999.3319	5.1826	2
138.7	16.9512	999.3174	5.1809	2
138.8	16.9519	999.2757	5.1835	2
138.9	16.953	999.2688	5.1762	2
139	16.954	999.3194	5.1793	2
139.1	16.9549	999.2678	5.1783	2
139.2	16.956	999.316	5.1719	2
139.3	16.957	999.2418	5.1798	2
139.4	16.958	999.2737	5.1707	2
139.5	16.9591	999.2499	5.1667	2
139.6	16.9601	999.2394	5.1691	2
139.7	16.961	999.2421	5.1703	2
139.8	16.9623	999.1918	5.1643	2
139.9	16.9637	999.1969	5.1525	2
140	16.965	999.2156	5.1519	2
140.1	16.9662	999.2255	5.1533	2
140.2	16.9672	999.2049	5.1598	2
140.3	16.9685	999.2475	5.1655	2
140.4	16.9695	999.2877	5.1575	2
140.5	16.9703	999.2949	5.1566	2
140.6	16.9714	999.256	5.155	2
140.7	16.9724	999.1832	5.1525	2
140.8	16.9734	999.2986	5.1635	2
140.9	16.9743	999.3244	5.1593	2
141	16.9751	999.2573	5.1603	2
141.1	16.976	999.3194	5.1699	2
141.2	16.9768	999.3535	5.1616	2
141.3	16.9775	999.3357	5.1688	2
141.4	16.9783	999.2988	5.1876	2
141.5	16.979	999.377	5.1961	2
141.6	16.9796	999.3666	5.1939	2
141.7	16.98	999.4156	5.1829	2
141.8	16.9802	999.4523	5.16	2
141.9	16.9802	999.3897	5.1587	2
142	16.9806	999.381	5.1683	2
142.1	16.9812	999.3811	5.162	2
142.2	16.9814	999.4641	5.1536	2
142.3	16.9816	999.4827	5.1596	2
142.4	16.9815	999.4693	5.1631	2
142.5	16.9816	999.3743	5.1613	2
142.6	16.9819	999.3971	5.1577	2
142.7	16.9822	999.4049	5.1636	2
142.8	16.9825	999.3884	5.1757	2
142.9	16.9829	999.3799	5.1719	2
143	16.9832	999.381	5.1799	2
143.1	16.9837	999.3727	5.1914	2
143.2	16.9841	999.4056	5.1885	2
143.3	16.9846	999.3783	5.1887	2
143.4	16.9852	999.2757	5.1838	2
143.5	16.9857	999.4035	5.1735	2
143.6	16.9861	999.3764	5.1576	2
143.7	16.9866	999.4037	5.1586	2
143.8	16.9869	999.4025	5.1636	2
143.9	16.9871	999.3518	5.1719	2
144	16.9873	999.4691	5.1627	2
144.1	16.9875	999.4446	5.1551	2
144.2	16.9873	999.5081	5.1611	2
144.3	16.9873	999.5288	5.1646	2
144.4	16.9873	999.3907	5.1762	2
144.5	16.9874	999.4733	5.1889	2
144.6	16.9873	999.4864	5.1867	2
144.7	16.9869	999.5373	5.1649	2
144.8	16.9863	999.6007	5.1611	2
144.9	16.9856	999.6448	5.1655	2
145	16.985	999.5105	5.1712	2
145.1	16.9847	999.5608	5.1633	2
145.2	16.9844	999.5541	5.1637	2
145.3	16.9839	999.5168	5.1604	2
145.4	16.9834	999.5429	5.1656	2
145.5	16.983	999.5449	5.1783	2
145.6	16.9825	999.5414	5.1708	2
145.7	16.982	999.6386	5.1683	2
145.8	16.9815	999.5194	5.1656	2
145.9	16.981	999.4938	5.1641	2
146	16.9806	999.5922	5.1624	2
146.1	16.98	999.5899	5.1588	2
146.2	16.9791	999.6747	5.1661	2
146.3	16.9786	999.5047	5.1689	2
146.4	16.9781	999.4984	5.1619	2
146.5	16.9779	999.5132	5.1433	2
146.6	16.9776	999.5021	5.1266	2
146.7	16.9776	999.3956	5.1263	2
146.8	16.978	999.3686	5.1293	2
146.9	16.978	999.4771	5.1346	2
147	16.9778	999.5333	5.1357	2
147.1	16.9775	999.4251	5.1366	2
147.2	16.9773	999.4626	5.1331	2
147.3	16.9774	999.406	5.1338	2
147.4	16.9774	999.4465	5.1459	2
147.5	16.9776	999.3474	5.143	2
147.6	16.9779	999.3764	5.1227	2
147.7	16.9782	999.4162	5.1149	2
147.8	16.9786	999.2864	5.1225	2
147.9	16.979	999.3408	5.1298	2
148	16.9793	999.4095	5.1395	2
148.1	16.9793	999.4113	5.149	2
148.2	16.9797	999.3763	5.149	2
148.3	16.9799	999.345	5.1323	2
148.4	16.9802	999.3956	5.1381	2
148.5	16.9805	999.3054	5.146	2
148.6	16.9808	999.377	5.1469	2
148.7	16.9815	999.3466	5.1504	2
148.8	16.9816	999.3507	5.1605	2
148.9	16.9818	999.4446	5.1769	2
149	16.9819	999.3737	5.174	2
149.1	16.9823	999.3599	5.1591	2
149.2	16.9825	999.3493	5.1615	2
149.3	16.9827	999.3122	5.156	2
149.4	16.9832	999.3622	5.1501	2
149.5	16.9838	999.3918	5.1467	2
149.6	16.9841	999.373	5.1496	2
149.7	16.9842	999.3725	5.1467	2
149.8	16.9845	999.3447	5.1463	2
149.9	16.9848	999.412	5.1484	3
150	16.9851	999.3429	5.1498	3
150.1	16.9851	999.461	5.1439	3
150.2	16.9855	999.345	5.1444	3
150.3	16.9859	999.2656	5.1576	3
150.4	16.9863	998.9172	5.1505	3
150.5	16.9863	997.9962	5.1463	3
150.6	16.9864	997.2468	5.1524	3
150.7	16.9868	996.3543	5.142	3
150.8	16.9868	995.6132	5.1605	3
150.9	16.9866	994.8208	5.181	3
151	16.9863	993.8831	5.1764	3
151.1	16.9862	993.1641	5.1708	3
151.2	16.9858	992.3371	5.1642	3
151.3	16.9852	991.5839	5.156	3
151.4	16.9844	990.7838	5.1636	3
151.5	16.9832	989.9861	5.1563	3
151.6	16.9819	989.2562	5.1625	3
151.7	16.9804	988.3534	5.1585	3
151.8	16.979	987.5485	5.1464	3
151.9	16.9778	986.7023	5.149	3
152	16.9761	985.9185	5.1541	3
152.1	16.9746	985.1045	5.1469	3
152.2	16.973	984.2175	5.1462	3
152.3	16.9715	983.4005	5.1414	3
152.4	16.9698	982.5608	5.1366	3
152.5	16.9681	981.8107	5.1341	3
152.6	16.9667	980.8645	5.1398	3
152.7	16.9654	980.0799	5.1469	3
152.8	16.9638	979.302	5.1578	3
152.9	16.962	978.4165	5.1654	3
153	16.9601	977.6846	5.1674	3
153.1	16.9578	976.8147	5.1627	3
153.2	16.9555	976.1187	5.1614	3
153.3	16.953	975.2956	5.169	3
153.4	16.9502	974.5193	5.1632	3
153.5	16.9474	973.6403	5.1533	3
153.6	16.9447	972.833	5.1461	3
153.7	16.9422	971.919	5.1593	3
153.8	16.9399	971.0739	5.1558	3
153.9	16.9375	970.2657	5.1547	3
154	16.9352	969.4396	5.166	3
154.1	16.9328	968.5543	5.1663	3
154.2	16.9301	967.8454	5.1722	3
154.3	16.9278	966.8447	5.1818	3
154.4	16.9254	966.0248	5.1771	3
154.5	16.9236	965.0753	5.1755	3
154.6	16.9218	964.2129	5.1762	3
154.7	16.92	963.4845	5.1756	3
154.8	16.918	962.6168	5.1601	3
154.9	16.9159	961.8422	5.1579	3
155	16.9137	961.0483	5.152	3
155.1	16.9112	960.1976	5.15	3
155.2	16.9087	959.4256	5.1496	3
155.3	16.9063	958.5996	5.1611	3
155.4	16.9038	957.7386	5.1769	3
155.5	16.9012	956.9514	5.1735	3
155.6	16.8985	956.1468	5.1744	3
155.7	16.8956	955.4026	5.1796	3
155.8	16.8922	954.593	5.1649	3
155.9	16.8888	953.8236	5.1508	3
156	16.8854	952.9426	5.1563	3
156.1	16.8821	952.1521	5.1561	3
156.2	16.8784	951.4223	5.1541	3
156.3	16.8746	950.4887	5.1518	3
156.4	16.8711	949.6745	5.1518	3
156.5	16.8674	948.8695	5.1615	3
156.6	16.8637	948.001	5.1672	3
156.7	16.8599	947.1696	5.1492	3
156.8	16.8561	946.4098	5.1438	3
156.9	16.8524	945.5195	5.1486	3
157	16.8483	944.7825	5.1417	3
157.1	16.844	943.9919	5.1398	3
157.2	16.8396	943.178	5.1525	3
157.3	16.8355	942.3288	5.1532	3
157.4	16.8311	941.4228	5.1583	3
157.5	16.8266	940.6404	5.1607	3
157.6	16.8225	939.792	5.1508	3
157.7	16.8182	939.0349	5.1531	3
157.8	16.8141	938.0812	5.1507	3
157.9	16.81	937.2345	5.1641	3
158	16.8062	936.3758	5.1699	3
158.1	16.8024	935.5132	5.1614	3
158.2	16.7989	934.6103	5.1526	3
158.3	16.7956	933.737	5.1665	3
158.4	16.7923	932.9436	5.179	3
158.5	16.7889	932.1249	5.1689	3
158.6	16.7856	931.1994	5.1651	3
158.7	16.7827	930.3337	5.1805	3
158.8	16.7797	929.4036	5.1765	3
158.9	16.7771	928.6303	5.1707	3
159	16.7743	927.7989	5.1671	3
159.1	16.7712	927.0258	5.1687	3
159.2	16.768	926.2909	5.1763	3
159.3	16.7642	925.5256	5.1849	3
159.4	16.7602	924.7499	5.169	3
159.5	16.7564	923.749	5.1341	3
159.6	16.7528	923.1112	5.1374	3
159.7	16.749	922.2809	5.138	3
159.8	16.7447	921.4338	5.1368	3
159.9	16.7407	920.6234	5.152	3
160	16.7365	919.6785	5.1452	3
160.1	16.7323	918.9416	5.1428	3
160.2	16.7279	918.2558	5.1507	3
160.3	16.723	917.3644	5.1501	3
160.4	16.7185	916.5483	5.1427	3
160.5	16.7139	915.6081	5.1336	3
160.6	16.7092	914.9615	5.1314	3
160.7	16.7041	914.1676	5.1385	3
160.8	16.6988	913.3761	5.1377	3
160.9	16.6937	912.4706	5.1295	3
161	16.6888	911.5542	5.1308	3
161.1	16.6846	910.6096	5.1322	3
161.2	16.6808	909.5166	5.1348	3
161.3	16.6776	908.7519	5.1434	3
161.4	16.6749	907.6697	5.1405	3
161.5	16.6721	907.0201	5.137	3
161.6	16.6695	906.0885	5.1391	3
161.7	16.6663	905.3409	5.131	3
161.8	16.6639	904.4645	5.1424	3
161.9	16.6611	903.4913	5.1586	3
162	16.6591	902.6629	5.1446	3
162.1	16.6572	901.6396	5.1341	3
162.2	16.6551	901.0553	5.1304	3
162.3	16.6533	900.068	5.141	3
162.4	16.651	899.2126	5.1462	3
162.5	16.6495	898.3915	5.1336	3
162.6	16.6478	897.4709	5.1432	3
162.7	16.6459	896.8266	5.1373	3
162.8	16.6442	895.9172	5.1303	3
162.9	16.6421	895.0463	5.1413	3
163	16.6404	894.3598	5.1496	3
163.1	16.638	893.4686	5.1529	3
163.2	16.6354	892.8684	5.163	3
163.3	16.6326	891.8993	5.1484	3
163.4	16.6298	891.2014	5.1462	3
163.5	16.6267	890.3699	5.1549	3
163.6	16.6232	889.6092	5.1567	3
163.7	16.6195	888.9345	5.1625	3
163.8	16.6151	888.0497	5.1611	3
163.9	16.6111	887.2028	5.155	3
164	16.6076	886.2458	5.154	3
164.1	16.6041	885.5073	5.1445	3
164.2	16.6007	884.6534	5.1374	3
164.3	16.5974	883.7047	5.1543	3
164.4	16.5942	882.8191	5.1568	3
164.5	16.5911	882.0549	5.1486	3
164.6	16.588	881.0901	5.138	3
164.7	16.585	880.3848	5.143	3
164.8	16.5817	879.5601	5.153	3
164.9	16.578	878.7903	5.1542	3
165	16.5744	878.0179	5.1543	3
165.1	16.5708	877.0851	5.1503	3
165.2	16.5677	876.2663	5.1459	3
165.3	16.5646	875.2972	5.1473	3
165.4	16.5613	874.5612	5.1588	3
165.5	16.5579	873.8079	5.1654	3
165.6	16.5542	872.9788	5.1709	3
165.7	16.5504	872.1186	5.1582	3
165.8	16.5465	871.3586	5.151	3
165.9	16.5427	870.5276	5.1544	3
166	16.5389	869.6482	5.1538	3
166.1	16.5353	868.8103	5.1517	3
166.2	16.5317	867.9251	5.1553	3
166.3	16.528	867.1422	5.1566	3
166.4	16.5242	866.3794	5.1606	3
166.5	16.5203	865.5657	5.1558	3
166.6	16.5163	864.7476	5.1465	3
166.7	16.5121	863.9609	5.1369	3
166.8	16.5078	863.1824	5.1422	3
166.9	16.5032	862.2754	5.1537	3
167	16.4985	861.4766	5.1492	3
167.1	16.4939	860.6614	5.1276	3
167.2	16.4894	859.8301	5.1217	3
167.3	16.4849	859.0777	5.1262	3
167.4	16.4805	858.0943	5.1326	3
167.5	16.476	857.2834	5.1289	3
167.6	16.4715	856.4982	5.1284	3
167.7	16.4668	855.697	5.1365	3
167.8	16.4623	854.8523	5.1232	3
167.9	16.4577	853.8936	5.1191	3
168	16.4534	853.2164	5.1281	3
168.1	16.4487	852.3329	5.1364	3
168.2	16.444	851.5339	5.1394	3
168.3	16.4393	850.7044	5.1389	3
168.4	16.4344	849.9239	5.1327	3
168.5	16.4291	849.1781	5.1302	3
168.6	16.424	848.2907	5.1412	3
168.7	16.4188	847.4711	5.1305	3
168.8	16.4137	846.6869	5.1359	3
168.9	16.4085	845.7529	5.1498	3
169	16.4034	844.9876	5.1481	3
169.1	16.3985	844.1045	5.1512	3
169.2	16.3937	843.2278	5.1482	3
169.3	16.3887	842.3767	5.1355	3
169.4	16.3836	841.6097	5.1491	3
169.5	16.3784	840.8126	5.1751	3
169.6	16.3734	839.9747	5.1853	3
169.7	16.3683	839.0859	5.1751	3
169.8	16.3629	838.3549	5.1644	3
169.9	16.3575	837.5277	5.1556	3
170	16.3523	836.5546	5.1535	3
170.1	16.3471	835.8869	5.1405	3
170.2	16.3417	834.9856	5.1287	3
170.3	16.3362	834.1636	5.1443	3
170.4	16.3312	833.2685	5.1505	3
170.5	16.3259	832.4577	5.1471	3
170.6	16.3202	831.8084	5.1488	3
170.7	16.3143	830.8964	5.145	3
170.8	16.3084	830.1308	5.1473	3
170.9	16.3027	829.2905	5.1558	3
171	16.297	828.4338	5.148	3
171.1	16.291	827.6277	5.1384	3
171.2	16.285	826.7749	5.1369	3
171.3	16.2793	825.8559	5.1337	3
171.4	16.2736	825.1405	5.1418	3
171.5	16.2677	824.2575	5.1338	3
171.6	16.2622	823.2907	5.1277	3
171.7	16.2571	822.4393	5.1269	3
171.8	16.2521	821.5399	5.1186	3
171.9	16.247	820.7168	5.1245	3
172	16.2423	819.8581	5.1415	3
172.1	16.2371	819.1506	5.1551	3
172.2	16.232	818.2912	5.1505	3
172.3	16.2272	817.3303	5.1316	3
172.4	16.2229	816.4863	5.1264	3
172.5	16.2185	815.5845	5.1183	3
172.6	16.2142	814.7588	5.1194	3
172.7	16.2103	813.7941	5.1397	3
172.8	16.2065	812.9468	5.1409	3
172.9	16.2029	812.0803	5.1376	3
173	16.1992	811.2949	5.1342	3
173.1	16.1954	810.5592	5.1345	3
173.2	16.1913	809.7007	5.1314	3
173.3	16.1874	808.861	5.1265	3
173.4	16.1835	807.9977	5.1438	3
173.5	16.1792	807.1783	5.148	3
173.6	16.175	806.3816	5.1505	3
173.7	16.171	805.4453	5.148	3
173.8	16.1671	804.6617	5.1398	3
173.9	16.1632	803.9848	5.1378	3
174	16.1593	803.0168	5.1343	3
174.1	16.155	802.2299	5.1401	3
174.2	16.1507	801.4618	5.1557	3
174.3	16.1465	800.5369	5.1607	3
174.4	16.1425	799.6582	5.1615	3
174.5	16.1385	798.8922	5.1685	3
174.6	16.1341	798.1759	5.1637	3
174.7	16.1295	797.4294	5.169	3
174.8	16.1248	796.5505	5.1751	3
174.9	16.12	795.6679	5.1636	3
175	16.1152	794.8421	5.1607	3
175.1	16.1105	794.0228	5.1666	3
175.2	16.1057	793.2241	5.1626	3
175.3	16.101	792.3737	5.1691	3
175.4	16.096	791.6244	5.1788	3
175.5	16.0907	790.8462	5.1732	3
175.6	16.0851	790.0022	5.171	3
175.7	16.0795	789.2693	5.177	3
175.8	16.0742	788.2519	5.1738	3
175.9	16.0692	787.3729	5.1749	3
176	16.0643	786.6173	5.1956	3
176.1	16.0589	785.8499	5.2067	3
176.2	16.0536	784.9799	5.2046	3
176.3	16.0482	784.0968	5.1964	3
176.4	16.0429	783.383	5.1906	3
176.5	16.0373	782.4785	5.1799	3
176.6	16.0319	781.5998	5.1685	3
176.7	16.0269	780.7838	5.1768	3
176.8	16.0218	779.957	5.1765	3
176.9	16.0167	779.1996	5.1814	3
177	16.0112	778.3838	5.1739	3
177.1	16.0058	777.5089	5.1715	3
177.2	16.0006	776.6247	5.1685	3
177.3	15.9951	775.8386	5.1646	3
177.4	15.9893	775.1638	5.1687	3
177.5	15.9829	774.2557	5.1656	3
177.6	15.977	773.4232	5.1587	3
177.7	15.9712	772.5452	5.1537	3
177.8	15.9653	771.7545	5.1588	3
177.9	15.9593	771.0395	5.1759	3
178	15.9535	770.1386	5.1787	3
178.1	15.9476	769.2946	5.1722	3
178.2	15.9415	768.4602	5.1635	3
178.3	15.9352	767.6576	5.1543	3
178.4	15.9289	766.7993	5.1556	3
178.5	15.9228	766.0045	5.1645	3
178.6	15.9165	765.228	5.166	3
178.7	15.91	764.408	5.1596	3
178.8	15.9037	763.4785	5.1551	3
178.9	15.8973	762.617	5.1552	3
179	15.891	761.8794	5.1499	3
179.1	15.8848	760.9854	5.1563	3
179.2	15.8789	760.1306	5.1578	3
179.3	15.873	759.2757	5.1472	3
179.4	15.867	758.4163	5.1615	3
179.5	15.8612	757.5606	5.1751	3
179.6	15.8558	756.6444	5.175	3
179.7	15.8506	755.7768	5.175	3
179.8	15.8457	754.8773	5.1807	3
179.9	15.8405	754.1311	5.1734	3
180	15.8353	753.2971	5.1729	3
180.1	15.83	752.4839	5.1774	3
180.2	15.8247	751.6482	5.1738	3
180.3	15.8194	750.7284	5.1718	3
180.4	15.8142	749.9909	5.175	3
180.5	15.809	749.0995	5.185	3
180.6	15.804	748.2937	5.1769	3
180.7	15.7989	747.3936	5.1709	3
180.8	15.7938	746.5868	5.1709	3
180.9	15.7883	745.8451	5.1647	3
181	15.7824	745.108	5.1667	3
181.1	15.7763	744.2965	5.1647	3
181.2	15.7701	743.5464	5.1559	3
181.3	15.7637	742.6936	5.1576	3
181.4	15.7573	741.8101	5.1657	3
181.5	15.7511	740.9975	5.1679	3
181.6	15.7451	740.2195	5.1686	3
181.7	15.7389	739.3649	5.1625	3
181.8	15.7331	738.5472	5.1568	3
181.9	15.7274	737.677	5.158	3
182	15.7212	736.877	5.1624	3
182.1	15.715	736.0237	5.1746	3
182.2	15.7087	735.1941	5.1992	3
182.3	15.7024	734.318	5.1885	3
182.4	15.6962	733.4364	5.1653	3
182.5	15.6903	732.5836	5.1602	3
182.6	15.6848	731.5701	5.1609	3
182.7	15.6795	730.819	5.1666	3
182.8	15.6743	729.9568	5.1715	3
182.9	15.6687	729.2111	5.1641	3
183	15.6635	728.2242	5.1505	3
183.1	15.6585	727.4355	5.15	3
183.2	15.6539	726.5378	5.1628	3
183.3	15.6489	725.744	5.1762	3
183.4	15.6438	724.9329	5.1672	3
183.5	15.6385	724.0401	5.151	3
183.6	15.6337	723.3283	5.1663	3
183.7	15.6283	722.384	5.1788	3
183.8	15.623	721.7149	5.1702	3
183.9	15.6176	720.7587	5.1701	3
184	15.6118	720.0352	5.1709	3
184.1	15.6063	719.2195	5.1735	3
184.2	15.6004	718.4065	5.1703	3
184.3	15.5947	717.6622	5.1691	3
184.4	15.589	716.691	5.1686	3
184.5	15.5833	715.9905	5.1547	3
184.6	15.5775	715.0651	5.1551	3
184.7	15.5714	714.1637	5.1571	3
184.8	15.5654	713.5053	5.1573	3
184.9	15.5596	712.6022	5.151	3
185	15.5534	711.7806	5.153	3
185.1	15.5474	710.9987	5.1623	3
185.2	15.5412	710.0828	5.1779	3
185.3	15.5351	709.3851	5.1704	3
185.4	15.5288	708.5826	5.1637	3
185.5	15.5224	707.6623	5.1737	3
185.6	15.5159	706.9283	5.1785	3
185.7	15.5096	705.9664	5.1578	3
185.8	15.503	705.1601	5.1526	3
185.9	15.4968	704.4282	5.1585	3
186	15.4903	703.4514	5.155	3
186.1	15.4843	702.6563	5.1529	3
186.2	15.478	701.8482	5.158	3
186.3	15.4713	701.0362	5.1636	3
186.4	15.465	700.1978	5.1699	3
186.5	15.4589	699.2528	5.1679	3
186.6	15.4528	698.4785	5.1676	3
186.7	15.4468	697.6701	5.1777	3
186.8	15.4408	696.7759	5.1887	3
186.9	15.4348	695.922	5.1706	3
187	15.429	694.9918	5.1436	3
187.1	15.4228	694.336	5.148	3
187.2	15.4168	693.4362	5.1501	3
187.3	15.4107	692.5599	5.1361	3
187.4	15.4051	691.7595	5.1212	3
187.5	15.3994	690.8716	5.1363	3
187.6	15.3933	690.1504	5.1468	3
187.7	15.3873	689.3126	5.1507	3
187.8	15.381	688.4911	5.1474	3
187.9	15.3747	687.76	5.1386	3
188	15.3684	686.8287	5.128	3
188.1	15.3622	685.8961	5.1251	3
188.2	15.3564	685.0952	5.1291	3
188.3	15.3505	684.1965	5.1424	3
188.4	15.3446	683.4783	5.1485	3
188.5	15.3385	682.6067	5.1642	3
188.6	15.3325	681.7571	5.1684	3
188.7	15.3264	680.8478	5.1595	3
188.8	15.3209	680.1868	5.1533	3
188.9	15.315	679.1417	5.1493	3
189	15.3091	678.5784	5.1438	3
189.1	15.3035	677.4209	5.1419	3
189.2	15.2981	676.6747	5.1397	3
189.3	15.293	675.7624	5.1475	3
189.4	15.2873	674.98	5.1457	3
189.5	15.2818	674.2108	5.1313	3
189.6	15.2764	673.3031	5.1411	3
189.7	15.2711	672.4586	5.147	3
189.8	15.2653	671.6822	5.1511	3
189.9	15.2594	670.9634	5.1526	3
190	15.2536	670.0045	5.1574	3
190.1	15.2474	669.3362	5.1462	3
190.2	15.2412	668.5759	5.132	3
190.3	15.2345	667.7707	5.1295	3
190.4	15.2276	666.9391	5.1292	3
190.5	15.2207	666.0676	5.1427	3
190.6	15.2138	665.3149	5.1486	3
190.7	15.2068	664.4965	5.1498	3
190.8	15.1998	663.6112	5.1467	3
190.9	15.193	662.8537	5.1429	3
191	15.1864	661.9008	5.14	3
191.1	15.18	660.933	5.1573	3
191.2	15.1739	660.0987	5.1513	3
191.3	15.1678	659.3214	5.1431	3
191.4	15.1619	658.3445	5.1426	3
191.5	15.1563	657.5542	5.146	3
191.6	15.1506	656.782	5.1469	3
191.7	15.1444	655.958	5.145	3
191.8	15.1384	655.0904	5.1376	3
191.9	15.1324	654.2796	5.1392	3
192	15.1266	653.5046	5.1492	3
192.1	15.1199	652.8132	5.1452	3
192.2	15.113	651.8591	5.1436	3
192.3	15.1064	651.0361	5.1516	3
192.4	15.1001	650.2803	5.1635	3
192.5	15.0931	649.4624	5.1613	3
192.6	15.0861	648.7538	5.1637	3
192.7	15.0791	647.746	5.1615	3
192.8	15.072	647.0572	5.1538	3
192.9	15.0651	646.0688	5.1645	3
193	15.0581	645.339	5.1763	3
193.1	15.0514	644.4496	5.174	3
193.2	15.0443	643.6558	5.1711	3
193.3	15.0374	642.8012	5.157	3
193.4	15.0303	641.8983	5.1616	3
193.5	15.0234	641.1696	5.1694	3
193.6	15.0166	640.2507	5.1648	3
193.7	15.0099	639.451	5.1638	3
193.8	15.0034	638.5279	5.1647	3
193.9	14.9973	637.5381	5.1594	3
194	14.9916	636.6706	5.1644	3
194.1	14.986	635.888	5.1731	3
194.2	14.9802	635.0057	5.1724	3
194.3	14.9745	634.2573	5.1619	3
194.4	14.9686	633.3335	5.1578	3
194.5	14.9627	632.4803	5.1574	3
194.6	14.9572	631.6711	5.1599	3
194.7	14.9515	630.8249	5.1552	3
194.8	14.9455	630.1766	5.1525	3
194.9	14.9395	629.2544	5.1536	3
195	14.9335	628.4228	5.1613	3
195.1	14.9278	627.4974	5.1628	3
195.2	14.9221	626.6536	5.1499	3
195.3	14.9167	625.8693	5.1499	3
195.4	14.9113	624.9394	5.146	3
195.5	14.9058	624.185	5.1455	3
195.6	14.9002	623.299	5.1469	3
195.7	14.8949	622.4883	5.1544	3
195.8	14.8897	621.5873	5.1563	3
195.9	14.8844	620.7416	5.1548	3
196	14.8791	620.0091	5.1505	3
196.1	14.8737	619.157	5.1373	3
196.2	14.868	618.3038	5.1393	3
196.3	14.8627	617.5512	5.1564	3
196.4	14.8571	616.6697	5.148	3
196.5	14.8515	615.7751	5.134	3
196.6	14.8459	615.0508	5.1414	3
196.7	14.8401	614.2483	5.1431	3
196.8	14.834	613.534	5.1441	3
196.9	14.8281	612.5467	5.1478	3
197	14.8223	611.6583	5.158	3
197.1	14.8166	610.8773	5.1547	3
197.2	14.8107	610.0942	5.1389	3
197.3	14.8049	609.3045	5.139	3
197.4	14.7989	608.4158	5.1479	3
197.5	14.7928	607.6687	5.1312	3
197.6	14.7868	606.7482	5.1373	3
197.7	14.781	605.9187	5.1459	3
197.8	14.7751	605.1215	5.1547	3
197.9	14.7686	604.337	5.1601	3
198	14.7623	603.5226	5.152	3
198.1	14.7562	602.6478	5.1476	3
198.2	14.7499	601.8588	5.1419	3
198.3	14.7434	601.027	5.148	3
198.4	14.737	600.1658	5.1608	3
198.5	14.7306	599.3233	5.1647	3
198.6	14.7241	598.6119	5.1652	3
198.7	14.7175	597.7005	5.164	3
198.8	14.7111	596.864	5.1561	3
198.9	14.7049	595.9831	5.1632	3
199	14.6985	595.191	5.1621	3
199.1	14.6917	594.5603	5.158	3
199.2	14.6845	593.6655	5.1592	3
199.3	14.6773	592.7699	5.1539	3
199.4	14.6703	591.9901	5.1503	3
199.5	14.6633	591.0988	5.1504	3
199.6	14.6566	590.2981	5.1641	3
199.7	14.6499	589.4544	5.1716	3
199.8	14.643	588.5736	5.1634	3
199.9	14.636	587.8188	5.166	3
200	14.6292	586.9344	5.175	3
200.1	14.6223	586.1152	5.1726	3
200.2	14.6154	585.2975	5.1483	3
200.3	14.6086	584.4136	5.1391	3
200.4	14.6021	583.4709	5.1428	3
200.5	14.5958	582.7073	5.1476	3
200.6	14.5891	581.9819	5.1581	3
200.7	14.5823	581.1583	5.1568	3
200.8	14.5755	580.1938	5.1622	3
200.9	14.5687	579.4605	5.1686	3
201	14.5618	578.6229	5.1594	3
201.1	14.5544	577.9087	5.1645	3
201.2	14.5471	577.0557	5.1668	3
201.3	14.5397	576.1585	5.1655	3
201.4	14.5326	575.3691	5.1598	3
201.5	14.5255	574.5055	5.1656	3
201.6	14.5183	573.695	5.1759	3
201.7	14.5113	572.8673	5.1828	3
201.8	14.5043	571.9473	5.1784	3
201.9	14.4971	571.1488	5.1684	3
202	14.4901	570.306	5.1598	3
202.1	14.4829	569.5451	5.1497	3
202.2	14.4757	568.6622	5.1569	3
202.3	14.4686	567.8055	5.1638	3
202.4	14.4613	566.9888	5.1532	3
202.5	14.4538	566.2431	5.1429	3
202.6	14.4464	565.3114	5.1319	3
202.7	14.4392	564.4698	5.122	3
202.8	14.4324	563.6709	5.1283	3
202.9	14.4248	562.9775	5.1304	3
203	14.4176	562.0318	5.1237	3
203.1	14.4102	561.2194	5.1296	3
203.2	14.4029	560.4214	5.1318	3
203.3	14.3952	559.5852	5.1314	3
203.4	14.3877	558.7858	5.1427	3
203.5	14.3802	557.9734	5.1494	3
203.6	14.3722	557.1651	5.1434	3
203.7	14.3642	556.4154	5.1439	3
203.8	14.3562	555.4474	5.1431	3
203.9	14.3481	554.7425	5.1315	3
204	14.3404	553.8375	5.1321	3
204.1	14.3321	552.9601	5.1398	3
204.2	14.3239	552.3704	5.1473	3
204.3	14.3156	551.3384	5.1489	3
204.4	14.3072	550.6523	5.1475	3
204.5	14.299	549.8016	5.1539	3
204.6	14.2902	548.8989	5.1577	3
204.7	14.2815	548.2955	5.1596	3
204.8	14.273	547.2808	5.1547	3
204.9	14.2638	546.611	5.1537	3
205	14.2553	545.6994	5.1601	3
205.1	14.2464	544.7157	5.1559	3
205.2	14.2382	543.9242	5.1495	3
205.3	14.2306	542.7609	5.1482	3
205.4	14.2235	541.9129	5.1591	3
205.5	14.2172	541.0264	5.155	3
205.6	14.2107	540.1085	5.165	3
205.7	14.204	539.3818	5.1619	3
205.8	14.1978	538.3689	5.1527	3
205.9	14.1917	537.4901	5.1521	3
206	14.1867	536.5807	5.1579	3
206.1	14.1817	535.5551	5.1623	3
206.2	14.1769	534.7948	5.1627	3
206.3	14.1724	533.9632	5.1722	3
206.4	14.1672	533.2311	5.1643	3
206.5	14.1621	532.4711	5.1573	3
206.6	14.1568	531.5301	5.1422	3
206.7	14.1517	530.739	5.1438	3
206.8	14.1466	529.9178	5.1583	3
206.9	14.1412	529.0931	5.1528	3
207	14.1357	528.3848	5.1513	3
207.1	14.1302	527.464	5.1536	3
207.2	14.1244	526.6297	5.1615	3
207.3	14.119	525.9003	5.1554	3
207.4	14.1134	524.8645	5.1407	3
207.5	14.1079	524.2308	5.148	3
207.6	14.1025	523.3439	5.1546	3
207.7	14.0963	522.55	5.1542	3
207.8	14.0904	521.8696	5.1581	3
207.9	14.0843	520.8332	5.1503	3
208	14.078	520.234	5.1486	3
208.1	14.0724	519.2613	5.1506	3
208.2	14.0658	518.4532	5.1469	3
208.3	14.0596	517.8206	5.1445	3
208.4	14.0531	516.6747	5.1364	3
208.5	14.0464	516.0989	5.1487	3
208.6	14.0404	515.1238	5.1614	3
208.7	14.0336	514.3011	5.1595	3
208.8	14.0273	513.6916	5.1632	3
208.9	14.0209	512.4887	5.1627	3
209	14.0143	511.9911	5.1577	3
209.1	14.0081	510.9604	5.1401	3
209.2	14.0013	510.1794	5.1368	3
209.3	13.9953	509.4653	5.1475	3
209.4	13.9888	508.3717	5.1415	3
209.5	13.9824	507.7896	5.1349	3
209.6	13.9759	506.8848	5.1403	3
209.7	13.9686	506.1435	5.1339	3
209.8	13.9618	505.3562	5.1268	3
209.9	13.9549	504.3712	5.1186	3
210	13.9476	503.7308	5.116	3
210.1	13.9407	502.7785	5.1199	3
210.2	13.9335	501.9761	5.1242	3
210.3	13.9266	501.2352	5.1228	3
210.4	13.9192	500.2643	5.1222	3
210.5	13.9122	499.5788	5.1345	3
210.6	13.9052	498.5937	5.1457	3
210.7	13.8979	497.9399	5.152	3
210.8	13.8905	497.096	5.1537	3
210.9	13.8829	496.1255	5.1473	3
211	13.8759	495.3945	5.1416	3
211.1	13.8688	494.3519	5.1297	3
211.2	13.8618	493.6581	5.1385	3
211.3	13.8555	492.674	5.156	3
211.4	13.8488	491.8287	5.1449	3
211.5	13.8422	491.1543	5.1367	3
211.6	13.8353	490.196	5.1436	3
211.7	13.8284	489.4941	5.1298	3
211.8	13.822	488.4977	5.1204	3
211.9	13.8152	487.6966	5.1204	3
212	13.8087	486.9901	5.1128	3
212.1	13.8016	485.9868	5.1202	3
212.2	13.7948	485.32	5.1273	3
212.3	13.7881	484.411	5.1287	3
212.4	13.7808	483.6706	5.1362	3
212.5	13.7736	482.8983	5.1361	3
212.6	13.7664	481.8371	5.1339	3
212.7	13.7594	481.2152	5.1274	3
212.8	13.7525	480.2894	5.1282	3
212.9	13.7455	479.4355	5.1353	3
213	13.7389	478.6248	5.1355	3
213.1	13.732	477.7246	5.1238	3
213.2	13.725	476.99	5.1216	3
213.3	13.718	476.1301	5.1321	3
213.4	13.7107	475.3825	5.1384	3
213.5	13.7035	474.5683	5.1287	3
213.6	13.6958	473.6372	5.1235	3
213.7	13.6883	472.9166	5.1089	3
213.8	13.6811	471.997	5.0977	3
213.9	13.6739	471.2397	5.1136	3
214	13.6667	470.3398	5.1149	3
214.1	13.659	469.5462	5.1148	3
214.2	13.6513	468.8839	5.1258	3
214.3	13.6431	468.0183	5.1319	3
214.4	13.635	467.2212	5.1149	3
214.5	13.627	466.3418	5.1137	3
214.6	13.6188	465.5112	5.1356	3
214.7	13.6107	464.7344	5.1446	3
214.8	13.6026	463.7773	5.1375	3
214.9	13.5946	463.0156	5.12	3
215	13.5868	462.2083	5.1224	3
215.1	13.5782	461.4747	5.1214	3
215.2	13.5697	460.5716	5.1073	3
215.3	13.5615	459.6672	5.103	3
215.4	13.5535	458.8869	5.0974	3
215.5	13.5455	458.0007	5.0892	3
215.6	13.5374	457.1552	5.0972	3
215.7	13.5295	456.2933	5.106	3
215.8	13.5216	455.4695	5.1012	3
215.9	13.5136	454.6822	5.1043	3
216	13.5056	453.8427	5.1085	3
216.1	13.4978	452.925	5.0997	3
216.2	13.4905	451.9915	5.1086	3
216.3	13.4833	451.138	5.1156	3
216.4	13.4762	450.2801	5.0993	3
216.5	13.469	449.42	5.1064	3
216.6	13.4619	448.6793	5.0939	3
216.7	13.4547	447.8998	5.091	3
216.8	13.4473	447.0026	5.1121	3
216.9	13.4399	446.213	5.1266	3
217	13.4327	445.3158	5.1395	3
217.1	13.4255	444.5403	5.1377	3
217.2	13.4183	443.6941	5.1284	3
217.3	13.4106	442.9021	5.131	3
217.4	13.403	442.0902	5.1208	3
217.5	13.3955	441.1781	5.115	3
217.6	13.3878	440.3342	5.1277	3
217.7	13.3803	439.6364	5.1177	3
217.8	13.3726	438.7708	5.1294	3
217.9	13.3649	438.0079	5.1337	3
218	13.3574	437.0757	5.1159	3
218.1	13.3496	436.2355	5.1138	3
218.2	13.3419	435.4067	5.1248	3
218.3	13.3344	434.5429	5.1223	3
218.4	13.3269	433.757	5.1143	3
218.5	13.3194	432.86	5.1233	3
218.6	13.3119	432.0708	5.1394	3
218.7	13.3044	431.247	5.1385	3
218.8	13.2968	430.3971	5.1269	3
218.9	13.2892	429.598	5.142	3
219	13.2815	428.7177	5.1447	3
219.1	13.2739	427.8771	5.143	3
219.2	13.2665	427.0281	5.1343	3
219.3	13.259	426.2506	5.1344	3
219.4	13.2514	425.4017	5.1419	3
219.5	13.2438	424.6214	5.1579	3
219.6	13.2361	423.7212	5.1538	3
219.7	13.2282	422.9119	5.1436	3
219.8	13.2207	422.0524	5.141	3
219.9	13.2131	421.1862	5.1359	3
220	13.2058	420.4105	5.1354	3
220.1	13.1985	419.5096	5.1272	3
220.2	13.1909	418.635	5.1297	3
220.3	13.1836	417.7676	5.1317	3
220.4	13.1767	416.9638	5.1362	3
220.5	13.1698	416.1372	5.1374	3
220.6	13.1627	415.3228	5.1346	3
220.7	13.1556	414.4411	5.144	3
220.8	13.1487	413.5787	5.1441	3
220.9	13.1416	412.7729	5.1487	3
221	13.1347	411.9679	5.1472	3
221.1	13.1268	411.3819	5.1444	3
221.2	13.1185	410.5663	5.1405	3
221.3	13.1111	409.3464	5.1296	3
221.4	13.1057	408.0237	5.1203	3
221.5	13.1019	406.9518	5.1273	3
221.6	13.0985	406.1731	5.125	3
221.7	13.0948	405.431	5.1299	3
221.8	13.0907	404.6288	5.1395	3
221.9	13.0862	404.0088	5.1421	3
222	13.0811	403.3057	5.1303	3
222.1	13.0749	402.6247	5.1321	3
222.2	13.0688	401.7511	5.1243	3
222.3	13.0625	400.8898	5.1265	3
222.4	13.0561	400.3518	5.1381	3
222.5	13.0492	399.4555	5.1403	3
222.6	13.0421	398.6108	5.139	3
222.7	13.0353	397.7783	5.1362	3
222.8	13.0287	396.7927	5.1436	3
222.9	13.0223	396.1255	5.1481	3
223	13.0159	395.1884	5.147	3
223.1	13.0088	394.4596	5.1393	3
223.2	13.0019	393.6292	5.1469	3
223.3	12.9948	392.7356	5.1389	3
223.4	12.9878	392.0663	5.1381	3
223.5	12.9808	391.1095	5.1535	3
223.6	12.974	390.264	5.1542	3
223.7	12.9671	389.5092	5.1398	3
223.8	12.9603	388.535	5.1525	3
223.9	12.9533	387.7959	5.1572	3
224	12.9464	386.9815	5.1546	3
224.1	12.939	386.1521	5.1434	3
224.2	12.9315	385.4468	5.1424	3
224.3	12.9239	384.5326	5.146	3
224.4	12.9165	383.733	5.1348	3
224.5	12.909	382.9641	5.1314	3
224.6	12.9012	382.1733	5.1409	3
224.7	12.8931	381.2641	5.1464	3
224.8	12.8853	380.5055	5.1294	3
224.9	12.8775	379.6399	5.1289	3
225	12.8694	378.8262	5.1351	3
225.1	12.8616	377.9071	5.1343	3
225.2	12.8541	377.0195	5.1333	3
225.3	12.8466	376.3184	5.1318	3
225.4	12.8389	375.4116	5.134	3
225.5	12.831	374.6294	5.1356	3
225.6	12.8234	373.756	5.135	3
225.7	12.8155	372.9964	5.1406	3
225.8	12.8076	372.1979	5.1496	3
225.9	12.7998	371.215	5.1496	3
226	12.7922	370.4297	5.1501	3
226.1	12.7843	369.6233	5.134	3
226.2	12.7757	368.9764	5.1352	3
226.3	12.7667	368.3556	5.1446	3
226.4	12.7568	367.6512	5.1424	3
226.5	12.7468	366.782	5.1256	3
226.6	12.7375	365.6632	5.1245	3
226.7	12.7287	364.8078	5.1353	3
226.8	12.7202	363.8775	5.1351	3
226.9	12.7119	363.0439	5.1352	3
227	12.7034	362.2483	5.1321	3
227.1	12.6951	361.4255	5.1407	3
227.2	12.6865	360.6179	5.1365	3
227.3	12.6779	359.8183	5.1201	3
227.4	12.6692	359.0198	5.1262	3
227.5	12.6601	358.2699	5.1388	3
227.6	12.6504	357.5952	5.1505	3
227.7	12.6402	356.7002	5.1525	3
227.8	12.6308	355.7422	5.1569	3
227.9	12.6217	354.9784	5.1526	3
228	12.6121	354.0846	5.1441	3
228.1	12.6025	353.3473	5.1349	3
228.2	12.593	352.3703	5.1341	3
228.3	12.5839	351.6013	5.145	3
228.4	12.5754	350.583	5.1459	3
228.5	12.5671	349.5953	5.1412	3
228.6	12.5589	348.8773	5.1391	3
228.7	12.5506	348.0004	5.1503	3
228.8	12.5425	347.2061	5.1659	3
228.9	12.5346	346.355	5.1603	3
229	12.5261	345.4971	5.1587	3
229.1	12.5179	344.7319	5.1663	3
229.2	12.5099	343.7709	5.1564	3
229.3	12.5018	343.0021	5.1284	3
229.4	12.4935	342.2766	5.1197	3
229.5	12.4847	341.3757	5.1286	3
229.6	12.4762	340.5878	5.1325	3
229.7	12.4679	339.7018	5.1368	3
229.8	12.4594	338.8796	5.1356	3
229.9	12.4508	338.1228	5.1376	3
230	12.4422	337.2747	5.1432	3
230.1	12.4335	336.455	5.1486	3
230.2	12.425	335.6146	5.1493	3
230.3	12.4162	334.7521	5.1475	3
230.4	12.4077	333.8781	5.1439	3
230.5	12.3994	332.9926	5.1479	3
230.6	12.3913	332.1299	5.1411	3
230.7	12.3833	331.3302	5.1318	3
230.8	12.3752	330.4676	5.1397	3
230.9	12.3671	329.6259	5.1438	3
231	12.3593	328.7713	5.1444	3
231.1	12.3515	328.0042	5.1561	3
231.2	12.3436	327.158	5.1577	3
231.3	12.3357	326.2345	5.1698	3
231.4	12.3278	325.437	5.1747	3
231.5	12.3199	324.5985	5.1646	3
231.6	12.3119	323.7666	5.1577	3
231.7	12.3041	322.9226	5.1565	3
231.8	12.2964	322.0152	5.1525	3
231.9	12.2888	321.2069	5.1398	3
232	12.2813	320.3744	5.1406	3
232.1	12.2737	319.5412	5.1452	3
232.2	12.2661	318.7804	5.1456	3
232.3	12.2582	317.8958	5.1381	3
232.4	12.2503	317.109	5.147	3
232.5	12.2425	316.2379	5.149	3
232.6	12.235	315.3829	5.1549	3
232.7	12.2277	314.4763	5.1461	3
232.8	12.2202	313.7627	5.1407	3
232.9	12.2119	313.1168	5.1487	3
233	12.2032	312.326	5.1541	3
233.1	12.1952	311.2588	5.1542	3
233.2	12.1882	310.1229	5.1512	3
233.3	12.1814	309.349	5.141	3
233.4	12.174	308.7158	5.1397	3
233.5	12.1659	308.0269	5.1424	3
233.6	12.1576	307.2345	5.1358	3
233.7	12.1494	306.2781	5.1408	3
233.8	12.1412	305.5643	5.1514	3
233.9	12.133	304.7445	5.141	3
234	12.1245	303.9335	5.1338	3
234.1	12.1165	303.0293	5.1519	3
234.2	12.1083	302.1509	5.1561	3
234.3	12.1001	301.3418	5.1496	3
234.4	12.0919	300.4814	5.1494	3
234.5	12.0837	299.7007	5.1515	3
234.6	12.0757	298.8663	5.1633	3
234.7	12.0674	298.0868	5.1571	3
234.8	12.0587	297.3056	5.1592	3
234.9	12.0496	296.5153	5.1621	3
235	12.0409	295.673	5.1534	3
235.1	12.0322	294.7963	5.1602	3
235.2	12.0235	293.9818	5.166	3
235.3	12.0149	293.0403	5.1669	3
235.4	12.0065	292.2264	5.1746	3
235.5	11.998	291.4512	5.1719	3
235.6	11.9893	290.6337	5.1679	3
235.7	11.9806	289.7298	5.1743	3
235.8	11.972	288.9505	5.1708	3
235.9	11.9634	288.1137	5.165	3
236	11.9547	287.291	5.1667	3
236.1	11.946	286.4437	5.1619	3
236.2	11.9372	285.5884	5.1458	3
236.3	11.9284	284.7368	5.1452	3
236.4	11.9197	283.9635	5.1382	3
236.5	11.9108	283.1282	5.1311	3
236.6	11.9023	282.2382	5.1259	3
236.7	11.894	281.2871	5.14	3
236.8	11.8858	280.5584	5.1444	3
236.9	11.8768	279.928	5.1269	3
237	11.8671	279.2611	5.1254	3
237.1	11.8572	278.3404	5.1387	3
237.2	11.8477	277.3638	5.1433	3
237.3	11.8388	276.4712	5.1455	3
237.4	11.8302	275.5205	5.138	3
237.5	11.8219	274.6417	5.1362	3
237.6	11.8137	273.872	5.1491	3
237.7	11.8051	273.095	5.1558	3
237.8	11.7963	272.3642	5.1572	3
237.9	11.7873	271.5379	5.1578	3
238	11.7783	270.6671	5.1549	3
238.1	11.7693	269.8645	5.1619	3
238.2	11.7601	269.0264	5.1565	3
238.3	11.7509	268.227	5.1521	3
238.4	11.7416	267.3792	5.1551	3
238.5	11.7326	266.5125	5.1626	3
238.6	11.7236	265.7432	5.1699	3
238.7	11.7145	264.8579	5.1594	3
238.8	11.7053	264.0576	5.1428	3
238.9	11.6961	263.2037	5.1323	3
239	11.6871	262.3421	5.1324	3
239.1	11.6781	261.5268	5.1382	3
239.2	11.6694	260.6616	5.1319	3
239.3	11.6603	259.7645	5.1273	3
239.4	11.6516	258.9967	5.1318	3
239.5	11.6429	258.0837	5.1341	3
239.6	11.6344	257.3109	5.1369	3
239.7	11.6258	256.4744	5.1447	3
239.8	11.6169	255.6298	5.1357	3
239.9	11.6078	254.8364	5.139	3
240	11.5988	253.9677	5.1356	3
240.1	11.5898	253.2097	5.1215	3
240.2	11.5808	252.2907	5.1342	3
240.3	11.5715	251.5508	5.1397	3
240.4	11.5625	250.7772	5.1396	3
240.5	11.5531	249.9072	5.1489	3
240.6	11.5438	249.0995	5.1559	3
240.7	11.5346	248.2036	5.1515	3
240.8	11.5253	247.4602	5.1459	3
240.9	11.5158	246.5889	5.1468	3
241	11.5063	245.7261	5.1384	3
241.1	11.4968	244.9802	5.1464	3
241.2	11.4874	244.0983	5.1513	3
241.3	11.4778	243.316	5.1578	3
241.4	11.4682	242.5051	5.1519	3
241.5	11.4586	241.5429	5.1641	3
241.6	11.4491	240.7885	5.1728	3
241.7	11.44	239.8318	5.1735	3
241.8	11.4309	239.0418	5.1774	3
241.9	11.4217	238.2089	5.1784	3
242	11.4124	237.3187	5.1801	3
242.1	11.4032	236.5859	5.1641	3
242.2	11.3942	235.6729	5.1488	3
242.3	11.3849	234.8127	5.142	3
242.4	11.3757	234.0374	5.1467	3
242.5	11.3664	233.2333	5.1589	3
242.6	11.357	232.4349	5.1644	3
242.7	11.3475	231.5603	5.1706	3
242.8	11.3381	230.806	5.198	3
242.9	11.3285	230.0203	5.2022	3
243	11.3187	229.1919	5.1826	3
243.1	11.309	228.3304	5.171	3
243.2	11.2992	227.465	5.1764	3
243.3	11.2894	226.7217	5.1743	3
243.4	11.2793	225.8724	5.1597	3
243.5	11.2692	225.0666	5.1506	3
243.6	11.2592	224.1849	5.163	3
243.7	11.2495	223.3125	5.1702	3
243.8	11.2399	222.5091	5.1624	3
243.9	11.2303	221.6159	5.1658	3
244	11.2203	220.8258	5.1696	3
244.1	11.2106	220.0403	5.1591	3
244.2	11.2009	219.1307	5.1509	3
244.3	11.191	218.2927	5.1544	3
244.4	11.181	217.5255	5.1628	3
244.5	11.171	216.6531	5.175	3
244.6	11.1611	215.8759	5.1864	3
244.7	11.1512	215.0306	5.173	3
244.8	11.1409	214.2184	5.1604	3
244.9	11.1307	213.4415	5.1571	3
245	11.1206	212.4892	5.1636	3
245.1	11.1106	211.7332	5.1607	3
245.2	11.1003	210.8896	5.1566	3
245.3	11.0901	210.1174	5.1806	3
245.4	11.0798	209.2788	5.1872	3
245.5	11.0693	208.4681	5.1894	3
245.6	11.0589	207.6389	5.1857	3
245.7	11.0484	206.7855	5.1705	3
245.8	11.0381	205.9135	5.1751	3
245.9	11.0279	205.0105	5.1748	3
246	11.018	204.1836	5.1751	3
246.1	11.0082	203.2754	5.1816	3
246.2	10.9984	202.5132	5.177	3
246.3	10.9887	201.6651	5.1759	3
246.4	10.9788	200.7551	5.1774	3
246.5	10.9691	199.9104	5.1625	3
246.6	10.9596	199.0876	5.1583	3
246.7	10.9504	198.1872	5.1638	3
246.8	10.9413	197.2567	5.1482	3
246.9	10.932	196.4995	5.1418	3
247	10.9228	195.6827	5.1508	3
247.1	10.9134	194.8752	5.1565	3
247.2	10.9043	194.0364	5.1574	3
247.3	10.8954	193.128	5.1582	3
247.4	10.8864	192.3175	5.1585	3
247.5	10.8769	191.5912	5.1644	3
247.6	10.8673	190.7326	5.1723	3
247.7	10.8576	189.9306	5.1907	3
247.8	10.848	189.0753	5.1888	3
247.9	10.8382	188.3227	5.1722	3
248	10.8285	187.5497	5.1582	3
248.1	10.8186	186.6502	5.1441	3
248.2	10.8086	185.8347	5.1528	3
248.3	10.7986	185.0581	5.159	3
248.4	10.7886	184.2013	5.17	3
248.5	10.7788	183.2918	5.1634	3
248.6	10.769	182.4889	5.1538	3
248.7	10.7588	181.7586	5.1538	3
248.8	10.7485	180.9556	5.1472	3
248.9	10.7383	180.0588	5.1525	3
249	10.7282	179.2733	5.1716	3
249.1	10.7176	178.4631	5.1804	3
249.2	10.7069	177.7383	5.1837	3
249.3	10.6964	176.7872	5.1776	3
249.4	10.6855	175.9992	5.1623	3
249.5	10.6745	175.3488	5.161	3
249.6	10.6633	174.4363	5.1774	3
249.7	10.6527	173.422	5.176	3
249.8	10.6426	172.4462	5.1748	3
249.9	10.6328	171.774	5.178	3
250	10.6227	170.8785	5.1776	3
250.1	10.6124	170.039	5.1624	3
250.2	10.6023	169.1769	5.1673	3
250.3	10.5922	168.4066	5.1718	3
250.4	10.582	167.533	5.1653	3
250.5	10.572	166.6694	5.1697	3
250.6	10.562	165.8434	5.1782	3
250.7	10.5521	164.9752	5.1773	3
250.8	10.5424	164.0327	5.1722	3
250.9	10.5331	163.2221	5.1609	3
251	10.524	162.2862	5.1636	3
251.1	10.5152	161.4321	5.1636	3
251.2	10.5065	160.6508	5.166	3
251.3	10.4968	159.8947	5.1725	3
251.4	10.4869	159.2374	5.1667	3
251.5	10.4768	158.2714	5.1541	3
251.6	10.4674	157.4611	5.1632	3
251.7	10.4579	156.5827	5.1554	3
251.8	10.4481	155.8201	5.1692	3
251.9	10.4382	154.9496	5.1688	3
252	10.429	154.041	5.1632	3
252.1	10.4196	153.2895	5.1742	3
252.2	10.4095	152.5435	5.178	3
252.3	10.3994	151.65	5.1712	3
252.4	10.3896	150.8285	5.1671	3
252.5	10.3798	149.985	5.173	3
252.6	10.3699	149.1122	5.169	3
252.7	10.36	148.2274	5.178	3
252.8	10.3506	147.4931	5.1827	3
252.9	10.3409	146.5877	5.1759	3
253	10.3311	145.8223	5.1715	3
253.1	10.3214	144.9785	5.1869	3
253.2	10.3113	144.1663	5.2022	3
253.3	10.3012	143.3608	5.1934	3
253.4	10.2913	142.493	5.1722	3
253.5	10.2816	141.65	5.1697	3
253.6	10.2716	140.8658	5.1842	3
253.7	10.2613	140.1948	5.181	3
253.8	10.2507	139.2573	5.1611	3
253.9	10.2402	138.3945	5.1597	3
254	10.2299	137.5717	5.1614	3
254.1	10.2192	136.8831	5.1582	3
254.2	10.2086	135.9376	5.1559	3
254.3	10.1983	134.9574	5.1528	3
254.4	10.1883	134.3244	5.148	3
254.5	10.178	133.4701	5.1506	3
254.6	10.1673	132.5647	5.1519	3
254.7	10.1571	131.7805	5.1547	3
254.8	10.1463	131.0066	5.1659	3
254.9	10.1351	130.2883	5.1689	3
255	10.1241	129.3965	5.1678	3
255.1	10.1131	128.5365	5.1794	3
255.2	10.1022	127.7266	5.1825	3
255.3	10.0912	126.8725	5.1756	3
255.4	10.0801	126.0754	5.179	3
255.5	10.0691	125.1626	5.1745	3
255.6	10.0583	124.3048	5.1642	3
255.7	10.0474	123.6076	5.1599	3
255.8	10.0359	122.7866	5.1669	3
255.9	10.0243	122.0307	5.1655	3
256	10.0127	121.2319	5.1723	3
256.1	10.0009	120.444	5.1698	3
256.2	9.9889	119.5778	5.1635	3
256.3	9.9767	118.7202	5.1665	3
256.4	9.9646	117.9726	5.1663	3
256.5	9.9524	117.159	5.1621	3
256.6	9.9401	116.2665	5.1522	3
256.7	9.9282	115.4356	5.1584	3
256.8	9.9161	114.5458	5.1576	3
256.9	9.904	113.7209	5.1517	3
257	9.8923	112.8841	5.162	3
257.1	9.8805	111.998	5.1755	3
257.2	9.8688	111.1524	5.1689	3
257.3	9.8572	110.2746	5.1604	3
257.4	9.8455	109.5692	5.1683	3
257.5	9.8336	108.6884	5.1709	3
257.6	9.8218	107.8949	5.1709	3
257.7	9.8101	106.9923	5.1648	3
257.8	9.7982	106.144	5.1696	3
257.9	9.7863	105.3684	5.1722	3
258	9.7745	104.543	5.1828	3
258.1	9.7627	103.7046	5.1837	3
258.2	9.7509	102.8634	5.1672	3
258.3	9.7389	102.0975	5.1691	3
258.4	9.7265	101.3485	5.1696	3
258.5	9.714	100.4961	5.1668	3
258.6	9.7017	99.6383	5.1593	3
258.7	9.6895	98.8083	5.1655	3
258.8	9.6768	98.0935	5.1551	3
258.9	9.6636	97.2275	5.1595	3
259	9.6506	96.4265	5.175	3
259.1	9.6377	95.584	5.1632	3
259.2	9.6247	94.7677	5.1471	3
259.3	9.6119	93.9416	5.1526	3
259.4	9.5994	92.9673	5.1606	3
259.5	9.5872	92.0648	5.1658	3
259.6	9.5751	91.1301	5.1787	3
259.7	9.5631	90.3759	5.1853	3
259.8	9.5511	89.5559	5.1911	3
259.9	9.539	88.7563	5.2017	3
260	9.5266	88.095	5.1962	3
260.1	9.5137	87.2743	5.1969	3
260.2	9.5007	86.4341	5.2004	3
260.3	9.488	85.521	5.1947	3
260.4	9.4753	84.6698	5.1928	3
260.5	9.4626	83.8441	5.2039	3
260.6	9.4499	83.0247	5.2045	3
260.7	9.4373	82.179	5.2005	3
260.8	9.4245	81.3422	5.1964	3
260.9	9.4117	80.5082	5.1823	3
261	9.3988	79.7119	5.1694	3
261.1	9.3859	78.869	5.172	3
261.2	9.3732	77.9386	5.168	3
261.3	9.3606	77.1785	5.1609	3
261.4	9.348	76.3837	5.1615	3
261.5	9.3352	75.4809	5.1722	3
261.6	9.3223	74.6878	5.1756	3
261.7	9.3097	73.8844	5.1691	3
261.8	9.2967	73.1079	5.1681	3
261.9	9.2833	72.2725	5.1773	3
262	9.2702	71.4036	5.1826	3
262.1	9.2573	70.5914	5.1751	3
262.2	9.2442	69.7311	5.1614	3
262.3	9.231	69.0219	5.1656	3
262.4	9.2177	68.1518	5.1707	3
262.5	9.204	67.4235	5.1811	3
262.6	9.1901	66.6325	5.1749	3
262.7	9.1759	65.7084	5.1699	3
262.8	9.1626	64.819	5.1759	3
262.9	9.149	63.9764	5.1689	3
263	9.1356	63.2579	5.1674	3
263.1	9.1218	62.2725	5.1795	3
263.2	9.1088	61.5177	5.1862	3
263.3	9.0958	60.5347	5.1832	3
263.4	9.0819	59.8988	5.1809	3
263.5	9.0684	59.0052	5.1849	3
263.6	9.0547	58.2171	5.1881	3
263.7	9.0409	57.4924	5.1943	3
263.8	9.0266	56.7007	5.1977	3
263.9	9.012	55.8782	5.1797	3
264	8.9975	55.0342	5.1698	3
264.1	8.9831	54.1861	5.1696	3
264.2	8.9685	53.3789	5.1721	3
264.3	8.9539	52.65	5.1838	3
264.4	8.9394	51.7386	5.1834	3
264.5	8.9246	50.8755	5.1706	3
264.6	8.9101	50.0519	5.1799	3
264.7	8.8954	49.1668	5.1723	3
264.8	8.8802	48.4724	5.1687	3
264.9	8.8656	47.5013	5.172	3
265	8.8512	46.6589	5.1539	3
265.1	8.8369	45.8891	5.1558	3
265.2	8.8224	44.9694	5.1635	3
265.3	8.8082	44.1465	5.1674	3
265.4	8.7944	43.2092	5.1675	3
265.5	8.7802	42.4487	5.1847	3
265.6	8.7662	41.6817	5.1801	3
265.7	8.752	40.7323	5.1759	3
265.8	8.7382	39.892	5.1738	3
265.9	8.724	39.1526	5.1636	3
266	8.7094	38.4615	5.1544	3
266.1	8.6946	37.4892	5.1609	3
266.2	8.6802	36.728	5.1825	3
266.3	8.6659	35.8455	5.1716	3
266.4	8.6511	35.1239	5.1592	3
266.5	8.6361	34.3049	5.1624	3
266.6	8.6214	33.3285	5.1681	3
266.7	8.6067	32.5821	5.1697	3
266.8	8.592	31.749	5.1718	3
266.9	8.5769	30.9774	5.1801	3
267	8.5618	30.143	5.1814	3
267.1	8.5467	29.2119	5.1779	3
267.2	8.5316	28.5064	5.1751	3
267.3	8.5165	27.658	5.1565	3
267.4	8.5013	26.8729	5.1621	3
267.5	8.4864	25.9473	5.173	3
267.6	8.4713	25.0509	5.1701	3
267.7	8.4565	24.3066	5.1653	3
267.8	8.4415	23.4207	5.1656	3
267.9	8.4262	22.6627	5.1699	3
268	8.4108	21.8101	5.179	3
268.1	8.3953	21.0467	5.1777	3
268.2	8.3799	20.2674	5.1681	3
268.3	8.364	19.4036	5.1785	3
268.4	8.3482	18.5447	5.1793	3
268.5	8.3329	17.6952	5.1611	3
268.6	8.3175	16.9067	5.1515	3
268.7	8.3018	16.1217	5.1685	3
268.8	8.286	15.1407	5.1658	3
268.9	8.2704	14.3791	5.1676	3
269	8.255	13.5697	5.1729	3
269.1	8.2392	12.7276	5.1802	3
269.2	8.2235	11.9424	5.1859	3
269.3	8.2079	10.9949	5.1816	3
269.4	8.1919	10.2698	5.18	3
269.5	8.1761	9.4116	5.1827	3
269.6	8.1604	8.541	5.1803	3
269.7	8.1449	7.736	5.1719	3
269.8	8.1294	6.842	5.1762	3
269.9	8.1136	6.0519	5.1667	3
270	8.098	5.2199	5.1433	4
270.1	8.0826	4.3818	5.1491	4
270.2	8.0677	3.9994	5.1464	4
270.3	8.0471	-3.1762	5.1431	4
270.4	7.9346	-68.2455	5.1455	4
270.5	7.6375	-166.3826	5.1427	4
270.6	7.2302	-216.0499	5.1358	4
270.7	6.78	-232.7468	5.1296	4
270.8	6.307	-234.0797	5.1341	4
270.9	5.8217	-229.1282	5.1344	4
271	5.3284	-220.5406	5.1292	4
271.1	4.8303	-210.1479	5.1411	4
271.2	4.3312	-202.362	5.1576	4
271.3	3.829	-194.2232	5.1634	4
271.4	3.3235	-184.3011	5.1599	4
271.5	2.8159	-173.893	5.1579	4
271.6	2.3062	-162.8683	5.1654	4
271.7	1.7941	-151.3589	5.1599	4
271.8	1.2801	-139.2731	5.1653	4
271.9	0.7658	-128.3986	5.1628	4
272	0.2508	-117.7272	5.1582	4
272.1	-0.2654	-106.3684	5.1579	4
272.2	-0.7833	-94.23	5.1698	4
272.3	-1.3016	-83.4805	5.1744	4
272.4	-1.819	-75.2854	5.1722	4
272.5	-2.3361	-69.1096	5.1765	4
272.6	-2.8527	-64.4716	5.1664	4
272.7	-3.3697	-59.3835	5.1556	4
272.8	-3.887	-54.4236	5.1478	4
272.9	-4.4033	-51.3319	5.1393	4
273	-4.9201	-48.401	5.1386	4
273.1	-5.4373	-45.4091	5.1518	4
273.2	-5.9549	-42.7167	5.1526	4
273.3	-6.4727	-39.6854	5.1552	4
273.4	-6.9913	-35.0488	5.1703	4
273.5	-7.5095	-30.7328	5.1805	4
273.6	-8.0267	-27.858	5.1703	4
273.7	-8.5411	-26.1501	5.1578	4
273.8	-8.9788	-25.1671	5.1556	4
273.9	-9.2493	-24.3394	5.152	4
274	-9.4403	-23.998	5.1409	4
274.1	-9.6176	-23.7634	5.1405	4
274.2	-9.7887	-23.5102	5.1501	4
274.3	-9.9561	-23.291	5.1482	4
274.4	-10.1214	-22.8558	5.1394	4
274.5	-10.2849	-22.6974	5.1308	4
274.6	-10.4472	-22.3599	5.1214	4
274.7	-10.6088	-21.8171	5.13	4
274.8	-10.7698	-21.7114	5.14	4
274.9	-10.9302	-21.6217	5.1434	4
