Indentation

 + Advanced

+ Advanced
   Acquisition rate :	10.0 [Hz]
   Linear loading
   Max load :	1000.00 	µN
   Loading rate :	500.00 	µN/min
   Unloading rate :	500.00 	µN/min
   Pause :	30.0 s

+ TTX - UNHT Bio S/N: 1000136751 settings
   Fn contact : 25 µN
   Approach distance : 20 µm
   Approach speed : 100 µm/min
   Retract speed : 200 µm/min
   Retract time : 5 sec
   Dz sensor in large range
   Load in fine range
   FnRef in fine range
   FnRef contactload :500.000 µN
   Stiffness threshold : 1 µN/µm

   X Position :8979.37 µm
   Y Position :36704.57 µm
   Z Position :7456.39 µm

Date :6/9/2026
Time :11:48:58 AM

Analysis n # 1

   Method :	Hertz

 + Parameters

  Load Fit [10%,98%]

 + Main results

   EHz=	787.61 	kPa

 + Hypothesis


 + Additional results

   ErHz=	865.51 kPa
   h offset=	5.04 µm
   R2=	1.00

Analysis n # 2

   Method :	Oliver & Pharr

 + Parameters

  Unload Fit [40%,98%]

 + Main results

   HIT=	23.202 	kPa
   EIT=	946.17 	kPa
   E*=	1039.7 	kPa

 + Hypothesis

   !!! Indenter not calibrated !!!
   m out of O&P hypothesis
   Poisson's ratio(nu)=	0.30 

 + Additional results

   HVIT=	0.0023651 	 Vickers
   CIT 0.001/120/30=	2.50 	%
   nIT=	64.37 %
   Fmax=	999.95 	µN
   hmax=	16.90 	µm
   S=	243.5647 	µN/µm
   F/S²=	0.0169 	µm²/µN
   hc=	13.91 	µm
   hr=	12.79 	µm
   hp=	-85.85 	µm
   m=	25.0265 
   Epsilon=	0.73 
   R2=	1.004
   Ap=	43098.67 	µm²
   Welast=	3196.51 pJ
   Wplast=	1769.44 pJ
   Wtotal=	4965.95 pJ
   Er=	1039.7 	kPa

Measured values
Time (s)	Pd (µm)	Fn (µN)	FnRef (µN)	SegmentID

0	0	0	5.1946	0
0.1	0.1809	0.1258	5.1863	0
0.2	0.361	0.2662	5.1769	0
0.3	0.5402	0.5974	5.1721	0
0.4	0.719	0.8817	5.185	1
0.5	0.8971	1.1302	5.2018	1
0.6	1.0744	1.5048	5.1958	1
0.7	1.251	1.864	5.1806	1
0.8	1.4025	2.2332	5.1822	1
0.9	1.4842	2.2594	5.1877	1
1	1.5271	2.3552	5.1864	1
1.1	1.5656	2.4154	5.1709	1
1.2	1.6042	2.5039	5.1703	1
1.3	1.6437	2.5698	5.1811	1
1.4	1.6847	2.6057	5.1825	1
1.5	1.7275	2.8264	5.1668	1
1.6	1.7727	2.9526	5.1561	1
1.7	1.8201	3.1338	5.1556	1
1.8	1.8704	3.2745	5.1486	1
1.9	1.9235	3.4899	5.1508	1
2	1.9793	3.7097	5.1607	1
2.1	2.0379	3.916	5.1642	1
2.2	2.0992	4.1737	5.1716	1
2.3	2.1635	4.4538	5.1802	1
2.4	2.2308	4.7512	5.1836	1
2.5	2.3005	5.1135	5.178	1
2.6	2.373	5.336	5.1697	1
2.7	2.4486	5.7958	5.1735	1
2.8	2.5263	6.2562	5.1824	1
2.9	2.6063	6.6334	5.179	1
3	2.6888	7.1494	5.1754	1
3.1	2.7728	7.744	5.1867	1
3.2	2.8582	8.3644	5.1932	1
3.3	2.9459	8.9196	5.2005	1
3.4	3.0347	9.6574	5.1973	1
3.5	3.1243	10.4867	5.1866	1
3.6	3.2146	11.2666	5.1964	1
3.7	3.3052	12.0713	5.1968	1
3.8	3.3963	13	5.1978	1
3.9	3.4869	14.0278	5.2072	1
4	3.5765	15.0927	5.2032	1
4.1	3.6649	16.1232	5.1923	1
4.2	3.752	17.353	5.1744	1
4.3	3.8377	18.467	5.1654	1
4.4	3.9222	19.6814	5.1786	1
4.5	4.0048	20.8796	5.1802	1
4.6	4.0851	22.1998	5.1692	1
4.7	4.1634	23.3725	5.1793	1
4.8	4.2398	24.6017	5.1873	1
4.9	4.3138	25.8481	5.174	1
5	4.3855	27.1576	5.1624	1
5.1	4.4551	28.2997	5.16	1
5.2	4.5228	29.4789	5.1641	1
5.3	4.5883	30.6814	5.1719	1
5.4	4.6521	31.8827	5.1671	1
5.5	4.7141	32.9723	5.1548	1
5.6	4.7741	34.1314	5.1505	1
5.7	4.8322	35.3458	5.1568	1
5.8	4.8885	36.5136	5.1754	1
5.9	4.9428	37.5744	5.1799	1
6	4.9956	38.6519	5.1841	1
6.1	5.0469	39.775	5.1851	1
6.2	5.0966	40.83	5.1735	1
6.3	5.1452	41.9116	5.1774	1
6.4	5.1922	42.9855	5.1818	1
6.5	5.2379	43.9864	5.184	1
6.6	5.2823	45.0511	5.1808	1
6.7	5.3256	46.0171	5.1776	1
6.8	5.3681	46.9816	5.1784	1
6.9	5.4099	47.9772	5.1805	1
7	5.4507	48.9369	5.1744	1
7.1	5.4903	49.9703	5.1632	1
7.2	5.5289	50.8619	5.1593	1
7.3	5.5665	51.8429	5.1633	1
7.4	5.6039	52.7006	5.166	1
7.5	5.6407	53.6269	5.1659	1
7.6	5.6768	54.513	5.162	1
7.7	5.7128	55.4459	5.168	1
7.8	5.7483	56.3314	5.1737	1
7.9	5.7834	57.1914	5.1777	1
8	5.8178	58.1716	5.1878	1
8.1	5.8512	59.0892	5.1834	1
8.2	5.8847	59.9094	5.1662	1
8.3	5.9181	60.8678	5.1553	1
8.4	5.9511	61.6162	5.157	1
8.5	5.9835	62.662	5.1582	1
8.6	6.0141	63.9421	5.1738	1
8.7	6.043	65.0468	5.1809	1
8.8	6.0711	65.8956	5.1747	1
8.9	6.0988	66.8163	5.1817	1
9	6.1265	67.5106	5.1784	1
9.1	6.1544	68.3114	5.1712	1
9.2	6.1825	69.0672	5.1681	1
9.3	6.2105	69.9452	5.1782	1
9.4	6.2383	70.7798	5.1769	1
9.5	6.2659	71.6479	5.1687	1
9.6	6.293	72.5782	5.1707	1
9.7	6.3198	73.4734	5.1749	1
9.8	6.346	74.3535	5.1766	1
9.9	6.3718	75.3069	5.1727	1
10	6.3978	76.1788	5.1691	1
10.1	6.4234	76.9799	5.1689	1
10.2	6.4487	77.8415	5.1653	1
10.3	6.4738	78.734	5.1649	1
10.4	6.4986	79.5605	5.1737	1
10.5	6.5233	80.3583	5.1754	1
10.6	6.548	81.2599	5.17	1
10.7	6.5725	82.147	5.1646	1
10.8	6.5967	83.0518	5.1685	1
10.9	6.6205	83.878	5.1842	1
11	6.6437	84.7484	5.1972	1
11.1	6.6663	85.6953	5.187	1
11.2	6.6887	86.5825	5.174	1
11.3	6.7114	87.3687	5.1654	1
11.4	6.734	88.3065	5.1615	1
11.5	6.7564	89.1373	5.1598	1
11.6	6.7784	89.9949	5.1607	1
11.7	6.8005	90.8751	5.1636	1
11.8	6.8223	91.7129	5.1648	1
11.9	6.8439	92.564	5.1641	1
12	6.8655	93.3805	5.165	1
12.1	6.887	94.3032	5.1567	1
12.2	6.9084	95.1053	5.1522	1
12.3	6.9297	95.8407	5.1503	1
12.4	6.9507	96.8176	5.1524	1
12.5	6.9716	97.6886	5.1492	1
12.6	6.9923	98.5058	5.1483	1
12.7	7.0131	99.3099	5.1586	1
12.8	7.034	100.1404	5.165	1
12.9	7.0546	100.9938	5.1702	1
13	7.0753	101.7888	5.1652	1
13.1	7.0962	102.6487	5.171	1
13.2	7.1168	103.5171	5.1802	1
13.3	7.1373	104.3201	5.1832	1
13.4	7.1578	105.1385	5.1681	1
13.5	7.1783	106.0852	5.1628	1
13.6	7.1986	106.8188	5.1548	1
13.7	7.2187	107.6922	5.1436	1
13.8	7.2391	108.5392	5.1433	1
13.9	7.2592	109.4068	5.1388	1
14	7.2791	110.271	5.1386	1
14.1	7.2991	110.9943	5.1408	1
14.2	7.3194	111.8429	5.139	1
14.3	7.3398	112.6612	5.1324	1
14.4	7.3598	113.4593	5.1279	1
14.5	7.3803	114.3159	5.1291	1
14.6	7.4006	115.242	5.1298	1
14.7	7.4205	116.1466	5.1271	1
14.8	7.4402	117.016	5.1328	1
14.9	7.4596	117.8677	5.1431	1
15	7.4786	118.821	5.1451	1
15.1	7.4971	119.7105	5.1637	1
15.2	7.5152	120.5674	5.1608	1
15.3	7.5331	121.4136	5.1631	1
15.4	7.5508	122.4516	5.1729	1
15.5	7.5681	123.3147	5.1793	1
15.6	7.5854	123.9783	5.1845	1
15.7	7.6036	124.5217	5.1814	1
15.8	7.6238	124.861	5.166	1
15.9	7.6443	126.1049	5.1505	1
16	7.6617	127.5852	5.153	1
16.1	7.6775	128.536	5.1505	1
16.2	7.6943	128.9873	5.1533	1
16.3	7.7115	130.0129	5.1518	1
16.4	7.7284	130.719	5.1568	1
16.5	7.7455	131.6722	5.148	1
16.6	7.7623	132.4173	5.1411	1
16.7	7.779	133.2941	5.1565	1
16.8	7.796	134.0529	5.1528	1
16.9	7.8127	134.9791	5.1477	1
17	7.8295	135.8098	5.1527	1
17.1	7.8462	136.6286	5.1448	1
17.2	7.8629	137.436	5.144	1
17.3	7.8795	138.3167	5.1422	1
17.4	7.8959	139.1618	5.1494	1
17.5	7.9127	139.8451	5.1546	1
17.6	7.9294	140.797	5.1727	1
17.7	7.9461	141.5483	5.1759	1
17.8	7.9628	142.4728	5.1721	1
17.9	7.9794	143.2433	5.1683	1
18	7.9962	144.0681	5.156	1
18.1	8.0125	144.9969	5.1464	1
18.2	8.0287	145.8252	5.1439	1
18.3	8.045	146.6197	5.1507	1
18.4	8.0614	147.4898	5.1497	1
18.5	8.0775	148.3192	5.1478	1
18.6	8.0937	149.1712	5.1394	1
18.7	8.1097	149.9962	5.1348	1
18.8	8.1257	150.8362	5.1305	1
18.9	8.1418	151.7827	5.1317	1
19	8.1581	152.5016	5.1356	1
19.1	8.1739	153.4346	5.127	1
19.2	8.1895	154.2503	5.1416	1
19.3	8.2055	154.9997	5.1545	1
19.4	8.2213	155.8991	5.1579	1
19.5	8.2371	156.7526	5.1698	1
19.6	8.2525	157.5939	5.1767	1
19.7	8.2679	158.5007	5.1792	1
19.8	8.2832	159.3392	5.185	1
19.9	8.2982	160.2548	5.1826	1
20	8.3132	161.0032	5.1746	1
20.1	8.3282	161.8093	5.1564	1
20.2	8.3434	162.7033	5.161	1
20.3	8.3586	163.5175	5.1597	1
20.4	8.3736	164.3608	5.1655	1
20.5	8.3889	165.1614	5.1675	1
20.6	8.4046	165.9028	5.1586	1
20.7	8.4202	166.692	5.1655	1
20.8	8.4357	167.5486	5.173	1
20.9	8.4514	168.3787	5.158	1
21	8.467	169.1548	5.1444	1
21.1	8.4825	170.1372	5.1532	1
21.2	8.4973	171.127	5.1599	1
21.3	8.5114	172.074	5.1608	1
21.4	8.5254	172.9165	5.1648	1
21.5	8.5394	173.8	5.1593	1
21.6	8.5536	174.4154	5.1583	1
21.7	8.5689	174.8569	5.1565	1
21.8	8.585	175.744	5.1551	1
21.9	8.6009	176.7074	5.1634	1
22	8.616	177.582	5.159	1
22.1	8.6311	178.4961	5.1595	1
22.2	8.6462	179.3018	5.1635	1
22.3	8.6611	180.2682	5.1686	1
22.4	8.6757	181.094	5.1605	1
22.5	8.6904	181.8885	5.1444	1
22.6	8.7054	182.7534	5.1447	1
22.7	8.7195	183.6968	5.1537	1
22.8	8.7334	184.5463	5.1553	1
22.9	8.7474	185.3406	5.1509	1
23	8.7615	186.2595	5.1429	1
23.1	8.7751	187.1071	5.1395	1
23.2	8.7882	188.0024	5.1456	1
23.3	8.8017	188.8273	5.1601	1
23.4	8.8152	189.6432	5.1607	1
23.5	8.8285	190.5141	5.1497	1
23.6	8.8414	191.3017	5.147	1
23.7	8.8547	192.1153	5.1457	1
23.8	8.8681	192.9953	5.1427	1
23.9	8.8811	193.9085	5.1489	1
24	8.8938	194.7516	5.1384	1
24.1	8.9069	195.548	5.1294	1
24.2	8.9199	196.4004	5.1372	1
24.3	8.9324	197.303	5.147	1
24.4	8.9447	198.1184	5.1615	1
24.5	8.9572	198.8866	5.1748	1
24.6	8.9698	199.8042	5.1774	1
24.7	8.9824	200.6331	5.1765	1
24.8	8.9948	201.4277	5.1712	1
24.9	9.0074	202.2485	5.1638	1
25	9.0199	203.0693	5.1642	1
25.1	9.0322	203.9469	5.1666	1
25.2	9.0445	204.7813	5.1572	1
25.3	9.0568	205.57	5.1504	1
25.4	9.069	206.4598	5.1552	1
25.5	9.0813	207.3154	5.1673	1
25.6	9.0937	208.1143	5.1809	1
25.7	9.1062	208.8301	5.1658	1
25.8	9.119	209.6976	5.1652	1
25.9	9.1313	210.6124	5.1491	1
26	9.144	211.4094	5.135	1
26.1	9.1565	212.1947	5.1343	1
26.2	9.169	213.0589	5.1309	1
26.3	9.1815	213.9516	5.1369	1
26.4	9.1937	214.7963	5.1228	1
26.5	9.2059	215.7145	5.1342	1
26.6	9.2178	216.4838	5.1568	1
26.7	9.2295	217.2993	5.1572	1
26.8	9.2414	218.228	5.1549	1
26.9	9.2535	218.993	5.1599	1
27	9.2654	219.8669	5.1503	1
27.1	9.2772	220.6919	5.1307	1
27.2	9.2889	221.5364	5.1222	1
27.3	9.3004	222.454	5.1328	1
27.4	9.3116	223.319	5.134	1
27.5	9.3226	224.1615	5.148	1
27.6	9.3338	225.02	5.1492	1
27.7	9.3449	225.8392	5.1481	1
27.8	9.3558	226.7105	5.1593	1
27.9	9.3667	227.5351	5.1683	1
28	9.3778	228.2484	5.1559	1
28.1	9.3889	229.1641	5.1439	1
28.2	9.4001	230.0092	5.1425	1
28.3	9.4111	230.8283	5.1388	1
28.4	9.422	231.6137	5.1438	1
28.5	9.4329	232.5319	5.1554	1
28.6	9.4437	233.3002	5.1624	1
28.7	9.4548	234.0901	5.1672	1
28.8	9.4663	234.8522	5.1759	1
28.9	9.4778	235.7844	5.1876	1
29	9.4889	236.6027	5.1792	1
29.1	9.5001	237.4738	5.1674	1
29.2	9.5112	238.2232	5.1577	1
29.3	9.5222	239.1549	5.149	1
29.4	9.5331	240.065	5.1638	1
29.5	9.5439	240.7398	5.1802	1
29.6	9.5553	241.5996	5.1734	1
29.7	9.5664	242.446	5.1614	1
29.8	9.5771	243.3782	5.1475	1
29.9	9.5881	244.0732	5.1354	1
30	9.599	244.9947	5.136	1
30.1	9.6098	245.846	5.1438	1
30.2	9.6205	246.6638	5.141	1
30.3	9.6314	247.5367	5.1397	1
30.4	9.6423	248.2766	5.1417	1
30.5	9.6532	249.1569	5.1383	1
30.6	9.6642	249.883	5.1277	1
30.7	9.6755	250.6721	5.133	1
30.8	9.6866	251.5594	5.1436	1
30.9	9.6975	252.5256	5.1345	1
31	9.7083	253.2792	5.1407	1
31.1	9.7195	254.0656	5.1488	1
31.2	9.7309	254.8848	5.1432	1
31.3	9.7421	255.743	5.1366	1
31.4	9.7534	256.5045	5.1411	1
31.5	9.7647	257.3713	5.1416	1
31.6	9.776	258.3106	5.1436	1
31.7	9.7869	259.0162	5.1439	1
31.8	9.798	259.8974	5.1345	1
31.9	9.8095	260.6992	5.1158	1
32	9.8206	261.6371	5.1094	1
32.1	9.8314	262.4746	5.1196	1
32.2	9.8423	263.3246	5.1323	1
32.3	9.8531	264.1479	5.1266	1
32.4	9.864	265.0148	5.1216	1
32.5	9.8748	265.8547	5.1233	1
32.6	9.8856	266.6406	5.126	1
32.7	9.8962	267.5917	5.1164	1
32.8	9.9065	268.42	5.1079	1
32.9	9.9168	269.2304	5.1097	1
33	9.9276	269.9786	5.1142	1
33.1	9.9382	270.8268	5.103	1
33.2	9.949	271.7474	5.1117	1
33.3	9.9594	272.5399	5.1187	1
33.4	9.9702	273.2631	5.1172	1
33.5	9.9811	274.1695	5.1219	1
33.6	9.9916	274.9935	5.1053	1
33.7	10.0021	275.7993	5.1012	1
33.8	10.0127	276.6611	5.1146	1
33.9	10.0231	277.5461	5.1214	1
34	10.0337	278.3943	5.1264	1
34.1	10.044	279.1971	5.1145	1
34.2	10.0546	280.0736	5.1071	1
34.3	10.065	280.899	5.1098	1
34.4	10.0752	281.7311	5.1043	1
34.5	10.0853	282.5481	5.0977	1
34.6	10.0957	283.3456	5.1061	1
34.7	10.1063	284.2133	5.1175	1
34.8	10.1167	285.0507	5.1105	1
34.9	10.127	285.9168	5.1178	1
35	10.1375	286.7139	5.1326	1
35.1	10.1476	287.6233	5.1273	1
35.2	10.1577	288.4593	5.1343	1
35.3	10.1681	289.2991	5.1369	1
35.4	10.1782	290.073	5.1276	1
35.5	10.1885	290.8804	5.1294	1
35.6	10.1987	291.7071	5.1298	1
35.7	10.2089	292.5982	5.136	1
35.8	10.2191	293.3373	5.1286	1
35.9	10.2293	294.345	5.1171	1
36	10.2394	295.0945	5.1293	1
36.1	10.2495	295.9742	5.1315	1
36.2	10.2592	296.8477	5.1285	1
36.3	10.2688	297.7181	5.143	1
36.4	10.2784	298.5307	5.1472	1
36.5	10.2879	299.3796	5.1379	1
36.6	10.2975	300.2399	5.1341	1
36.7	10.3067	301.0625	5.1294	1
36.8	10.3161	301.9301	5.1167	1
36.9	10.3254	302.7395	5.1151	1
37	10.3348	303.5789	5.1346	1
37.1	10.344	304.4098	5.1551	1
37.2	10.3533	305.2803	5.1443	1
37.3	10.3624	306.0948	5.1418	1
37.4	10.3715	306.9487	5.1424	1
37.5	10.3806	307.7502	5.1389	1
37.6	10.3899	308.6054	5.1489	1
37.7	10.3993	309.3948	5.1529	1
37.8	10.4084	310.2851	5.1442	1
37.9	10.4174	311.2106	5.1507	1
38	10.4263	311.9668	5.1598	1
38.1	10.4352	312.8018	5.1632	1
38.2	10.4444	313.5454	5.1657	1
38.3	10.4533	314.4766	5.1523	1
38.4	10.462	315.3823	5.1498	1
38.5	10.4709	316.0976	5.156	1
38.6	10.4803	316.8305	5.1583	1
38.7	10.4901	317.5793	5.1586	1
38.8	10.5003	318.2958	5.155	1
38.9	10.511	318.9873	5.1498	1
39	10.5218	319.8623	5.1517	1
39.1	10.5326	320.7543	5.1366	1
39.2	10.5432	321.615	5.1291	1
39.3	10.5538	322.4151	5.1303	1
39.4	10.5644	323.2438	5.1317	1
39.5	10.5752	324.0149	5.1336	1
39.6	10.586	324.9558	5.133	1
39.7	10.5966	325.8597	5.149	1
39.8	10.6068	326.6615	5.144	1
39.9	10.6172	327.4912	5.1237	1
40	10.6275	328.3306	5.1256	1
40.1	10.6377	329.2633	5.1393	1
40.2	10.6476	330.0894	5.1447	1
40.3	10.6573	330.8927	5.1405	1
40.4	10.6669	331.8062	5.1442	1
40.5	10.6761	332.6851	5.1391	1
40.6	10.6856	333.5863	5.1291	1
40.7	10.6951	334.3911	5.1292	1
40.8	10.7048	335.0662	5.1383	1
40.9	10.7143	336.053	5.1438	1
41	10.7237	336.8702	5.1487	1
41.1	10.733	337.6837	5.1402	1
41.2	10.7425	338.4611	5.1381	1
41.3	10.7523	339.3144	5.1373	1
41.4	10.762	340.1529	5.144	1
41.5	10.7718	340.9286	5.1557	1
41.6	10.7818	341.7388	5.1509	1
41.7	10.7916	342.6985	5.154	1
41.8	10.8011	343.561	5.1623	1
41.9	10.8102	344.3756	5.1691	1
42	10.8196	345.2394	5.1558	1
42.1	10.8287	346.0834	5.1451	1
42.2	10.8376	346.9913	5.1455	1
42.3	10.8466	347.7899	5.1507	1
42.4	10.8554	348.6257	5.1561	1
42.5	10.8642	349.4988	5.1557	1
42.6	10.873	350.3588	5.1438	1
42.7	10.8816	351.095	5.1168	1
42.8	10.8908	351.934	5.1237	1
42.9	10.8997	352.8444	5.1324	1
43	10.9084	353.7091	5.1294	1
43.1	10.917	354.5429	5.1348	1
43.2	10.9258	355.3404	5.1364	1
43.3	10.9343	356.1306	5.1355	1
43.4	10.943	356.9418	5.1464	1
43.5	10.9518	357.8416	5.1496	1
43.6	10.9603	358.6983	5.1372	1
43.7	10.9688	359.5604	5.1376	1
43.8	10.9774	360.3311	5.1448	1
43.9	10.9859	361.179	5.1501	1
44	10.9946	361.9794	5.1622	1
44.1	11.0038	362.7372	5.1567	1
44.2	11.013	363.4997	5.1496	1
44.3	11.0222	364.3556	5.1378	1
44.4	11.0313	365.1342	5.1345	1
44.5	11.0407	365.9311	5.1525	1
44.6	11.0505	366.7869	5.1603	1
44.7	11.0599	367.6276	5.1534	1
44.8	11.0693	368.5085	5.1461	1
44.9	11.0786	369.2872	5.1437	1
45	11.0883	370.14	5.1591	1
45.1	11.0977	371.0706	5.1662	1
45.2	11.1065	371.9661	5.1537	1
45.3	11.1152	372.8553	5.1503	1
45.4	11.1239	373.6574	5.1515	1
45.5	11.1324	374.6116	5.1526	1
45.6	11.1406	375.4185	5.1582	1
45.7	11.1485	376.2803	5.163	1
45.8	11.1567	377.136	5.1563	1
45.9	11.1647	377.9707	5.1409	1
46	11.1729	378.8154	5.1382	1
46.1	11.1809	379.609	5.1396	1
46.2	11.1888	380.4784	5.125	1
46.3	11.1968	381.2474	5.1278	1
46.4	11.2048	382.0708	5.1319	1
46.5	11.2128	382.9883	5.1258	1
46.6	11.2206	383.7721	5.1293	1
46.7	11.2285	384.5927	5.1503	1
46.8	11.2364	385.474	5.1493	1
46.9	11.2443	386.3391	5.1386	1
47	11.252	387.1291	5.1316	1
47.1	11.2599	387.9232	5.1246	1
47.2	11.2677	388.8003	5.1343	1
47.3	11.2753	389.674	5.1368	1
47.4	11.2832	390.448	5.126	1
47.5	11.2912	391.1946	5.1112	1
47.6	11.2993	392.0162	5.1067	1
47.7	11.308	392.7782	5.1232	1
47.8	11.3167	393.6084	5.1186	1
47.9	11.3254	394.3445	5.1223	1
48	11.3341	395.2682	5.1391	1
48.1	11.3429	396.0811	5.1154	1
48.2	11.3517	396.9276	5.1148	1
48.3	11.3606	397.7705	5.1394	1
48.4	11.3696	398.5235	5.1438	1
48.5	11.3786	399.4046	5.1309	1
48.6	11.387	400.3632	5.1294	1
48.7	11.3958	401.1197	5.1331	1
48.8	11.4047	401.8176	5.1372	1
48.9	11.4142	402.7209	5.1362	1
49	11.4225	403.6449	5.1304	1
49.1	11.4308	404.5723	5.1272	1
49.2	11.4389	405.3127	5.1218	1
49.3	11.4474	406.2601	5.118	1
49.4	11.4557	407.0031	5.1233	1
49.5	11.4639	407.908	5.1334	1
49.6	11.4719	408.7136	5.1279	1
49.7	11.4801	409.5617	5.131	1
49.8	11.4876	410.6436	5.1439	1
49.9	11.4954	411.2583	5.1351	1
50	11.5028	412.2008	5.1212	1
50.1	11.5106	412.9565	5.1208	1
50.2	11.5184	413.7544	5.1262	1
50.3	11.5261	414.6487	5.1192	1
50.4	11.5338	415.4459	5.1132	1
50.5	11.5414	416.3049	5.1032	1
50.6	11.549	417.1331	5.1146	1
50.7	11.557	417.9145	5.1274	1
50.8	11.5647	418.6475	5.1241	1
50.9	11.5723	419.7894	5.1157	1
51	11.5797	420.437	5.1241	1
51.1	11.587	421.4047	5.1224	1
51.2	11.5945	422.2532	5.1133	1
51.3	11.6012	423.1209	5.1119	1
51.4	11.6082	423.9616	5.1119	1
51.5	11.6156	424.6314	5.1032	1
51.6	11.6229	425.6238	5.1088	1
51.7	11.6297	426.5535	5.1306	1
51.8	11.6365	427.2308	5.1281	1
51.9	11.644	427.9485	5.1373	1
52	11.6514	428.8654	5.1451	1
52.1	11.6586	429.7194	5.1416	1
52.2	11.6657	430.4358	5.1433	1
52.3	11.6733	431.2581	5.1484	1
52.4	11.6808	432.2233	5.1431	1
52.5	11.6876	433.2244	5.1331	1
52.6	11.6941	434.0013	5.1265	1
52.7	11.7012	434.6861	5.1269	1
52.8	11.7085	435.5915	5.1353	1
52.9	11.7153	436.4688	5.1438	1
53	11.722	437.2472	5.1434	1
53.1	11.7291	438.0929	5.1354	1
53.2	11.7362	438.8878	5.1329	1
53.3	11.7432	439.7504	5.1338	1
53.4	11.75	440.5523	5.1367	1
53.5	11.7571	441.3929	5.131	1
53.6	11.7643	442.2507	5.1223	1
53.7	11.7711	443.076	5.1272	1
53.8	11.778	443.9222	5.1344	1
53.9	11.7849	444.6541	5.1295	1
54	11.7921	445.5571	5.1234	1
54.1	11.7991	446.3502	5.1179	1
54.2	11.8062	447.2639	5.0998	1
54.3	11.8135	448.0447	5.0974	1
54.4	11.8207	448.7895	5.1043	1
54.5	11.8281	449.6243	5.0939	1
54.6	11.8355	450.4356	5.0952	1
54.7	11.8429	451.3462	5.0882	1
54.8	11.8505	452.1295	5.0975	1
54.9	11.8579	452.9628	5.1243	1
55	11.8655	453.7241	5.14	1
55.1	11.873	454.6332	5.1211	1
55.2	11.8807	455.4352	5.1064	1
55.3	11.8885	456.1778	5.1099	1
55.4	11.8963	457.0774	5.1186	1
55.5	11.9041	457.9101	5.1282	1
55.6	11.9118	458.6493	5.1329	1
55.7	11.9199	459.5235	5.1492	1
55.8	11.9282	460.3637	5.1348	1
55.9	11.9362	461.211	5.1169	1
56	11.9443	462.0015	5.1321	1
56.1	11.9526	462.7906	5.1267	1
56.2	11.9611	463.5239	5.1262	1
56.3	11.9695	464.4497	5.1259	1
56.4	11.9778	465.2296	5.1294	1
56.5	11.9864	466.0353	5.129	1
56.6	11.9954	466.8538	5.1221	1
56.7	12.0041	467.7141	5.1297	1
56.8	12.0125	468.587	5.1362	1
56.9	12.0211	469.3483	5.1418	1
57	12.0299	470.183	5.1378	1
57.1	12.0391	471.0025	5.1312	1
57.2	12.0481	471.8029	5.1245	1
57.3	12.057	472.6335	5.1305	1
57.4	12.0661	473.5181	5.1293	1
57.5	12.075	474.3617	5.1264	1
57.6	12.0837	475.2872	5.1381	1
57.7	12.0925	476.0199	5.1392	1
57.8	12.1014	476.9533	5.1532	1
57.9	12.1102	477.6959	5.1583	1
58	12.1185	478.597	5.1514	1
58.1	12.1269	479.4592	5.1427	1
58.2	12.1355	480.2884	5.1485	1
58.3	12.1437	481.2631	5.1491	1
58.4	12.1517	481.9864	5.1467	1
58.5	12.1596	482.8497	5.1393	1
58.6	12.1677	483.7139	5.1378	1
58.7	12.1756	484.5907	5.1252	1
58.8	12.1835	485.5131	5.1114	1
58.9	12.1914	486.2464	5.1152	1
59	12.1993	487.1365	5.1294	1
59.1	12.2072	487.91	5.1439	1
59.2	12.2151	488.625	5.1271	1
59.3	12.2231	489.5542	5.1101	1
59.4	12.2311	490.4999	5.1009	1
59.5	12.239	491.1752	5.115	1
59.6	12.2472	491.9493	5.1316	1
59.7	12.256	492.6884	5.126	1
59.8	12.2646	493.5935	5.1292	1
59.9	12.2732	494.4491	5.124	1
60	12.2822	495.074	5.1361	1
60.1	12.2913	496.0225	5.147	1
60.2	12.3003	496.8828	5.1463	1
60.3	12.3088	497.7632	5.1477	1
60.4	12.3177	498.5649	5.1487	1
60.5	12.3266	499.3414	5.1507	1
60.6	12.3352	500.3231	5.143	1
60.7	12.3434	501.1995	5.14	1
60.8	12.3514	501.9676	5.1487	1
60.9	12.3596	502.8082	5.1457	1
61	12.3679	503.6604	5.1392	1
61.1	12.3761	504.5278	5.1268	1
61.2	12.384	505.3675	5.1302	1
61.3	12.3924	506.2477	5.1439	1
61.4	12.4003	507.0093	5.1415	1
61.5	12.4082	507.9448	5.1459	1
61.6	12.4163	508.6784	5.1555	1
61.7	12.4244	509.4816	5.1535	1
61.8	12.4327	510.4959	5.1486	1
61.9	12.4408	511.1954	5.134	1
62	12.4487	512.1049	5.1251	1
62.1	12.4569	512.7997	5.1435	1
62.2	12.4648	513.7529	5.1586	1
62.3	12.4729	514.5948	5.1565	1
62.4	12.4804	515.4377	5.1559	1
62.5	12.488	516.3274	5.1486	1
62.6	12.4957	517.0989	5.1512	1
62.7	12.5034	517.9246	5.1497	1
62.8	12.5112	518.7981	5.1397	1
62.9	12.519	519.6169	5.1442	1
63	12.5266	520.4226	5.1445	1
63.1	12.5339	521.4625	5.1398	1
63.2	12.5409	522.2517	5.1388	1
63.3	12.5481	523.0872	5.1446	1
63.4	12.5553	523.8342	5.1517	1
63.5	12.5629	524.6022	5.1523	1
63.6	12.5705	525.429	5.1473	1
63.7	12.5781	526.3178	5.1353	1
63.8	12.5857	527.0139	5.1423	1
63.9	12.5936	527.9398	5.1553	1
64	12.6011	528.8852	5.1565	1
64.1	12.6082	529.6742	5.1517	1
64.2	12.6155	530.4875	5.1574	1
64.3	12.623	531.2871	5.1629	1
64.4	12.6306	532.1592	5.1546	1
64.5	12.638	532.9999	5.1484	1
64.6	12.6455	533.7603	5.1606	1
64.7	12.6532	534.651	5.1664	1
64.8	12.6607	535.4632	5.1656	1
64.9	12.6681	536.3594	5.1572	1
65	12.6752	537.1633	5.1561	1
65.1	12.6826	537.9712	5.1536	1
65.2	12.6904	538.8176	5.1486	1
65.3	12.6977	539.6473	5.1498	1
65.4	12.7047	540.6081	5.157	1
65.5	12.712	541.3097	5.1459	1
65.6	12.7192	542.223	5.1426	1
65.7	12.7264	543.0717	5.1457	1
65.8	12.7335	543.8269	5.1487	1
65.9	12.7409	544.6079	5.1584	1
66	12.7482	545.5235	5.1591	1
66.1	12.7552	546.3885	5.1586	1
66.2	12.7626	547.1309	5.1634	1
66.3	12.7699	547.9974	5.1587	1
66.4	12.7769	548.9343	5.1554	1
66.5	12.7836	549.7329	5.1662	1
66.6	12.7905	550.5261	5.1795	1
66.7	12.7975	551.3527	5.1812	1
66.8	12.8045	552.2129	5.1771	1
66.9	12.8114	553.2036	5.1792	1
67	12.8183	553.8815	5.1825	1
67.1	12.825	554.8548	5.1841	1
67.2	12.8315	555.6946	5.1768	1
67.3	12.8379	556.5251	5.174	1
67.4	12.8445	557.2107	5.1814	1
67.5	12.8512	558.1063	5.1835	1
67.6	12.8576	559.0954	5.1699	1
67.7	12.8641	559.8002	5.1809	1
67.8	12.8706	560.6374	5.2051	1
67.9	12.8774	561.4263	5.2122	1
68	12.884	562.3064	5.2206	1
68.1	12.8907	563.1105	5.2117	1
68.2	12.8973	563.8919	5.2037	1
68.3	12.9041	564.7764	5.1955	1
68.4	12.9106	565.5912	5.1976	1
68.5	12.9171	566.5217	5.2127	1
68.6	12.9237	567.2808	5.2173	1
68.7	12.9303	568.0997	5.2188	1
68.8	12.9369	568.9864	5.2005	1
68.9	12.9435	569.747	5.2097	1
69	12.9503	570.6497	5.2156	1
69.1	12.9571	571.3593	5.2102	1
69.2	12.9638	572.264	5.2103	1
69.3	12.971	572.9395	5.2039	1
69.4	12.9782	573.7001	5.1993	1
69.5	12.9856	574.6122	5.1989	1
69.6	12.9929	575.4576	5.1847	1
69.7	13.0004	576.1575	5.1824	1
69.8	13.0084	576.9051	5.182	1
69.9	13.0166	577.7716	5.1829	1
70	13.025	578.6413	5.1894	1
70.1	13.0333	579.3411	5.1908	1
70.2	13.0418	580.2652	5.1896	1
70.3	13.0501	581.0729	5.1825	1
70.4	13.0581	582.0418	5.1805	1
70.5	13.0661	582.8526	5.1755	1
70.6	13.0737	583.7922	5.1691	1
70.7	13.0808	584.7435	5.1736	1
70.8	13.0878	585.5311	5.1738	1
70.9	13.0951	586.3481	5.163	1
71	13.102	587.2526	5.1583	1
71.1	13.1086	588.1148	5.1756	1
71.2	13.1154	588.9665	5.1796	1
71.3	13.1219	589.7263	5.1724	1
71.4	13.1287	590.6028	5.1796	1
71.5	13.1353	591.4699	5.1785	1
71.6	13.142	592.2624	5.168	1
71.7	13.1489	593.0264	5.1639	1
71.8	13.1557	593.8595	5.1622	1
71.9	13.1626	594.798	5.1681	1
72	13.1694	595.5545	5.1812	1
72.1	13.1769	596.1537	5.1704	1
72.2	13.1852	596.8977	5.178	1
72.3	13.1936	597.8051	5.1892	1
72.4	13.2014	598.7082	5.1683	1
72.5	13.2091	599.5058	5.155	1
72.6	13.2173	600.2281	5.1685	1
72.7	13.2258	601.0511	5.1836	1
72.8	13.2341	601.9598	5.1841	1
72.9	13.2425	602.6877	5.168	1
73	13.2509	603.6285	5.1659	1
73.1	13.2592	604.5058	5.1583	1
73.2	13.2669	605.4368	5.1629	1
73.3	13.2748	606.2524	5.1875	1
73.4	13.2825	607.1012	5.198	1
73.5	13.2901	607.9473	5.1939	1
73.6	13.2976	608.7666	5.1855	1
73.7	13.3044	609.7083	5.1874	1
73.8	13.3122	610.3974	5.1832	1
73.9	13.3192	611.351	5.1871	1
74	13.3266	612.1665	5.1896	1
74.1	13.3335	612.9139	5.1867	1
74.2	13.341	613.9049	5.181	1
74.3	13.3485	614.5522	5.1807	1
74.4	13.3556	615.5166	5.1759	1
74.5	13.3631	616.333	5.1787	1
74.6	13.3702	617.1169	5.1791	1
74.7	13.3775	618.0706	5.1677	1
74.8	13.3847	618.8104	5.17	1
74.9	13.3917	619.7656	5.1796	1
75	13.3987	620.4722	5.1799	1
75.1	13.4056	621.317	5.1592	1
75.2	13.413	622.0968	5.1327	1
75.3	13.4201	623.0461	5.137	1
75.4	13.4272	623.9763	5.1433	1
75.5	13.4341	624.6995	5.1443	1
75.6	13.4411	625.5834	5.1424	1
75.7	13.4484	626.3651	5.1542	1
75.8	13.4553	627.177	5.1662	1
75.9	13.4624	627.9803	5.1698	1
76	13.4698	628.7619	5.1774	1
76.1	13.4771	629.6826	5.1671	1
76.2	13.4842	630.6126	5.1629	1
76.3	13.4909	631.3912	5.1777	1
76.4	13.4976	632.2154	5.166	1
76.5	13.5044	633.0019	5.1634	1
76.6	13.5115	633.8306	5.1677	1
76.7	13.5182	634.8121	5.1756	1
76.8	13.5251	635.5634	5.1735	1
76.9	13.5317	636.4859	5.159	1
77	13.5384	637.2994	5.1559	1
77.1	13.5447	638.1364	5.1549	1
77.2	13.5511	639.0588	5.1582	1
77.3	13.5576	639.8541	5.1474	1
77.4	13.5638	640.6619	5.1469	1
77.5	13.5698	641.5633	5.1486	1
77.6	13.5759	642.4366	5.1593	1
77.7	13.5818	643.2376	5.162	1
77.8	13.5878	644.0297	5.1603	1
77.9	13.5939	644.9041	5.1668	1
78	13.6001	645.6949	5.1594	1
78.1	13.606	646.5999	5.1627	1
78.2	13.6119	647.3831	5.1592	1
78.3	13.6177	648.2725	5.1479	1
78.4	13.6235	649.0402	5.1401	1
78.5	13.6291	649.8753	5.1597	1
78.6	13.6351	650.7971	5.1652	1
78.7	13.6414	651.4957	5.1515	1
78.8	13.6476	652.3459	5.1608	1
78.9	13.654	653.2023	5.1771	1
79	13.6602	653.9705	5.169	1
79.1	13.6664	654.8884	5.1652	1
79.2	13.6722	655.7196	5.1585	1
79.3	13.6781	656.6093	5.1513	1
79.4	13.6838	657.4931	5.1506	1
79.5	13.6896	658.2238	5.1434	1
79.6	13.6954	659.0761	5.146	1
79.7	13.7009	659.9007	5.1622	1
79.8	13.7064	660.8098	5.1684	1
79.9	13.7123	661.6023	5.1564	1
80	13.718	662.4053	5.1542	1
80.1	13.7236	663.3038	5.1573	1
80.2	13.7293	664.0677	5.1679	1
80.3	13.7348	664.9732	5.1612	1
80.4	13.7405	665.7221	5.1532	1
80.5	13.746	666.6298	5.1529	1
80.6	13.7518	667.4387	5.1493	1
80.7	13.7574	668.2542	5.1476	1
80.8	13.7632	669.1186	5.1451	1
80.9	13.7689	669.9196	5.1467	1
81	13.7749	670.7395	5.1441	1
81.1	13.7807	671.4097	5.1499	1
81.2	13.7865	672.3795	5.1487	1
81.3	13.7928	673.058	5.1478	1
81.4	13.7995	673.7704	5.1493	1
81.5	13.8065	674.6064	5.1467	1
81.6	13.8137	675.4397	5.1287	1
81.7	13.8208	676.2751	5.1322	1
81.8	13.8279	677.1028	5.1337	1
81.9	13.835	677.9211	5.1339	1
82	13.8424	678.7832	5.1364	1
82.1	13.8496	679.5417	5.139	1
82.2	13.8568	680.4218	5.138	1
82.3	13.8642	681.2792	5.1318	1
82.4	13.8712	682.1176	5.1301	1
82.5	13.8782	682.9947	5.1392	1
82.6	13.8852	683.8251	5.1552	1
82.7	13.8921	684.7051	5.163	1
82.8	13.8991	685.4965	5.1552	1
82.9	13.9062	686.2293	5.1514	1
83	13.9132	687.1467	5.1433	1
83.1	13.9203	688.021	5.1294	1
83.2	13.9271	688.8761	5.1254	1
83.3	13.9339	689.6975	5.1306	1
83.4	13.9405	690.5692	5.1395	1
83.5	13.9474	691.334	5.1375	1
83.6	13.9545	692.1061	5.1437	1
83.7	13.9618	693.0002	5.1512	1
83.8	13.9689	693.797	5.142	1
83.9	13.9756	694.7126	5.1447	1
84	13.9822	695.568	5.1448	1
84.1	13.9889	696.474	5.1527	1
84.2	13.9955	697.2494	5.1672	1
84.3	14.0024	698.0416	5.176	1
84.4	14.0094	698.8679	5.1814	1
84.5	14.0159	699.7052	5.1773	1
84.6	14.0222	700.6509	5.1542	1
84.7	14.0286	701.4201	5.1436	1
84.8	14.0351	702.2415	5.1431	1
84.9	14.0418	703.0839	5.153	1
85	14.0485	703.8834	5.1599	1
85.1	14.0554	704.6715	5.1507	1
85.2	14.0625	705.4304	5.154	1
85.3	14.0699	706.2503	5.1743	1
85.4	14.0774	706.9876	5.1625	1
85.5	14.0851	707.7699	5.1538	1
85.6	14.0931	708.6105	5.1552	1
85.7	14.1011	709.527	5.1498	1
85.8	14.109	710.2314	5.1507	1
85.9	14.1173	711.0715	5.1446	1
86	14.1254	711.8618	5.1385	1
86.1	14.1341	712.628	5.1406	1
86.2	14.1426	713.4888	5.1558	1
86.3	14.1511	714.4246	5.1603	1
86.4	14.1592	715.2776	5.1472	1
86.5	14.1673	716.1208	5.1486	1
86.6	14.1757	716.8882	5.1616	1
86.7	14.1839	717.7809	5.1616	1
86.8	14.1918	718.7061	5.1688	1
86.9	14.1994	719.555	5.1665	1
87	14.2069	720.4178	5.157	1
87.1	14.2142	721.3967	5.1527	1
87.2	14.221	722.2433	5.1436	1
87.3	14.2277	723.0781	5.1361	1
87.4	14.2344	723.9148	5.1444	1
87.5	14.2409	724.8942	5.1427	1
87.6	14.2468	725.7946	5.1398	1
87.7	14.2527	726.5604	5.1471	1
87.8	14.2587	727.4044	5.1408	1
87.9	14.2648	728.2036	5.1458	1
88	14.2709	729.1248	5.1506	1
88.1	14.2771	729.7464	5.1576	1
88.2	14.2837	730.5549	5.1661	1
88.3	14.2903	731.4424	5.163	1
88.4	14.2969	732.2329	5.1502	1
88.5	14.3037	733.0933	5.1492	1
88.6	14.3103	733.9665	5.1585	1
88.7	14.3165	734.7298	5.1487	1
88.8	14.323	735.6065	5.1513	1
88.9	14.3298	736.3706	5.1572	1
89	14.3364	737.2149	5.1601	1
89.1	14.3433	737.9805	5.1485	1
89.2	14.3503	738.8782	5.1418	1
89.3	14.3573	739.6906	5.1409	1
89.4	14.3642	740.4531	5.1452	1
89.5	14.3714	741.3072	5.1395	1
89.6	14.379	741.9784	5.1262	1
89.7	14.3867	742.8643	5.1257	1
89.8	14.3945	743.6418	5.1153	1
89.9	14.4021	744.5561	5.1338	1
90	14.4101	745.3363	5.1517	1
90.1	14.4178	746.1789	5.1521	1
90.2	14.4254	747.1013	5.1472	1
90.3	14.4326	747.919	5.1589	1
90.4	14.4397	748.8145	5.1626	1
90.5	14.4468	749.6743	5.1551	1
90.6	14.4534	750.5814	5.1508	1
90.7	14.46	751.4677	5.1548	1
90.8	14.4667	752.2809	5.1577	1
90.9	14.4735	753.1047	5.1632	1
91	14.4805	753.8999	5.1563	1
91.1	14.4873	754.7391	5.1558	1
91.2	14.4945	755.3855	5.1631	1
91.3	14.5017	756.2471	5.1545	1
91.4	14.5089	757.2437	5.1434	1
91.5	14.5159	757.9447	5.1443	1
91.6	14.5227	758.8617	5.1487	1
91.7	14.5297	759.6742	5.1443	1
91.8	14.5366	760.5003	5.1346	1
91.9	14.5434	761.3519	5.1376	1
92	14.5503	762.1664	5.1485	1
92.1	14.5571	763.062	5.1388	1
92.2	14.5639	763.9389	5.1332	1
92.3	14.5706	764.7317	5.1426	1
92.4	14.5771	765.6493	5.1368	1
92.5	14.5835	766.4657	5.1266	1
92.6	14.5899	767.3533	5.1381	1
92.7	14.5959	768.1735	5.139	1
92.8	14.602	769.0456	5.1413	1
92.9	14.6083	769.8046	5.1415	1
93	14.6151	770.4684	5.1346	1
93.1	14.6222	771.3167	5.145	1
93.2	14.629	772.1646	5.1426	1
93.3	14.636	773.0217	5.1367	1
93.4	14.6431	773.6592	5.1384	1
93.5	14.6506	774.5042	5.1357	1
93.6	14.6583	775.4102	5.1387	1
93.7	14.6658	776.1928	5.1436	1
93.8	14.6738	776.9195	5.1453	1
93.9	14.6819	777.7216	5.1397	1
94	14.69	778.66	5.1368	1
94.1	14.6981	779.4442	5.14	1
94.2	14.706	780.2869	5.1398	1
94.3	14.7137	781.1872	5.1451	1
94.4	14.7209	782.0062	5.1447	1
94.5	14.7279	782.9434	5.1313	1
94.6	14.7353	783.7016	5.1332	1
94.7	14.7429	784.4459	5.1386	1
94.8	14.7507	785.3791	5.1347	1
94.9	14.7583	786.282	5.1253	1
95	14.7656	787.1408	5.1183	1
95.1	14.773	787.9336	5.1268	1
95.2	14.7801	788.8905	5.1254	1
95.3	14.7871	789.7084	5.1215	1
95.4	14.7941	790.466	5.1259	1
95.5	14.8014	791.2095	5.1305	1
95.6	14.809	792.1119	5.1332	1
95.7	14.8165	792.9328	5.1402	1
95.8	14.824	793.7597	5.1402	1
95.9	14.8314	794.5567	5.1335	1
96	14.8389	795.4254	5.1348	1
96.1	14.8464	796.1832	5.1384	1
96.2	14.8538	797.1082	5.1346	1
96.3	14.8611	797.9742	5.1291	1
96.4	14.8681	798.8124	5.1306	1
96.5	14.8754	799.682	5.1431	1
96.6	14.8827	800.4416	5.1453	1
96.7	14.89	801.3344	5.1346	1
96.8	14.8972	802.1798	5.1385	1
96.9	14.9042	802.9859	5.1358	1
97	14.9113	803.8458	5.1256	1
97.1	14.9186	804.5993	5.1205	1
97.2	14.9258	805.5383	5.1314	1
97.3	14.9329	806.399	5.139	1
97.4	14.9392	807.3334	5.1384	1
97.5	14.9453	808.1599	5.1402	1
97.6	14.9514	808.9647	5.1345	1
97.7	14.9574	809.9003	5.1348	1
97.8	14.9629	810.8263	5.1399	1
97.9	14.9683	811.7165	5.1369	1
98	14.9743	812.5172	5.1371	1
98.1	14.9801	813.2875	5.1403	1
98.2	14.9857	814.1769	5.1504	1
98.3	14.991	814.9627	5.1502	1
98.4	14.9967	815.7734	5.1479	1
98.5	15.0028	816.4701	5.1355	1
98.6	15.0089	817.2985	5.1295	1
98.7	15.0149	818.1682	5.1438	1
98.8	15.0208	819.1064	5.1494	1
98.9	15.0269	819.9007	5.1444	1
99	15.0327	820.7211	5.1374	1
99.1	15.0388	821.3802	5.1484	1
99.2	15.0451	822.2856	5.1494	1
99.3	15.0516	823.0507	5.1367	1
99.4	15.0576	824.0057	5.1432	1
99.5	15.0639	824.7966	5.1515	1
99.6	15.0701	825.6993	5.1517	1
99.7	15.0763	826.5469	5.1609	1
99.8	15.082	827.3999	5.1726	1
99.9	15.0877	828.2368	5.1586	1
100	15.093	829.0852	5.1514	1
100.1	15.0983	829.9989	5.1535	1
100.2	15.1038	830.8385	5.148	1
100.3	15.1093	831.6471	5.1491	1
100.4	15.1148	832.4508	5.1539	1
100.5	15.1203	833.2151	5.1547	1
100.6	15.1259	834.0641	5.1552	1
100.7	15.1319	834.8889	5.1358	1
100.8	15.1379	835.5987	5.1358	1
100.9	15.1442	836.3996	5.1332	1
101	15.1508	837.1939	5.1337	1
101.1	15.1574	838.1089	5.1346	1
101.2	15.1641	838.7503	5.1401	1
101.3	15.1709	839.58	5.1547	1
101.4	15.1781	840.513	5.171	1
101.5	15.1848	841.3502	5.1685	1
101.6	15.1914	842.2737	5.1642	1
101.7	15.1981	843.0757	5.1701	1
101.8	15.2048	843.8471	5.1625	1
101.9	15.2115	844.6994	5.1579	1
102	15.2182	845.4301	5.15	1
102.1	15.2251	846.3469	5.1496	1
102.2	15.2321	847.1304	5.1619	1
102.3	15.2391	847.9277	5.177	1
102.4	15.2464	848.7642	5.179	1
102.5	15.2534	849.6274	5.1668	1
102.6	15.2607	850.4256	5.1603	1
102.7	15.2681	851.0698	5.1652	1
102.8	15.2755	852.0327	5.1584	1
102.9	15.283	852.9748	5.166	1
103	15.2902	853.7672	5.1601	1
103.1	15.2975	854.6214	5.1534	1
103.2	15.3042	855.5789	5.1693	1
103.3	15.3106	856.5251	5.1708	1
103.4	15.317	857.1906	5.1761	1
103.5	15.3239	857.9896	5.1816	1
103.6	15.3314	858.7125	5.1773	1
103.7	15.3389	859.5304	5.1836	1
103.8	15.3467	860.3467	5.1723	1
103.9	15.3546	861.0233	5.1564	1
104	15.3626	861.9581	5.1484	1
104.1	15.3707	862.7194	5.1676	1
104.2	15.3786	863.5855	5.1809	1
104.3	15.3865	864.5328	5.1614	1
104.4	15.3943	865.2725	5.1496	1
104.5	15.4022	866.0633	5.1405	1
104.6	15.4104	866.8843	5.1344	1
104.7	15.4187	867.7394	5.134	1
104.8	15.4267	868.7082	5.1447	1
104.9	15.4342	869.6055	5.1373	1
105	15.4413	870.4765	5.128	1
105.1	15.4483	871.3255	5.1253	1
105.2	15.4552	872.2263	5.1281	1
105.3	15.4621	873.0069	5.1419	1
105.4	15.4688	873.8491	5.1316	1
105.5	15.4753	874.7629	5.1117	1
105.6	15.482	875.6096	5.1214	1
105.7	15.4889	876.4311	5.1221	1
105.8	15.4956	877.2628	5.1137	1
105.9	15.5021	878.0117	5.1196	1
106	15.5087	878.8659	5.1249	1
106.1	15.5156	879.779	5.125	1
106.2	15.5221	880.6111	5.1293	1
106.3	15.5283	881.5386	5.1337	1
106.4	15.5344	882.3423	5.1426	1
106.5	15.5408	883.1595	5.1382	1
106.6	15.5472	883.9841	5.1383	1
106.7	15.5534	884.7012	5.1401	1
106.8	15.56	885.5438	5.1475	1
106.9	15.5668	886.393	5.1531	1
107	15.5734	887.176	5.156	1
107.1	15.5799	888.1304	5.153	1
107.2	15.5863	888.9879	5.1485	1
107.3	15.5928	889.7897	5.1506	1
107.4	15.5994	890.6077	5.1522	1
107.5	15.6056	891.4518	5.1618	1
107.6	15.6117	892.3509	5.174	1
107.7	15.6179	893.1768	5.1742	1
107.8	15.624	893.9527	5.1617	1
107.9	15.6301	894.7843	5.1411	1
108	15.6369	895.5425	5.138	1
108.1	15.6438	896.2845	5.1518	1
108.2	15.6512	897.0347	5.1585	1
108.3	15.6585	897.9065	5.1539	1
108.4	15.6657	898.7422	5.1449	1
108.5	15.6729	899.5996	5.1563	1
108.6	15.6801	900.413	5.1585	1
108.7	15.6873	901.2686	5.1507	1
108.8	15.6944	902.1557	5.1445	1
108.9	15.7013	903.0142	5.1484	1
109	15.708	903.8993	5.1495	1
109.1	15.7145	904.7661	5.1382	1
109.2	15.721	905.6252	5.1444	1
109.3	15.7275	906.4045	5.1692	1
109.4	15.734	907.177	5.1753	1
109.5	15.7405	908.1293	5.1816	1
109.6	15.7469	908.9728	5.1698	1
109.7	15.7533	909.7991	5.1556	1
109.8	15.7596	910.5891	5.1512	1
109.9	15.7663	911.3774	5.1466	1
110	15.773	912.2594	5.1394	1
110.1	15.7792	913.1476	5.1364	1
110.2	15.7851	914.0234	5.1266	1
110.3	15.7909	914.8496	5.1365	1
110.4	15.7971	915.6321	5.1551	1
110.5	15.8033	916.4739	5.1492	1
110.6	15.8093	917.3742	5.1599	1
110.7	15.8154	918.1027	5.1745	1
110.8	15.8217	918.9629	5.1582	1
110.9	15.8277	919.9134	5.1359	1
111	15.833	920.7859	5.1354	1
111.1	15.8385	921.6095	5.1363	1
111.2	15.8442	922.4011	5.1307	1
111.3	15.8497	923.339	5.1376	1
111.4	15.8551	924.2109	5.1378	1
111.5	15.8605	924.8912	5.1387	1
111.6	15.8662	925.7321	5.1438	1
111.7	15.8716	926.5813	5.1398	1
111.8	15.8771	927.4274	5.1362	1
111.9	15.8829	928.2774	5.1402	1
112	15.8886	928.9495	5.1368	1
112.1	15.8944	929.8542	5.1457	1
112.2	15.9001	930.76	5.1466	1
112.3	15.9055	931.6154	5.1388	1
112.4	15.9109	932.4743	5.1394	1
112.5	15.9164	933.2716	5.1374	1
112.6	15.922	934.1279	5.1428	1
112.7	15.9274	934.8693	5.1327	1
112.8	15.9328	935.859	5.1287	1
112.9	15.9385	936.5993	5.1565	1
113	15.9444	937.2188	5.1812	1
113.1	15.9505	938.0952	5.1759	1
113.2	15.9566	938.9914	5.1643	1
113.3	15.9627	939.7979	5.1549	1
113.4	15.9687	940.6601	5.1559	1
113.5	15.9749	941.4605	5.164	1
113.6	15.981	942.2487	5.1539	1
113.7	15.9868	943.2417	5.1373	1
113.8	15.9928	944.0187	5.1335	1
113.9	15.9986	944.7499	5.1296	1
114	16.0047	945.7298	5.1271	1
114.1	16.0103	946.5542	5.1255	1
114.2	16.0158	947.402	5.1217	1
114.3	16.0216	948.1903	5.1241	1
114.4	16.0274	949.137	5.1215	1
114.5	16.0332	949.8498	5.1283	1
114.6	16.0389	950.6738	5.1399	1
114.7	16.0448	951.4886	5.1434	1
114.8	16.0506	952.3653	5.1374	1
114.9	16.0564	953.1318	5.1345	1
115	16.062	954.0779	5.1322	1
115.1	16.0676	954.9151	5.1374	1
115.2	16.0731	955.7418	5.1492	1
115.3	16.0784	956.6688	5.1386	1
115.4	16.084	957.3179	5.1297	1
115.5	16.0897	958.1657	5.1292	1
115.6	16.0952	959.1271	5.1264	1
115.7	16.1008	959.8079	5.1245	1
115.8	16.1067	960.6549	5.1281	1
115.9	16.1122	961.5239	5.1329	1
116	16.1182	962.3481	5.1355	1
116.1	16.1236	963.1995	5.1437	1
116.2	16.1297	963.9978	5.1459	1
116.3	16.1356	964.8154	5.136	1
116.4	16.141	965.7166	5.1421	1
116.5	16.1465	966.6537	5.1438	1
116.6	16.1518	967.3526	5.152	1
116.7	16.1575	968.3075	5.1651	1
116.8	16.1627	969.1444	5.1701	1
116.9	16.1678	969.9526	5.1602	1
117	16.1729	970.8621	5.1574	1
117.1	16.1786	971.5168	5.1579	1
117.2	16.1838	972.4885	5.1581	1
117.3	16.1888	973.4206	5.1528	1
117.4	16.1939	974.0045	5.1436	1
117.5	16.1991	974.9397	5.1425	1
117.6	16.2048	975.7574	5.1438	1
117.7	16.2099	976.6144	5.141	1
117.8	16.2149	977.5461	5.1448	1
117.9	16.2199	978.3595	5.1489	1
118	16.2251	978.9706	5.1385	1
118.1	16.2305	980.0281	5.1433	1
118.2	16.2359	980.6793	5.1247	1
118.3	16.2407	981.7665	5.1251	1
118.4	16.246	982.49	5.1315	1
118.5	16.2511	983.1899	5.1192	1
118.6	16.2567	984.182	5.1149	1
118.7	16.2616	984.9755	5.1255	1
118.8	16.2665	985.8268	5.1358	1
118.9	16.2718	986.5685	5.1436	1
119	16.277	987.4499	5.1338	1
119.1	16.2818	988.4359	5.1256	1
119.2	16.2867	989.1929	5.1213	1
119.3	16.2918	990.0008	5.1075	1
119.4	16.2954	991.2523	5.1016	1
119.5	16.2978	992.2471	5.116	1
119.6	16.3005	992.7937	5.1328	1
119.7	16.3054	993.1752	5.1424	1
119.8	16.3121	993.6473	5.139	1
119.9	16.3195	994.3881	5.1298	1
120	16.3268	995.371	5.1353	2
120.1	16.3331	996.5012	5.1322	2
120.2	16.3384	997.6222	5.1258	2
120.3	16.3427	998.4808	5.1278	2
120.4	16.3464	999.0642	5.1243	2
120.5	16.3501	999.2357	5.1174	2
120.6	16.3538	999.2452	5.1065	2
120.7	16.3573	999.1428	5.112	2
120.8	16.3611	999.1741	5.1305	2
120.9	16.3647	999.1399	5.1289	2
121	16.3682	999.2849	5.1184	2
121.1	16.3716	999.1735	5.1231	2
121.2	16.3749	999.2346	5.1209	2
121.3	16.3783	999.1457	5.1307	2
121.4	16.3817	999.1379	5.142	2
121.5	16.3853	999.2183	5.1491	2
121.6	16.3888	999.1692	5.1386	2
121.7	16.3923	999.1854	5.1262	2
121.8	16.3957	999.138	5.1273	2
121.9	16.3994	999.1934	5.1477	2
122	16.4031	999.184	5.1448	2
122.1	16.4066	999.1602	5.1456	2
122.2	16.4101	999.1438	5.1521	2
122.3	16.4138	999.0892	5.1468	2
122.4	16.4173	999.161	5.1265	2
122.5	16.4212	999.0888	5.1421	2
122.6	16.4247	999.1786	5.1548	2
122.7	16.4281	999.1484	5.1408	2
122.8	16.4315	999.0858	5.1402	2
122.9	16.4351	999.2019	5.1409	2
123	16.4386	999.1598	5.1357	2
123.1	16.442	999.1983	5.1296	2
123.2	16.4455	999.1231	5.1323	2
123.3	16.4488	999.1955	5.1398	2
123.4	16.4521	999.2087	5.128	2
123.5	16.4553	999.1432	5.1181	2
123.6	16.459	999.1627	5.1238	2
123.7	16.4623	999.113	5.127	2
123.8	16.4654	999.2193	5.1229	2
123.9	16.4686	999.122	5.1069	2
124	16.4722	999.0518	5.1065	2
124.1	16.476	999.1312	5.1072	2
124.2	16.4794	999.2297	5.0938	2
124.3	16.4827	999.1855	5.089	2
124.4	16.4863	999.1248	5.1126	2
124.5	16.4897	999.0759	5.1199	2
124.6	16.4932	999.1253	5.1124	2
124.7	16.4971	999.036	5.1127	2
124.8	16.5013	998.9449	5.1155	2
124.9	16.5055	998.8839	5.1197	2
125	16.5099	998.9946	5.1218	2
125.1	16.5142	998.9353	5.1252	2
125.2	16.5189	998.8085	5.1352	2
125.3	16.524	998.8712	5.1435	2
125.4	16.5282	998.9702	5.1522	2
125.5	16.5316	999.2361	5.1541	2
125.6	16.5341	999.4597	5.1446	2
125.7	16.5354	999.7303	5.1486	2
125.8	16.5366	999.5429	5.1484	2
125.9	16.5391	999.1466	5.1428	2
126	16.5425	999.1565	5.1471	2
126.1	16.5457	999.1233	5.1374	2
126.2	16.5488	999.1952	5.1251	2
126.3	16.5519	999.2579	5.1346	2
126.4	16.5545	999.3397	5.1335	2
126.5	16.5569	999.3383	5.1231	2
126.6	16.5595	999.2553	5.1331	2
126.7	16.5622	999.2707	5.1378	2
126.8	16.5647	999.3303	5.1364	2
126.9	16.5669	999.3874	5.1391	2
127	16.5691	999.3764	5.1378	2
127.1	16.5714	999.32	5.1251	2
127.2	16.5739	999.3188	5.1189	2
127.3	16.5763	999.338	5.1244	2
127.4	16.5785	999.344	5.1202	2
127.5	16.581	999.2556	5.1112	2
127.6	16.5833	999.348	5.1207	2
127.7	16.5851	999.6609	5.1326	2
127.8	16.5836	1000.5367	5.1283	2
127.9	16.5805	1000.2998	5.1301	2
128	16.5822	998.7064	5.1363	2
128.1	16.5896	997.8669	5.1522	2
128.2	16.5978	998.3165	5.1563	2
128.3	16.6019	999.2953	5.159	2
128.4	16.6032	999.6317	5.1456	2
128.5	16.6042	999.5837	5.1293	2
128.6	16.6056	999.5899	5.138	2
128.7	16.607	999.5559	5.1483	2
128.8	16.6082	999.5871	5.1378	2
128.9	16.6094	999.4874	5.1326	2
129	16.611	999.3454	5.134	2
129.1	16.6128	999.4885	5.1361	2
129.2	16.6144	999.4359	5.129	2
129.3	16.6161	999.4209	5.1215	2
129.4	16.6182	999.3217	5.1252	2
129.5	16.62	999.3595	5.1249	2
129.6	16.6218	999.4579	5.1232	2
129.7	16.6234	999.3495	5.1333	2
129.8	16.6253	999.4321	5.1385	2
129.9	16.6275	999.391	5.1399	2
130	16.6288	999.5218	5.1299	2
130.1	16.6304	999.4344	5.134	2
130.2	16.6321	999.3302	5.1417	2
130.3	16.6338	999.4688	5.1419	2
130.4	16.6353	999.4227	5.1348	2
130.5	16.637	999.4059	5.119	2
130.6	16.6392	999.4021	5.1102	2
130.7	16.6409	999.452	5.1064	2
130.8	16.6423	999.5216	5.1222	2
130.9	16.6437	999.4752	5.1204	2
131	16.6449	999.4536	5.106	2
131.1	16.6463	999.5811	5.1114	2
131.2	16.6473	999.5531	5.129	2
131.3	16.6484	999.5323	5.1311	2
131.4	16.6494	999.5911	5.1215	2
131.5	16.6503	999.5743	5.1173	2
131.6	16.651	999.6435	5.1181	2
131.7	16.6517	999.5722	5.114	2
131.8	16.6524	999.6486	5.1268	2
131.9	16.6526	999.7017	5.1316	2
132	16.6531	999.7052	5.1258	2
132.1	16.6537	999.6833	5.1315	2
132.2	16.6539	999.7576	5.1411	2
132.3	16.6541	999.6851	5.1344	2
132.4	16.6542	999.7621	5.1243	2
132.5	16.6542	999.691	5.1235	2
132.6	16.6542	999.7874	5.1314	2
132.7	16.6542	999.8338	5.1276	2
132.8	16.6539	999.7593	5.1237	2
132.9	16.6543	999.7179	5.1169	2
133	16.6544	999.7222	5.1187	2
133.1	16.6545	999.7358	5.1251	2
133.2	16.6547	999.6628	5.1199	2
133.3	16.6548	999.7287	5.1269	2
133.4	16.655	999.7399	5.1289	2
133.5	16.655	999.6544	5.1181	2
133.6	16.6553	999.723	5.1265	2
133.7	16.6556	999.6578	5.1425	2
133.8	16.6559	999.6658	5.14	2
133.9	16.6562	999.6594	5.1311	2
134	16.6565	999.6239	5.1278	2
134.1	16.6572	999.6205	5.1195	2
134.2	16.6576	999.6005	5.1312	2
134.3	16.6582	999.5601	5.1436	2
134.4	16.6587	999.6141	5.1341	2
134.5	16.6594	999.612	5.1244	2
134.6	16.6599	999.4868	5.1348	2
134.7	16.6607	999.6847	5.1425	2
134.8	16.661	999.6273	5.135	2
134.9	16.6612	999.7049	5.1283	2
135	16.6617	999.6432	5.1281	2
135.1	16.6617	999.6428	5.1369	2
135.2	16.662	999.6898	5.1452	2
135.3	16.6627	999.5406	5.1387	2
135.4	16.6632	999.638	5.1437	2
135.5	16.6637	999.609	5.1336	2
135.6	16.6642	999.6195	5.1343	2
135.7	16.6645	999.608	5.1445	2
135.8	16.6649	999.6836	5.1538	2
135.9	16.6652	999.6379	5.1503	2
136	16.6652	999.7205	5.1469	2
136.1	16.6654	999.6354	5.1234	2
136.2	16.6656	999.5784	5.1285	2
136.3	16.6663	999.6709	5.135	2
136.4	16.6666	999.55	5.14	2
136.5	16.6671	999.6711	5.1342	2
136.6	16.6676	999.5267	5.1252	2
136.7	16.6681	999.5421	5.127	2
136.8	16.6688	999.6031	5.1325	2
136.9	16.6695	999.4784	5.1347	2
137	16.6703	999.5315	5.1436	2
137.1	16.6712	999.6339	5.1354	2
137.2	16.6717	999.4645	5.1266	2
137.3	16.6728	999.4436	5.1286	2
137.4	16.6742	999.4075	5.1373	2
137.5	16.6751	999.4219	5.1412	2
137.6	16.6764	999.5494	5.1405	2
137.7	16.6775	999.3636	5.1526	2
137.8	16.6786	999.5033	5.1571	2
137.9	16.6797	999.5585	5.1526	2
138	16.6801	999.5399	5.1372	2
138.1	16.6814	999.3957	5.145	2
138.2	16.6832	999.1138	5.1492	2
138.3	16.6865	998.7941	5.1477	2
138.4	16.6912	998.6971	5.1404	2
138.5	16.694	999.4995	5.1461	2
138.6	16.6924	1000.5099	5.1579	2
138.7	16.6879	1000.7052	5.1618	2
138.8	16.6838	1000.4382	5.1638	2
138.9	16.6812	1000.165	5.1504	2
139	16.68	999.9541	5.1507	2
139.1	16.6794	999.6911	5.1611	2
139.2	16.6797	999.6247	5.1502	2
139.3	16.6803	999.3593	5.1436	2
139.4	16.6817	999.3949	5.1443	2
139.5	16.6833	999.2486	5.145	2
139.6	16.6847	999.3824	5.1483	2
139.7	16.6863	999.3278	5.154	2
139.8	16.6877	999.3752	5.1473	2
139.9	16.6888	999.4403	5.1467	2
140	16.6898	999.4785	5.1501	2
140.1	16.6907	999.5229	5.1522	2
140.2	16.6913	999.5028	5.1515	2
140.3	16.6924	999.421	5.1594	2
140.4	16.6933	999.491	5.1558	2
140.5	16.6944	999.5336	5.1379	2
140.6	16.6953	999.3961	5.1381	2
140.7	16.6963	999.4995	5.1402	2
140.8	16.6974	999.4286	5.1379	2
140.9	16.6983	999.4637	5.1426	2
141	16.6996	999.4536	5.1367	2
141.1	16.7008	999.3988	5.1275	2
141.2	16.7015	999.5021	5.1332	2
141.3	16.7022	999.5325	5.1412	2
141.4	16.7029	999.5286	5.1405	2
141.5	16.7035	999.4941	5.1419	2
141.6	16.7043	999.5494	5.1405	2
141.7	16.705	999.5885	5.1491	2
141.8	16.7051	999.7211	5.1599	2
141.9	16.7048	999.741	5.147	2
142	16.7047	999.6438	5.1431	2
142.1	16.7047	999.7296	5.1559	2
142.2	16.7046	999.6993	5.1558	2
142.3	16.7045	999.6702	5.1496	2
142.4	16.7048	999.5659	5.1451	2
142.5	16.7051	999.5776	5.1255	2
142.6	16.7057	999.5741	5.1342	2
142.7	16.7064	999.4613	5.1492	2
142.8	16.7073	999.4921	5.1458	2
142.9	16.7083	999.4651	5.1415	2
143	16.7089	999.5515	5.1405	2
143.1	16.7096	999.4904	5.1409	2
143.2	16.7103	999.4641	5.1337	2
143.3	16.711	999.4647	5.1256	2
143.4	16.7118	999.5214	5.1298	2
143.5	16.7128	999.4826	5.1366	2
143.6	16.7136	999.4993	5.1353	2
143.7	16.714	999.7004	5.1448	2
143.8	16.7136	999.8437	5.1456	2
143.9	16.7125	999.9831	5.1373	2
144	16.711	999.994	5.1438	2
144.1	16.7095	999.9782	5.1446	2
144.2	16.7089	999.6115	5.1508	2
144.3	16.7094	999.4713	5.167	2
144.4	16.711	999.3921	5.1645	2
144.5	16.7121	999.3694	5.1488	2
144.6	16.713	999.5556	5.1332	2
144.7	16.7137	999.4869	5.135	2
144.8	16.7142	999.4828	5.1486	2
144.9	16.7146	999.6122	5.1613	2
145	16.7145	999.6282	5.1638	2
145.1	16.7146	999.6949	5.1614	2
145.2	16.7145	999.6379	5.1487	2
145.3	16.7146	999.6383	5.1403	2
145.4	16.7147	999.7137	5.143	2
145.5	16.7144	999.6819	5.1344	2
145.6	16.7143	999.6417	5.1321	2
145.7	16.7141	999.6699	5.1302	2
145.8	16.7136	999.7985	5.1226	2
145.9	16.7132	999.7799	5.1223	2
146	16.713	999.6323	5.1216	2
146.1	16.7132	999.5808	5.1176	2
146.2	16.7136	999.5357	5.1222	2
146.3	16.7143	999.472	5.1388	2
146.4	16.7154	999.4216	5.146	2
146.5	16.7162	999.4665	5.1485	2
146.6	16.7167	999.5747	5.1366	2
146.7	16.7174	999.5417	5.1424	2
146.8	16.7182	999.4759	5.152	2
146.9	16.719	999.4309	5.1485	2
147	16.7197	999.5215	5.1395	2
147.1	16.7203	999.5499	5.1406	2
147.2	16.7212	999.4501	5.1341	2
147.3	16.7227	999.2352	5.1309	2
147.4	16.7243	999.2133	5.1456	2
147.5	16.7261	999.3183	5.1548	2
147.6	16.728	999.253	5.1445	2
147.7	16.7296	999.3337	5.1442	2
147.8	16.7308	999.4133	5.1476	2
147.9	16.7317	999.4459	5.1405	2
148	16.7325	999.4837	5.1408	2
148.1	16.7334	999.4847	5.1389	2
148.2	16.734	999.482	5.1485	2
148.3	16.7345	999.5608	5.1515	2
148.4	16.7349	999.5742	5.1456	2
148.5	16.7354	999.5733	5.1549	2
148.6	16.7356	999.5966	5.1419	2
148.7	16.736	999.512	5.1297	2
148.8	16.7361	999.6195	5.1246	2
148.9	16.7361	999.7634	5.1206	2
149	16.7358	999.6685	5.1248	2
149.1	16.7357	999.7287	5.1137	2
149.2	16.7356	999.6587	5.1001	2
149.3	16.7353	999.6617	5.1034	2
149.4	16.7348	999.7794	5.1122	2
149.5	16.7344	999.7127	5.1206	2
149.6	16.7347	999.5654	5.1323	2
149.7	16.7359	999.2248	5.1284	2
149.8	16.7391	998.679	5.1237	2
149.9	16.7429	999.004	5.1166	2
150	16.7435	999.8218	5.112	3
150.1	16.7421	999.9542	5.1127	3
150.2	16.7415	999.7209	5.1227	3
150.3	16.7416	999.5543	5.1283	3
150.4	16.742	999.3375	5.1269	3
150.5	16.7419	998.6574	5.1139	3
150.6	16.7415	997.8142	5.1123	3
150.7	16.741	997.0272	5.1192	3
150.8	16.7407	996.119	5.1229	3
150.9	16.7405	995.2523	5.1199	3
151	16.7404	994.5324	5.1235	3
151.1	16.74	993.6587	5.1226	3
151.2	16.7396	992.9385	5.112	3
151.3	16.7385	992.2241	5.1114	3
151.4	16.7372	991.3706	5.116	3
151.5	16.7356	990.6443	5.1178	3
151.6	16.7341	989.8084	5.1292	3
151.7	16.7321	989.037	5.1313	3
151.8	16.7303	988.2059	5.1269	3
151.9	16.7281	987.305	5.135	3
152	16.7261	986.5711	5.1179	3
152.1	16.7241	985.6481	5.1135	3
152.2	16.7222	984.7888	5.1341	3
152.3	16.7209	983.8394	5.1426	3
152.4	16.7196	982.9802	5.1395	3
152.5	16.7184	982.1943	5.1297	3
152.6	16.7173	981.2909	5.1312	3
152.7	16.7164	980.4941	5.1209	3
152.8	16.7154	979.6324	5.1239	3
152.9	16.7145	978.7886	5.1247	3
153	16.7137	977.8977	5.1105	3
153.1	16.7129	977.0902	5.1006	3
153.2	16.7121	976.3473	5.103	3
153.3	16.7107	975.5869	5.1009	3
153.4	16.7094	974.7475	5.1029	3
153.5	16.7078	973.8736	5.1063	3
153.6	16.7062	973.1652	5.1058	3
153.7	16.7044	972.2395	5.1126	3
153.8	16.7029	971.4118	5.1224	3
153.9	16.7013	970.5568	5.1163	3
154	16.6996	969.7973	5.1178	3
154.1	16.698	968.9661	5.1129	3
154.2	16.6964	968.0201	5.1072	3
154.3	16.695	967.1454	5.1112	3
154.4	16.6935	966.4047	5.1058	3
154.5	16.6921	965.6323	5.1049	3
154.6	16.6907	964.7284	5.1176	3
154.7	16.6891	963.9669	5.1203	3
154.8	16.6869	963.2524	5.1184	3
154.9	16.6845	962.4593	5.1224	3
155	16.6823	961.5196	5.133	3
155.1	16.6802	960.6811	5.1198	3
155.2	16.6782	959.8598	5.1135	3
155.3	16.6763	958.9643	5.1215	3
155.4	16.6744	958.1692	5.1183	3
155.5	16.6724	957.3686	5.1288	3
155.6	16.6699	956.5759	5.1267	3
155.7	16.6677	955.6802	5.133	3
155.8	16.6657	954.8455	5.1263	3
155.9	16.6638	954.0301	5.1104	3
156	16.6619	953.1705	5.1059	3
156.1	16.6599	952.3419	5.1132	3
156.2	16.6579	951.5478	5.1269	3
156.3	16.6557	950.6498	5.1192	3
156.4	16.6537	949.8599	5.1162	3
156.5	16.6516	949.0552	5.1209	3
156.6	16.6492	948.2311	5.123	3
156.7	16.6469	947.4261	5.1243	3
156.8	16.6446	946.5596	5.1193	3
156.9	16.6424	945.7081	5.1022	3
157	16.6401	944.8909	5.0972	3
157.1	16.6379	944.0532	5.1223	3
157.2	16.6353	943.2505	5.1306	3
157.3	16.6329	942.499	5.126	3
157.4	16.6301	941.6509	5.1311	3
157.5	16.6275	940.7329	5.1317	3
157.6	16.625	939.9583	5.1159	3
157.7	16.6226	939.1432	5.1212	3
157.8	16.62	938.2161	5.1333	3
157.9	16.6179	937.3166	5.1335	3
158	16.6162	936.4078	5.1265	3
158.1	16.6147	935.5315	5.1113	3
158.2	16.6132	934.6715	5.1015	3
158.3	16.612	933.8487	5.1131	3
158.4	16.6103	933.1431	5.1285	3
158.5	16.6083	932.3813	5.1268	3
158.6	16.6063	931.4257	5.118	3
158.7	16.6046	930.5945	5.1211	3
158.8	16.6031	929.8181	5.1318	3
158.9	16.6012	928.9932	5.1339	3
159	16.5989	928.1884	5.1159	3
159.1	16.5969	927.31	5.1084	3
159.2	16.5948	926.4913	5.1085	3
159.3	16.5935	925.5441	5.1185	3
159.4	16.5917	924.6875	5.1227	3
159.5	16.5899	924.0219	5.113	3
159.6	16.5878	923.1396	5.118	3
159.7	16.5857	922.4131	5.129	3
159.8	16.5835	921.5406	5.128	3
159.9	16.5813	920.6765	5.1293	3
160	16.5788	920.1456	5.1318	3
160.1	16.5725	920.3847	5.1311	3
160.2	16.5637	919.3705	5.1218	3
160.3	16.561	916.6052	5.1133	3
160.4	16.5651	914.8284	5.1212	3
160.5	16.5691	914.7276	5.1181	3
160.6	16.5685	914.7821	5.1164	3
160.7	16.5659	914.2309	5.1114	3
160.8	16.5629	913.4007	5.1245	3
160.9	16.5594	912.7042	5.1367	3
161	16.5556	911.9195	5.1233	3
161.1	16.5513	911.1877	5.1205	3
161.2	16.5472	910.287	5.1238	3
161.3	16.5431	909.5716	5.1283	3
161.4	16.5386	908.6866	5.1259	3
161.5	16.5344	907.668	5.1232	3
161.6	16.531	906.7507	5.1154	3
161.7	16.5273	906.1436	5.0978	3
161.8	16.5235	905.2189	5.1013	3
161.9	16.5196	904.3445	5.0967	3
162	16.5155	903.575	5.1016	3
162.1	16.5114	902.742	5.1093	3
162.2	16.5075	901.8481	5.1071	3
162.3	16.5041	900.9271	5.1198	3
162.4	16.5008	900.0837	5.1148	3
162.5	16.4973	899.2767	5.118	3
162.6	16.4941	898.457	5.1271	3
162.7	16.4908	897.579	5.1171	3
162.8	16.4874	896.8315	5.0934	3
162.9	16.484	895.9185	5.0901	3
163	16.4805	895.1089	5.0985	3
163.1	16.4773	894.266	5.1002	3
163.2	16.4738	893.4409	5.0954	3
163.3	16.4702	892.7489	5.0925	3
163.4	16.4668	891.7035	5.0906	3
163.5	16.4634	890.9732	5.0932	3
163.6	16.4601	890.1214	5.1064	3
163.7	16.456	889.4135	5.1087	3
163.8	16.4518	888.6351	5.1103	3
163.9	16.448	887.6154	5.1084	3
164	16.4444	886.8943	5.1116	3
164.1	16.4409	885.925	5.1119	3
164.2	16.4372	885.1641	5.1086	3
164.3	16.4337	884.3463	5.1127	3
164.4	16.4302	883.4436	5.1091	3
164.5	16.4266	882.7295	5.1109	3
164.6	16.4229	881.7896	5.1237	3
164.7	16.4193	880.9994	5.1159	3
164.8	16.4159	880.0769	5.1075	3
164.9	16.4124	879.3087	5.1008	3
165	16.4086	878.5178	5.0984	3
165.1	16.4049	877.6498	5.0843	3
165.2	16.4012	876.8486	5.0818	3
165.3	16.3977	875.9629	5.0844	3
165.4	16.3943	875.1343	5.0819	3
165.5	16.3906	874.3037	5.0667	3
165.6	16.3868	873.5418	5.0631	3
165.7	16.3835	872.6386	5.0793	3
165.8	16.3798	871.8613	5.0982	3
165.9	16.376	871.0306	5.0998	3
166	16.3722	870.0771	5.0869	3
166.1	16.3685	869.4572	5.0852	3
166.2	16.3646	868.6006	5.067	3
166.3	16.3606	867.702	5.0648	3
166.4	16.3564	866.9311	5.0771	3
166.5	16.352	866.1551	5.0796	3
166.6	16.3473	865.4264	5.0752	3
166.7	16.3425	864.4608	5.0688	3
166.8	16.3381	863.688	5.0723	3
166.9	16.3336	862.8623	5.0804	3
167	16.3293	862.0471	5.0819	3
167.1	16.3247	861.1243	5.0818	3
167.2	16.3201	860.3233	5.0923	3
167.3	16.3154	859.5978	5.0894	3
167.4	16.311	858.6058	5.0832	3
167.5	16.3069	857.6938	5.0914	3
167.6	16.3032	856.8528	5.0975	3
167.7	16.2997	855.9091	5.0995	3
167.8	16.2966	855.0821	5.0986	3
167.9	16.2934	854.328	5.0978	3
168	16.2894	853.5722	5.0996	3
168.1	16.2852	852.7789	5.0994	3
168.2	16.2814	851.7702	5.0997	3
168.3	16.2778	850.9804	5.0934	3
168.4	16.2743	850.0688	5.0829	3
168.5	16.2716	848.9029	5.0886	3
168.6	16.2707	847.7976	5.0946	3
168.7	16.2693	847.4557	5.0968	3
168.8	16.2638	847.7063	5.0899	3
168.9	16.2548	847.4164	5.0904	3
169	16.2443	846.4326	5.0921	3
169.1	16.2375	844.623	5.0977	3
169.2	16.2334	843.4477	5.1002	3
169.3	16.2306	842.4093	5.0948	3
169.4	16.2278	841.5009	5.0848	3
169.5	16.2254	840.8167	5.0764	3
169.6	16.2226	839.8819	5.0803	3
169.7	16.2197	839.2399	5.095	3
169.8	16.2164	838.4283	5.0878	3
169.9	16.2125	837.7408	5.0833	3
170	16.2086	836.8939	5.0797	3
170.1	16.2045	836.0139	5.0749	3
170.2	16.2006	835.2266	5.081	3
170.3	16.1969	834.2905	5.0912	3
170.4	16.1935	833.4066	5.0922	3
170.5	16.19	832.6807	5.0825	3
170.6	16.1865	831.7357	5.0764	3
170.7	16.1828	831.0322	5.0758	3
170.8	16.1792	830.1784	5.0904	3
170.9	16.1757	829.1593	5.1125	3
171	16.1723	828.4426	5.1076	3
171.1	16.1689	827.6911	5.1026	3
171.2	16.1649	826.8392	5.1092	3
171.3	16.1613	825.9649	5.11	3
171.4	16.1579	825.0831	5.1038	3
171.5	16.1542	824.386	5.1065	3
171.6	16.1504	823.5006	5.1091	3
171.7	16.1467	822.6658	5.1171	3
171.8	16.1431	821.7957	5.1191	3
171.9	16.1393	821.0613	5.1189	3
172	16.1352	820.3178	5.1185	3
172.1	16.1309	819.4562	5.1112	3
172.2	16.1267	818.6504	5.0995	3
172.3	16.1224	817.8066	5.0871	3
172.4	16.1178	817.0232	5.0955	3
172.5	16.1131	816.2466	5.1141	3
172.6	16.1086	815.312	5.1002	3
172.7	16.1043	814.4762	5.1057	3
172.8	16.0999	813.7031	5.1254	3
172.9	16.0951	812.9393	5.1375	3
173	16.0906	811.9274	5.1275	3
173.1	16.0866	811.0925	5.1161	3
173.2	16.0825	810.228	5.118	3
173.3	16.0782	809.4375	5.1142	3
173.4	16.0744	808.5109	5.1119	3
173.5	16.0708	807.6825	5.1273	3
173.6	16.0671	806.8329	5.1291	3
173.7	16.0631	805.9668	5.116	3
173.8	16.059	805.3123	5.1202	3
173.9	16.0549	804.3849	5.1334	3
174	16.0508	803.5856	5.1337	3
174.1	16.0467	802.7215	5.1272	3
174.2	16.0427	801.8542	5.1214	3
174.3	16.0387	801.0452	5.1216	3
174.4	16.0347	800.2412	5.1216	3
174.5	16.0306	799.4269	5.1242	3
174.6	16.0268	798.5532	5.1363	3
174.7	16.0228	797.6671	5.1298	3
174.8	16.0189	796.9184	5.1244	3
174.9	16.0151	796.0072	5.1246	3
175	16.0112	795.2352	5.1325	3
175.1	16.007	794.4207	5.1332	3
175.2	16.0029	793.6856	5.1224	3
175.3	15.9984	792.824	5.113	3
175.4	15.9938	791.9493	5.1223	3
175.5	15.9895	791.1566	5.1369	3
175.6	15.9849	790.3034	5.1473	3
175.7	15.9802	789.5494	5.1441	3
175.8	15.9755	788.6976	5.1367	3
175.9	15.9704	788.0313	5.1395	3
176	15.9653	787.1523	5.1366	3
176.1	15.9601	786.2792	5.138	3
176.2	15.9549	785.5485	5.1372	3
176.3	15.9496	784.6875	5.1351	3
176.4	15.9442	783.97	5.1379	3
176.5	15.9385	783.023	5.143	3
176.6	15.933	782.2221	5.1424	3
176.7	15.9273	781.4059	5.144	3
176.8	15.9219	780.4708	5.1385	3
176.9	15.9165	779.69	5.1289	3
177	15.911	778.9273	5.1281	3
177.1	15.9054	777.9714	5.1223	3
177.2	15.9001	777.2828	5.1297	3
177.3	15.8949	776.2597	5.1385	3
177.4	15.8893	775.6406	5.1494	3
177.5	15.8838	774.7422	5.1426	3
177.6	15.878	773.9061	5.1333	3
177.7	15.8726	773.0569	5.1361	3
177.8	15.8672	772.2072	5.1284	3
177.9	15.8614	771.4488	5.1192	3
178	15.8558	770.5856	5.138	3
178.1	15.8502	769.7185	5.1518	3
178.2	15.8445	768.9209	5.1248	3
178.3	15.8387	768.1122	5.1185	3
178.4	15.833	767.2391	5.1148	3
178.5	15.8272	766.3497	5.1171	3
178.6	15.8218	765.6778	5.1193	3
178.7	15.8161	764.7052	5.1114	3
178.8	15.8103	763.9562	5.1043	3
178.9	15.8046	763.0112	5.1042	3
179	15.7991	762.2031	5.116	3
179.1	15.7934	761.3807	5.1161	3
179.2	15.7879	760.6486	5.1153	3
179.3	15.7824	759.6902	5.1024	3
179.4	15.7768	758.9324	5.1093	3
179.5	15.7715	757.9627	5.1145	3
179.6	15.7658	757.2368	5.1177	3
179.7	15.7604	756.4035	5.1198	3
179.8	15.7543	755.6204	5.1169	3
179.9	15.7487	754.8165	5.1164	3
180	15.7428	753.9309	5.1176	3
180.1	15.7369	753.1803	5.1105	3
180.2	15.731	752.2828	5.116	3
180.3	15.7255	751.3381	5.1115	3
180.4	15.72	750.5665	5.1069	3
180.5	15.7146	749.7068	5.1144	3
180.6	15.7088	748.8893	5.1178	3
180.7	15.7036	747.9904	5.1211	3
180.8	15.6984	747.0402	5.1175	3
180.9	15.6934	746.3192	5.1123	3
181	15.688	745.4908	5.1101	3
181.1	15.6826	744.6766	5.1062	3
181.2	15.6774	743.7885	5.114	3
181.3	15.6722	742.9782	5.1213	3
181.4	15.6669	742.1901	5.1271	3
181.5	15.6619	741.2438	5.1258	3
181.6	15.6569	740.3973	5.1255	3
181.7	15.652	739.5725	5.1295	3
181.8	15.6466	738.8463	5.1097	3
181.9	15.6416	737.896	5.0963	3
182	15.6368	736.9788	5.1029	3
182.1	15.632	736.3053	5.1105	3
182.2	15.6272	735.344	5.111	3
182.3	15.6223	734.519	5.1098	3
182.4	15.6179	733.6053	5.1052	3
182.5	15.6133	732.8622	5.1114	3
182.6	15.6091	731.9851	5.1149	3
182.7	15.6048	730.9715	5.1234	3
182.8	15.6007	730.2908	5.1289	3
182.9	15.5968	729.3811	5.118	3
183	15.5924	728.6416	5.1147	3
183.1	15.5881	727.8806	5.115	3
183.2	15.5831	727.0171	5.1345	3
183.3	15.5781	726.3615	5.1494	3
183.4	15.573	725.324	5.1389	3
183.5	15.5683	724.5097	5.1276	3
183.6	15.5642	723.5633	5.1246	3
183.7	15.56	722.7042	5.1231	3
183.8	15.5559	721.9459	5.12	3
183.9	15.5518	721.0123	5.1178	3
184	15.5473	720.3466	5.11	3
184.1	15.5426	719.6754	5.1137	3
184.2	15.537	718.8243	5.1157	3
184.3	15.5318	718.067	5.1352	3
184.4	15.5261	717.2441	5.1376	3
184.5	15.5203	716.3918	5.1292	3
184.6	15.5154	715.3527	5.1322	3
184.7	15.5108	714.5167	5.1382	3
184.8	15.5066	713.5854	5.1388	3
184.9	15.5027	712.6316	5.132	3
185	15.4991	711.8811	5.135	3
185.1	15.495	710.9612	5.1302	3
185.2	15.4909	710.2541	5.1341	3
185.3	15.4874	709.1755	5.1319	3
185.4	15.4839	708.3277	5.1328	3
185.5	15.4809	707.5933	5.1344	3
185.6	15.4772	706.8465	5.1262	3
185.7	15.4739	705.9173	5.1192	3
185.8	15.4709	704.8906	5.1215	3
185.9	15.4682	704.2139	5.1243	3
186	15.4653	703.3577	5.1269	3
186.1	15.462	702.5162	5.1317	3
186.2	15.459	701.6393	5.1395	3
186.3	15.4555	701.0081	5.1427	3
186.4	15.4515	700.2624	5.1451	3
186.5	15.4474	699.3758	5.1502	3
186.6	15.444	698.417	5.1377	3
186.7	15.4405	697.5206	5.1253	3
186.8	15.4371	696.8977	5.1372	3
186.9	15.4335	695.8708	5.1356	3
187	15.43	695.07	5.1326	3
187.1	15.4266	694.2939	5.1409	3
187.2	15.423	693.4645	5.1513	3
187.3	15.4192	692.7326	5.1549	3
187.4	15.4157	691.7674	5.144	3
187.5	15.4116	691.0733	5.1371	3
187.6	15.4075	690.3276	5.1394	3
187.7	15.4032	689.3976	5.1385	3
187.8	15.3989	688.7024	5.1386	3
187.9	15.3941	687.8648	5.1333	3
188	15.3888	687.1878	5.1292	3
188.1	15.3838	686.2936	5.1295	3
188.2	15.3782	685.4989	5.1376	3
188.3	15.3726	684.7954	5.1447	3
188.4	15.3669	683.8444	5.1504	3
188.5	15.3613	683.2572	5.1416	3
188.6	15.3555	682.2677	5.1366	3
188.7	15.3494	681.4587	5.1354	3
188.8	15.3434	680.5892	5.1354	3
188.9	15.3377	679.8163	5.1352	3
189	15.3319	678.982	5.1398	3
189.1	15.3263	678.0382	5.1389	3
189.2	15.3203	677.2492	5.1365	3
189.3	15.3147	676.4355	5.1466	3
189.4	15.3089	675.5517	5.152	3
189.5	15.3031	674.9213	5.1396	3
189.6	15.2968	674.0434	5.1409	3
189.7	15.2902	673.2832	5.143	3
189.8	15.284	672.3021	5.1507	3
189.9	15.2778	671.5357	5.1573	3
190	15.2716	670.6452	5.1523	3
190.1	15.2662	669.6897	5.1357	3
190.2	15.2606	668.8016	5.1275	3
190.3	15.2554	667.9828	5.1325	3
190.4	15.2499	667.1491	5.1439	3
190.5	15.2449	666.2777	5.1536	3
190.6	15.2397	665.4121	5.1461	3
190.7	15.2346	664.6495	5.1382	3
190.8	15.2293	663.8112	5.1395	3
190.9	15.2237	662.995	5.1271	3
191	15.2184	662.105	5.1254	3
191.1	15.2132	661.2857	5.1262	3
191.2	15.2081	660.4419	5.125	3
191.3	15.203	659.6136	5.1283	3
191.4	15.198	658.8051	5.1265	3
191.5	15.1931	657.8793	5.1277	3
191.6	15.1883	657.0221	5.1346	3
191.7	15.1834	656.2012	5.1382	3
191.8	15.1783	655.4978	5.1324	3
191.9	15.1733	654.6493	5.113	3
192	15.1681	653.8253	5.1004	3
192.1	15.1626	653.0069	5.1134	3
192.2	15.1569	652.2661	5.1251	3
192.3	15.1512	651.3613	5.1309	3
192.4	15.1456	650.4876	5.1194	3
192.5	15.1402	649.7583	5.1271	3
192.6	15.1346	648.8536	5.1233	3
192.7	15.1292	647.981	5.1138	3
192.8	15.1238	647.2401	5.1209	3
192.9	15.1182	646.4122	5.1145	3
193	15.1127	645.5334	5.1144	3
193.1	15.107	644.7069	5.1139	3
193.2	15.1014	643.9638	5.1037	3
193.3	15.0957	643.0235	5.1071	3
193.4	15.0899	642.2177	5.122	3
193.5	15.0848	641.3318	5.1319	3
193.6	15.0792	640.5084	5.1257	3
193.7	15.0735	639.7947	5.1171	3
193.8	15.0679	638.7684	5.1221	3
193.9	15.0626	638.0425	5.1194	3
194	15.0574	637.1918	5.1219	3
194.1	15.0518	636.3493	5.1257	3
194.2	15.0462	635.569	5.1314	3
194.3	15.0408	634.5913	5.1198	3
194.4	15.0356	633.8925	5.1301	3
194.5	15.0306	632.9147	5.1296	3
194.6	15.0253	632.0212	5.1205	3
194.7	15.0205	631.3283	5.1216	3
194.8	15.0154	630.3915	5.1281	3
194.9	15.0098	629.6389	5.1169	3
195	15.0045	628.8633	5.1058	3
195.1	14.999	628.0052	5.1178	3
195.2	14.9936	627.2508	5.1328	3
195.3	14.9882	626.3104	5.1232	3
195.4	14.983	625.5604	5.1143	3
195.5	14.9778	624.6005	5.1073	3
195.6	14.9724	623.7767	5.1075	3
195.7	14.9671	622.9969	5.1133	3
195.8	14.9615	622.2057	5.1231	3
195.9	14.9562	621.3639	5.1206	3
196	14.9509	620.444	5.1159	3
196.1	14.9454	619.7051	5.1121	3
196.2	14.9403	618.7675	5.1015	3
196.3	14.9349	618.0007	5.1039	3
196.4	14.9295	617.1663	5.1088	3
196.5	14.924	616.2885	5.1083	3
196.6	14.9186	615.5119	5.1058	3
196.7	14.9133	614.6507	5.1028	3
196.8	14.9079	613.7795	5.1046	3
196.9	14.9026	613.0409	5.0952	3
197	14.8975	612.1669	5.0959	3
197.1	14.892	611.4109	5.1055	3
197.2	14.8866	610.5493	5.103	3
197.3	14.881	609.6825	5.1037	3
197.4	14.8755	608.8581	5.1019	3
197.5	14.8699	608.0673	5.1	3
197.6	14.8641	607.2112	5.1066	3
197.7	14.8585	606.3051	5.1153	3
197.8	14.8531	605.5942	5.1057	3
197.9	14.8471	604.765	5.0925	3
198	14.8413	603.8976	5.0903	3
198.1	14.8357	603.0031	5.0854	3
198.2	14.83	602.2171	5.0923	3
198.3	14.8242	601.5248	5.0978	3
198.4	14.8181	600.6276	5.0875	3
198.5	14.8123	599.7555	5.0857	3
198.6	14.8065	598.94	5.0837	3
198.7	14.8004	598.2006	5.0823	3
198.8	14.7942	597.3447	5.0896	3
198.9	14.7879	596.5047	5.0884	3
199	14.7817	595.6725	5.0979	3
199.1	14.7753	594.8739	5.1015	3
199.2	14.7691	593.9698	5.1027	3
199.3	14.7632	593.1152	5.1059	3
199.4	14.757	592.4077	5.1175	3
199.5	14.7505	591.594	5.1149	3
199.6	14.7442	590.6689	5.0958	3
199.7	14.7381	589.7909	5.1058	3
199.8	14.732	589.0264	5.1124	3
199.9	14.7257	588.2266	5.1098	3
200	14.7201	587.3511	5.1153	3
200.1	14.7145	586.5053	5.1125	3
200.2	14.708	585.7489	5.1139	3
200.3	14.7016	584.9105	5.1162	3
200.4	14.6952	583.9586	5.1113	3
200.5	14.6892	583.1665	5.1019	3
200.6	14.6831	582.3243	5.113	3
200.7	14.6769	581.5388	5.1118	3
200.8	14.6709	580.5476	5.1065	3
200.9	14.6649	579.7865	5.1081	3
201	14.6587	579.0186	5.1204	3
201.1	14.6524	578.1255	5.1291	3
201.2	14.6467	577.2376	5.1127	3
201.3	14.6414	576.2971	5.106	3
201.4	14.6362	575.4476	5.1147	3
201.5	14.6307	574.6847	5.1225	3
201.6	14.6253	573.7804	5.1222	3
201.7	14.62	573.0426	5.108	3
201.8	14.6141	572.2896	5.0962	3
201.9	14.6081	571.44	5.0839	3
202	14.6025	570.5153	5.0789	3
202.1	14.5972	569.7092	5.092	3
202.2	14.5916	568.9338	5.1011	3
202.3	14.5859	567.9759	5.1057	3
202.4	14.5806	567.1263	5.0955	3
202.5	14.5753	566.3353	5.0941	3
202.6	14.5696	565.5035	5.0899	3
202.7	14.5643	564.6101	5.0912	3
202.8	14.5591	563.7668	5.1037	3
202.9	14.5541	563.0077	5.1163	3
203	14.5487	562.1274	5.1319	3
203.1	14.5434	561.3311	5.1262	3
203.2	14.5385	560.4627	5.1214	3
203.3	14.5334	559.5665	5.1078	3
203.4	14.5285	558.6938	5.1106	3
203.5	14.5238	557.8045	5.1102	3
203.6	14.5194	556.8708	5.108	3
203.7	14.5149	556.1125	5.1079	3
203.8	14.5105	555.344	5.0951	3
203.9	14.5059	554.5127	5.1063	3
204	14.5014	553.6638	5.1065	3
204.1	14.497	552.7766	5.0928	3
204.2	14.4925	551.9962	5.0797	3
204.3	14.4882	551.0939	5.0881	3
204.4	14.4835	550.2751	5.0946	3
204.5	14.4786	549.6623	5.0969	3
204.6	14.4734	548.7911	5.0941	3
204.7	14.4681	548.0099	5.09	3
204.8	14.4628	547.1751	5.1067	3
204.9	14.457	546.4526	5.1199	3
205	14.4513	545.6352	5.1054	3
205.1	14.4455	544.7235	5.0998	3
205.2	14.4396	543.976	5.1053	3
205.3	14.4335	543.1111	5.0997	3
205.4	14.4275	542.2433	5.0886	3
205.5	14.4217	541.3985	5.0912	3
205.6	14.4158	540.6326	5.0968	3
205.7	14.4095	539.8357	5.0946	3
205.8	14.4036	538.9642	5.103	3
205.9	14.3977	538.1196	5.1053	3
206	14.3915	537.4484	5.1058	3
206.1	14.385	536.5894	5.1064	3
206.2	14.3786	535.6662	5.0915	3
206.3	14.3727	534.7854	5.0801	3
206.4	14.3666	533.9113	5.0988	3
206.5	14.3605	533.1506	5.098	3
206.6	14.3546	532.2392	5.0895	3
206.7	14.3488	531.384	5.1035	3
206.8	14.3431	530.6567	5.1172	3
206.9	14.3373	529.729	5.099	3
207	14.3315	528.8015	5.102	3
207.1	14.3259	528.114	5.1069	3
207.2	14.3199	527.3336	5.1051	3
207.3	14.3137	526.5345	5.1052	3
207.4	14.3078	525.6687	5.0924	3
207.5	14.3021	524.7017	5.0972	3
207.6	14.2962	523.9089	5.1067	3
207.7	14.2901	523.157	5.1075	3
207.8	14.2842	522.3345	5.12	3
207.9	14.2779	521.526	5.1164	3
208	14.2713	520.775	5.1045	3
208.1	14.2647	519.8828	5.0925	3
208.2	14.2581	519.0573	5.0885	3
208.3	14.2513	518.3559	5.0884	3
208.4	14.2444	517.5398	5.0826	3
208.5	14.2374	516.6326	5.0775	3
208.6	14.2306	515.8117	5.0943	3
208.7	14.2236	515.067	5.0976	3
208.8	14.2162	514.2703	5.0937	3
208.9	14.2085	513.4331	5.085	3
209	14.201	512.6139	5.0902	3
209.1	14.1935	511.742	5.1015	3
209.2	14.1862	510.8978	5.1066	3
209.3	14.1787	510.0245	5.1062	3
209.4	14.1712	509.363	5.1036	3
209.5	14.1637	508.5488	5.1068	3
209.6	14.1558	507.6421	5.101	3
209.7	14.148	506.8813	5.0998	3
209.8	14.1402	505.9515	5.1007	3
209.9	14.1327	505.1817	5.1037	3
210	14.1251	504.3477	5.0972	3
210.1	14.1173	503.5431	5.1024	3
210.2	14.1095	502.5884	5.0962	3
210.3	14.1017	501.8594	5.0857	3
210.4	14.0941	500.9895	5.0899	3
210.5	14.0864	500.119	5.0932	3
210.6	14.0789	499.3061	5.0921	3
210.7	14.0713	498.3588	5.0852	3
210.8	14.0639	497.5111	5.0806	3
210.9	14.057	496.5974	5.0645	3
211	14.0503	495.7737	5.066	3
211.1	14.0435	494.9162	5.0708	3
211.2	14.0369	494.0397	5.0831	3
211.3	14.0304	493.2339	5.0963	3
211.4	14.0237	492.4444	5.0939	3
211.5	14.0172	491.5904	5.0847	3
211.6	14.0108	490.6647	5.0952	3
211.7	14.0046	489.7998	5.1001	3
211.8	13.9986	488.8895	5.1006	3
211.9	13.993	488.0074	5.1048	3
212	13.9873	487.2634	5.0952	3
212.1	13.9813	486.4437	5.0957	3
212.2	13.9755	485.5854	5.0958	3
212.3	13.9695	484.7652	5.0928	3
212.4	13.9631	483.944	5.0935	3
212.5	13.9571	483.0811	5.0848	3
212.6	13.951	482.3088	5.0838	3
212.7	13.9452	481.5062	5.0882	3
212.8	13.939	480.6151	5.0936	3
212.9	13.9329	479.766	5.0898	3
213	13.9271	478.9385	5.0927	3
213.1	13.921	478.1393	5.1023	3
213.2	13.9145	477.4299	5.1012	3
213.3	13.9081	476.4729	5.0876	3
213.4	13.9019	475.693	5.0909	3
213.5	13.8957	474.7968	5.0988	3
213.6	13.8897	473.9526	5.094	3
213.7	13.8837	473.052	5.0833	3
213.8	13.8779	472.2149	5.0854	3
213.9	13.8721	471.4976	5.0818	3
214	13.8659	470.6582	5.0783	3
214.1	13.8596	469.9045	5.0651	3
214.2	13.8533	468.9933	5.0704	3
214.3	13.8472	468.1111	5.0837	3
214.4	13.8409	467.3273	5.0799	3
214.5	13.8349	466.5009	5.0874	3
214.6	13.8286	465.6549	5.0854	3
214.7	13.8222	464.925	5.0795	3
214.8	13.8159	463.9534	5.0858	3
214.9	13.809	463.3591	5.0929	3
215	13.8027	462.3279	5.1083	3
215.1	13.7956	461.6709	5.1112	3
215.2	13.7889	460.9374	5.1082	3
215.3	13.7819	459.8155	5.106	3
215.4	13.7753	459.278	5.1011	3
215.5	13.7686	458.2332	5.1167	3
215.6	13.7612	457.6141	5.1164	3
215.7	13.7542	456.7123	5.1058	3
215.8	13.7466	455.8409	5.1186	3
215.9	13.7391	455.1396	5.1332	3
216	13.7317	454.229	5.1296	3
216.1	13.7243	453.4286	5.1367	3
216.2	13.717	452.6273	5.138	3
216.3	13.7096	451.7324	5.1378	3
216.4	13.7023	451.0038	5.1431	3
216.5	13.6949	450.0802	5.1486	3
216.6	13.6869	449.3938	5.1449	3
216.7	13.679	448.5179	5.1475	3
216.8	13.6714	447.59	5.1496	3
216.9	13.6638	446.77	5.1481	3
217	13.6561	445.9631	5.1495	3
217.1	13.6482	445.1817	5.1456	3
217.2	13.6405	444.3228	5.1335	3
217.3	13.6329	443.4669	5.1324	3
217.4	13.625	442.7506	5.138	3
217.5	13.6168	441.8319	5.132	3
217.6	13.6089	441.0069	5.1249	3
217.7	13.6012	440.1029	5.116	3
217.8	13.5932	439.3927	5.1067	3
217.9	13.5851	438.6016	5.1056	3
218	13.5769	437.6576	5.1035	3
218.1	13.569	436.9156	5.1038	3
218.2	13.5611	435.9853	5.1195	3
218.3	13.5531	435.2044	5.1222	3
218.4	13.5452	434.2759	5.1135	3
218.5	13.5374	433.4867	5.1136	3
218.6	13.5298	432.6823	5.115	3
218.7	13.5219	431.7585	5.111	3
218.8	13.5142	431.0352	5.1143	3
218.9	13.5063	430.0866	5.1153	3
219	13.4984	429.3729	5.1097	3
219.1	13.4906	428.553	5.1062	3
219.2	13.4827	427.6361	5.1195	3
219.3	13.4746	426.8645	5.1192	3
219.4	13.4666	426.0699	5.1079	3
219.5	13.4585	425.1806	5.112	3
219.6	13.4507	424.3084	5.1197	3
219.7	13.4428	423.5051	5.1286	3
219.8	13.4346	422.6734	5.1336	3
219.9	13.4267	421.8096	5.1356	3
220	13.419	420.9739	5.1357	3
220.1	13.4113	420.1165	5.1306	3
220.2	13.4035	419.2517	5.1364	3
220.3	13.3959	418.4304	5.1425	3
220.4	13.3884	417.56	5.1353	3
220.5	13.3808	416.7825	5.1269	3
220.6	13.3733	415.9084	5.111	3
220.7	13.3656	415.131	5.1067	3
220.8	13.3581	414.3232	5.1132	3
220.9	13.3502	413.4214	5.126	3
221	13.3425	412.7393	5.1388	3
221.1	13.3347	411.7662	5.1386	3
221.2	13.3269	410.9455	5.1453	3
221.3	13.3193	410.1071	5.1474	3
221.4	13.3117	409.2552	5.1262	3
221.5	13.3039	408.5384	5.1102	3
221.6	13.296	407.617	5.1146	3
221.7	13.288	406.8279	5.1154	3
221.8	13.2803	406.0329	5.096	3
221.9	13.2724	405.2052	5.0923	3
222	13.2642	404.4017	5.1042	3
222.1	13.2562	403.5652	5.1036	3
222.2	13.2479	402.6731	5.1114	3
222.3	13.2398	401.9106	5.1141	3
222.4	13.2319	400.9605	5.1138	3
222.5	13.224	400.153	5.1203	3
222.6	13.2162	399.286	5.123	3
222.7	13.2085	398.4639	5.1262	3
222.8	13.2007	397.6366	5.1205	3
222.9	13.1927	396.8544	5.1173	3
223	13.1845	396.0239	5.1088	3
223.1	13.1762	395.2548	5.0901	3
223.2	13.1682	394.3644	5.1029	3
223.3	13.1601	393.5542	5.1138	3
223.4	13.152	392.7234	5.1119	3
223.5	13.1436	391.8573	5.0935	3
223.6	13.1353	391.0851	5.0867	3
223.7	13.127	390.1549	5.1009	3
223.8	13.1191	389.361	5.1081	3
223.9	13.1109	388.6146	5.099	3
224	13.1026	387.6926	5.0998	3
224.1	13.0946	386.9096	5.1012	3
224.2	13.0865	386.0547	5.0814	3
224.3	13.0784	385.1619	5.0764	3
224.4	13.0702	384.3682	5.0869	3
224.5	13.0622	383.528	5.0786	3
224.6	13.0545	382.6616	5.086	3
224.7	13.0463	381.8695	5.0843	3
224.8	13.0383	381.0009	5.0804	3
224.9	13.0304	380.144	5.0859	3
225	13.0225	379.4257	5.1008	3
225.1	13.0146	378.4644	5.1022	3
225.2	13.0065	377.685	5.0864	3
225.3	12.9985	376.8739	5.0853	3
225.4	12.9904	376.0137	5.0952	3
225.5	12.9823	375.3006	5.1075	3
225.6	12.9738	374.3979	5.1144	3
225.7	12.9657	373.4849	5.1209	3
225.8	12.9576	372.6569	5.1034	3
225.9	12.9496	371.9254	5.1055	3
226	12.9415	370.9844	5.1028	3
226.1	12.9332	370.2693	5.0918	3
226.2	12.9248	369.3378	5.0974	3
226.3	12.9164	368.611	5.1074	3
226.4	12.9084	367.6895	5.1251	3
226.5	12.9003	366.8413	5.1206	3
226.6	12.8922	366.073	5.1199	3
226.7	12.8836	365.2495	5.1152	3
226.8	12.8755	364.4325	5.1081	3
226.9	12.867	363.6061	5.1043	3
227	12.8584	362.8693	5.1024	3
227.1	12.8499	361.9496	5.1134	3
227.2	12.8413	361.1233	5.1278	3
227.3	12.8328	360.2451	5.1254	3
227.4	12.8243	359.4632	5.1163	3
227.5	12.8156	358.6188	5.1132	3
227.6	12.8073	357.6956	5.1201	3
227.7	12.799	356.9665	5.1156	3
227.8	12.7905	356.0998	5.1048	3
227.9	12.782	355.3035	5.1108	3
228	12.7734	354.5301	5.1256	3
228.1	12.7649	353.5293	5.1406	3
228.2	12.7565	352.672	5.1333	3
228.3	12.7481	351.9394	5.1205	3
228.4	12.7393	351.03	5.1107	3
228.5	12.731	350.2853	5.1111	3
228.6	12.7226	349.4213	5.1161	3
228.7	12.7139	348.6814	5.1215	3
228.8	12.7057	347.7617	5.1259	3
228.9	12.6972	346.8802	5.1202	3
229	12.6889	346.0858	5.0999	3
229.1	12.6799	345.3351	5.1032	3
229.2	12.6711	344.5293	5.1052	3
229.3	12.6624	343.5978	5.1112	3
229.4	12.6537	342.8384	5.1136	3
229.5	12.645	342.0239	5.1084	3
229.6	12.6361	341.2139	5.1147	3
229.7	12.6271	340.3536	5.1274	3
229.8	12.6181	339.5262	5.132	3
229.9	12.6091	338.6726	5.1338	3
230	12.6004	337.8671	5.1252	3
230.1	12.5918	336.9557	5.113	3
230.2	12.5832	336.1835	5.1183	3
230.3	12.5745	335.2422	5.1207	3
230.4	12.5656	334.6121	5.1116	3
230.5	12.5566	333.7042	5.1112	3
230.6	12.5474	332.9343	5.1085	3
230.7	12.5386	332.0423	5.1064	3
230.8	12.5295	331.2396	5.1038	3
230.9	12.5202	330.5058	5.1042	3
231	12.5108	329.5234	5.1171	3
231.1	12.5014	328.7609	5.1125	3
231.2	12.4923	327.974	5.1072	3
231.3	12.4829	327.1013	5.1148	3
231.4	12.4734	326.3702	5.1194	3
231.5	12.4642	325.4742	5.1159	3
231.6	12.4547	324.5848	5.1181	3
231.7	12.4454	323.7745	5.1106	3
231.8	12.4362	322.8176	5.1071	3
231.9	12.4272	322.0955	5.1033	3
232	12.4179	321.2189	5.1008	3
232.1	12.4085	320.465	5.1009	3
232.2	12.3993	319.6286	5.1093	3
232.3	12.39	318.7082	5.1142	3
232.4	12.3809	317.9213	5.1207	3
232.5	12.3717	317.0704	5.1218	3
232.6	12.3625	316.2177	5.1172	3
232.7	12.3534	315.4428	5.1326	3
232.8	12.3444	314.6269	5.1364	3
232.9	12.3351	313.7829	5.1371	3
233	12.3257	312.9736	5.1384	3
233.1	12.3164	312.0901	5.1302	3
233.2	12.3071	311.2906	5.1318	3
233.3	12.298	310.4342	5.1253	3
233.4	12.2889	309.4982	5.131	3
233.5	12.2798	308.6861	5.1368	3
233.6	12.2709	307.8458	5.1265	3
233.7	12.262	306.9808	5.1166	3
233.8	12.2531	306.2132	5.1242	3
233.9	12.2442	305.3103	5.1209	3
234	12.2353	304.5191	5.116	3
234.1	12.2266	303.6438	5.1146	3
234.2	12.2178	302.7773	5.1144	3
234.3	12.2092	302.032	5.1277	3
234.4	12.2002	301.1948	5.1482	3
234.5	12.1912	300.3591	5.1488	3
234.6	12.1818	299.5352	5.1414	3
234.7	12.1724	298.789	5.1231	3
234.8	12.1635	297.9749	5.1316	3
234.9	12.1545	297.0618	5.136	3
235	12.1453	296.1545	5.1264	3
235.1	12.136	295.4068	5.1285	3
235.2	12.1268	294.5989	5.1292	3
235.3	12.1178	293.666	5.129	3
235.4	12.1089	292.8141	5.1205	3
235.5	12.0999	292.0048	5.1244	3
235.6	12.0909	291.2139	5.1306	3
235.7	12.082	290.3728	5.1321	3
235.8	12.0732	289.4441	5.1216	3
235.9	12.0646	288.5872	5.1126	3
236	12.0565	287.6239	5.1177	3
236.1	12.0483	286.7993	5.1162	3
236.2	12.0405	286.0671	5.1231	3
236.3	12.0327	284.9712	5.1371	3
236.4	12.0255	284.1167	5.1255	3
236.5	12.0185	283.2222	5.1052	3
236.6	12.0115	282.4453	5.1078	3
236.7	12.0044	281.6572	5.1092	3
236.8	11.9969	280.9164	5.1114	3
236.9	11.989	280.1585	5.1132	3
237	11.9811	279.3612	5.1129	3
237.1	11.973	278.4939	5.1168	3
237.2	11.9649	277.7081	5.1191	3
237.3	11.9568	276.851	5.1276	3
237.4	11.9486	276.0599	5.1313	3
237.5	11.9405	275.1589	5.1289	3
237.6	11.9322	274.3943	5.129	3
237.7	11.9234	273.6723	5.1395	3
237.8	11.9145	272.8736	5.1385	3
237.9	11.9055	272.0263	5.1235	3
238	11.8965	271.2566	5.1132	3
238.1	11.8875	270.3783	5.1168	3
238.2	11.8787	269.4294	5.1113	3
238.3	11.8702	268.5741	5.1101	3
238.4	11.8619	267.7231	5.1147	3
238.5	11.8536	266.8738	5.1178	3
238.6	11.8452	266.1266	5.1224	3
238.7	11.8368	265.3051	5.1165	3
238.8	11.8281	264.4977	5.1184	3
238.9	11.8189	263.8221	5.1197	3
239	11.8098	262.9144	5.1223	3
239.1	11.8002	262.1451	5.1409	3
239.2	11.7908	261.2417	5.1422	3
239.3	11.7815	260.4066	5.1283	3
239.4	11.7727	259.47	5.1288	3
239.5	11.764	258.5444	5.1414	3
239.6	11.7557	257.7555	5.1476	3
239.7	11.7474	256.8092	5.1422	3
239.8	11.7397	255.9654	5.1362	3
239.9	11.7319	255.0386	5.124	3
240	11.7243	254.2842	5.1217	3
240.1	11.7164	253.4977	5.1397	3
240.2	11.7082	252.7106	5.1429	3
240.3	11.6997	251.9465	5.1359	3
240.4	11.6913	251.0511	5.1309	3
240.5	11.6829	250.2889	5.1296	3
240.6	11.6745	249.4704	5.1258	3
240.7	11.6658	248.6577	5.1211	3
240.8	11.6569	247.7788	5.1241	3
240.9	11.648	246.9721	5.1126	3
241	11.6393	246.1649	5.0956	3
241.1	11.6304	245.4446	5.1067	3
241.2	11.6213	244.5233	5.1225	3
241.3	11.6122	243.713	5.1314	3
241.4	11.6034	242.8858	5.1235	3
241.5	11.594	242.0994	5.1117	3
241.6	11.585	241.1966	5.1145	3
241.7	11.5763	240.2736	5.1152	3
241.8	11.5674	239.5798	5.1177	3
241.9	11.5583	238.7538	5.1226	3
242	11.5488	237.9304	5.1337	3
242.1	11.5395	237.189	5.1336	3
242.2	11.5302	236.2487	5.1228	3
242.3	11.5207	235.4941	5.1168	3
242.4	11.5113	234.5576	5.1163	3
242.5	11.502	233.7822	5.115	3
242.6	11.4926	232.9818	5.1024	3
242.7	11.483	232.1026	5.0886	3
242.8	11.4736	231.3037	5.088	3
242.9	11.4643	230.4217	5.0943	3
243	11.4548	229.629	5.0975	3
243.1	11.4454	228.7569	5.1094	3
243.2	11.4364	227.817	5.1044	3
243.3	11.427	227.1224	5.1068	3
243.4	11.4176	226.3237	5.1214	3
243.5	11.4082	225.4286	5.1307	3
243.6	11.3988	224.619	5.118	3
243.7	11.3895	223.6177	5.1017	3
243.8	11.3804	222.9147	5.0997	3
243.9	11.3716	222.0213	5.105	3
244	11.3625	221.0946	5.109	3
244.1	11.3538	220.3699	5.1117	3
244.2	11.3446	219.5028	5.0994	3
244.3	11.3357	218.6781	5.1018	3
244.4	11.327	217.8498	5.1184	3
244.5	11.318	216.9935	5.1292	3
244.6	11.3088	216.3157	5.1223	3
244.7	11.2997	215.2385	5.1027	3
244.8	11.2908	214.5791	5.1048	3
244.9	11.2822	213.6859	5.1082	3
245	11.273	212.8662	5.1076	3
245.1	11.2637	212.1342	5.1003	3
245.2	11.2542	211.2455	5.0949	3
245.3	11.2448	210.4727	5.0912	3
245.4	11.2353	209.6035	5.1028	3
245.5	11.2255	208.8886	5.1148	3
245.6	11.2157	208.1509	5.1123	3
245.7	11.2054	207.2965	5.1032	3
245.8	11.1951	206.4251	5.0905	3
245.9	11.1849	205.6191	5.0947	3
246	11.175	204.7354	5.108	3
246.1	11.1649	203.8357	5.0953	3
246.2	11.1548	203.0297	5.0915	3
246.3	11.1447	202.2603	5.1005	3
246.4	11.1344	201.4652	5.101	3
246.5	11.124	200.6894	5.0928	3
246.6	11.1136	199.7711	5.0989	3
246.7	11.1031	199.0258	5.1122	3
246.8	11.0931	197.9907	5.1153	3
246.9	11.0828	197.2522	5.094	3
247	11.0725	196.5336	5.0931	3
247.1	11.0619	195.57	5.1056	3
247.2	11.0518	194.7686	5.1021	3
247.3	11.0416	193.8517	5.0799	3
247.4	11.0312	193.1132	5.0849	3
247.5	11.021	192.3986	5.1001	3
247.6	11.0103	191.4564	5.1053	3
247.7	10.9996	190.7843	5.099	3
247.8	10.9889	189.8308	5.0926	3
247.9	10.9778	189.0541	5.1103	3
248	10.9671	188.3109	5.1131	3
248.1	10.956	187.4074	5.1094	3
248.2	10.9449	186.6972	5.1074	3
248.3	10.934	185.707	5.0991	3
248.4	10.923	184.8802	5.1151	3
248.5	10.912	184.0636	5.1223	3
248.6	10.9009	183.2364	5.1213	3
248.7	10.8898	182.4134	5.1106	3
248.8	10.8788	181.6048	5.0943	3
248.9	10.8676	180.8506	5.0988	3
249	10.8558	180.1019	5.0992	3
249.1	10.8439	179.2958	5.0908	3
249.2	10.8322	178.3845	5.079	3
249.3	10.8203	177.5391	5.085	3
249.4	10.8085	176.7412	5.0971	3
249.5	10.7971	175.8048	5.1102	3
249.6	10.7858	175.0486	5.1145	3
249.7	10.7743	174.1357	5.106	3
249.8	10.7625	173.4452	5.0906	3
249.9	10.7506	172.546	5.0931	3
250	10.7385	171.7524	5.1167	3
250.1	10.727	170.9337	5.1187	3
250.2	10.7153	169.965	5.1052	3
250.3	10.7038	169.2435	5.1014	3
250.4	10.6926	168.2712	5.1058	3
250.5	10.6811	167.4689	5.1073	3
250.6	10.6701	166.7232	5.1074	3
250.7	10.6593	165.7764	5.1195	3
250.8	10.6478	165.0483	5.1161	3
250.9	10.6363	164.1475	5.1143	3
251	10.6248	163.2984	5.1288	3
251.1	10.6138	162.3526	5.1164	3
251.2	10.6028	161.5968	5.105	3
251.3	10.5918	160.7623	5.1139	3
251.4	10.5804	159.9449	5.1346	3
251.5	10.5693	159.155	5.1289	3
251.6	10.5578	158.2766	5.117	3
251.7	10.5464	157.5361	5.1165	3
251.8	10.5349	156.6507	5.1189	3
251.9	10.5233	155.9608	5.1139	3
252	10.5117	155.126	5.1112	3
252.1	10.4997	154.2102	5.1197	3
252.2	10.4881	153.3777	5.1217	3
252.3	10.4766	152.4591	5.1146	3
252.4	10.4649	151.7807	5.1143	3
252.5	10.453	150.8967	5.1264	3
252.6	10.4408	150.1219	5.1179	3
252.7	10.4288	149.2774	5.1191	3
252.8	10.4164	148.4819	5.1164	3
252.9	10.4043	147.6718	5.0983	3
253	10.3921	146.7567	5.0989	3
253.1	10.3802	145.954	5.1157	3
253.2	10.3682	145.0088	5.1107	3
253.3	10.356	144.2959	5.1076	3
253.4	10.3442	143.4224	5.1075	3
253.5	10.3323	142.4928	5.1161	3
253.6	10.3206	141.821	5.1218	3
253.7	10.3083	140.9785	5.1311	3
253.8	10.2959	140.2092	5.1269	3
253.9	10.2836	139.3853	5.115	3
254	10.2708	138.567	5.1264	3
254.1	10.2578	137.7625	5.1305	3
254.2	10.245	136.9526	5.1195	3
254.3	10.2319	136.1724	5.1111	3
254.4	10.2189	135.3226	5.1102	3
254.5	10.2059	134.4607	5.1195	3
254.6	10.193	133.6682	5.1245	3
254.7	10.1798	132.8329	5.1209	3
254.8	10.1663	132.0072	5.133	3
254.9	10.1531	131.1337	5.1423	3
255	10.14	130.2464	5.1309	3
255.1	10.1272	129.4767	5.1222	3
255.2	10.1142	128.5741	5.1237	3
255.3	10.1012	127.8086	5.1121	3
255.4	10.0884	126.8936	5.1119	3
255.5	10.0755	126.0935	5.1163	3
255.6	10.0625	125.3081	5.1148	3
255.7	10.0496	124.4212	5.1157	3
255.8	10.037	123.5604	5.1259	3
255.9	10.0243	122.7777	5.135	3
256	10.0112	121.9425	5.1211	3
256.1	9.9983	121.0997	5.1125	3
256.2	9.9855	120.2836	5.1262	3
256.3	9.9726	119.4787	5.1199	3
256.4	9.9594	118.6913	5.1028	3
256.5	9.946	117.824	5.0995	3
256.6	9.9326	116.9778	5.0933	3
256.7	9.9193	116.2245	5.0924	3
256.8	9.9058	115.3912	5.0929	3
256.9	9.892	114.6926	5.0993	3
257	9.8781	113.7384	5.0947	3
257.1	9.8643	112.9503	5.1016	3
257.2	9.8504	112.0914	5.1062	3
257.3	9.8368	111.2429	5.1013	3
257.4	9.8232	110.4235	5.1034	3
257.5	9.8096	109.5967	5.0944	3
257.6	9.7958	108.7906	5.0899	3
257.7	9.7821	107.9749	5.1067	3
257.8	9.7683	107.0787	5.1155	3
257.9	9.7543	106.3108	5.1057	3
258	9.7403	105.4587	5.1146	3
258.1	9.7266	104.6053	5.1127	3
258.2	9.7131	103.8038	5.1105	3
258.3	9.6996	102.8616	5.1251	3
258.4	9.6859	101.9854	5.1213	3
258.5	9.6725	101.1737	5.1117	3
258.6	9.6593	100.3355	5.107	3
258.7	9.6459	99.5277	5.1054	3
258.8	9.6322	98.7238	5.1025	3
258.9	9.6186	97.8489	5.1027	3
259	9.6053	96.9838	5.1019	3
259.1	9.5919	96.2121	5.1063	3
259.2	9.5781	95.4394	5.108	3
259.3	9.5643	94.5518	5.1028	3
259.4	9.5504	93.7842	5.1046	3
259.5	9.5366	92.9613	5.1157	3
259.6	9.5223	92.2754	5.1096	3
259.7	9.5081	91.3066	5.1207	3
259.8	9.4941	90.4083	5.1283	3
259.9	9.4802	89.5965	5.1254	3
260	9.4662	88.9131	5.1261	3
260.1	9.452	88.0532	5.1234	3
260.2	9.4376	87.1708	5.1134	3
260.3	9.4234	86.302	5.1097	3
260.4	9.4091	85.514	5.1138	3
260.5	9.3947	84.6866	5.116	3
260.6	9.3807	83.8606	5.1245	3
260.7	9.3666	82.9227	5.12	3
260.8	9.3527	82.1521	5.1165	3
260.9	9.3386	81.296	5.1131	3
261	9.3242	80.5416	5.1175	3
261.1	9.31	79.7095	5.1235	3
261.2	9.2958	78.808	5.1141	3
261.3	9.2817	78.0209	5.1173	3
261.4	9.2674	77.1162	5.1239	3
261.5	9.253	76.3624	5.1286	3
261.6	9.2386	75.5946	5.1227	3
261.7	9.2238	74.8021	5.1166	3
261.8	9.209	74.0044	5.1114	3
261.9	9.194	73.1867	5.1235	3
262	9.1789	72.3288	5.1346	3
262.1	9.1638	71.5141	5.1345	3
262.2	9.1487	70.7089	5.1296	3
262.3	9.1336	69.9123	5.1239	3
262.4	9.1182	69.044	5.1246	3
262.5	9.1031	68.2174	5.1274	3
262.6	9.0877	67.4259	5.1315	3
262.7	9.0721	66.6268	5.1277	3
262.8	9.0563	65.775	5.12	3
262.9	9.0407	64.9599	5.1045	3
263	9.0251	64.0912	5.1059	3
263.1	9.0096	63.3218	5.1141	3
263.2	8.994	62.413	5.1063	3
263.3	8.9783	61.6252	5.0989	3
263.4	8.9627	60.8057	5.1059	3
263.5	8.9467	59.988	5.1134	3
263.6	8.9307	59.1519	5.0988	3
263.7	8.915	58.215	5.1008	3
263.8	8.8993	57.5039	5.115	3
263.9	8.8833	56.6732	5.1283	3
264	8.8672	55.8147	5.1332	3
264.1	8.8516	54.9673	5.1317	3
264.2	8.8357	54.1115	5.1257	3
264.3	8.8195	53.484	5.1118	3
264.4	8.8029	52.629	5.1166	3
264.5	8.7864	51.7311	5.1096	3
264.6	8.7701	50.8889	5.1063	3
264.7	8.7534	50.131	5.1092	3
264.8	8.7366	49.4025	5.103	3
264.9	8.7201	48.4619	5.1117	3
265	8.7034	47.6468	5.1144	3
265.1	8.6865	46.8653	5.108	3
265.2	8.6694	46.0538	5.1168	3
265.3	8.6521	45.2091	5.1347	3
265.4	8.6347	44.4319	5.1285	3
265.5	8.6175	43.5457	5.1124	3
265.6	8.6004	42.7462	5.1278	3
265.7	8.5835	41.852	5.1257	3
265.8	8.5663	41.0988	5.1095	3
265.9	8.549	40.3058	5.1	3
266	8.5318	39.3995	5.1053	3
266.1	8.5146	38.6041	5.1006	3
266.2	8.4972	37.7064	5.1008	3
266.3	8.4799	36.9312	5.1133	3
266.4	8.4627	36.0807	5.1018	3
266.5	8.4453	35.2523	5.1033	3
266.6	8.4281	34.3446	5.1157	3
266.7	8.4107	33.5021	5.119	3
266.8	8.3932	32.8422	5.1055	3
266.9	8.3756	31.9071	5.1065	3
267	8.3582	31.0839	5.1101	3
267.1	8.3408	30.2653	5.1124	3
267.2	8.3231	29.5051	5.1105	3
267.3	8.3054	28.7174	5.1077	3
267.4	8.2878	27.7985	5.1122	3
267.5	8.2701	26.998	5.1104	3
267.6	8.2523	26.1702	5.1115	3
267.7	8.2346	25.312	5.116	3
267.8	8.217	24.5129	5.1338	3
267.9	8.1992	23.6511	5.1436	3
268	8.181	22.9015	5.1219	3
268.1	8.1627	22.0909	5.1108	3
268.2	8.1443	21.1651	5.1109	3
268.3	8.1262	20.4401	5.1186	3
268.4	8.1078	19.6572	5.1267	3
268.5	8.0888	18.8868	5.1249	3
268.6	8.07	18.0464	5.1175	3
268.7	8.0511	17.2531	5.1044	3
268.8	8.032	16.4727	5.0958	3
268.9	8.0125	15.6963	5.1008	3
269	7.9929	14.8801	5.1095	3
269.1	7.9732	14.0853	5.1269	3
269.2	7.9533	13.262	5.1289	3
269.3	7.9331	12.4427	5.1258	3
269.4	7.9131	11.6031	5.1053	3
269.5	7.8929	10.7681	5.0932	3
269.6	7.8724	10.0442	5.1088	3
269.7	7.852	9.2201	5.1266	3
269.8	7.8313	8.3793	5.1169	3
269.9	7.8105	7.63	5.1001	3
270	7.7896	6.8004	5.104	4
270.1	7.7686	5.9813	5.1171	4
270.2	7.7478	5.2639	5.1233	4
270.3	7.7272	3.8777	5.113	4
270.4	7.6507	-25.7997	5.1161	4
270.5	7.389	-94.0898	5.1137	4
270.6	6.9849	-136.1033	5.0895	4
270.7	6.5335	-147.4498	5.0868	4
270.8	6.0605	-146.868	5.1019	4
270.9	5.5773	-143.698	5.1163	4
271	5.0896	-142.135	5.1089	4
271.1	4.5973	-140.0879	5.0975	4
271.2	4.101	-136.8017	5.0974	4
271.3	3.602	-133.1516	5.0917	4
271.4	3.1006	-129.3906	5.0782	4
271.5	2.5959	-123.701	5.0803	4
271.6	2.0873	-114.646	5.0856	4
271.7	1.5763	-104.4526	5.1053	4
271.8	1.0643	-95.0808	5.1027	4
271.9	0.5505	-85.6192	5.0926	4
272	0.0363	-77.0856	5.0961	4
272.1	-0.4779	-69.643	5.096	4
272.2	-0.992	-63.6019	5.0929	4
272.3	-1.5052	-59.4231	5.0893	4
272.4	-2.0193	-55.8218	5.0773	4
272.5	-2.5355	-50.3505	5.0764	4
272.6	-3.053	-44.5209	5.0856	4
272.7	-3.5701	-40.3992	5.0748	4
272.8	-4.0864	-37.7318	5.0741	4
272.9	-4.6034	-34.5965	5.0846	4
273	-5.12	-31.5294	5.0854	4
273.1	-5.6375	-28.0561	5.0827	4
273.2	-6.1558	-24.2796	5.0719	4
273.3	-6.6731	-22.2372	5.08	4
273.4	-7.1897	-21.4433	5.1033	4
273.5	-7.7061	-20.85	5.1011	4
273.6	-8.2224	-19.8697	5.1055	4
273.7	-8.7385	-18.5617	5.1133	4
273.8	-9.2545	-18.3842	5.1096	4
273.9	-9.7595	-17.9404	5.1143	4
274	-10.1534	-17.3422	5.1094	4
274.1	-10.3897	-17.0544	5.0971	4
274.2	-10.5747	-16.8813	5.1107	4
274.3	-10.7498	-16.8905	5.1214	4
274.4	-10.9196	-16.749	5.1156	4
274.5	-11.0865	-16.1413	5.1128	4
274.6	-11.2515	-15.176	5.1159	4
274.7	-11.4146	-14.9087	5.1151	4
274.8	-11.5766	-14.5993	5.1085	4
274.9	-11.738	-14.0014	5.1004	4
275	-11.8986	-13.8593	5.0953	4
