Indentation

 + Advanced

+ Advanced
   Acquisition rate :	10.0 [Hz]
   Linear loading
   Max load :	1000.00 	µN
   Loading rate :	500.00 	µN/min
   Unloading rate :	500.00 	µN/min
   Pause :	30.0 s

+ TTX - UNHT Bio S/N: 1000136751 settings
   Fn contact : 25 µN
   Approach distance : 20 µm
   Approach speed : 100 µm/min
   Retract speed : 200 µm/min
   Retract time : 5 sec
   Dz sensor in large range
   Load in fine range
   FnRef in fine range
   FnRef contactload :500.000 µN
   Stiffness threshold : 1 µN/µm

   X Position :8879.40 µm
   Y Position :36604.57 µm
   Z Position :7456.03 µm

Date :6/9/2026
Time :12:08:34 PM

Analysis n # 1

   Method :	Hertz

 + Parameters

  Load Fit [10%,98%]

 + Main results

   EHz=	805.67 	kPa

 + Hypothesis


 + Additional results

   ErHz=	885.35 kPa
   h offset=	4.43 µm
   R2=	1.00

Analysis n # 2

   Method :	Oliver & Pharr

 + Parameters

  Unload Fit [40%,98%]

 + Main results

   HIT=	24.228 	kPa
   EIT=	924.43 	kPa
   E*=	1015.9 	kPa

 + Hypothesis

   !!! Indenter not calibrated !!!
   m out of O&P hypothesis
   Poisson's ratio(nu)=	0.30 

 + Additional results

   HVIT=	0.0024698 	 Vickers
   CIT 0.001/120/30=	3.76 	%
   nIT=	63.10 %
   Fmax=	996.10 	µN
   hmax=	16.38 	µm
   S=	232.4206 	µN/µm
   F/S²=	0.0184 	µm²/µN
   hc=	13.26 	µm
   hr=	12.09 	µm
   hp=	-98.46 	µm
   m=	26.7964 
   Epsilon=	0.73 
   R2=	1.008
   Ap=	41113.01 	µm²
   Welast=	3223.00 pJ
   Wplast=	1885.13 pJ
   Wtotal=	5108.13 pJ
   Er=	1015.9 	kPa

Measured values
Time (s)	Pd (µm)	Fn (µN)	FnRef (µN)	SegmentID

0	0	0	5.1402	0
0.1	0.181	0.0348	5.1409	0
0.2	0.3611	0.2149	5.1441	0
0.3	0.5404	0.3839	5.1433	0
0.4	0.719	0.4392	5.1354	0
0.5	0.897	0.7271	5.143	0
0.6	1.0744	0.9067	5.1498	0
0.7	1.2509	1.2372	5.1458	1
0.8	1.4271	1.5965	5.1358	1
0.9	1.6028	1.9118	5.1342	1
1	1.7751	2.4053	5.1365	1
1.1	1.9026	2.6718	5.139	1
1.2	1.9527	2.6331	5.1444	1
1.3	1.9766	2.6755	5.1439	1
1.4	1.9985	2.7207	5.1419	1
1.5	2.02	2.8176	5.1321	1
1.6	2.0429	2.8359	5.1299	1
1.7	2.0673	2.8659	5.1474	1
1.8	2.094	2.9841	5.1492	1
1.9	2.1229	3.1114	5.1497	1
2	2.1544	3.1856	5.1419	1
2.1	2.1885	3.3204	5.1438	1
2.2	2.2257	3.4324	5.1427	1
2.3	2.2658	3.5935	5.1324	1
2.4	2.3085	3.8105	5.1232	1
2.5	2.3541	4.0128	5.1279	1
2.6	2.4028	4.2567	5.1378	1
2.7	2.4544	4.4924	5.1382	1
2.8	2.5088	4.8166	5.1534	1
2.9	2.566	5.1147	5.1513	1
3	2.626	5.4371	5.1326	1
3.1	2.6882	5.8422	5.1255	1
3.2	2.7529	6.2641	5.1128	1
3.3	2.8201	6.7216	5.1222	1
3.4	2.8894	7.2353	5.1399	1
3.5	2.9605	7.7839	5.1223	1
3.6	3.0334	8.3989	5.1185	1
3.7	3.1077	9.1375	5.1245	1
3.8	3.1832	9.786	5.1096	1
3.9	3.2595	10.5177	5.1043	1
4	3.3365	11.3786	5.1138	1
4.1	3.4139	12.2005	5.1237	1
4.2	3.4914	13.1118	5.1253	1
4.3	3.5686	14.0245	5.1201	1
4.4	3.6454	15.0482	5.1105	1
4.5	3.7216	16.0644	5.1101	1
4.6	3.7967	17.1586	5.1139	1
4.7	3.8711	18.2825	5.1195	1
4.8	3.944	19.3853	5.1242	1
4.9	4.0155	20.5297	5.1223	1
5	4.0857	21.7022	5.1103	1
5.1	4.1539	22.8552	5.1104	1
5.2	4.2205	24.0969	5.1091	1
5.3	4.2848	25.2475	5.1048	1
5.4	4.3475	26.4761	5.1148	1
5.5	4.4085	27.6515	5.1184	1
5.6	4.4672	28.809	5.1066	1
5.7	4.5241	29.9794	5.1145	1
5.8	4.5797	31.0797	5.1197	1
5.9	4.6336	32.232	5.1279	1
6	4.6856	33.3122	5.122	1
6.1	4.7363	34.4077	5.1177	1
6.2	4.7855	35.4796	5.1261	1
6.3	4.8334	36.486	5.1248	1
6.4	4.8799	37.5961	5.1196	1
6.5	4.9253	38.6684	5.1211	1
6.6	4.9687	39.743	5.1227	1
6.7	5.011	40.8272	5.1235	1
6.8	5.0521	41.8267	5.1339	1
6.9	5.0921	42.9196	5.1498	1
7	5.1308	43.8748	5.1494	1
7.1	5.1682	44.8168	5.1458	1
7.2	5.2051	45.8711	5.1445	1
7.3	5.2407	46.8915	5.153	1
7.4	5.2753	47.8849	5.1537	1
7.5	5.3092	48.8053	5.1425	1
7.6	5.3423	49.7596	5.132	1
7.7	5.3745	50.7623	5.1286	1
7.8	5.406	51.6914	5.132	1
7.9	5.4366	52.6435	5.1297	1
8	5.4664	53.5618	5.1265	1
8.1	5.4957	54.499	5.137	1
8.2	5.5243	55.4402	5.1532	1
8.3	5.5524	56.3539	5.1508	1
8.4	5.58	57.2825	5.1485	1
8.5	5.6069	58.1353	5.1606	1
8.6	5.6338	59.0715	5.1738	1
8.7	5.6599	59.9222	5.1633	1
8.8	5.6857	60.8345	5.1421	1
8.9	5.7114	61.6932	5.1389	1
9	5.7365	62.5205	5.1542	1
9.1	5.7615	63.4205	5.1528	1
9.2	5.7861	64.2683	5.1254	1
9.3	5.8108	65.1344	5.1309	1
9.4	5.8352	66.0027	5.1454	1
9.5	5.8595	66.8368	5.1434	1
9.6	5.8834	67.6926	5.1481	1
9.7	5.907	68.6019	5.1449	1
9.8	5.9304	69.4012	5.1409	1
9.9	5.9538	70.2936	5.1369	1
10	5.9771	71.1156	5.1192	1
10.1	6	71.9692	5.1228	1
10.2	6.0228	72.8525	5.1291	1
10.3	6.0454	73.7021	5.1408	1
10.4	6.0674	74.6053	5.1392	1
10.5	6.0896	75.455	5.1307	1
10.6	6.1117	76.3127	5.1431	1
10.7	6.1336	77.2024	5.1384	1
10.8	6.1551	78.0221	5.1425	1
10.9	6.1763	78.9277	5.16	1
11	6.1976	79.7759	5.1583	1
11.1	6.2185	80.5799	5.1314	1
11.2	6.2393	81.482	5.1313	1
11.3	6.2599	82.3114	5.1422	1
11.4	6.2801	83.1742	5.1477	1
11.5	6.3005	84.1284	5.1491	1
11.6	6.3206	84.8902	5.1584	1
11.7	6.3405	85.7789	5.1631	1
11.8	6.3605	86.6002	5.156	1
11.9	6.3802	87.4361	5.1534	1
12	6.4	88.2598	5.1443	1
12.1	6.4198	89.0687	5.1383	1
12.2	6.4394	90.0072	5.1407	1
12.3	6.4588	90.7862	5.147	1
12.4	6.478	91.602	5.1376	1
12.5	6.4974	92.5239	5.1254	1
12.6	6.5166	93.3144	5.1343	1
12.7	6.5356	94.2051	5.139	1
12.8	6.5548	95.0255	5.141	1
12.9	6.5733	95.8825	5.1412	1
13	6.5912	96.7664	5.1425	1
13.1	6.6097	97.5317	5.1459	1
13.2	6.6285	98.4422	5.1286	1
13.3	6.6471	99.3331	5.1315	1
13.4	6.6651	100.1279	5.1387	1
13.5	6.6834	100.9956	5.1445	1
13.6	6.7016	101.7743	5.1424	1
13.7	6.7197	102.6865	5.1332	1
13.8	6.7378	103.5229	5.1405	1
13.9	6.7557	104.34	5.1434	1
14	6.7737	105.2481	5.1482	1
14.1	6.7914	106.0544	5.1539	1
14.2	6.8089	107.0145	5.1575	1
14.3	6.8262	107.8232	5.1562	1
14.4	6.8433	108.644	5.1575	1
14.5	6.8605	109.6194	5.1513	1
14.6	6.8771	110.4527	5.1478	1
14.7	6.8933	111.3211	5.1523	1
14.8	6.9095	112.1944	5.1625	1
14.9	6.9255	113.0415	5.1693	1
15	6.9413	113.9611	5.1654	1
15.1	6.9568	114.7575	5.1476	1
15.2	6.9723	115.6262	5.1428	1
15.3	6.9879	116.4858	5.161	1
15.4	7.0031	117.3117	5.1646	1
15.5	7.0183	118.2098	5.1543	1
15.6	7.0336	119.0535	5.1498	1
15.7	7.0484	119.8348	5.1543	1
15.8	7.0634	120.7331	5.1481	1
15.9	7.0788	121.4385	5.1439	1
16	7.094	122.3176	5.1459	1
16.1	7.1089	123.1869	5.1545	1
16.2	7.1237	124.0628	5.1662	1
16.3	7.1383	124.9361	5.1544	1
16.4	7.153	125.6149	5.1469	1
16.5	7.1678	126.5407	5.1489	1
16.6	7.1829	127.4389	5.1562	1
16.7	7.1976	128.2194	5.1616	1
16.8	7.212	129.0501	5.1732	1
16.9	7.2266	129.8697	5.1874	1
17	7.2411	130.7168	5.1863	1
17.1	7.2558	131.6036	5.1827	1
17.2	7.2701	132.4155	5.1684	1
17.3	7.2846	133.2784	5.1567	1
17.4	7.2991	134.027	5.1569	1
17.5	7.3136	134.88	5.1463	1
17.6	7.328	135.8066	5.1537	1
17.7	7.3423	136.6262	5.1679	1
17.8	7.3564	137.4705	5.1679	1
17.9	7.3703	138.2808	5.1652	1
18	7.3842	139.1212	5.1547	1
18.1	7.3983	139.9654	5.1464	1
18.2	7.4122	140.756	5.1593	1
18.3	7.4261	141.638	5.1595	1
18.4	7.44	142.4878	5.1523	1
18.5	7.4536	143.3506	5.1566	1
18.6	7.4671	144.2189	5.1593	1
18.7	7.4807	145.0017	5.1719	1
18.8	7.4943	145.8844	5.1603	1
18.9	7.5078	146.7286	5.1458	1
19	7.5214	147.5138	5.152	1
19.1	7.5352	148.272	5.1643	1
19.2	7.5492	149.0965	5.1477	1
19.3	7.5635	149.8362	5.1467	1
19.4	7.5775	150.7538	5.1441	1
19.5	7.5916	151.5871	5.1388	1
19.6	7.6055	152.4062	5.1333	1
19.7	7.6194	153.259	5.1404	1
19.8	7.6334	154.0471	5.1465	1
19.9	7.6473	155.0379	5.1383	1
20	7.6606	155.8961	5.1405	1
20.1	7.6738	156.8245	5.1473	1
20.2	7.6866	157.661	5.1491	1
20.3	7.6991	158.5082	5.1432	1
20.4	7.7118	159.4396	5.1378	1
20.5	7.724	160.2756	5.1435	1
20.6	7.7359	161.1417	5.148	1
20.7	7.7477	162.0798	5.1365	1
20.8	7.7596	162.8145	5.1228	1
20.9	7.7715	163.7026	5.1156	1
21	7.7834	164.5552	5.1233	1
21.1	7.795	165.3985	5.1205	1
21.2	7.8068	166.122	5.1105	1
21.3	7.8187	166.9828	5.1187	1
21.4	7.8306	167.8935	5.125	1
21.5	7.8425	168.6992	5.1242	1
21.6	7.8542	169.5509	5.1208	1
21.7	7.8659	170.3527	5.1242	1
21.8	7.8776	171.0458	5.1306	1
21.9	7.89	171.8646	5.1333	1
22	7.9025	172.7359	5.1271	1
22.1	7.9148	173.5199	5.1277	1
22.2	7.9271	174.3023	5.1364	1
22.3	7.9394	175.1962	5.1488	1
22.4	7.9516	176.0903	5.1572	1
22.5	7.9638	176.9074	5.1592	1
22.6	7.9759	177.7214	5.1554	1
22.7	7.9876	178.6188	5.1355	1
22.8	7.9993	179.4373	5.1229	1
22.9	8.0111	180.2892	5.1198	1
23	8.023	181.1666	5.1354	1
23.1	8.0346	182.0049	5.1508	1
23.2	8.0459	182.8883	5.1505	1
23.3	8.0573	183.6831	5.1463	1
23.4	8.0689	184.4915	5.1415	1
23.5	8.0808	185.3117	5.1387	1
23.6	8.0927	186.0932	5.142	1
23.7	8.1046	186.9412	5.1246	1
23.8	8.1165	187.7971	5.1229	1
23.9	8.128	188.5865	5.1276	1
24	8.1397	189.4705	5.1397	1
24.1	8.1513	190.3024	5.1416	1
24.2	8.1629	191.1005	5.1292	1
24.3	8.1748	191.933	5.1288	1
24.4	8.1865	192.7161	5.1252	1
24.5	8.1982	193.6495	5.1264	1
24.6	8.21	194.4934	5.125	1
24.7	8.2215	195.2448	5.1268	1
24.8	8.2333	196.1038	5.1361	1
24.9	8.2452	196.9208	5.1292	1
25	8.2567	197.7345	5.1282	1
25.1	8.2684	198.6104	5.1231	1
25.2	8.2802	199.4841	5.1284	1
25.3	8.292	200.2559	5.1463	1
25.4	8.304	201.0724	5.1413	1
25.5	8.316	201.9067	5.1439	1
25.6	8.3281	202.6985	5.1353	1
25.7	8.3402	203.6092	5.135	1
25.8	8.3519	204.4105	5.1303	1
25.9	8.3635	205.291	5.1271	1
26	8.3752	206.1188	5.1221	1
26.1	8.3869	206.9919	5.1332	1
26.2	8.3987	207.7613	5.1379	1
26.3	8.4103	208.6446	5.1336	1
26.4	8.4218	209.5354	5.1321	1
26.5	8.433	210.3432	5.1462	1
26.6	8.4443	211.1452	5.1503	1
26.7	8.4558	211.8913	5.1355	1
26.8	8.4675	212.798	5.1388	1
26.9	8.4794	213.637	5.1479	1
27	8.4914	214.5012	5.1529	1
27.1	8.5028	215.2926	5.1556	1
27.2	8.5141	216.1439	5.1472	1
27.3	8.5253	217.0634	5.158	1
27.4	8.5363	217.9789	5.1509	1
27.5	8.5473	218.765	5.1365	1
27.6	8.5581	219.4728	5.1363	1
27.7	8.5692	220.3491	5.1331	1
27.8	8.5809	221.1747	5.1434	1
27.9	8.5928	222.0172	5.1543	1
28	8.6038	222.8902	5.1448	1
28.1	8.6147	223.7746	5.1423	1
28.2	8.626	224.5259	5.1401	1
28.3	8.6375	225.2674	5.1579	1
28.4	8.649	226.1036	5.1616	1
28.5	8.6605	226.9827	5.1537	1
28.6	8.6718	227.8458	5.1706	1
28.7	8.6832	228.6744	5.1769	1
28.8	8.6946	229.5572	5.1669	1
28.9	8.7057	230.416	5.1547	1
29	8.7166	231.1908	5.1685	1
29.1	8.7273	232.1149	5.1632	1
29.2	8.738	232.9932	5.1499	1
29.3	8.7484	233.8024	5.146	1
29.4	8.7592	234.6258	5.1472	1
29.5	8.7699	235.4619	5.1615	1
29.6	8.7806	236.3407	5.1495	1
29.7	8.7911	237.1119	5.1381	1
29.8	8.8015	238.027	5.1411	1
29.9	8.812	238.9147	5.1464	1
30	8.8221	239.6952	5.1516	1
30.1	8.8327	240.5781	5.1454	1
30.2	8.8431	241.2593	5.1486	1
30.3	8.8534	242.2311	5.1582	1
30.4	8.8639	242.9444	5.1664	1
30.5	8.8741	243.8214	5.157	1
30.6	8.8848	244.6384	5.1459	1
30.7	8.8953	245.4279	5.1521	1
30.8	8.9062	246.3174	5.1537	1
30.9	8.9169	247.1008	5.159	1
31	8.9273	247.9752	5.1595	1
31.1	8.9379	248.7661	5.1385	1
31.2	8.9485	249.6228	5.1391	1
31.3	8.9593	250.5109	5.1458	1
31.4	8.9698	251.1827	5.1396	1
31.5	8.9802	252.1503	5.1432	1
31.6	8.9909	253.01	5.1445	1
31.7	9.0012	253.8455	5.1461	1
31.8	9.0115	254.7085	5.1504	1
31.9	9.0218	255.3956	5.157	1
32	9.032	256.4675	5.1703	1
32.1	9.0425	257.131	5.1799	1
32.2	9.0527	257.9304	5.1592	1
32.3	9.0636	258.8515	5.1552	1
32.4	9.074	259.4884	5.1594	1
32.5	9.0844	260.505	5.1525	1
32.6	9.095	261.3091	5.135	1
32.7	9.1051	262.1772	5.1301	1
32.8	9.1152	263.094	5.1404	1
32.9	9.1255	263.7784	5.1433	1
33	9.136	264.6904	5.1552	1
33.1	9.1467	265.4242	5.1521	1
33.2	9.157	266.2551	5.1381	1
33.3	9.1677	267.1782	5.144	1
33.4	9.1778	267.979	5.1559	1
33.5	9.1875	268.9795	5.1572	1
33.6	9.1977	269.7645	5.1526	1
33.7	9.2077	270.5244	5.1578	1
33.8	9.2177	271.4715	5.1525	1
33.9	9.2276	272.2094	5.1458	1
34	9.2373	273.2117	5.1513	1
34.1	9.2468	273.9835	5.1559	1
34.2	9.2561	274.7563	5.1747	1
34.3	9.2657	275.6756	5.1845	1
34.4	9.2756	276.3421	5.1734	1
34.5	9.2856	277.1818	5.1528	1
34.6	9.2955	278.1017	5.1464	1
34.7	9.3055	278.8905	5.1451	1
34.8	9.3152	279.7258	5.1671	1
34.9	9.3249	280.6527	5.1718	1
35	9.335	281.3336	5.1539	1
35.1	9.345	282.2521	5.1498	1
35.2	9.3549	283.0477	5.1598	1
35.3	9.3646	283.7819	5.1727	1
35.4	9.3747	284.771	5.17	1
35.5	9.3846	285.5091	5.1716	1
35.6	9.3941	286.544	5.1811	1
35.7	9.404	287.2796	5.1657	1
35.8	9.4136	288.011	5.1522	1
35.9	9.4233	289.0602	5.1696	1
36	9.4328	289.7113	5.1776	1
36.1	9.4421	290.7435	5.176	1
36.2	9.4516	291.4859	5.1644	1
36.3	9.4605	292.3169	5.1586	1
36.4	9.4697	293.2928	5.1642	1
36.5	9.479	293.9867	5.152	1
36.6	9.4881	294.8643	5.1639	1
36.7	9.4974	295.7166	5.182	1
36.8	9.5065	296.5353	5.1771	1
36.9	9.5155	297.4406	5.1587	1
37	9.5247	298.1994	5.1458	1
37.1	9.5337	299.066	5.1502	1
37.2	9.5425	299.922	5.1603	1
37.3	9.5514	300.7774	5.1704	1
37.4	9.5602	301.5615	5.1644	1
37.5	9.569	302.4256	5.1532	1
37.6	9.5781	303.1571	5.1575	1
37.7	9.5869	304.0506	5.1506	1
37.8	9.596	304.832	5.1484	1
37.9	9.6053	305.5309	5.1592	1
38	9.6149	306.5161	5.1768	1
38.1	9.6243	307.3371	5.174	1
38.2	9.6331	308.2244	5.1796	1
38.3	9.642	308.9925	5.1789	1
38.4	9.6511	309.7799	5.174	1
38.5	9.6604	310.7498	5.1731	1
38.6	9.6695	311.4917	5.1796	1
38.7	9.6785	312.4132	5.1815	1
38.8	9.6876	313.2499	5.182	1
38.9	9.6963	313.9616	5.1707	1
39	9.7052	314.9422	5.1773	1
39.1	9.7143	315.6499	5.1707	1
39.2	9.7233	316.6421	5.1666	1
39.3	9.732	317.5027	5.1707	1
39.4	9.7401	318.3394	5.1756	1
39.5	9.7486	319.1877	5.1786	1
39.6	9.7569	319.9794	5.1799	1
39.7	9.7652	320.8749	5.1707	1
39.8	9.7736	321.6127	5.1674	1
39.9	9.7819	322.4878	5.1746	1
40	9.7903	323.3605	5.179	1
40.1	9.7987	324.1433	5.1752	1
40.2	9.8074	324.9805	5.1775	1
40.3	9.8158	325.8153	5.1851	1
40.4	9.8241	326.7208	5.1828	1
40.5	9.8324	327.4934	5.1735	1
40.6	9.8406	328.3541	5.1666	1
40.7	9.8489	329.1426	5.1696	1
40.8	9.8571	329.9836	5.1792	1
40.9	9.8655	330.8302	5.1728	1
41	9.8739	331.6312	5.1745	1
41.1	9.8822	332.5616	5.1771	1
41.2	9.8906	333.2505	5.1809	1
41.3	9.8989	334.109	5.187	1
41.4	9.9074	334.9872	5.1976	1
41.5	9.9158	335.715	5.2018	1
41.6	9.9242	336.6034	5.1985	1
41.7	9.9329	337.3796	5.1942	1
41.8	9.9416	338.2341	5.1881	1
41.9	9.9501	339.1431	5.175	1
42	9.9586	339.9064	5.1781	1
42.1	9.9674	340.7515	5.1805	1
42.2	9.9763	341.5635	5.1782	1
42.3	9.985	342.2814	5.1913	1
42.4	9.994	343.2011	5.1886	1
42.5	10.0029	343.9529	5.1771	1
42.6	10.0118	344.9356	5.1788	1
42.7	10.021	345.6353	5.1829	1
42.8	10.0299	346.4497	5.1955	1
42.9	10.039	347.3968	5.198	1
43	10.0478	348.121	5.1942	1
43.1	10.0567	349.0995	5.195	1
43.2	10.0658	349.8776	5.1889	1
43.3	10.0742	350.6887	5.1797	1
43.4	10.083	351.6206	5.1889	1
43.5	10.0921	352.2763	5.1973	1
43.6	10.1008	353.3023	5.1971	1
43.7	10.1096	354.11	5.1825	1
43.8	10.1179	354.9599	5.1752	1
43.9	10.1262	355.8811	5.1723	1
44	10.1342	356.6517	5.1838	1
44.1	10.142	357.6436	5.1892	1
44.2	10.1502	358.3065	5.1658	1
44.3	10.1587	359.1053	5.1555	1
44.4	10.1675	359.8829	5.1689	1
44.5	10.1764	360.6371	5.1872	1
44.6	10.1854	361.4539	5.1718	1
44.7	10.1952	362.1296	5.162	1
44.8	10.2052	362.8125	5.1706	1
44.9	10.2158	363.6791	5.1664	1
45	10.2263	364.4669	5.1681	1
45.1	10.2369	365.3648	5.1698	1
45.2	10.2478	366.0576	5.1691	1
45.3	10.2586	366.9849	5.1812	1
45.4	10.2691	367.9308	5.1874	1
45.5	10.2791	368.7917	5.1718	1
45.6	10.289	369.7419	5.178	1
45.7	10.2986	370.5693	5.182	1
45.8	10.3077	371.4434	5.1534	1
45.9	10.3172	372.318	5.1457	1
46	10.3263	373.1522	5.1533	1
46.1	10.3351	374.1529	5.1607	1
46.2	10.3437	374.9707	5.1503	1
46.3	10.352	375.8491	5.1573	1
46.4	10.3604	376.7896	5.1696	1
46.5	10.3686	377.5138	5.1632	1
46.6	10.3765	378.4426	5.1653	1
46.7	10.3845	379.3021	5.1713	1
46.8	10.3922	380.0315	5.1755	1
46.9	10.4	380.9524	5.1636	1
47	10.408	381.7629	5.161	1
47.1	10.4156	382.6111	5.1715	1
47.2	10.4234	383.3875	5.1754	1
47.3	10.4315	384.1701	5.1603	1
47.4	10.4394	385.1269	5.1472	1
47.5	10.4469	385.9364	5.143	1
47.6	10.4544	386.7651	5.1375	1
47.7	10.4622	387.6284	5.1226	1
47.8	10.4701	388.4322	5.1198	1
47.9	10.4778	389.2883	5.1389	1
48	10.4853	390.1531	5.1418	1
48.1	10.4927	390.8864	5.1422	1
48.2	10.5003	391.7407	5.1425	1
48.3	10.5082	392.5134	5.1532	1
48.4	10.5161	393.3616	5.1486	1
48.5	10.5241	394.2477	5.1439	1
48.6	10.5321	395	5.1567	1
48.7	10.5404	395.7311	5.1638	1
48.8	10.5492	396.5467	5.1542	1
48.9	10.5579	397.419	5.1518	1
49	10.5662	398.3819	5.158	1
49.1	10.5742	399.0632	5.1685	1
49.2	10.5822	399.8682	5.1707	1
49.3	10.5908	400.6792	5.1687	1
49.4	10.5994	401.4696	5.1671	1
49.5	10.6081	402.3868	5.1785	1
49.6	10.6172	403.078	5.1844	1
49.7	10.6259	404.0583	5.1799	1
49.8	10.6349	404.876	5.171	1
49.9	10.6438	405.5393	5.1657	1
50	10.6529	406.4608	5.1678	1
50.1	10.6621	407.2798	5.1665	1
50.2	10.6712	408.0717	5.1556	1
50.3	10.6808	408.8855	5.1562	1
50.4	10.6902	409.7272	5.1582	1
50.5	10.6996	410.6393	5.1602	1
50.6	10.709	411.2961	5.1569	1
50.7	10.7185	412.1798	5.1496	1
50.8	10.7283	413.0758	5.1586	1
50.9	10.7377	413.8467	5.1736	1
51	10.7472	414.8044	5.1594	1
51.1	10.7568	415.4859	5.1623	1
51.2	10.7659	416.4281	5.1662	1
51.3	10.7753	417.2414	5.1596	1
51.4	10.7843	418.0359	5.1591	1
51.5	10.7934	419.088	5.1575	1
51.6	10.8025	419.8149	5.1494	1
51.7	10.8113	420.732	5.1562	1
51.8	10.8201	421.6709	5.1688	1
51.9	10.8285	422.4482	5.1642	1
52	10.8369	423.3641	5.1562	1
52.1	10.8454	424.1522	5.1378	1
52.2	10.8535	425.0182	5.142	1
52.3	10.8616	425.8984	5.1606	1
52.4	10.8696	426.6794	5.1527	1
52.5	10.8776	427.6344	5.1425	1
52.6	10.8857	428.3432	5.1577	1
52.7	10.8937	429.1681	5.1672	1
52.8	10.9016	430.065	5.1663	1
52.9	10.9095	430.7948	5.1697	1
53	10.9174	431.7409	5.1638	1
53.1	10.9256	432.4769	5.1642	1
53.2	10.9336	433.3785	5.1779	1
53.3	10.9418	434.2197	5.1774	1
53.4	10.9496	434.95	5.1653	1
53.5	10.9573	435.9529	5.165	1
53.6	10.9653	436.661	5.1682	1
53.7	10.9734	437.5525	5.1618	1
53.8	10.9814	438.396	5.1547	1
53.9	10.9891	439.1768	5.1562	1
54	10.9967	440.1384	5.1663	1
54.1	11.0043	440.8678	5.1767	1
54.2	11.012	441.6906	5.1631	1
54.3	11.0201	442.5182	5.1618	1
54.4	11.0282	443.2718	5.1645	1
54.5	11.0365	444.187	5.1529	1
54.6	11.0447	444.9571	5.1391	1
54.7	11.053	445.7499	5.1303	1
54.8	11.0617	446.6271	5.1349	1
54.9	11.0697	447.4776	5.128	1
55	11.0778	448.3385	5.1397	1
55.1	11.0861	449.0346	5.1528	1
55.2	11.0946	449.9047	5.1371	1
55.3	11.1035	450.6977	5.1229	1
55.4	11.1121	451.5023	5.147	1
55.5	11.1207	452.4253	5.1618	1
55.6	11.129	453.2991	5.1636	1
55.7	11.1374	454.1252	5.1527	1
55.8	11.1459	454.8795	5.1464	1
55.9	11.1544	455.7671	5.1558	1
56	11.1629	456.5456	5.1501	1
56.1	11.1715	457.4349	5.1508	1
56.2	11.18	458.1675	5.1615	1
56.3	11.1884	459.0624	5.143	1
56.4	11.1969	459.9641	5.1314	1
56.5	11.2052	460.782	5.1277	1
56.6	11.2136	461.6715	5.1419	1
56.7	11.2219	462.409	5.1545	1
56.8	11.2299	463.2748	5.1563	1
56.9	11.2385	464.1605	5.1663	1
57	11.2467	464.9039	5.1793	1
57.1	11.2551	465.7858	5.1665	1
57.2	11.2636	466.5713	5.1514	1
57.3	11.2719	467.5078	5.1532	1
57.4	11.2799	468.3747	5.1406	1
57.5	11.2877	469.207	5.1542	1
57.6	11.2956	470.062	5.1552	1
57.7	11.3034	470.8658	5.1515	1
57.8	11.3114	471.692	5.1569	1
57.9	11.3193	472.5669	5.161	1
58	11.3272	473.4338	5.1642	1
58.1	11.335	474.2669	5.1536	1
58.2	11.3425	475.0858	5.1574	1
58.3	11.3502	475.8816	5.1671	1
58.4	11.3582	476.6735	5.1743	1
58.5	11.366	477.5647	5.1676	1
58.6	11.3739	478.3694	5.1651	1
58.7	11.3822	479.051	5.1659	1
58.8	11.3908	479.8734	5.1743	1
58.9	11.3992	480.7528	5.1721	1
59	11.4075	481.5903	5.1587	1
59.1	11.416	482.3885	5.1648	1
59.2	11.4244	483.2467	5.1695	1
59.3	11.4326	484.1513	5.1584	1
59.4	11.441	484.9423	5.1743	1
59.5	11.4494	485.7981	5.1715	1
59.6	11.4575	486.6146	5.1583	1
59.7	11.4653	487.4732	5.1723	1
59.8	11.4734	488.3656	5.1761	1
59.9	11.4816	489.088	5.17	1
60	11.4894	490.0115	5.1716	1
60.1	11.4971	490.9059	5.1847	1
60.2	11.505	491.6313	5.1721	1
60.3	11.5129	492.5521	5.1629	1
60.4	11.5207	493.4341	5.1745	1
60.5	11.5284	494.2598	5.1868	1
60.6	11.536	495.0837	5.1831	1
60.7	11.5438	495.8594	5.176	1
60.8	11.5512	496.8044	5.1658	1
60.9	11.5584	497.7098	5.1848	1
61	11.5656	498.4824	5.1863	1
61.1	11.5728	499.3667	5.1775	1
61.2	11.5798	500.2721	5.1731	1
61.3	11.5869	500.955	5.1686	1
61.4	11.5941	501.8291	5.1499	1
61.5	11.6012	502.7406	5.1387	1
61.6	11.6079	503.4999	5.138	1
61.7	11.6148	504.3914	5.1445	1
61.8	11.6219	505.0979	5.1527	1
61.9	11.629	506.1013	5.1533	1
62	11.636	506.8899	5.1537	1
62.1	11.6426	507.7437	5.1525	1
62.2	11.6493	508.613	5.1553	1
62.3	11.656	509.3825	5.1564	1
62.4	11.6627	510.2814	5.1482	1
62.5	11.6695	511.058	5.1534	1
62.6	11.6761	511.9193	5.152	1
62.7	11.6826	512.7802	5.1462	1
62.8	11.6892	513.5138	5.1564	1
62.9	11.6961	514.3908	5.1662	1
63	11.7027	515.2813	5.1683	1
63.1	11.709	516.1313	5.1584	1
63.2	11.7156	516.9061	5.1414	1
63.3	11.7223	517.6804	5.1314	1
63.4	11.729	518.6025	5.1363	1
63.5	11.7357	519.4055	5.1372	1
63.6	11.7426	520.1857	5.1384	1
63.7	11.7493	521.0263	5.1506	1
63.8	11.7561	521.8355	5.1582	1
63.9	11.7632	522.6529	5.1669	1
64	11.7703	523.4089	5.1646	1
64.1	11.7775	524.2564	5.1528	1
64.2	11.7846	525.1929	5.1493	1
64.3	11.7918	525.9851	5.1547	1
64.4	11.799	526.7439	5.1681	1
64.5	11.8062	527.6338	5.1724	1
64.6	11.8133	528.4811	5.1543	1
64.7	11.8206	529.2061	5.1319	1
64.8	11.828	530.0262	5.13	1
64.9	11.8357	530.8813	5.13	1
65	11.8431	531.758	5.1259	1
65.1	11.8504	532.5668	5.1381	1
65.2	11.8579	533.4475	5.1468	1
65.3	11.8653	534.3132	5.1317	1
65.4	11.8724	535.0959	5.1288	1
65.5	11.8798	535.8855	5.1382	1
65.6	11.8875	536.6984	5.1288	1
65.7	11.8948	537.6003	5.1346	1
65.8	11.902	538.4659	5.1316	1
65.9	11.9095	539.2388	5.1455	1
66	11.9167	540.0807	5.1545	1
66.1	11.9238	540.9302	5.1435	1
66.2	11.9312	541.7053	5.1186	1
66.3	11.9387	542.5616	5.1137	1
66.4	11.9462	543.4341	5.118	1
66.5	11.9531	544.3529	5.1118	1
66.6	11.96	545.2134	5.1	1
66.7	11.9669	546.0177	5.1114	1
66.8	11.9737	546.8593	5.1352	1
66.9	11.9805	547.782	5.1362	1
67	11.9872	548.6055	5.1349	1
67.1	11.9941	549.2786	5.1462	1
67.2	12.0011	550.1522	5.1423	1
67.3	12.0083	550.9072	5.1303	1
67.4	12.016	551.6148	5.1304	1
67.5	12.0241	552.3857	5.1252	1
67.6	12.0321	553.1717	5.1236	1
67.7	12.0401	554.177	5.1375	1
67.8	12.0483	554.9166	5.1284	1
67.9	12.0564	555.7375	5.1325	1
68	12.0644	556.6254	5.1428	1
68.1	12.072	557.4785	5.1484	1
68.2	12.0801	558.2958	5.1461	1
68.3	12.0882	559.1016	5.13	1
68.4	12.0958	560.0891	5.1366	1
68.5	12.1032	560.909	5.1475	1
68.6	12.1108	561.6087	5.1569	1
68.7	12.1188	562.5004	5.1528	1
68.8	12.1267	563.3679	5.1583	1
68.9	12.134	564.3359	5.1602	1
69	12.1414	565.0886	5.1512	1
69.1	12.1488	565.8942	5.1481	1
69.2	12.1564	566.7761	5.1401	1
69.3	12.1639	567.5606	5.1377	1
69.4	12.1713	568.4031	5.1519	1
69.5	12.1787	569.1562	5.1606	1
69.6	12.1861	570.104	5.1616	1
69.7	12.1936	570.9571	5.1613	1
69.8	12.201	571.6932	5.17	1
69.9	12.2085	572.6017	5.173	1
70	12.2159	573.3595	5.1591	1
70.1	12.2232	574.2333	5.1445	1
70.2	12.2307	575.07	5.1387	1
70.3	12.238	575.9803	5.1377	1
70.4	12.2451	576.7675	5.1445	1
70.5	12.2523	577.603	5.159	1
70.6	12.2598	578.5053	5.1523	1
70.7	12.2672	579.2606	5.1533	1
70.8	12.2743	580.1641	5.1579	1
70.9	12.2814	580.9372	5.162	1
71	12.2887	581.7027	5.1627	1
71.1	12.2962	582.5943	5.156	1
71.2	12.3035	583.3227	5.1475	1
71.3	12.3112	584.1417	5.1479	1
71.4	12.3195	584.8067	5.1603	1
71.5	12.3277	585.7443	5.1638	1
71.6	12.3357	586.7248	5.1567	1
71.7	12.3433	587.5065	5.1424	1
71.8	12.3512	588.3495	5.1393	1
71.9	12.3592	589.1246	5.1567	1
72	12.3669	590.0553	5.1465	1
72.1	12.3748	590.8322	5.1455	1
72.2	12.3827	591.6276	5.1499	1
72.3	12.3906	592.5618	5.153	1
72.4	12.398	593.407	5.1557	1
72.5	12.4052	594.2912	5.1616	1
72.6	12.4127	595.0677	5.1493	1
72.7	12.4202	595.8103	5.145	1
72.8	12.428	596.6697	5.151	1
72.9	12.4355	597.5397	5.1565	1
73	12.4428	598.5426	5.1673	1
73.1	12.4498	599.3262	5.1725	1
73.2	12.4566	600.1765	5.1711	1
73.3	12.4636	601.0419	5.1682	1
73.4	12.4705	601.8215	5.1479	1
73.5	12.4773	602.7256	5.1474	1
73.6	12.4839	603.5368	5.1636	1
73.7	12.4907	604.3418	5.1659	1
73.8	12.4982	605.0424	5.1532	1
73.9	12.5057	605.8945	5.1475	1
74	12.513	606.7702	5.1525	1
74.1	12.5202	607.5508	5.1589	1
74.2	12.5275	608.4358	5.1523	1
74.3	12.5348	609.2525	5.1502	1
74.4	12.5419	610.1635	5.141	1
74.5	12.5491	610.9605	5.1383	1
74.6	12.5562	611.7379	5.1516	1
74.7	12.5636	612.6825	5.1639	1
74.8	12.571	613.3438	5.1715	1
74.9	12.5785	614.2072	5.1511	1
75	12.586	615.0714	5.1495	1
75.1	12.5932	615.9514	5.1608	1
75.2	12.6004	616.7602	5.1574	1
75.3	12.6077	617.4789	5.1618	1
75.4	12.6154	618.4045	5.1678	1
75.5	12.6231	619.2375	5.1664	1
75.6	12.6305	620.0487	5.1735	1
75.7	12.6379	620.8564	5.1821	1
75.8	12.6456	621.664	5.167	1
75.9	12.6535	622.4927	5.1445	1
76	12.6612	623.3004	5.1455	1
76.1	12.6689	624.2052	5.1658	1
76.2	12.6769	624.9676	5.1652	1
76.3	12.6848	625.7299	5.1618	1
76.4	12.6928	626.6569	5.1696	1
76.5	12.7008	627.4436	5.1607	1
76.6	12.7085	628.3156	5.1479	1
76.7	12.7164	629.1666	5.1486	1
76.8	12.724	630.0005	5.1543	1
76.9	12.7319	630.7552	5.1574	1
77	12.74	631.585	5.151	1
77.1	12.748	632.4733	5.1396	1
77.2	12.756	633.3411	5.1334	1
77.3	12.7638	634.1733	5.139	1
77.4	12.7714	635.058	5.1463	1
77.5	12.7786	635.9499	5.1404	1
77.6	12.7858	636.8463	5.1457	1
77.7	12.7928	637.679	5.1295	1
77.8	12.7999	638.459	5.1339	1
77.9	12.8072	639.2811	5.1331	1
78	12.8147	640.0479	5.1335	1
78.1	12.8224	640.7957	5.1573	1
78.2	12.8302	641.5997	5.1614	1
78.3	12.8379	642.5842	5.164	1
78.4	12.8452	643.3903	5.1571	1
78.5	12.8527	644.2365	5.1539	1
78.6	12.8601	645.0964	5.1494	1
78.7	12.8675	646.0068	5.1482	1
78.8	12.8748	646.853	5.1479	1
78.9	12.8818	647.6142	5.1345	1
79	12.8886	648.5338	5.1281	1
79.1	12.8953	649.4418	5.129	1
79.2	12.9017	650.2708	5.1255	1
79.3	12.9083	651.1056	5.127	1
79.4	12.9146	651.8451	5.1268	1
79.5	12.9212	652.7372	5.1207	1
79.6	12.9279	653.5429	5.1234	1
79.7	12.9343	654.4488	5.1242	1
79.8	12.941	655.2	5.1373	1
79.9	12.9476	656.1231	5.1429	1
80	12.954	656.9636	5.1381	1
80.1	12.9604	657.7382	5.1399	1
80.2	12.9667	658.6369	5.1435	1
80.3	12.9734	659.376	5.1458	1
80.4	12.98	660.2003	5.1402	1
80.5	12.9865	661.0812	5.1346	1
80.6	12.9929	661.9291	5.1467	1
80.7	12.9994	662.7399	5.1488	1
80.8	13.0061	663.519	5.1467	1
80.9	13.0128	664.3797	5.1488	1
81	13.0192	665.2039	5.1596	1
81.1	13.0259	666.019	5.1506	1
81.2	13.0328	666.7536	5.1227	1
81.3	13.04	667.5293	5.1305	1
81.4	13.0473	668.3753	5.1318	1
81.5	13.0548	669.216	5.1386	1
81.6	13.0624	670.041	5.146	1
81.7	13.0698	670.9466	5.1409	1
81.8	13.0768	671.7707	5.1293	1
81.9	13.0838	672.5921	5.123	1
82	13.0909	673.4605	5.1227	1
82.1	13.0981	674.2146	5.126	1
82.2	13.1054	675.1018	5.13	1
82.3	13.1126	675.9281	5.1356	1
82.4	13.1195	676.7815	5.1241	1
82.5	13.1267	677.6406	5.113	1
82.6	13.1339	678.3573	5.1049	1
82.7	13.1415	679.1932	5.0996	1
82.8	13.1491	680.0584	5.0981	1
82.9	13.1564	680.9062	5.0886	1
83	13.1634	681.7807	5.1048	1
83.1	13.1703	682.71	5.1176	1
83.2	13.1772	683.548	5.1194	1
83.3	13.1839	684.3282	5.1194	1
83.4	13.1905	685.255	5.1326	1
83.5	13.1971	686.0546	5.1402	1
83.6	13.2036	686.8991	5.1519	1
83.7	13.2103	687.6783	5.137	1
83.8	13.2168	688.5614	5.119	1
83.9	13.2234	689.4459	5.1119	1
84	13.2298	690.2768	5.1136	1
84.1	13.2362	691.0618	5.1287	1
84.2	13.2426	691.7981	5.1284	1
84.3	13.2491	692.7238	5.1076	1
84.4	13.2558	693.5761	5.1127	1
84.5	13.2624	694.3346	5.1159	1
84.6	13.2693	695.1578	5.1234	1
84.7	13.2762	695.9517	5.1294	1
84.8	13.2832	696.8252	5.117	1
84.9	13.2902	697.6145	5.12	1
85	13.2973	698.5209	5.1309	1
85.1	13.3044	699.2943	5.1161	1
85.2	13.3114	700.0596	5.1202	1
85.3	13.3186	700.9024	5.1465	1
85.4	13.3256	701.7863	5.1459	1
85.5	13.3327	702.6057	5.1354	1
85.6	13.3392	703.5041	5.1284	1
85.7	13.3445	705.0297	5.1252	1
85.8	13.347	706.2624	5.1319	1
85.9	13.3495	706.6762	5.1223	1
86	13.3569	706.0234	5.1294	1
86.1	13.3695	706.1551	5.1453	1
86.2	13.3824	707.5034	5.1363	1
86.3	13.3913	709.139	5.1426	1
86.4	13.398	710.3629	5.1469	1
86.5	13.404	711.2221	5.126	1
86.6	13.4097	712.0554	5.1202	1
86.7	13.4155	712.9293	5.1247	1
86.8	13.4207	713.7875	5.1181	1
86.9	13.4261	714.6778	5.1154	1
87	13.4323	715.2195	5.1195	1
87.1	13.4387	715.8965	5.1122	1
87.2	13.4458	716.7936	5.0963	1
87.3	13.4526	717.6183	5.0951	1
87.4	13.4593	718.5984	5.1043	1
87.5	13.4661	719.3238	5.1232	1
87.6	13.473	720.0423	5.1329	1
87.7	13.4809	720.7962	5.1284	1
87.8	13.4894	721.365	5.1228	1
87.9	13.4979	722.3277	5.1208	1
88	13.5061	723.3038	5.1253	1
88.1	13.5135	724.1059	5.1353	1
88.2	13.5212	725.0061	5.1307	1
88.3	13.5292	725.7667	5.1253	1
88.4	13.5364	726.7464	5.1317	1
88.5	13.544	727.4927	5.1215	1
88.6	13.5516	728.3118	5.1289	1
88.7	13.5589	729.3666	5.1356	1
88.8	13.5659	730.0344	5.1318	1
88.9	13.5729	730.9052	5.1247	1
89	13.5802	731.8276	5.1234	1
89.1	13.587	732.6381	5.126	1
89.2	13.5935	733.6281	5.1238	1
89.3	13.6004	734.307	5.1179	1
89.4	13.6074	735.0763	5.1046	1
89.5	13.6147	735.9261	5.1029	1
89.6	13.6225	736.4407	5.1192	1
89.7	13.6314	736.9968	5.1115	1
89.8	13.6418	737.6231	5.1031	1
89.9	13.6522	738.5659	5.1141	1
90	13.6616	739.8385	5.1173	1
90.1	13.6694	741.0133	5.1255	1
90.2	13.6742	742.8076	5.1321	1
90.3	13.6735	744.7226	5.1317	1
90.4	13.6736	744.5337	5.1308	1
90.5	13.676	745.1695	5.1259	1
90.6	13.6816	745.289	5.1174	1
90.7	13.6871	746.1006	5.1177	1
90.8	13.6943	746.7254	5.1126	1
90.9	13.7011	747.5208	5.1187	1
91	13.7084	748.4201	5.1233	1
91.1	13.7154	749.2791	5.1214	1
91.2	13.7227	749.9735	5.1153	1
91.3	13.7295	750.9984	5.1156	1
91.4	13.7364	751.7839	5.1207	1
91.5	13.7432	752.5348	5.1223	1
91.6	13.7503	753.5136	5.1155	1
91.7	13.7569	754.3519	5.1231	1
91.8	13.7634	755.2656	5.1338	1
91.9	13.7699	756.0874	5.1329	1
92	13.7763	756.8218	5.1139	1
92.1	13.7828	757.7504	5.1135	1
92.2	13.7894	758.5614	5.12	1
92.3	13.796	759.347	5.1082	1
92.4	13.8025	760.1984	5.1171	1
92.5	13.8091	760.9161	5.1379	1
92.6	13.8158	761.8311	5.1329	1
92.7	13.8225	762.7354	5.1158	1
92.8	13.8287	763.6126	5.1116	1
92.9	13.835	764.4475	5.1288	1
93	13.8414	765.2054	5.128	1
93.1	13.8479	766.089	5.1462	1
93.2	13.8543	766.9024	5.1505	1
93.3	13.8604	767.7337	5.1311	1
93.4	13.8668	768.5146	5.1284	1
93.5	13.8734	769.3473	5.1303	1
93.6	13.8797	770.2481	5.1274	1
93.7	13.8863	771.0758	5.124	1
93.8	13.8931	771.8483	5.1302	1
93.9	13.8998	772.7124	5.1306	1
94	13.9063	773.4625	5.1308	1
94.1	13.9127	774.4388	5.1302	1
94.2	13.9191	775.1878	5.1261	1
94.3	13.9258	775.9624	5.128	1
94.4	13.9327	776.7615	5.1287	1
94.5	13.9398	777.5979	5.1245	1
94.6	13.9468	778.3966	5.127	1
94.7	13.9542	779.1229	5.1275	1
94.8	13.9617	780.0215	5.1215	1
94.9	13.9692	780.9046	5.1214	1
95	13.9766	781.666	5.122	1
95.1	13.984	782.4714	5.1057	1
95.2	13.9915	783.41	5.0981	1
95.3	13.9987	784.1986	5.1021	1
95.4	14.0055	785.0911	5.1018	1
95.5	14.0124	786.0342	5.1081	1
95.6	14.0191	786.8547	5.1216	1
95.7	14.0254	787.8175	5.127	1
95.8	14.0315	788.6349	5.1158	1
95.9	14.0374	789.4916	5.1109	1
96	14.0434	790.3302	5.1158	1
96.1	14.0495	791.0563	5.1342	1
96.2	14.0555	792.0007	5.1473	1
96.3	14.0614	792.7676	5.1365	1
96.4	14.0672	793.6628	5.1349	1
96.5	14.0733	794.5774	5.1485	1
96.6	14.079	795.2854	5.1513	1
96.7	14.0849	796.2341	5.1548	1
96.8	14.0909	796.9464	5.1491	1
96.9	14.097	797.7605	5.139	1
97	14.1031	798.6292	5.1361	1
97.1	14.1088	799.5127	5.1404	1
97.2	14.1146	800.3923	5.1386	1
97.3	14.1209	801.1055	5.142	1
97.4	14.1276	801.7437	5.1419	1
97.5	14.1354	802.2052	5.1523	1
97.6	14.1444	803.083	5.1565	1
97.7	14.1522	804.2157	5.1477	1
97.8	14.1582	805.3409	5.143	1
97.9	14.1642	806.1082	5.1423	1
98	14.1703	806.9269	5.1574	1
98.1	14.1768	807.7514	5.1652	1
98.2	14.1832	808.4532	5.1531	1
98.3	14.1894	809.4444	5.1577	1
98.4	14.1958	810.2723	5.1622	1
98.5	14.202	811.1136	5.1457	1
98.6	14.2083	811.8978	5.151	1
98.7	14.2146	812.6504	5.1473	1
98.8	14.2212	813.5103	5.1443	1
98.9	14.2277	814.3256	5.1506	1
99	14.2342	815.2034	5.1568	1
99.1	14.2408	815.9709	5.1622	1
99.2	14.2477	816.7236	5.1586	1
99.3	14.2547	817.5655	5.16	1
99.4	14.2617	818.3853	5.1518	1
99.5	14.2683	819.3803	5.1323	1
99.6	14.2746	820.2405	5.1259	1
99.7	14.2808	821.0947	5.1447	1
99.8	14.2872	821.878	5.1459	1
99.9	14.2937	822.6268	5.1303	1
100	14.3005	823.5435	5.1212	1
100.1	14.3072	824.3354	5.1219	1
100.2	14.3136	825.1882	5.1136	1
100.3	14.3201	826.0171	5.1103	1
100.4	14.3267	826.8142	5.1211	1
100.5	14.3333	827.7433	5.1131	1
100.6	14.3396	828.578	5.1132	1
100.7	14.3456	829.4289	5.1267	1
100.8	14.3518	830.3029	5.1266	1
100.9	14.3579	831.1502	5.1321	1
101	14.3637	831.9554	5.1298	1
101.1	14.3698	832.8147	5.1307	1
101.2	14.3757	833.6366	5.1424	1
101.3	14.3818	834.3994	5.1335	1
101.4	14.3881	835.2438	5.1125	1
101.5	14.3943	836.1306	5.1076	1
101.6	14.4007	836.9226	5.1251	1
101.7	14.4071	837.6326	5.1248	1
101.8	14.4137	838.4716	5.1191	1
101.9	14.4205	839.2147	5.1131	1
102	14.4274	840.1181	5.1084	1
102.1	14.4346	840.9062	5.1121	1
102.2	14.4418	841.6852	5.0979	1
102.3	14.4492	842.4355	5.0928	1
102.4	14.4569	843.1791	5.1063	1
102.5	14.4646	844.1478	5.1192	1
102.6	14.472	845.01	5.1256	1
102.7	14.4792	845.8406	5.1257	1
102.8	14.4868	846.6294	5.1049	1
102.9	14.4947	847.3869	5.1037	1
103	14.5028	848.1615	5.1239	1
103.1	14.5112	848.9328	5.1286	1
103.2	14.5198	849.7554	5.1251	1
103.3	14.5282	850.7053	5.118	1
103.4	14.5364	851.5866	5.1202	1
103.5	14.5443	852.3588	5.1187	1
103.6	14.5525	853.122	5.113	1
103.7	14.5607	854.0303	5.1098	1
103.8	14.5688	854.8839	5.111	1
103.9	14.5765	855.813	5.119	1
104	14.5841	856.7026	5.1179	1
104.1	14.5915	857.5016	5.1233	1
104.2	14.599	858.3499	5.129	1
104.3	14.6065	859.1686	5.1196	1
104.4	14.6138	860.0215	5.1194	1
104.5	14.6211	860.8918	5.125	1
104.6	14.6285	861.7613	5.1174	1
104.7	14.6353	862.6248	5.1151	1
104.8	14.6424	863.4519	5.1245	1
104.9	14.649	864.1809	5.1289	1
105	14.6555	865.0795	5.1235	1
105.1	14.6626	865.8993	5.112	1
105.2	14.6697	866.8421	5.1258	1
105.3	14.6767	867.6728	5.1288	1
105.4	14.6837	868.4127	5.1126	1
105.5	14.6908	869.2928	5.1142	1
105.6	14.698	870.0457	5.1322	1
105.7	14.705	870.9785	5.1421	1
105.8	14.7118	871.8461	5.1353	1
105.9	14.7184	872.6713	5.1235	1
106	14.7253	873.4165	5.1274	1
106.1	14.733	874.1303	5.127	1
106.2	14.7408	874.9443	5.1253	1
106.3	14.7485	875.775	5.1341	1
106.4	14.7564	876.5663	5.1402	1
106.5	14.7642	877.4232	5.142	1
106.6	14.7721	878.2661	5.1416	1
106.7	14.7799	879.0923	5.1435	1
106.8	14.7876	879.9796	5.1388	1
106.9	14.7953	880.8839	5.1219	1
107	14.8026	881.7324	5.1176	1
107.1	14.8099	882.5556	5.1197	1
107.2	14.8171	883.3886	5.1222	1
107.3	14.8242	884.3076	5.118	1
107.4	14.8312	885.124	5.1068	1
107.5	14.8382	885.9549	5.1087	1
107.6	14.8453	886.7339	5.1169	1
107.7	14.8524	887.6399	5.1048	1
107.8	14.8594	888.4619	5.1072	1
107.9	14.8662	889.3053	5.1037	1
108	14.873	890.1763	5.0911	1
108.1	14.8799	891.0288	5.0974	1
108.2	14.8868	891.7986	5.0947	1
108.3	14.8933	892.6783	5.0903	1
108.4	14.9001	893.4675	5.0917	1
108.5	14.9073	894.237	5.0927	1
108.6	14.9145	895.1223	5.0973	1
108.7	14.9211	896.1049	5.1046	1
108.8	14.9275	896.8973	5.109	1
108.9	14.9341	897.6699	5.1071	1
109	14.9407	898.5189	5.1052	1
109.1	14.9471	899.368	5.1127	1
109.2	14.9535	900.2126	5.1192	1
109.3	14.96	901.0112	5.1065	1
109.4	14.9665	901.9194	5.1136	1
109.5	14.9731	902.6969	5.1196	1
109.6	14.9796	903.5172	5.1014	1
109.7	14.9862	904.4365	5.1018	1
109.8	14.9926	905.2058	5.1073	1
109.9	14.9991	906.0825	5.1105	1
110	15.0056	906.8793	5.1248	1
110.1	15.012	907.7354	5.1239	1
110.2	15.0181	908.6343	5.1177	1
110.3	15.0241	909.4594	5.1067	1
110.4	15.0301	910.2955	5.1001	1
110.5	15.0362	911.0754	5.1086	1
110.6	15.0422	911.9877	5.1257	1
110.7	15.0483	912.8188	5.1323	1
110.8	15.0543	913.6872	5.126	1
110.9	15.0602	914.5201	5.1259	1
111	15.0658	915.2402	5.1279	1
111.1	15.0719	916.0679	5.1187	1
111.2	15.0782	916.8959	5.1096	1
111.3	15.0842	917.7841	5.1191	1
111.4	15.0901	918.7072	5.1177	1
111.5	15.096	919.521	5.1129	1
111.6	15.1022	920.1965	5.1218	1
111.7	15.1089	920.9634	5.1135	1
111.8	15.1155	921.8381	5.104	1
111.9	15.1222	922.5611	5.1064	1
112	15.1301	923.0994	5.1123	1
112.1	15.1386	924.0193	5.1213	1
112.2	15.1459	925.1022	5.1162	1
112.3	15.1518	926.3168	5.1268	1
112.4	15.1565	927.3638	5.1321	1
112.5	15.1608	928.2057	5.1202	1
112.6	15.1649	929.0578	5.1399	1
112.7	15.1693	929.7908	5.1456	1
112.8	15.1742	930.3527	5.1359	1
112.9	15.1797	931.1806	5.1412	1
113	15.1855	931.9448	5.1397	1
113.1	15.1917	932.6906	5.1381	1
113.2	15.1984	933.4325	5.1334	1
113.3	15.2055	934.1118	5.1225	1
113.4	15.2131	934.9065	5.1223	1
113.5	15.2209	935.7882	5.1291	1
113.6	15.2284	936.6231	5.1382	1
113.7	15.2355	937.6174	5.1504	1
113.8	15.2424	938.4627	5.1458	1
113.9	15.2489	939.2943	5.1375	1
114	15.2556	940.1142	5.1297	1
114.1	15.2623	941.0178	5.1219	1
114.2	15.2689	941.7856	5.1143	1
114.3	15.2754	942.6912	5.108	1
114.4	15.2817	943.5038	5.1061	1
114.5	15.2881	944.3405	5.1066	1
114.6	15.2947	945.2481	5.11	1
114.7	15.3011	945.9825	5.1146	1
114.8	15.3077	946.8354	5.1106	1
114.9	15.3143	947.6945	5.1118	1
115	15.3208	948.5269	5.1069	1
115.1	15.3273	949.3915	5.1077	1
115.2	15.3339	950.1796	5.1148	1
115.3	15.3402	951.0538	5.1085	1
115.4	15.3464	951.9251	5.0999	1
115.5	15.3525	952.7878	5.1162	1
115.6	15.3583	953.6131	5.1334	1
115.7	15.3641	954.4997	5.1349	1
115.8	15.3702	955.3006	5.1287	1
115.9	15.3763	956.0875	5.1057	1
116	15.3824	956.9364	5.1072	1
116.1	15.3883	957.8108	5.1223	1
116.2	15.394	958.6599	5.1231	1
116.3	15.3997	959.5068	5.1137	1
116.4	15.4053	960.3084	5.1015	1
116.5	15.4111	961.2435	5.1053	1
116.6	15.4173	962.0163	5.1249	1
116.7	15.4235	962.8059	5.1234	1
116.8	15.4293	963.5552	5.1083	1
116.9	15.4349	964.4512	5.1088	1
117	15.4407	965.3475	5.1129	1
117.1	15.4466	966.1027	5.0994	1
117.2	15.4525	966.9639	5.085	1
117.3	15.4584	967.8075	5.0957	1
117.4	15.4638	968.667	5.1096	1
117.5	15.4696	969.478	5.1228	1
117.6	15.4755	970.2521	5.1233	1
117.7	15.4813	971.1809	5.1231	1
117.8	15.487	971.931	5.1277	1
117.9	15.4931	972.7546	5.1206	1
118	15.4993	973.6181	5.1054	1
118.1	15.5054	974.3862	5.109	1
118.2	15.5115	975.2322	5.1277	1
118.3	15.5173	976.1787	5.1282	1
118.4	15.5232	976.995	5.1189	1
118.5	15.5289	977.7506	5.1185	1
118.6	15.5346	978.6747	5.1295	1
118.7	15.5403	979.4625	5.1403	1
118.8	15.5463	980.2094	5.1497	1
118.9	15.5526	981.0533	5.1551	1
119	15.559	981.8317	5.1473	1
119.1	15.5653	982.6913	5.138	1
119.2	15.5717	983.55	5.1493	1
119.3	15.5779	984.3442	5.1425	1
119.4	15.5842	985.1329	5.1417	1
119.5	15.5905	985.99	5.1244	1
119.6	15.5968	986.8856	5.1133	1
119.7	15.6032	987.701	5.1334	1
119.8	15.6095	988.553	5.1448	1
119.9	15.6156	989.4158	5.1416	1
120	15.6211	990.3295	5.1443	1
120.1	15.6268	991.2186	5.1424	1
120.2	15.6326	991.9936	5.143	2
120.3	15.6381	992.9009	5.1426	2
120.4	15.6435	993.7633	5.1381	2
120.5	15.6489	994.5311	5.1396	2
120.6	15.6547	995.2232	5.1308	2
120.7	15.6612	995.1552	5.1296	2
120.8	15.669	994.926	5.1363	2
120.9	15.6767	995.1844	5.1401	2
121	15.683	995.5261	5.1239	2
121.1	15.6885	995.4954	5.134	2
121.2	15.6943	995.5666	5.1486	2
121.3	15.6999	995.5327	5.1394	2
121.4	15.7053	995.6494	5.1248	2
121.5	15.7105	995.6809	5.1233	2
121.6	15.7153	995.7413	5.1252	2
121.7	15.72	995.7623	5.1145	2
121.8	15.7245	995.7744	5.1082	2
121.9	15.7289	995.8204	5.1177	2
122	15.7331	995.8014	5.137	2
122.1	15.7372	995.9134	5.1368	2
122.2	15.7413	995.8494	5.1305	2
122.3	15.7453	995.7916	5.1222	2
122.4	15.7498	995.7858	5.1187	2
122.5	15.7542	995.8205	5.117	2
122.6	15.7583	995.8191	5.1269	2
122.7	15.7624	995.8271	5.1296	2
122.8	15.7664	995.8528	5.1151	2
122.9	15.7702	995.862	5.1014	2
123	15.774	995.9195	5.1148	2
123.1	15.7778	995.9267	5.1344	2
123.2	15.7817	995.9248	5.1361	2
123.3	15.7852	995.8482	5.1338	2
123.4	15.7888	995.8679	5.1299	2
123.5	15.7927	995.8564	5.1266	2
123.6	15.7965	995.9606	5.1298	2
123.7	15.8001	995.8701	5.1315	2
123.8	15.8038	995.8739	5.1279	2
123.9	15.8074	995.8495	5.1257	2
124	15.811	995.9079	5.1084	2
124.1	15.8148	995.8089	5.1048	2
124.2	15.8185	995.922	5.1033	2
124.3	15.822	995.9281	5.0908	2
124.4	15.8254	995.9115	5.1046	2
124.5	15.8287	995.9277	5.1209	2
124.6	15.8322	995.885	5.1194	2
124.7	15.8359	995.8319	5.126	2
124.8	15.8396	995.7767	5.1291	2
124.9	15.8432	995.9791	5.1253	2
125	15.8464	996.072	5.1161	2
125.1	15.8494	996.0319	5.0997	2
125.2	15.8523	995.9511	5.1122	2
125.3	15.8553	996.0167	5.1064	2
125.4	15.8581	996.0283	5.1104	2
125.5	15.8608	996.0999	5.1179	2
125.6	15.8636	996.1169	5.1294	2
125.7	15.8661	996.0376	5.1342	2
125.8	15.8688	996.0593	5.141	2
125.9	15.8716	995.9933	5.1396	2
126	15.8743	996.0742	5.1322	2
126.1	15.8767	996.1514	5.1366	2
126.2	15.8788	996.2176	5.1322	2
126.3	15.8808	996.1879	5.1218	2
126.4	15.883	996.1793	5.1253	2
126.5	15.8851	996.1429	5.1238	2
126.6	15.8871	996.1289	5.1272	2
126.7	15.8892	996.2218	5.1306	2
126.8	15.891	996.1736	5.123	2
126.9	15.8929	996.1708	5.1285	2
127	15.8948	996.2049	5.1324	2
127.1	15.8965	996.2828	5.1268	2
127.2	15.8978	996.333	5.127	2
127.3	15.899	996.3057	5.1249	2
127.4	15.9001	996.3651	5.1173	2
127.5	15.9014	996.4079	5.1159	2
127.6	15.9028	996.1529	5.1141	2
127.7	15.9046	996.1729	5.111	2
127.8	15.9066	996.2221	5.1122	2
127.9	15.9085	996.1929	5.1325	2
128	15.9103	996.2091	5.1472	2
128.1	15.9118	996.1608	5.1435	2
128.2	15.9136	996.2359	5.1414	2
128.3	15.9154	996.1108	5.129	2
128.4	15.9172	996.2107	5.1145	2
128.5	15.9191	996.1557	5.1089	2
128.6	15.9208	996.1739	5.1154	2
128.7	15.9227	996.1597	5.1262	2
128.8	15.9247	996.1482	5.1346	2
128.9	15.9267	996.1372	5.1335	2
129	15.9287	996.0961	5.1372	2
129.1	15.9308	996.1108	5.1415	2
129.2	15.933	996.1248	5.1367	2
129.3	15.935	996.1521	5.1564	2
129.4	15.937	996.0879	5.1644	2
129.5	15.939	996.081	5.1517	2
129.6	15.9409	996.1801	5.1445	2
129.7	15.9427	996.0852	5.1447	2
129.8	15.9447	996.1115	5.1569	2
129.9	15.9471	996.0475	5.153	2
130	15.949	996.1517	5.1414	2
130.1	15.9507	996.2204	5.1407	2
130.2	15.9526	996.1533	5.1417	2
130.3	15.9545	996.098	5.1483	2
130.4	15.9565	996.1078	5.1528	2
130.5	15.9585	996.1145	5.14	2
130.6	15.9603	996.1966	5.1336	2
130.7	15.9621	996.1381	5.1397	2
130.8	15.964	996.1057	5.1313	2
130.9	15.9659	996.1474	5.1324	2
131	15.9677	996.1001	5.1413	2
131.1	15.9697	996.136	5.1331	2
131.2	15.9717	996.1138	5.1276	2
131.3	15.9736	996.1135	5.1418	2
131.4	15.9756	996.0752	5.1417	2
131.5	15.9779	995.9743	5.1428	2
131.6	15.9804	996.0393	5.1585	2
131.7	15.9828	995.9962	5.1425	2
131.8	15.9852	995.9767	5.1271	2
131.9	15.9878	995.9952	5.1457	2
132	15.9903	996.0488	5.1447	2
132.1	15.9927	996.017	5.1471	2
132.2	15.995	996.0121	5.1627	2
132.3	15.9971	996.0895	5.1607	2
132.4	15.9993	996.0032	5.1533	2
132.5	16.0017	996.0228	5.1544	2
132.6	16.0042	995.9876	5.1514	2
132.7	16.0066	995.9801	5.1438	2
132.8	16.009	996.0763	5.1411	2
132.9	16.0112	996.0391	5.141	2
133	16.0134	996.0471	5.1398	2
133.1	16.0158	996.0092	5.1319	2
133.2	16.0181	995.976	5.1279	2
133.3	16.0203	996.0561	5.1329	2
133.4	16.0222	996.0677	5.1398	2
133.5	16.0241	996.112	5.1362	2
133.6	16.026	996.0434	5.1328	2
133.7	16.028	996.0649	5.1399	2
133.8	16.0301	996.1566	5.119	2
133.9	16.0321	996.0843	5.1058	2
134	16.034	996.2266	5.1178	2
134.1	16.0354	996.1195	5.1161	2
134.2	16.037	996.1474	5.1125	2
134.3	16.0384	996.2036	5.1368	2
134.4	16.0395	996.2135	5.1543	2
134.5	16.0407	996.3046	5.1496	2
134.6	16.0417	996.3198	5.1449	2
134.7	16.0429	996.2874	5.1481	2
134.8	16.0441	996.2698	5.1505	2
134.9	16.0452	996.2417	5.1473	2
135	16.0463	996.2997	5.1383	2
135.1	16.0473	996.287	5.135	2
135.2	16.0485	996.2647	5.1581	2
135.3	16.0499	996.133	5.1651	2
135.4	16.0513	996.1324	5.1434	2
135.5	16.053	996.1935	5.143	2
135.6	16.0547	996.205	5.1548	2
135.7	16.0564	996.0894	5.1528	2
135.8	16.0581	996.0829	5.1501	2
135.9	16.06	996.2282	5.1495	2
136	16.0616	996.1447	5.1473	2
136.1	16.0632	996.145	5.1589	2
136.2	16.0648	996.1076	5.1643	2
136.3	16.0663	996.1448	5.1513	2
136.4	16.068	996.1298	5.1649	2
136.5	16.0699	996.0212	5.1558	2
136.6	16.0715	996.2247	5.1476	2
136.7	16.0724	996.3339	5.1605	2
136.8	16.0733	996.2874	5.1579	2
136.9	16.0744	996.2231	5.1624	2
137	16.0756	996.1866	5.1652	2
137.1	16.0767	996.1984	5.1606	2
137.2	16.078	996.2844	5.1643	2
137.3	16.0791	996.2482	5.162	2
137.4	16.0803	996.194	5.1589	2
137.5	16.0817	996.1844	5.1601	2
137.6	16.083	996.2218	5.1612	2
137.7	16.0844	996.1748	5.1564	2
137.8	16.0859	996.158	5.1557	2
137.9	16.0872	996.2021	5.1597	2
138	16.0885	996.1572	5.1586	2
138.1	16.09	996.1653	5.1581	2
138.2	16.0917	996.1686	5.1552	2
138.3	16.0934	996.093	5.1511	2
138.4	16.0951	996.0999	5.1521	2
138.5	16.0969	996.2287	5.1542	2
138.6	16.0981	996.1854	5.1674	2
138.7	16.0992	996.2264	5.168	2
138.8	16.1005	996.1688	5.1661	2
138.9	16.102	996.1419	5.1639	2
139	16.1035	996.1226	5.1661	2
139.1	16.1051	996.0813	5.1688	2
139.2	16.1069	996.1497	5.1629	2
139.3	16.1086	996.1303	5.1666	2
139.4	16.1102	996.1406	5.1703	2
139.5	16.1117	996.1615	5.1584	2
139.6	16.1132	996.1514	5.16	2
139.7	16.1144	996.1944	5.1663	2
139.8	16.1159	996.1817	5.1508	2
139.9	16.1175	996.1202	5.1446	2
140	16.1187	996.2253	5.1447	2
140.1	16.1198	996.2471	5.1416	2
140.2	16.1209	996.2377	5.1469	2
140.3	16.122	996.2091	5.149	2
140.4	16.1231	996.2183	5.1411	2
140.5	16.124	996.2707	5.1463	2
140.6	16.1249	996.3005	5.1518	2
140.7	16.1258	996.2388	5.1504	2
140.8	16.1269	996.2042	5.1519	2
140.9	16.128	996.3092	5.1383	2
141	16.1287	996.3735	5.1326	2
141.1	16.1291	996.3538	5.1316	2
141.2	16.1293	996.3611	5.13	2
141.3	16.1297	996.3694	5.1249	2
141.4	16.1304	996.3095	5.1196	2
141.5	16.1309	996.2309	5.126	2
141.6	16.1316	996.393	5.1274	2
141.7	16.1324	996.4105	5.1348	2
141.8	16.1329	996.3812	5.1382	2
141.9	16.1333	996.3884	5.1333	2
142	16.1336	996.3518	5.1294	2
142.1	16.1344	996.3234	5.1279	2
142.2	16.1349	996.344	5.1321	2
142.3	16.1353	996.3512	5.1303	2
142.4	16.1357	996.3934	5.13	2
142.5	16.1362	996.4395	5.1353	2
142.6	16.1362	996.3698	5.1424	2
142.7	16.1362	996.5096	5.1517	2
142.8	16.136	996.4961	5.1544	2
142.9	16.1359	996.4965	5.1495	2
143	16.136	996.4089	5.1514	2
143.1	16.1362	996.3538	5.1397	2
143.2	16.1367	996.3118	5.1364	2
143.3	16.1376	996.2257	5.145	2
143.4	16.1387	996.1636	5.1417	2
143.5	16.1401	996.1298	5.1428	2
143.6	16.1413	996.1234	5.146	2
143.7	16.1428	996.1537	5.1339	2
143.8	16.1443	996.1521	5.1217	2
143.9	16.1459	996.1742	5.127	2
144	16.1473	996.0813	5.1384	2
144.1	16.1488	996.0691	5.1362	2
144.2	16.1504	996.0753	5.1265	2
144.3	16.1518	996.202	5.1273	2
144.4	16.153	996.1355	5.1354	2
144.5	16.1546	996.1068	5.1303	2
144.6	16.1562	996.0765	5.1144	2
144.7	16.1577	996.1391	5.1173	2
144.8	16.159	996.1838	5.1217	2
144.9	16.1604	996.142	5.123	2
145	16.1617	996.1305	5.1246	2
145.1	16.1631	996.1348	5.1397	2
145.2	16.1646	996.1126	5.1461	2
145.3	16.1662	996.2051	5.1425	2
145.4	16.1673	996.1595	5.1445	2
145.5	16.1685	996.1914	5.1588	2
145.6	16.1698	996.1311	5.1476	2
145.7	16.1712	996.2088	5.136	2
145.8	16.1726	996.1427	5.1378	2
145.9	16.1739	996.1322	5.131	2
146	16.1755	996.0794	5.1306	2
146.1	16.1771	996.0481	5.1319	2
146.2	16.1787	996.1114	5.1255	2
146.3	16.1803	996.1659	5.1249	2
146.4	16.1819	996.0983	5.1207	2
146.5	16.1836	996.0819	5.1196	2
146.6	16.1852	996.1164	5.1162	2
146.7	16.1867	996.1136	5.1228	2
146.8	16.1881	996.1423	5.1076	2
146.9	16.1896	996.1056	5.1051	2
147	16.1909	996.2197	5.1239	2
147.1	16.192	996.1741	5.1256	2
147.2	16.193	996.2317	5.1178	2
147.3	16.1941	996.2746	5.1277	2
147.4	16.1949	996.2355	5.1376	2
147.5	16.196	996.1604	5.1319	2
147.6	16.1973	996.1705	5.1383	2
147.7	16.1984	996.2131	5.1334	2
147.8	16.1996	996.2112	5.1319	2
147.9	16.2004	996.2055	5.1339	2
148	16.2015	996.2198	5.125	2
148.1	16.2029	996.0639	5.1402	2
148.2	16.2043	996.12	5.1487	2
148.3	16.2056	996.1614	5.1356	2
148.4	16.2067	996.2055	5.1357	2
148.5	16.2079	996.1833	5.1328	2
148.6	16.2088	996.1865	5.1265	2
148.7	16.21	996.1952	5.1292	2
148.8	16.2112	996.1789	5.1378	2
148.9	16.2124	996.2064	5.1344	2
149	16.2134	996.2244	5.1424	2
149.1	16.2142	996.288	5.1445	2
149.2	16.215	996.2317	5.1361	2
149.3	16.2159	996.2306	5.1323	2
149.4	16.2167	996.2508	5.131	2
149.5	16.2176	996.2609	5.1337	2
149.6	16.2184	996.2268	5.1347	2
149.7	16.2193	996.2467	5.1263	2
149.8	16.2203	996.1703	5.1236	2
149.9	16.2213	996.1976	5.1163	2
150	16.2225	996.1496	5.122	2
150.1	16.2238	996.1628	5.1326	2
150.2	16.2251	996.1827	5.1272	3
150.3	16.2263	996.0997	5.1322	3
150.4	16.2277	996.1025	5.1422	3
150.5	16.2291	996.1283	5.1376	3
150.6	16.2304	996.0193	5.1369	3
150.7	16.2317	995.5659	5.14	3
150.8	16.2328	994.7696	5.1369	3
150.9	16.2337	994.0327	5.1347	3
151	16.2346	993.202	5.1251	3
151.1	16.2352	992.344	5.1232	3
151.2	16.2357	991.611	5.1298	3
151.3	16.236	990.7525	5.1317	3
151.4	16.2362	990.0074	5.1341	3
151.5	16.2365	989.144	5.1265	3
151.6	16.2367	988.315	5.1285	3
151.7	16.2368	987.4875	5.1352	3
151.8	16.2366	986.6796	5.1389	3
151.9	16.2366	985.8195	5.1488	3
152	16.2366	985.0669	5.1457	3
152.1	16.2364	984.2739	5.1484	3
152.2	16.2358	983.4757	5.152	3
152.3	16.2353	982.5631	5.1568	3
152.4	16.2347	981.8227	5.1457	3
152.5	16.234	981.0703	5.1406	3
152.6	16.233	980.1767	5.1578	3
152.7	16.2322	979.3242	5.1539	3
152.8	16.2315	978.5347	5.1506	3
152.9	16.2306	977.7191	5.1437	3
153	16.2295	976.9293	5.136	3
153.1	16.2283	976.0674	5.1472	3
153.2	16.2273	975.2603	5.1592	3
153.3	16.2262	974.4125	5.1558	3
153.4	16.2252	973.5607	5.1467	3
153.5	16.2238	972.7834	5.139	3
153.6	16.2223	972.0058	5.1342	3
153.7	16.2209	971.0841	5.1373	3
153.8	16.2195	970.2956	5.1401	3
153.9	16.2183	969.4234	5.114	3
154	16.2167	968.7253	5.0979	3
154.1	16.2149	967.861	5.1255	3
154.2	16.2135	966.9387	5.1399	3
154.3	16.2121	966.1507	5.1427	3
154.4	16.2104	965.3501	5.1421	3
154.5	16.2086	964.5101	5.1384	3
154.6	16.2065	963.7408	5.1329	3
154.7	16.2047	962.9135	5.121	3
154.8	16.2029	962.0051	5.1296	3
154.9	16.201	961.1864	5.1263	3
155	16.1995	960.332	5.1367	3
155.1	16.1979	959.5169	5.1524	3
155.2	16.1959	958.8191	5.1707	3
155.3	16.1936	957.9898	5.1717	3
155.4	16.191	957.2107	5.1554	3
155.5	16.1886	956.364	5.1351	3
155.6	16.1858	955.5622	5.1352	3
155.7	16.183	954.7867	5.1478	3
155.8	16.1801	953.8757	5.1476	3
155.9	16.1773	953.0461	5.1368	3
156	16.1744	952.2674	5.1318	3
156.1	16.1714	951.5162	5.145	3
156.2	16.1683	950.6302	5.1485	3
156.3	16.1653	949.8236	5.1477	3
156.4	16.1622	948.9576	5.1555	3
156.5	16.1591	948.1093	5.143	3
156.6	16.1562	947.2961	5.133	3
156.7	16.1533	946.3897	5.1367	3
156.8	16.1504	945.5896	5.1447	3
156.9	16.1475	944.8574	5.1583	3
157	16.1443	943.9594	5.1457	3
157.1	16.1411	943.1614	5.1462	3
157.2	16.138	942.3782	5.1519	3
157.3	16.1347	941.4728	5.1413	3
157.4	16.1313	940.664	5.13	3
157.5	16.1281	939.8432	5.133	3
157.6	16.1248	938.9534	5.1254	3
157.7	16.1216	938.2211	5.1239	3
157.8	16.1181	937.3152	5.1231	3
157.9	16.1147	936.5097	5.1233	3
158	16.1114	935.6689	5.1268	3
158.1	16.1081	934.8839	5.1229	3
158.2	16.1049	933.9672	5.119	3
158.3	16.1016	933.0807	5.1155	3
158.4	16.0983	932.3753	5.1077	3
158.5	16.0948	931.5931	5.1136	3
158.6	16.0911	930.7275	5.1253	3
158.7	16.0874	929.8782	5.1202	3
158.8	16.0838	929.0657	5.1233	3
158.9	16.0802	928.2528	5.1216	3
159	16.0765	927.4241	5.1206	3
159.1	16.073	926.5072	5.1209	3
159.2	16.0697	925.7197	5.1153	3
159.3	16.0663	924.8767	5.1142	3
159.4	16.0628	924.0489	5.1282	3
159.5	16.0593	923.2275	5.1288	3
159.6	16.0557	922.3824	5.1201	3
159.7	16.052	921.5931	5.1286	3
159.8	16.0485	920.6878	5.1414	3
159.9	16.0453	919.8362	5.1399	3
160	16.042	918.9844	5.1307	3
160.1	16.0387	918.136	5.1388	3
160.2	16.0355	917.3423	5.1485	3
160.3	16.0322	916.4921	5.1455	3
160.4	16.0288	915.7099	5.1391	3
160.5	16.0254	914.7901	5.1374	3
160.6	16.022	913.997	5.1458	3
160.7	16.0189	913.1553	5.1389	3
160.8	16.0154	912.3533	5.1447	3
160.9	16.0123	911.5167	5.1637	3
161	16.0091	910.5805	5.1569	3
161.1	16.0061	909.9159	5.1492	3
161.2	16.0027	908.928	5.1442	3
161.3	15.9992	908.1524	5.1498	3
161.4	15.9961	907.2339	5.1615	3
161.5	15.9927	906.4082	5.1618	3
161.6	15.9891	905.8894	5.1518	3
161.7	15.9857	904.7985	5.1535	3
161.8	15.9823	903.9916	5.1602	3
161.9	15.9795	903.0564	5.1545	3
162	15.9763	902.1628	5.1447	3
162.1	15.9734	901.4854	5.1455	3
162.2	15.9706	900.5168	5.1469	3
162.3	15.9676	899.7758	5.1413	3
162.4	15.9648	898.9011	5.1305	3
162.5	15.9616	898.0132	5.1184	3
162.6	15.9586	897.3183	5.1341	3
162.7	15.9556	896.4234	5.1415	3
162.8	15.9525	895.5714	5.1358	3
162.9	15.9493	894.8362	5.1373	3
163	15.9459	894.0026	5.1353	3
163.1	15.9425	893.2328	5.1355	3
163.2	15.9388	892.4269	5.1314	3
163.3	15.9352	891.5079	5.1313	3
163.4	15.9314	890.7873	5.1361	3
163.5	15.9273	889.9976	5.1385	3
163.6	15.923	889.1269	5.1402	3
163.7	15.9191	888.2852	5.1416	3
163.8	15.9153	887.4086	5.136	3
163.9	15.9114	886.6523	5.1386	3
164	15.9076	885.787	5.1386	3
164.1	15.9036	884.9052	5.1448	3
164.2	15.8998	884.105	5.1531	3
164.3	15.8961	883.2546	5.1448	3
164.4	15.892	882.5201	5.1379	3
164.5	15.8877	881.7428	5.1432	3
164.6	15.8835	880.7954	5.1389	3
164.7	15.8792	880.0682	5.1376	3
164.8	15.8747	879.2378	5.1444	3
164.9	15.8701	878.3683	5.1347	3
165	15.8656	877.5637	5.1351	3
165.1	15.861	876.7333	5.1532	3
165.2	15.8564	875.926	5.1511	3
165.3	15.852	875.104	5.1473	3
165.4	15.8474	874.2682	5.1558	3
165.5	15.8427	873.4198	5.1569	3
165.6	15.838	872.6363	5.15	3
165.7	15.8332	871.8061	5.1452	3
165.8	15.8284	870.9328	5.135	3
165.9	15.8236	870.1956	5.1362	3
166	15.8193	869.2031	5.1335	3
166.1	15.8149	868.3651	5.1327	3
166.2	15.8103	867.6103	5.1375	3
166.3	15.8055	866.8231	5.1431	3
166.4	15.8005	865.9483	5.1412	3
166.5	15.7957	865.1639	5.1398	3
166.6	15.7909	864.2686	5.1547	3
166.7	15.7863	863.4368	5.1639	3
166.8	15.782	862.5672	5.1545	3
166.9	15.7776	861.6736	5.1523	3
167	15.7733	860.8358	5.1538	3
167.1	15.7691	859.984	5.1503	3
167.2	15.7649	859.2068	5.142	3
167.3	15.7608	858.2412	5.1434	3
167.4	15.7568	857.4995	5.1342	3
167.5	15.7526	856.7057	5.1407	3
167.6	15.7485	855.7344	5.1451	3
167.7	15.7444	854.99	5.1363	3
167.8	15.7401	854.1843	5.1355	3
167.9	15.736	853.3874	5.141	3
168	15.7318	852.4325	5.1492	3
168.1	15.7277	851.5549	5.1378	3
168.2	15.7237	850.834	5.1274	3
168.3	15.7197	849.9709	5.1416	3
168.4	15.7156	849.1118	5.1518	3
168.5	15.7115	848.3427	5.1496	3
168.6	15.7073	847.5051	5.1508	3
168.7	15.7031	846.6288	5.149	3
168.8	15.6988	845.8506	5.1501	3
168.9	15.6947	844.9891	5.1421	3
169	15.6908	844.137	5.1441	3
169.1	15.6872	843.2112	5.1552	3
169.2	15.6834	842.3762	5.1558	3
169.3	15.6797	841.4969	5.1652	3
169.4	15.6761	840.7166	5.1766	3
169.5	15.6723	839.9403	5.1661	3
169.6	15.6682	839.1876	5.1558	3
169.7	15.6642	838.3094	5.1648	3
169.8	15.66	837.4863	5.1701	3
169.9	15.6558	836.7106	5.1698	3
170	15.6515	835.8508	5.1656	3
170.1	15.6474	834.9207	5.1616	3
170.2	15.6435	834.1078	5.1657	3
170.3	15.6394	833.2913	5.1637	3
170.4	15.6354	832.3761	5.1575	3
170.5	15.6319	831.5198	5.1479	3
170.6	15.6284	830.7194	5.1446	3
170.7	15.6248	829.8458	5.1439	3
170.8	15.6213	829.0327	5.1501	3
170.9	15.6178	828.1631	5.1658	3
171	15.6143	827.3379	5.1606	3
171.1	15.6109	826.5423	5.1574	3
171.2	15.6073	825.6664	5.146	3
171.3	15.6038	824.7656	5.1402	3
171.4	15.6003	823.9529	5.1436	3
171.5	15.5969	823.1633	5.1445	3
171.6	15.5937	822.3287	5.1386	3
171.7	15.5901	821.6068	5.1327	3
171.8	15.5861	820.8069	5.1333	3
171.9	15.582	819.9397	5.1362	3
172	15.5778	819.211	5.1364	3
172.1	15.5733	818.3786	5.1329	3
172.2	15.569	817.4463	5.1335	3
172.3	15.5655	816.4313	5.1331	3
172.4	15.5625	815.5647	5.1249	3
172.5	15.5595	814.8163	5.1227	3
172.6	15.5559	814.0054	5.1323	3
172.7	15.5524	813.2169	5.1238	3
172.8	15.549	812.3596	5.1294	3
172.9	15.5453	811.5596	5.1357	3
173	15.5414	810.7561	5.1287	3
173.1	15.5377	809.8779	5.1259	3
173.2	15.5343	809.0196	5.1191	3
173.3	15.5307	808.1546	5.1146	3
173.4	15.5269	807.4399	5.13	3
173.5	15.523	806.6701	5.1353	3
173.6	15.5185	805.9058	5.1371	3
173.7	15.5139	805.0642	5.1391	3
173.8	15.5093	804.2838	5.1428	3
173.9	15.5046	803.4064	5.1444	3
174	15.4997	802.6746	5.1313	3
174.1	15.4948	801.8643	5.1384	3
174.2	15.4898	800.965	5.1447	3
174.3	15.4848	800.0775	5.1465	3
174.4	15.4799	799.3376	5.1522	3
174.5	15.4752	798.5053	5.1519	3
174.6	15.4707	797.5547	5.1388	3
174.7	15.4662	796.7219	5.1336	3
174.8	15.4616	795.9441	5.1459	3
174.9	15.4567	795.171	5.1455	3
175	15.4517	794.3672	5.1417	3
175.1	15.4465	793.5006	5.1429	3
175.2	15.4414	792.6709	5.129	3
175.3	15.4363	791.8386	5.0956	3
175.4	15.4313	791.0028	5.0951	3
175.5	15.4263	790.2677	5.109	3
175.6	15.4212	789.3465	5.1237	3
175.7	15.4161	788.4351	5.1304	3
175.8	15.4111	787.6069	5.1211	3
175.9	15.4062	786.82	5.1216	3
176	15.4013	785.9386	5.1186	3
176.1	15.3967	785.1457	5.1289	3
176.2	15.3921	784.2896	5.1222	3
176.3	15.3871	783.444	5.1055	3
176.4	15.3824	782.6765	5.1109	3
176.5	15.3773	781.8166	5.1203	3
176.6	15.3721	781.0557	5.111	3
176.7	15.3669	780.1666	5.1142	3
176.8	15.3618	779.3476	5.1238	3
176.9	15.357	778.4964	5.127	3
177	15.352	777.7183	5.1231	3
177.1	15.3468	776.9039	5.1339	3
177.2	15.3413	776.0386	5.1399	3
177.3	15.3359	775.2998	5.1264	3
177.4	15.3305	774.3942	5.1189	3
177.5	15.325	773.518	5.1268	3
177.6	15.3198	772.7273	5.1368	3
177.7	15.3145	771.7853	5.1296	3
177.8	15.3091	771.1165	5.1298	3
177.9	15.3038	770.2152	5.1431	3
178	15.2986	769.3538	5.1483	3
178.1	15.2935	768.5648	5.1435	3
178.2	15.2885	767.6529	5.1416	3
178.3	15.2835	766.7581	5.1445	3
178.4	15.2787	765.9124	5.137	3
178.5	15.2741	765.0509	5.1317	3
178.6	15.2697	764.2466	5.135	3
178.7	15.265	763.4369	5.1196	3
178.8	15.2601	762.6059	5.1128	3
178.9	15.2555	761.7019	5.1216	3
179	15.2512	760.882	5.1332	3
179.1	15.2469	760.0155	5.1397	3
179.2	15.2426	759.1684	5.1434	3
179.3	15.2383	758.3171	5.1386	3
179.4	15.234	757.4785	5.1279	3
179.5	15.2295	756.675	5.1255	3
179.6	15.2249	755.945	5.1138	3
179.7	15.2204	755.013	5.1048	3
179.8	15.2163	754.1	5.1062	3
179.9	15.2126	753.2159	5.1039	3
180	15.209	752.4043	5.1247	3
180.1	15.2052	751.5138	5.1323	3
180.2	15.2016	750.7138	5.1229	3
180.3	15.1979	749.8066	5.1292	3
180.4	15.1941	749.0979	5.1209	3
180.5	15.1903	748.1515	5.1057	3
180.6	15.1866	747.3851	5.1069	3
180.7	15.183	746.5669	5.1146	3
180.8	15.1792	745.6245	5.1205	3
180.9	15.1757	744.8537	5.1181	3
181	15.1722	744.0562	5.1168	3
181.1	15.1687	743.1483	5.1144	3
181.2	15.165	742.4069	5.1131	3
181.3	15.1609	741.5995	5.1241	3
181.4	15.1565	740.9911	5.1328	3
181.5	15.1519	740.1953	5.141	3
181.6	15.1469	739.3053	5.1295	3
181.7	15.142	738.5361	5.1277	3
181.8	15.1366	737.7787	5.1283	3
181.9	15.131	736.9616	5.1406	3
182	15.1252	736.0782	5.1397	3
182.1	15.1195	735.3588	5.1338	3
182.2	15.1136	734.5579	5.1394	3
182.3	15.1077	733.6368	5.154	3
182.4	15.1021	732.7588	5.145	3
182.5	15.0966	731.9661	5.1312	3
182.6	15.0909	731.0933	5.1143	3
182.7	15.0852	730.3275	5.1219	3
182.8	15.0795	729.4504	5.1303	3
182.9	15.0739	728.609	5.1248	3
183	15.0684	727.8261	5.1425	3
183.1	15.0626	726.8999	5.1528	3
183.2	15.0573	726.1254	5.1368	3
183.3	15.0523	725.1349	5.1453	3
183.4	15.0474	724.2117	5.1485	3
183.5	15.0432	723.2641	5.1435	3
183.6	15.0393	722.3713	5.1242	3
183.7	15.0356	721.6792	5.126	3
183.8	15.0315	720.7638	5.1294	3
183.9	15.0275	719.938	5.1194	3
184	15.0235	719.0535	5.1201	3
184.1	15.0193	718.2783	5.1181	3
184.2	15.0154	717.4551	5.1228	3
184.3	15.0116	716.4857	5.1237	3
184.4	15.0082	715.6492	5.1347	3
184.5	15.0046	714.9204	5.1374	3
184.6	15.0007	714.1068	5.1449	3
184.7	14.9967	713.1934	5.1398	3
184.8	14.9926	712.4769	5.1291	3
184.9	14.9884	711.7664	5.1333	3
185	14.984	710.8599	5.1317	3
185.1	14.9794	710.0404	5.1241	3
185.2	14.9749	709.192	5.1247	3
185.3	14.9702	708.3554	5.1276	3
185.4	14.9656	707.5844	5.1181	3
185.5	14.9611	706.7091	5.1215	3
185.6	14.9562	705.9685	5.134	3
185.7	14.9512	705.2253	5.1434	3
185.8	14.9458	704.4133	5.1419	3
185.9	14.9405	703.6375	5.1436	3
186	14.9352	702.6623	5.1333	3
186.1	14.9297	701.9687	5.1172	3
186.2	14.9244	701.0686	5.11	3
186.3	14.919	700.186	5.1038	3
186.4	14.9139	699.4671	5.1158	3
186.5	14.9085	698.5168	5.1221	3
186.6	14.9029	697.7313	5.1278	3
186.7	14.8974	696.8416	5.1194	3
186.8	14.892	696.0419	5.1065	3
186.9	14.8869	695.2516	5.1191	3
187	14.8819	694.298	5.1234	3
187.1	14.8766	693.6191	5.1207	3
187.2	14.8714	692.762	5.1247	3
187.3	14.866	691.8069	5.1349	3
187.4	14.8611	691.0971	5.1298	3
187.5	14.8561	690.0657	5.1228	3
187.6	14.8509	689.3718	5.1263	3
187.7	14.8458	688.5683	5.1205	3
187.8	14.8403	687.6809	5.1228	3
187.9	14.8349	687.0535	5.1297	3
188	14.8294	686.0351	5.1339	3
188.1	14.8235	685.3908	5.1426	3
188.2	14.818	684.4717	5.1456	3
188.3	14.8121	683.539	5.148	3
188.4	14.8064	682.9127	5.1524	3
188.5	14.8009	681.8345	5.1453	3
188.6	14.7953	681.0916	5.1405	3
188.7	14.7902	680.2439	5.1495	3
188.8	14.7846	679.3787	5.1516	3
188.9	14.7791	678.6365	5.1408	3
189	14.7737	677.7581	5.1325	3
189.1	14.768	677.0054	5.136	3
189.2	14.7624	676.0822	5.131	3
189.3	14.7566	675.3189	5.1355	3
189.4	14.7509	674.4977	5.1486	3
189.5	14.7449	673.5927	5.1515	3
189.6	14.7389	672.9367	5.1282	3
189.7	14.7327	672.1445	5.1294	3
189.8	14.7265	671.2145	5.1504	3
189.9	14.7205	670.4488	5.1512	3
190	14.7142	669.6055	5.1501	3
190.1	14.7078	668.7234	5.1518	3
190.2	14.7015	667.9137	5.1374	3
190.3	14.6952	667.1481	5.1277	3
190.4	14.689	666.2075	5.1251	3
190.5	14.6827	665.3339	5.1246	3
190.6	14.6766	664.5455	5.1376	3
190.7	14.6702	663.7537	5.1355	3
190.8	14.664	662.966	5.1303	3
190.9	14.6578	662.1264	5.1289	3
191	14.652	661.1979	5.1313	3
191.1	14.6467	660.3613	5.1179	3
191.2	14.641	659.5089	5.1178	3
191.3	14.6348	658.8041	5.124	3
191.4	14.6285	657.8747	5.1196	3
191.5	14.6223	657.0239	5.1203	3
191.6	14.6165	656.1758	5.1273	3
191.7	14.6104	655.3494	5.1409	3
191.8	14.6045	654.5383	5.1675	3
191.9	14.5986	653.5917	5.166	3
192	14.5929	652.8454	5.1481	3
192.1	14.5873	651.9443	5.1446	3
192.2	14.5814	651.1321	5.1432	3
192.3	14.5756	650.3913	5.1402	3
192.4	14.5701	649.3952	5.1493	3
192.5	14.5646	648.5497	5.1462	3
192.6	14.5594	647.7232	5.1401	3
192.7	14.5541	646.827	5.1329	3
192.8	14.5489	646.0084	5.1302	3
192.9	14.5437	645.1114	5.1404	3
193	14.5386	644.2816	5.1393	3
193.1	14.5338	643.466	5.1403	3
193.2	14.5288	642.6029	5.1401	3
193.3	14.5238	641.85	5.1348	3
193.4	14.5188	640.9908	5.14	3
193.5	14.5137	640.2099	5.1335	3
193.6	14.5084	639.3415	5.1333	3
193.7	14.5031	638.4993	5.1466	3
193.8	14.4983	637.642	5.1438	3
193.9	14.4934	636.7164	5.1293	3
194	14.4885	635.9576	5.126	3
194.1	14.4835	635.1508	5.1267	3
194.2	14.4782	634.3957	5.1305	3
194.3	14.4725	633.5861	5.1396	3
194.4	14.4667	632.8503	5.1398	3
194.5	14.4608	631.9988	5.1414	3
194.6	14.4547	631.2625	5.1353	3
194.7	14.4486	630.4433	5.1264	3
194.8	14.4424	629.594	5.127	3
194.9	14.4363	628.6312	5.1156	3
195	14.4302	627.8034	5.1261	3
195.1	14.424	627.1109	5.1357	3
195.2	14.4174	626.3315	5.1316	3
195.3	14.4108	625.5634	5.1216	3
195.4	14.4042	624.6153	5.1172	3
195.5	14.3975	623.772	5.1186	3
195.6	14.3909	622.955	5.1253	3
195.7	14.3845	622.0348	5.1185	3
195.8	14.3787	621.1774	5.114	3
195.9	14.3729	620.273	5.1179	3
196	14.3671	619.4492	5.1044	3
196.1	14.3615	618.5754	5.0928	3
196.2	14.3562	617.7269	5.0976	3
196.3	14.3509	616.8757	5.1039	3
196.4	14.3454	616.0371	5.106	3
196.5	14.3397	615.3281	5.1071	3
196.6	14.3338	614.4627	5.1012	3
196.7	14.3277	613.6582	5.1147	3
196.8	14.3216	612.8899	5.1156	3
196.9	14.3153	612.0686	5.1073	3
197	14.309	611.2645	5.1315	3
197.1	14.3029	610.3975	5.1425	3
197.2	14.2966	609.597	5.1302	3
197.3	14.2905	608.6964	5.1291	3
197.4	14.2847	607.818	5.1256	3
197.5	14.279	607.0113	5.1181	3
197.6	14.2728	606.192	5.1218	3
197.7	14.2664	605.4913	5.1303	3
197.8	14.2599	604.5869	5.1268	3
197.9	14.2535	603.7743	5.1232	3
198	14.2472	602.9594	5.1321	3
198.1	14.2403	602.2099	5.1408	3
198.2	14.2332	601.5282	5.1424	3
198.3	14.2261	600.6023	5.132	3
198.4	14.2193	599.7613	5.1373	3
198.5	14.2126	598.7498	5.1409	3
198.6	14.2061	597.858	5.133	3
198.7	14.2	597.0713	5.1347	3
198.8	14.1934	596.3182	5.1322	3
198.9	14.1869	595.4753	5.1257	3
199	14.1806	594.5489	5.1298	3
199.1	14.1747	593.6512	5.1315	3
199.2	14.1693	592.6756	5.1247	3
199.3	14.1636	591.9375	5.1377	3
199.4	14.1579	591.1903	5.1429	3
199.5	14.152	590.2742	5.1343	3
199.6	14.1461	589.5208	5.1217	3
199.7	14.1401	588.5895	5.1196	3
199.8	14.1344	587.7444	5.1133	3
199.9	14.1292	586.8366	5.0963	3
200	14.124	585.9938	5.0985	3
200.1	14.1186	585.2957	5.1128	3
200.2	14.113	584.3964	5.1085	3
200.3	14.1073	583.5971	5.0992	3
200.4	14.1018	582.7497	5.0821	3
200.5	14.0959	581.9449	5.0761	3
200.6	14.0901	581.2234	5.0935	3
200.7	14.0839	580.3721	5.1024	3
200.8	14.0778	579.6027	5.097	3
200.9	14.0717	578.7141	5.0975	3
201	14.0655	577.8561	5.0862	3
201.1	14.0593	577.0411	5.0812	3
201.2	14.0529	576.2842	5.0906	3
201.3	14.0464	575.4507	5.1016	3
201.4	14.04	574.6532	5.1039	3
201.5	14.0334	573.8717	5.1032	3
201.6	14.0264	573.065	5.1173	3
201.7	14.0196	572.1767	5.1255	3
201.8	14.0128	571.3077	5.1213	3
201.9	14.006	570.5199	5.1275	3
202	13.9995	569.6501	5.1306	3
202.1	13.993	568.8355	5.1303	3
202.2	13.9863	568.014	5.1218	3
202.3	13.9795	567.166	5.1228	3
202.4	13.9728	566.3593	5.1425	3
202.5	13.9661	565.4781	5.1363	3
202.6	13.9591	564.6903	5.1253	3
202.7	13.9521	563.8716	5.1213	3
202.8	13.9453	562.939	5.1221	3
202.9	13.9389	562.1627	5.1206	3
203	13.9323	561.2817	5.1063	3
203.1	13.9257	560.4773	5.1021	3
203.2	13.9192	559.6398	5.1097	3
203.3	13.9129	558.727	5.1172	3
203.4	13.9066	557.9174	5.1215	3
203.5	13.9002	557.1119	5.1225	3
203.6	13.8936	556.2966	5.1237	3
203.7	13.8865	555.553	5.1232	3
203.8	13.8792	554.74	5.1171	3
203.9	13.8722	553.9277	5.1173	3
204	13.8653	553.0471	5.1102	3
204.1	13.8582	552.3336	5.0979	3
204.2	13.8509	551.4516	5.1089	3
204.3	13.8436	550.5679	5.1177	3
204.4	13.8365	549.8084	5.1241	3
204.5	13.8294	548.8489	5.125	3
204.6	13.8223	548.0695	5.1272	3
204.7	13.8154	547.2231	5.1316	3
204.8	13.8082	546.3719	5.12	3
204.9	13.801	545.6559	5.1252	3
205	13.7936	544.7752	5.1343	3
205.1	13.7862	544.0421	5.1317	3
205.2	13.7789	543.1324	5.1277	3
205.3	13.7716	542.2618	5.1297	3
205.4	13.7645	541.3985	5.143	3
205.5	13.7574	540.5887	5.145	3
205.6	13.75	539.8027	5.1324	3
205.7	13.7427	538.8964	5.1338	3
205.8	13.7357	537.9769	5.1347	3
205.9	13.7288	537.1239	5.13	3
206	13.7222	536.3427	5.1219	3
206.1	13.7157	535.4584	5.1172	3
206.2	13.7094	534.5448	5.1107	3
206.3	13.7035	533.6859	5.111	3
206.4	13.6976	532.8428	5.1183	3
206.5	13.6914	532.1041	5.1251	3
206.6	13.6853	531.1614	5.1302	3
206.7	13.6795	530.2466	5.1302	3
206.8	13.6737	529.4821	5.1205	3
206.9	13.6677	528.6512	5.1145	3
207	13.6618	527.7951	5.1247	3
207.1	13.6563	526.8681	5.1346	3
207.2	13.6507	526.1321	5.1351	3
207.3	13.6445	525.3298	5.1279	3
207.4	13.6385	524.5353	5.1209	3
207.5	13.6326	523.7477	5.1168	3
207.6	13.6265	522.9441	5.139	3
207.7	13.62	522.0933	5.1434	3
207.8	13.6133	521.3004	5.1281	3
207.9	13.6069	520.408	5.121	3
208	13.6006	519.5949	5.1174	3
208.1	13.5943	518.6368	5.1179	3
208.2	13.5885	517.8055	5.1367	3
208.3	13.5827	516.9522	5.1502	3
208.4	13.5766	516.1704	5.1262	3
208.5	13.5706	515.408	5.1163	3
208.6	13.5643	514.5549	5.1266	3
208.7	13.5579	513.802	5.1327	3
208.8	13.5514	512.9337	5.1328	3
208.9	13.5449	512.1039	5.1306	3
209	13.5386	511.2896	5.1261	3
209.1	13.5322	510.4085	5.1134	3
209.2	13.5256	509.6438	5.1243	3
209.3	13.5193	508.7525	5.1313	3
209.4	13.5129	507.9326	5.1255	3
209.5	13.5064	507.0819	5.1307	3
209.6	13.4998	506.2507	5.1321	3
209.7	13.4936	505.4502	5.1351	3
209.8	13.4873	504.6327	5.1346	3
209.9	13.4807	503.7942	5.1301	3
210	13.4741	502.887	5.1354	3
210.1	13.4675	502.0854	5.1395	3
210.2	13.4609	501.3825	5.1344	3
210.3	13.4541	500.5862	5.1224	3
210.4	13.4473	499.6427	5.1266	3
210.5	13.4403	498.8771	5.1309	3
210.6	13.4334	498.0347	5.1369	3
210.7	13.4265	497.193	5.1374	3
210.8	13.4198	496.3322	5.1298	3
210.9	13.4129	495.5054	5.1358	3
211	13.4061	494.701	5.147	3
211.1	13.3993	493.8326	5.1576	3
211.2	13.3927	492.8464	5.1607	3
211.3	13.3865	492.0446	5.1578	3
211.4	13.3801	491.3485	5.1661	3
211.5	13.3732	490.4122	5.1662	3
211.6	13.3666	489.5736	5.1734	3
211.7	13.3605	488.6911	5.1665	3
211.8	13.3542	487.9041	5.1611	3
211.9	13.3479	487.0657	5.1677	3
212	13.3417	486.2342	5.1709	3
212.1	13.3353	485.4283	5.1774	3
212.2	13.3288	484.5958	5.1884	3
212.3	13.3221	483.8079	5.1677	3
212.4	13.3153	483.0187	5.1573	3
212.5	13.3086	482.1203	5.1488	3
212.6	13.302	481.3709	5.1612	3
212.7	13.2951	480.574	5.1689	3
212.8	13.2881	479.699	5.1725	3
212.9	13.2813	478.7425	5.1753	3
213	13.2746	477.938	5.1729	3
213.1	13.2681	477.1661	5.1653	3
213.2	13.2614	476.3828	5.1595	3
213.3	13.2546	475.5523	5.1685	3
213.4	13.2478	474.6708	5.1695	3
213.5	13.2409	473.8382	5.1699	3
213.6	13.2339	473.0258	5.1719	3
213.7	13.2268	472.2289	5.1572	3
213.8	13.2197	471.4443	5.1433	3
213.9	13.2125	470.5801	5.1519	3
214	13.2053	469.7672	5.1575	3
214.1	13.1982	468.8649	5.1492	3
214.2	13.1911	468.087	5.135	3
214.3	13.1838	467.2791	5.1331	3
214.4	13.1766	466.3787	5.128	3
214.5	13.1696	465.5811	5.1304	3
214.6	13.1627	464.6877	5.1329	3
214.7	13.1557	463.8047	5.1267	3
214.8	13.1487	463.0447	5.1316	3
214.9	13.1419	462.1829	5.1319	3
215	13.1349	461.4453	5.1329	3
215.1	13.1276	460.5715	5.1461	3
215.2	13.1205	459.7541	5.1489	3
215.3	13.1136	458.8806	5.1454	3
215.4	13.1066	457.9995	5.1343	3
215.5	13.0997	457.2465	5.1277	3
215.6	13.0926	456.3831	5.127	3
215.7	13.0854	455.6157	5.1341	3
215.8	13.0784	454.7486	5.1479	3
215.9	13.071	453.8912	5.1367	3
216	13.0635	453.1237	5.1123	3
216.1	13.0561	452.2904	5.1182	3
216.2	13.0484	451.5508	5.1293	3
216.3	13.0407	450.6545	5.1177	3
216.4	13.0332	449.8641	5.1044	3
216.5	13.0255	449.0404	5.1054	3
216.6	13.018	448.1557	5.1031	3
216.7	13.0107	447.2607	5.1043	3
216.8	13.0036	446.4086	5.1075	3
216.9	12.9965	445.5368	5.1213	3
217	12.9895	444.7078	5.1302	3
217.1	12.9824	443.8709	5.1333	3
217.2	12.9753	443.0586	5.1343	3
217.3	12.968	442.2709	5.1233	3
217.4	12.9609	441.4472	5.1086	3
217.5	12.9537	440.5319	5.1126	3
217.6	12.9463	439.8167	5.108	3
217.7	12.9391	438.9619	5.1055	3
217.8	12.9318	437.9999	5.1172	3
217.9	12.9249	437.2015	5.1218	3
218	12.9178	436.4097	5.1183	3
218.1	12.9108	435.5758	5.1136	3
218.2	12.9037	434.7234	5.1228	3
218.3	12.8966	433.8874	5.1266	3
218.4	12.8896	433.0645	5.1193	3
218.5	12.8825	432.2078	5.1069	3
218.6	12.8754	431.4319	5.1082	3
218.7	12.8681	430.5333	5.1234	3
218.8	12.8609	429.7259	5.1268	3
218.9	12.854	428.8872	5.1196	3
219	12.8472	428.0054	5.1262	3
219.1	12.8401	427.2042	5.1286	3
219.2	12.833	426.3971	5.122	3
219.3	12.8258	425.5872	5.1197	3
219.4	12.8185	424.8097	5.128	3
219.5	12.8109	423.9722	5.1316	3
219.6	12.8036	423.1129	5.1197	3
219.7	12.7962	422.2893	5.1213	3
219.8	12.7885	421.5828	5.1324	3
219.9	12.7807	420.6491	5.1246	3
220	12.773	419.8443	5.1234	3
220.1	12.7656	418.9661	5.1306	3
220.2	12.7581	418.1585	5.1381	3
220.3	12.7505	417.4147	5.1327	3
220.4	12.7428	416.4236	5.1287	3
220.5	12.7352	415.676	5.1341	3
220.6	12.7281	414.784	5.1318	3
220.7	12.7205	413.9933	5.1274	3
220.8	12.7131	413.1745	5.134	3
220.9	12.7054	412.2433	5.1323	3
221	12.6977	411.5875	5.1259	3
221.1	12.6902	410.6268	5.1295	3
221.2	12.6827	409.7316	5.1282	3
221.3	12.6756	408.9416	5.1257	3
221.4	12.6683	407.9879	5.1202	3
221.5	12.6613	407.2197	5.1151	3
221.6	12.6546	406.2983	5.1184	3
221.7	12.6477	405.4654	5.1253	3
221.8	12.641	404.7333	5.1178	3
221.9	12.6339	403.786	5.1126	3
222	12.627	403.027	5.1203	3
222.1	12.6203	402.1243	5.1213	3
222.2	12.6133	401.2841	5.1328	3
222.3	12.6064	400.5659	5.1382	3
222.4	12.5997	399.6133	5.1435	3
222.5	12.5928	398.8431	5.1552	3
222.6	12.5859	398.0446	5.1536	3
222.7	12.5787	397.1819	5.1369	3
222.8	12.5719	396.356	5.1319	3
222.9	12.5652	395.4154	5.1187	3
223	12.5586	394.6211	5.0997	3
223.1	12.5522	393.7467	5.1064	3
223.2	12.5456	392.8946	5.1242	3
223.3	12.5392	392.1152	5.1287	3
223.4	12.5329	391.1632	5.1211	3
223.5	12.5265	390.4095	5.1113	3
223.6	12.5204	389.5652	5.1329	3
223.7	12.5141	388.7035	5.1536	3
223.8	12.5077	387.9933	5.148	3
223.9	12.5012	387.0864	5.147	3
224	12.4947	386.3088	5.1488	3
224.1	12.4879	385.5602	5.1496	3
224.2	12.4807	384.7103	5.1519	3
224.3	12.4734	383.9265	5.1427	3
224.4	12.4664	383.0522	5.1495	3
224.5	12.4595	382.2611	5.1555	3
224.6	12.4521	381.4244	5.143	3
224.7	12.4448	380.6022	5.1401	3
224.8	12.4373	379.7949	5.1426	3
224.9	12.4297	379.1192	5.1387	3
225	12.4221	378.1235	5.1376	3
225.1	12.4147	377.2523	5.1252	3
225.2	12.4077	376.377	5.1202	3
225.3	12.4005	375.5228	5.1505	3
225.4	12.3933	374.8413	5.1687	3
225.5	12.386	373.9344	5.1522	3
225.6	12.3787	373.0652	5.1551	3
225.7	12.3716	372.2342	5.1555	3
225.8	12.3644	371.3308	5.1584	3
225.9	12.3572	370.5909	5.1626	3
226	12.3503	369.5665	5.1549	3
226.1	12.3436	368.8649	5.1462	3
226.2	12.3371	368.0199	5.1336	3
226.3	12.3301	367.0545	5.1371	3
226.4	12.3233	366.4758	5.1482	3
226.5	12.3164	365.4683	5.1417	3
226.6	12.3092	364.6954	5.1497	3
226.7	12.3024	363.9088	5.1524	3
226.8	12.2952	362.9587	5.1573	3
226.9	12.2883	362.2592	5.1447	3
227	12.2816	361.2752	5.1532	3
227.1	12.2746	360.5697	5.1578	3
227.2	12.2681	359.6605	5.1613	3
227.3	12.2613	358.7134	5.161	3
227.4	12.2547	358.0855	5.1438	3
227.5	12.2479	357.1351	5.1346	3
227.6	12.2409	356.3487	5.15	3
227.7	12.2342	355.5095	5.1628	3
227.8	12.2271	354.6125	5.1557	3
227.9	12.2201	353.9776	5.1733	3
228	12.2131	352.9504	5.1639	3
228.1	12.2061	352.1887	5.1608	3
228.2	12.1996	351.285	5.1637	3
228.3	12.1929	350.44	5.151	3
228.4	12.1863	349.6656	5.1548	3
228.5	12.1799	348.6542	5.1597	3
228.6	12.1736	347.9633	5.1748	3
228.7	12.1672	347.1645	5.183	3
228.8	12.1601	346.2834	5.1821	3
228.9	12.1532	345.6464	5.1769	3
229	12.1463	344.6913	5.1658	3
229.1	12.1391	343.832	5.153	3
229.2	12.1323	342.9904	5.1549	3
229.3	12.1252	342.2348	5.1411	3
229.4	12.1183	341.3452	5.125	3
229.5	12.1116	340.3793	5.127	3
229.6	12.105	339.6634	5.12	3
229.7	12.0983	338.8722	5.1216	3
229.8	12.091	338.0655	5.1403	3
229.9	12.0835	337.4585	5.149	3
230	12.0761	336.412	5.1442	3
230.1	12.0691	335.4952	5.1476	3
230.2	12.0628	334.5449	5.1644	3
230.3	12.0567	333.6341	5.1372	3
230.4	12.0507	332.8743	5.1288	3
230.5	12.0444	332.0487	5.1429	3
230.6	12.0378	331.3126	5.1468	3
230.7	12.0308	330.5781	5.1363	3
230.8	12.0233	329.7775	5.1303	3
230.9	12.0155	329.078	5.1212	3
231	12.0075	328.2589	5.1225	3
231.1	11.9994	327.5007	5.134	3
231.2	11.9913	326.6791	5.1459	3
231.3	11.9829	325.83	5.1503	3
231.4	11.9744	325.0376	5.1381	3
231.5	11.966	324.1618	5.1354	3
231.6	11.9577	323.4049	5.1496	3
231.7	11.9492	322.5197	5.1508	3
231.8	11.9405	321.6742	5.1473	3
231.9	11.9318	320.8991	5.141	3
232	11.9229	320.0946	5.1444	3
232.1	11.9139	319.3187	5.1536	3
232.2	11.9048	318.4526	5.1539	3
232.3	11.8958	317.6622	5.1528	3
232.4	11.887	316.786	5.1559	3
232.5	11.8778	315.9857	5.1657	3
232.6	11.8684	315.1873	5.164	3
232.7	11.8591	314.2359	5.1678	3
232.8	11.8502	313.4399	5.1622	3
232.9	11.8415	312.566	5.1641	3
233	11.8325	311.776	5.1761	3
233.1	11.8238	310.8774	5.1852	3
233.2	11.8154	309.9741	5.1807	3
233.3	11.807	309.2021	5.1656	3
233.4	11.7983	308.339	5.1627	3
233.5	11.7898	307.4481	5.165	3
233.6	11.7816	306.6176	5.1512	3
233.7	11.7734	305.8189	5.1483	3
233.8	11.765	305.0031	5.1393	3
233.9	11.7563	304.2194	5.1391	3
234	11.7475	303.3717	5.1493	3
234.1	11.7387	302.5109	5.1406	3
234.2	11.7301	301.7071	5.1408	3
234.3	11.7215	300.8622	5.1332	3
234.4	11.713	300.0048	5.13	3
234.5	11.7044	299.1786	5.1345	3
234.6	11.6959	298.3538	5.1387	3
234.7	11.6872	297.5807	5.1396	3
234.8	11.6783	296.7261	5.1351	3
234.9	11.6692	295.9175	5.1288	3
235	11.6603	295.0938	5.1178	3
235.1	11.6514	294.2087	5.1071	3
235.2	11.6427	293.4132	5.106	3
235.3	11.634	292.5184	5.101	3
235.4	11.6252	291.7176	5.1038	3
235.5	11.6163	290.9036	5.1193	3
235.6	11.6072	290.0883	5.1322	3
235.7	11.5984	289.2644	5.1328	3
235.8	11.5894	288.4373	5.122	3
235.9	11.5803	287.6371	5.1284	3
236	11.5712	286.8614	5.1483	3
236.1	11.562	285.9441	5.162	3
236.2	11.5528	285.1943	5.1476	3
236.3	11.5434	284.4346	5.1249	3
236.4	11.5338	283.5197	5.117	3
236.5	11.5241	282.6862	5.1181	3
236.6	11.5147	281.9331	5.1197	3
236.7	11.5048	281.144	5.1237	3
236.8	11.4952	280.2864	5.1297	3
236.9	11.4856	279.3685	5.1304	3
237	11.4757	278.6429	5.1451	3
237.1	11.466	277.7392	5.1444	3
237.2	11.4565	276.902	5.1429	3
237.3	11.4471	275.9904	5.1534	3
237.4	11.4376	275.1187	5.1448	3
237.5	11.428	274.4325	5.1413	3
237.6	11.4184	273.5956	5.151	3
237.7	11.4088	272.694	5.1471	3
237.8	11.3995	271.8361	5.1398	3
237.9	11.39	270.9663	5.1419	3
238	11.3808	270.1288	5.1448	3
238.1	11.3715	269.3534	5.1461	3
238.2	11.3622	268.5266	5.1553	3
238.3	11.3529	267.6646	5.1574	3
238.4	11.3435	266.8358	5.1534	3
238.5	11.3342	265.9993	5.153	3
238.6	11.3246	265.1858	5.1521	3
238.7	11.3151	264.3833	5.1555	3
238.8	11.3058	263.4948	5.1566	3
238.9	11.2965	262.6878	5.1685	3
239	11.287	261.7915	5.18	3
239.1	11.2776	260.8861	5.1855	3
239.2	11.2689	259.9905	5.1844	3
239.3	11.2606	259.2026	5.1781	3
239.4	11.2521	258.2906	5.187	3
239.5	11.2437	257.3824	5.187	3
239.6	11.2354	256.5703	5.1754	3
239.7	11.2271	255.7697	5.171	3
239.8	11.2185	255.013	5.1718	3
239.9	11.2101	254.1768	5.1754	3
240	11.2017	253.2446	5.1652	3
240.1	11.1932	252.5492	5.1667	3
240.2	11.1847	251.6749	5.1643	3
240.3	11.176	250.8146	5.1603	3
240.4	11.1676	250.0268	5.1586	3
240.5	11.1588	249.141	5.1683	3
240.6	11.1501	248.4259	5.1806	3
240.7	11.1414	247.5732	5.1739	3
240.8	11.1325	246.7347	5.1602	3
240.9	11.1231	246.0175	5.1502	3
241	11.1137	245.2005	5.1519	3
241.1	11.1041	244.4036	5.1504	3
241.2	11.0943	243.5661	5.1539	3
241.3	11.0843	242.7881	5.1559	3
241.4	11.0743	242.016	5.1586	3
241.5	11.0641	241.0888	5.1689	3
241.6	11.0539	240.3955	5.1523	3
241.7	11.0435	239.5037	5.1455	3
241.8	11.0332	238.6989	5.1551	3
241.9	11.0232	237.8527	5.1634	3
242	11.0132	236.9936	5.1748	3
242.1	11.0034	236.0742	5.1653	3
242.2	10.9935	235.2092	5.1561	3
242.3	10.9839	234.421	5.1522	3
242.4	10.9742	233.531	5.1601	3
242.5	10.9646	232.6846	5.1675	3
242.6	10.9553	231.7988	5.1612	3
242.7	10.9458	231.0134	5.1633	3
242.8	10.9362	230.3406	5.1625	3
242.9	10.9262	229.4211	5.1573	3
243	10.9165	228.5117	5.1614	3
243.1	10.907	227.6354	5.1669	3
243.2	10.8973	226.9265	5.1592	3
243.3	10.8876	226.0342	5.1589	3
243.4	10.878	225.1737	5.1591	3
243.5	10.8684	224.3676	5.1675	3
243.6	10.8586	223.6104	5.1742	3
243.7	10.8485	222.7692	5.1715	3
243.8	10.8385	221.8613	5.1677	3
243.9	10.8289	221.0487	5.1681	3
244	10.8193	220.219	5.1816	3
244.1	10.8097	219.3609	5.1971	3
244.2	10.8003	218.5226	5.1869	3
244.3	10.7907	217.6987	5.1762	3
244.4	10.781	216.8767	5.1736	3
244.5	10.7711	216.0652	5.162	3
244.6	10.7613	215.2444	5.157	3
244.7	10.7516	214.3767	5.1556	3
244.8	10.7416	213.5755	5.1551	3
244.9	10.7316	212.8335	5.156	3
245	10.7214	211.9723	5.147	3
245.1	10.7112	211.1935	5.1531	3
245.2	10.7012	210.3405	5.1768	3
245.3	10.691	209.5416	5.185	3
245.4	10.6806	208.7107	5.1729	3
245.5	10.6701	207.8519	5.1795	3
245.6	10.6598	207.0399	5.178	3
245.7	10.6492	206.2841	5.1769	3
245.8	10.6387	205.4036	5.1799	3
245.9	10.6283	204.4654	5.1775	3
246	10.618	203.6895	5.1788	3
246.1	10.6078	202.892	5.1734	3
246.2	10.5973	202.0821	5.1746	3
246.3	10.587	201.2901	5.1887	3
246.4	10.5761	200.4557	5.1926	3
246.5	10.5651	199.6654	5.1883	3
246.6	10.5542	198.8341	5.1871	3
246.7	10.5432	198.0077	5.1866	3
246.8	10.5324	197.1086	5.1843	3
246.9	10.5217	196.1627	5.1874	3
247	10.5113	195.348	5.1855	3
247.1	10.5012	194.4402	5.1825	3
247.2	10.4913	193.5442	5.1901	3
247.3	10.4818	192.6358	5.1846	3
247.4	10.4721	191.8288	5.1695	3
247.5	10.4623	191.1902	5.1677	3
247.6	10.4523	190.3053	5.172	3
247.7	10.4422	189.4653	5.1665	3
247.8	10.432	188.5977	5.1673	3
247.9	10.4217	187.8745	5.1755	3
248	10.4112	187.0722	5.181	3
248.1	10.4006	186.158	5.1702	3
248.2	10.3904	185.2969	5.1619	3
248.3	10.3802	184.5359	5.1687	3
248.4	10.3697	183.7215	5.1767	3
248.5	10.3592	182.8593	5.1649	3
248.6	10.3488	182.0335	5.1728	3
248.7	10.338	181.2767	5.1775	3
248.8	10.3272	180.4006	5.1704	3
248.9	10.3163	179.6078	5.176	3
249	10.3056	178.8458	5.1778	3
249.1	10.2948	177.9153	5.1838	3
249.2	10.2839	177.1301	5.1956	3
249.3	10.273	176.3002	5.1854	3
249.4	10.2621	175.4934	5.1788	3
249.5	10.2511	174.6571	5.173	3
249.6	10.2401	173.7773	5.1578	3
249.7	10.2292	172.9438	5.1477	3
249.8	10.2183	172.1461	5.1581	3
249.9	10.2072	171.298	5.1528	3
250	10.1962	170.4875	5.1349	3
250.1	10.1851	169.6833	5.1297	3
250.2	10.1737	168.8807	5.1344	3
250.3	10.1622	168.0874	5.1416	3
250.4	10.1508	167.2564	5.159	3
250.5	10.1395	166.3616	5.1538	3
250.6	10.1282	165.5409	5.1337	3
250.7	10.1169	164.7152	5.1382	3
250.8	10.1057	163.8059	5.1396	3
250.9	10.0944	163.0088	5.1397	3
251	10.083	162.1793	5.1323	3
251.1	10.0717	161.3232	5.1479	3
251.2	10.0606	160.5367	5.172	3
251.3	10.0495	159.6813	5.1744	3
251.4	10.0383	158.8698	5.1728	3
251.5	10.027	158.0091	5.1849	3
251.6	10.0157	157.1817	5.1853	3
251.7	10.0044	156.3483	5.1652	3
251.8	9.9931	155.539	5.1537	3
251.9	9.9818	154.7995	5.1673	3
252	9.9703	153.8814	5.182	3
252.1	9.9588	153.031	5.1841	3
252.2	9.9479	152.0703	5.1696	3
252.3	9.9372	151.2164	5.1551	3
252.4	9.9263	150.4931	5.1535	3
252.5	9.9152	149.6285	5.1545	3
252.6	9.904	148.8327	5.1515	3
252.7	9.8929	148.0272	5.1565	3
252.8	9.8816	147.1957	5.1697	3
252.9	9.8704	146.3541	5.1635	3
253	9.8591	145.5301	5.1505	3
253.1	9.8477	144.6612	5.1475	3
253.2	9.8362	143.8048	5.1473	3
253.3	9.8249	142.9483	5.1436	3
253.4	9.8138	142.2015	5.1288	3
253.5	9.8022	141.4494	5.1445	3
253.6	9.7904	140.6246	5.1621	3
253.7	9.7785	139.7997	5.1671	3
253.8	9.7666	139.0168	5.1584	3
253.9	9.7545	138.1623	5.1442	3
254	9.7425	137.4042	5.1372	3
254.1	9.7304	136.5256	5.1473	3
254.2	9.7182	135.6689	5.1532	3
254.3	9.7063	134.8077	5.1429	3
254.4	9.6943	133.9645	5.1291	3
254.5	9.6822	133.2129	5.1321	3
254.6	9.6702	132.3064	5.1331	3
254.7	9.6583	131.43	5.132	3
254.8	9.6462	130.6715	5.1313	3
254.9	9.6342	129.8666	5.1255	3
255	9.6222	129.0244	5.1246	3
255.1	9.6099	128.2686	5.1284	3
255.2	9.5975	127.4207	5.1586	3
255.3	9.5851	126.6102	5.1733	3
255.4	9.5727	125.7937	5.1739	3
255.5	9.5599	125.0156	5.1667	3
255.6	9.5471	124.1584	5.1599	3
255.7	9.5342	123.298	5.1543	3
255.8	9.5213	122.4727	5.1483	3
255.9	9.5085	121.67	5.152	3
256	9.4955	120.8662	5.1591	3
256.1	9.4825	120.0752	5.1611	3
256.2	9.4696	119.199	5.1526	3
256.3	9.4569	118.2477	5.153	3
256.4	9.4442	117.4906	5.158	3
256.5	9.4316	116.5622	5.154	3
256.6	9.419	115.7264	5.1526	3
256.7	9.4067	114.9734	5.1582	3
256.8	9.3939	114.0746	5.1512	3
256.9	9.381	113.3439	5.1552	3
257	9.3682	112.4654	5.1669	3
257.1	9.3552	111.679	5.1624	3
257.2	9.3423	110.8829	5.1629	3
257.3	9.3291	109.968	5.1633	3
257.4	9.3164	109.2045	5.1505	3
257.5	9.3034	108.36	5.1388	3
257.6	9.2899	107.5964	5.1424	3
257.7	9.2765	106.7652	5.1437	3
257.8	9.2631	105.8975	5.1346	3
257.9	9.2498	105.1205	5.1297	3
258	9.2365	104.2589	5.1398	3
258.1	9.223	103.4563	5.1447	3
258.2	9.2096	102.574	5.1395	3
258.3	9.1963	101.711	5.1378	3
258.4	9.1833	100.8812	5.1239	3
258.5	9.1705	99.8684	5.1212	3
258.6	9.1579	99.0139	5.1363	3
258.7	9.1457	98.2033	5.1414	3
258.8	9.1333	97.3053	5.144	3
258.9	9.1209	96.5733	5.1422	3
259	9.1085	95.7789	5.1504	3
259.1	9.0957	94.9345	5.1502	3
259.2	9.0828	94.1198	5.1554	3
259.3	9.0699	93.3193	5.1495	3
259.4	9.0571	92.4887	5.1396	3
259.5	9.0443	91.6292	5.141	3
259.6	9.0313	90.8292	5.1467	3
259.7	9.0181	90.0517	5.1507	3
259.8	9.0048	89.2028	5.1507	3
259.9	8.9914	88.4799	5.1528	3
260	8.9779	87.6455	5.1439	3
260.1	8.9643	86.7517	5.1499	3
260.2	8.9508	85.9692	5.1475	3
260.3	8.9374	85.1364	5.1467	3
260.4	8.924	84.1925	5.1446	3
260.5	8.911	83.3562	5.1537	3
260.6	8.8981	82.5606	5.1666	3
260.7	8.8847	81.7559	5.1648	3
260.8	8.8712	80.8944	5.1626	3
260.9	8.8578	80.0368	5.144	3
261	8.8443	79.3002	5.1432	3
261.1	8.8304	78.4572	5.1452	3
261.2	8.8168	77.6761	5.1495	3
261.3	8.8033	76.772	5.1559	3
261.4	8.7895	75.9377	5.1601	3
261.5	8.7759	75.1898	5.1492	3
261.6	8.7621	74.3036	5.1517	3
261.7	8.7483	73.4611	5.1408	3
261.8	8.7347	72.6025	5.1228	3
261.9	8.7214	71.7506	5.1205	3
262	8.708	70.946	5.1259	3
262.1	8.6942	70.1582	5.1433	3
262.2	8.6801	69.4425	5.1428	3
262.3	8.6657	68.6435	5.134	3
262.4	8.6514	67.7399	5.1315	3
262.5	8.6371	66.8707	5.1304	3
262.6	8.6232	66.0256	5.1309	3
262.7	8.6092	65.1564	5.1259	3
262.8	8.5953	64.2953	5.1297	3
262.9	8.5812	63.4745	5.1526	3
263	8.567	62.7089	5.138	3
263.1	8.5529	61.8871	5.1309	3
263.2	8.5387	61.0693	5.1544	3
263.3	8.5245	60.3321	5.1545	3
263.4	8.51	59.4905	5.1449	3
263.5	8.4954	58.6518	5.1449	3
263.6	8.4808	57.8416	5.1315	3
263.7	8.466	57.0423	5.1355	3
263.8	8.4511	56.2063	5.1372	3
263.9	8.4361	55.3311	5.1255	3
264	8.4215	54.5027	5.1287	3
264.1	8.4068	53.7132	5.1297	3
264.2	8.3921	52.838	5.1342	3
264.3	8.3775	51.9462	5.1272	3
264.4	8.3628	51.1483	5.1187	3
264.5	8.3478	50.4256	5.1208	3
264.6	8.3325	49.6183	5.1426	3
264.7	8.3172	48.7714	5.1511	3
264.8	8.3017	47.988	5.1555	3
264.9	8.286	47.2071	5.1568	3
265	8.2703	46.4108	5.1393	3
265.1	8.2542	45.61	5.1408	3
265.2	8.2381	44.7994	5.1491	3
265.3	8.2221	43.9419	5.1359	3
265.4	8.2061	43.0895	5.1337	3
265.5	8.1901	42.3169	5.1223	3
265.6	8.1736	41.5159	5.1163	3
265.7	8.1568	40.7495	5.1227	3
265.8	8.1399	39.9711	5.1327	3
265.9	8.123	39.1798	5.1404	3
266	8.1056	38.3488	5.1516	3
266.1	8.088	37.5583	5.1456	3
266.2	8.0702	36.7827	5.1351	3
266.3	8.0523	35.9712	5.1352	3
266.4	8.0343	35.2144	5.1407	3
266.5	8.0162	34.3182	5.1377	3
266.6	7.998	33.516	5.1297	3
266.7	7.9799	32.7172	5.1301	3
266.8	7.9616	31.9018	5.1303	3
266.9	7.9431	31.1164	5.1128	3
267	7.9245	30.2535	5.1076	3
267.1	7.9058	29.5155	5.1085	3
267.2	7.8868	28.6419	5.1145	3
267.3	7.8678	27.7998	5.1204	3
267.4	7.849	26.9261	5.133	3
267.5	7.8302	26.0475	5.1428	3
267.6	7.8115	25.2672	5.1395	3
267.7	7.7925	24.5023	5.1259	3
267.8	7.7735	23.6427	5.1337	3
267.9	7.7545	22.8527	5.1448	3
268	7.7351	22.1455	5.1463	3
268.1	7.7153	21.342	5.1511	3
268.2	7.6953	20.5093	5.1578	3
268.3	7.6754	19.7051	5.1465	3
268.4	7.6552	18.8668	5.1301	3
268.5	7.6349	18.1465	5.1329	3
268.6	7.6144	17.2723	5.1343	3
268.7	7.5939	16.3898	5.1354	3
268.8	7.5737	15.5694	5.1389	3
268.9	7.5534	14.7716	5.1323	3
269	7.5329	13.9554	5.1447	3
269.1	7.5122	13.1613	5.1481	3
269.2	7.4912	12.4176	5.1463	3
269.3	7.47	11.6529	5.1459	3
269.4	7.4484	10.799	5.1363	3
269.5	7.4266	10.0064	5.1405	3
269.6	7.405	9.1951	5.1445	3
269.7	7.383	8.4382	5.1417	3
269.8	7.3608	7.5734	5.1486	3
269.9	7.3383	6.7539	5.1532	3
270	7.316	5.9492	5.1476	3
270.1	7.2937	5.1223	5.1532	3
270.2	7.2712	4.3201	5.1507	3
270.3	7.2487	3.4492	5.1448	4
270.4	7.2261	2.672	5.1529	4
270.5	7.2042	2.2908	5.1658	4
270.6	7.172	-4.5882	5.168	4
270.7	7.0218	-48.0356	5.1519	4
270.8	6.6734	-94.3355	5.1501	4
270.9	6.2322	-103.3931	5.1465	4
271	5.7633	-97.6069	5.1492	4
271.1	5.2825	-89.7957	5.1632	4
271.2	4.795	-81.8428	5.1515	4
271.3	4.303	-74.4229	5.1473	4
271.4	3.8097	-69.6744	5.1488	4
271.5	3.315	-66.5802	5.1387	4
271.6	2.8175	-63.4646	5.1319	4
271.7	2.3175	-59.1988	5.1318	4
271.8	1.8153	-54.1067	5.1357	4
271.9	1.3118	-49.4494	5.1417	4
272	0.8065	-45.3547	5.1549	4
272.1	0.2994	-40.4059	5.165	4
272.2	-0.2089	-34.8984	5.1652	4
272.3	-0.7172	-31.0767	5.1595	4
272.4	-1.2253	-28.2936	5.147	4
272.5	-1.7338	-25.9203	5.1443	4
272.6	-2.2431	-24.3474	5.1434	4
272.7	-2.7533	-23.1344	5.1485	4
272.8	-3.2643	-21.9389	5.1453	4
272.9	-3.7756	-21.1451	5.1341	4
273	-4.2874	-20.0458	5.1402	4
273.1	-4.7998	-18.6424	5.1407	4
273.2	-5.3121	-17.5412	5.135	4
273.3	-5.8246	-17.1379	5.1342	4
273.4	-6.3371	-17.1092	5.1341	4
273.5	-6.8498	-17.0503	5.13	4
273.6	-7.3631	-16.7377	5.1282	4
273.7	-7.8761	-16.4823	5.131	4
273.8	-8.3889	-16.2225	5.1274	4
273.9	-8.9012	-15.8476	5.1236	4
274	-9.4143	-15.7217	5.1452	4
274.1	-9.9131	-15.1459	5.1603	4
274.2	-10.2918	-14.1711	5.1685	4
274.3	-10.519	-13.5773	5.1521	4
274.4	-10.7015	-13.171	5.1219	4
274.5	-10.8747	-12.9487	5.1217	4
274.6	-11.0428	-12.8207	5.1356	4
274.7	-11.2079	-12.8384	5.1425	4
274.8	-11.3711	-12.6352	5.1433	4
274.9	-11.5328	-12.4632	5.1441	4
275	-11.6935	-12.1579	5.1501	4
275.1	-11.854	-11.4412	5.1634	4
275.2	-12.0135	-11.3318	5.1644	4
